3.622851723   1.304651116   0.2506127967   0.9994592586   -0.01531816514   0.02909543255   0.01590277507   0.9996741202   -0.01996885693   -0.02878006469   0.02042075706   0.9993771563   
-1.757265065   -0.987115719   1.21165242   0.9990059574   0.009971980811   0.04344717203   -0.01003314016   0.9999489589   0.001189834792   -0.04343308942   -0.001624563612   0.9990550173   
0.4832187341   -0.04302522175   -0.5803726954   0.997982259   0.04013967826   -0.04919570115   -0.0366790317   0.9969189102   0.06933494819   0.05182720729   -0.06739059753   0.9963796706   
-8.534722868   7.004709298   -6.224015696   0.9907424521   -0.05973272197   0.1219073238   0.07108101789   0.9933138196   -0.09096782209   -0.1156584738   0.09879097978   0.988364032   
0.1988454131   1.12084431   -0.4710655115   0.9990895179   -0.02219117171   0.03643744167   0.02327489785   0.9992910363   -0.0295922943   -0.03575492117   0.03041342878   0.9988976969   
-0.8757722954   1.815285108   4.204199831   0.9990704928   -0.03717724738   -0.02181748624   0.03530725352   0.9961206302   -0.08060451555   0.02472950216   0.07975927755   0.9965073554   
-3.482443773   0.8995280756   -0.1495300477   0.9953183889   -0.08062703343   0.05329715042   0.0811209284   0.9966785065   -0.007165870838   -0.05254236137   0.01145583734   0.9985529851   
-0.005646747011   -0.1548647468   -0.8291182301   0.9997598923   -0.01811460632   0.01232959267   0.0181548752   0.9998301868   -0.003161974138   -0.01227022102   0.003385057139   0.9999189883   
-1.2256277   -5.418427141   0.06258645456   0.9996993828   0.02374486281   -0.006109465467   -0.02349983424   0.9990217499   0.03746065967   0.006992987106   -0.03730582692   0.9992794271   
-1.032081752   -5.626252962   8.510502798   0.9957524918   -0.0917306711   0.007903100253   0.09154821833   0.9773199111   -0.1909573644   0.009792789953   0.1908697862   0.9815665163   
-0.8864912499   -3.186227488   0.529821046   0.997301032   0.07326050111   -0.00485288887   -0.07270176138   0.9946004742   0.07405640142   0.01025209465   -0.07350371199   0.9972422468   
-1.662277734   3.417140182   0.09695838314   0.9999314279   0.006960434214   0.009417630491   -0.007092250344   0.9998763306   0.01403650235   -0.009318765668   -0.01410233203   0.9998571322   
1.959043076   3.686621445   4.318441574   0.9871208912   -0.03236960346   -0.1566670195   0.01047390132   0.9902910264   -0.1386145029   0.15963284   0.1351883568   0.9778759965   
3.384398343   1.380402541   -6.140619729   0.9910161041   -0.09573622128   0.09338981405   0.0956820407   0.9953990468   0.00506800675   -0.0934453237   0.003913251684   0.9956167224   
1.134288696   -6.848007352   4.693499512   0.9890978154   0.1034642288   -0.1047886679   -0.1035830084   0.9946114187   0.004322757787   0.1046712564   0.006578695183   0.9944851175   
0.6115476879   -3.1650259   -1.731651495   0.9969584337   0.07786729723   0.003250466404   -0.0776647647   0.9891647317   0.1245845809   0.006485817866   -0.1244580954   0.9922036669   
-1.167589798   -1.525272217   1.109059929   0.9987569054   0.01573180789   0.04729856446   -0.01921880915   0.9970584341   0.07419647194   -0.04599218797   -0.07501326079   0.9961213427   
5.692284849   -3.163061912   -3.730566354   0.999098195   0.004756148391   -0.04219212939   -0.004856781436   0.9999855998   -0.002282929665   0.04218066386   0.002485788858   0.9991069074   
2.545241982   9.597318495   -6.986810037   0.9947328888   -0.04455413513   0.0923114784   0.05010456326   0.9970169997   -0.05870804925   -0.08942042687   0.06302405373   0.9939979657   
-1.734897677   9.120497979   -4.914689409   0.9959508823   -0.04561644046   0.07746599469   0.0514165124   0.9958865955   -0.07460717863   -0.0737440318   0.07828811666   0.9941995718   
-1.987870458   5.267679013   1.291315697   0.9988295891   -0.02422371348   0.04186482622   0.02486565585   0.9995800315   -0.01488152689   -0.04148675846   0.01590510575   0.9990124506   
4.704444398   -5.071039485   2.292897192   0.9898118879   0.1220276871   -0.07335986749   -0.1002367558   0.9631361309   0.2496425166   0.1011188378   -0.2397457756   0.9655552515   
6.416581795   -14.58124574   2.54654779   0.9962163189   0.0367702978   -0.07874637297   -0.04036013518   0.9981941612   -0.04449130284   0.07696821126   0.04750117619   0.995901367   
-0.9645177458   -10.50684868   6.136077313   0.9951151647   0.06105259892   -0.07757827697   -0.05427610513   0.9947597313   0.08664399183   0.08246158684   -0.08201010348   0.9932141912   
9.168352548   -1.863742228   -5.863290267   0.9801093748   -0.04561891794   -0.1931438006   0.02873897341   0.9955888559   -0.08931350115   0.1963662007   0.08198624523   0.977097012   
-1.893464517   9.752341015   -7.902608448   0.9959787194   -0.05801089493   0.06827244304   0.0607438947   0.9974044875   -0.03865834324   -0.06585263597   0.04265002129   0.996917452   
-1.005058434   6.035057128   0.9761553981   0.9986355396   -0.0521850882   -0.001943078735   0.05184033657   0.9951507233   -0.08359196941   0.006295910505   0.08337718163   0.9964981721   
-7.386520492   5.811779361   0.8415228618   0.9994780444   0.0305912499   0.0103833654   -0.031680381   0.9910520857   0.1296615475   -0.006323947136   -0.1299228189   0.9915039429   
0.4332493399   -0.6290179608   -0.4658712419   0.9954289575   0.08177914626   -0.04932911777   -0.07475415505   0.9886280807   0.1304849969   0.05943910267   -0.1262009879   0.9902223506   
