0.5491016341   -1.489898307   1.10555926   0.9992882658   0.03595456173   -0.01141189398   -0.03398648107   0.9894000909   0.1411820784   0.01636706869   -0.1406937442   0.98991787   
-23.77303104   63.14840242   -6.341415706   0.8688410369   0.01582321885   0.4948382345   0.2225740281   0.8803093661   -0.4189465621   -0.4422398157   0.4741361045   0.7613270649   
0.3785934575   -0.9719252445   -0.3566294008   0.9984996751   0.03130631456   -0.04492564335   -0.03296891129   0.998780254   -0.03675670021   0.04372012866   0.03818270277   0.9983138943   
0.5730822941   -1.090267477   1.831067403   0.9946464776   0.04599183771   -0.09253721106   -0.05006769524   0.997853212   -0.04221603059   0.09039696046   0.046623151   0.9948138878   
