1.747920857   -0.8669727419   -1.583859113   0.9995580498   -0.006460928732   -0.02901657185   0.006251220172   0.9999537266   -0.00731210837   0.02906247216   0.007127487803   0.9995521855   
2.14203598   0.6102149972   -1.56548457   0.9994439332   0.01332071878   -0.0305676778   -0.01326324796   0.9999098715   0.002082117271   0.03059265808   -0.001675532784   0.9995305307   
-0.1184738559   -1.138510947   1.474260733   0.9970447019   0.03909108498   -0.06613432946   -0.0385307034   0.999210061   0.009728256495   0.06646237547   -0.007151304364   0.9977633043   
-8.027324581   -0.7933304915   5.88779907   0.9957683942   0.03748455959   0.08390597707   -0.04010011033   0.9987539702   0.02970670078   -0.08268788513   -0.03294563266   0.9960307721   
-11.59107668   0.09569751931   6.216927786   0.9974790978   0.008706651221   0.07042473712   -0.009554535897   0.999885767   0.01171169745   -0.07031472262   -0.01235504908   0.9974483408   
-20.20227611   -0.2436483767   22.96755228   0.9608002147   -0.186519125   0.2051184131   0.2152911823   0.9681080829   -0.1281266822   -0.1746787171   0.1672643295   0.9703143768   
-0.1879884608   3.20290156   -3.593807416   0.9795795403   -0.1311712459   0.1523746318   0.1351698914   0.9906909536   -0.01614109488   -0.1488389218   0.03640794874   0.988190992   
0.4095083463   1.895629783   -1.266509519   0.9954347616   -0.0903067849   0.03089206896   0.09330325941   0.9888957122   -0.1156709649   -0.02010316159   0.1180252301   0.992807085   
-5.251318734   -2.101535998   -4.017090219   0.989361292   0.1428907588   0.02732150971   -0.1445811074   0.9449203304   0.2936356118   0.01614116538   -0.2944618824   0.9555269031   
0.3902574076   -0.7018496749   -3.256772719   0.9944973147   0.09600938675   -0.04192002826   -0.09074480687   0.9894136388   0.1132520697   0.05234950946   -0.1088248543   0.9926815602   
-14.3887374   10.71511762   -6.683121416   0.9811988479   -0.1437463908   0.1287858536   0.160682916   0.9780676759   -0.1325315878   -0.1069103431   0.1507335278   0.982776466   
12.62922899   0.8915977002   -8.714558742   0.9989843653   0.003980247693   -0.04488201781   -0.005046143998   0.999707313   -0.02366061699   0.04477470631   0.02386306757   0.9987120604   
11.61055696   -1.951583698   -8.803398445   0.9983296923   -0.05370015935   0.02131005285   0.05498179746   0.9963708338   -0.06497817751   -0.01774337664   0.06604130897   0.9976591192   
9.837732126   -6.042953609   4.237637537   0.7318442948   0.5267206313   -0.4323994735   -0.4739856284   0.8493216641   0.232358204   0.4896341003   0.03490111024   0.8712292237   
0.6173480435   -3.710109492   5.094343006   0.9897896516   0.01119465583   -0.1420954795   -0.01192958427   0.9999195028   -0.004321209698   0.1420356667   0.005972228638   0.9898435239   
0.1213628969   -3.402938726   -0.05638576749   0.983520053   0.1805333856   -0.009798059214   -0.1787658267   0.9791350324   0.09663005529   0.02703857405   -0.09328603894   0.9952721389   
-8.401609971   -1.177565021   3.663985068   0.9865177691   -0.008373632043   0.1634398165   0.003899271163   0.9996092903   0.02767783391   -0.163607723   -0.02666737879   0.986164978   
0.6131060202   0.3872656561   0.5433349854   0.9965484141   -0.08059005196   -0.01991235719   0.0788782843   0.9940246075   -0.07545393203   0.02587420934   0.07362284373   0.9969504512   
-10.77910964   1.375638104   2.381668821   0.9970609675   0.06553143766   0.03968699654   -0.06758294474   0.9963172454   0.05276828669   -0.03608285738   -0.05529536308   0.9978178442   
-4.559372457   -0.2046334974   -0.2315112678   0.9988509602   -0.003304735719   0.04781043894   0.003484117728   0.9999871993   -0.003669092492   -0.04779770155   0.003831453756   0.9988496882   
6.621910754   -1.889410566   -9.243250551   0.9939989265   0.02631876147   0.1061765368   -0.02845171497   0.9994216557   0.01862402027   -0.105624969   -0.02153316071   0.9941728667   
4.178743108   4.616775776   -0.5025626625   0.9852084223   0.1624704727   0.05447669396   -0.1681502866   0.9778446725   0.1246807021   -0.03301281236   -0.1319967495   0.9907002636   
-0.5558930127   5.840889917   -1.02002245   0.9951154819   -0.09816742389   -0.01040838528   0.09710143515   0.9923681771   -0.07600468654   0.0177901346   0.07462277113   0.9970531346   
-6.990338167   4.458634746   5.262908989   0.9836402179   -0.1539329304   0.0935765709   0.1548950712   0.9879261781   -0.003063266601   -0.09197520644   0.01750770184   0.9956073733   
-3.440505145   -0.01014783715   1.558708971   0.9995454482   -0.025781258   0.0156276591   0.02580446288   0.9996661835   -0.001285004842   -0.01558931329   0.00168768409   0.999877055   
-0.1701208877   1.533821126   1.005022934   0.9993846999   -0.02664529757   0.02280898285   0.02667929898   0.9996433386   -0.00118764532   -0.0227692026   0.001795442234   0.9997391359   
5.218358677   1.517996777   3.892218917   0.999447709   -0.02892522176   -0.01635874149   0.02649004555   0.9907162818   -0.1333398911   0.02006375746   0.1328329048   0.9909353486   
9.992140269   -38.42447561   9.915415082   0.9216962125   0.3746933993   -0.1004039266   -0.3336714629   0.8978051266   0.2874183529   0.1978369197   -0.2314104822   0.9525280793   
25.12178475   5.721257995   -21.3352808   0.9922542543   0.02852345956   -0.1209045367   -0.04168694448   0.9932998461   -0.1077850375   0.1170200555   0.1119903027   0.9867950541   
