0.1340331256   0.235424058   -0.1376011508   0.9998860646   0.007233048107   -0.01324917892   -0.007269571528   0.9999699026   -0.002710572134   0.01322917446   0.002806579158   0.9999085518   

0.1105189152   -0.510272355   0.4550558848   0.9996784457   0.02077143899   0.0145448448   -0.02086038379   0.9997644519   0.005990420015   -0.01441698914   -0.006291904814   0.9998762735   

-0.7530088952   1.36782591   -0.3073205988   0.9923261998   -0.1149477484   0.0455601611   0.1150917308   0.9933547205   -0.0005410738309   -0.04519520588   0.005780519535   0.9989614502   

-3.711170875   1.979169524   2.070497852   0.9933591933   -0.1111638778   0.02966656848   0.11141486   0.9937497465   -0.006940476357   -0.02870961464   0.01019968257   0.9995357545   

-4.457317385   1.225046566   3.10523765   0.997666312   -0.04977739505   0.04673479284   0.04913370431   0.9986822082   0.01482315843   -0.04741106433   -0.01249231231   0.9987973434   

0.02235490033   0.1470829636   -0.08526897956   0.999789504   -0.006141172324   -0.01957635718   0.005885751925   0.9998971512   -0.01307841452   0.01965466057   0.01296043999   0.9997228222   

-6.574768836   -0.4663155898   3.884096646   0.9933741991   -0.08388259833   0.07855832451   0.08177969228   0.9962102002   0.02961956958   -0.08074517064   -0.02299884061   0.9964694028   

-0.8388753437   -1.020981116   2.333782368   0.9998025965   -0.01912095399   0.005399731252   0.01913825899   0.9998118166   -0.003171508066   -0.005338072852   0.003274223455   0.999980392   

-4.370249837   -1.489972681   4.323527379   0.9943074844   -0.09812625271   0.04151945408   0.09839031352   0.9951383502   -0.004360074108   -0.0408897633   0.008420366421   0.9991281823   

-6.269962126   -0.2808752881   3.586867172   0.9600449715   -0.2333860687   0.1544169537   0.2262465834   0.9720598463   0.06254709168   -0.1647001401   -0.02511171265   0.9860239681   

0.1654544771   -0.6000268403   1.385626801   0.998410463   0.05022263159   -0.02557801219   -0.05008477514   0.9987269325   0.006002469876   0.02584690949   -0.004711859739   0.9996548082   

-3.323033022   -6.656662542   10.40444688   0.9922316062   0.1158594228   -0.0453104161   -0.1144666875   0.9929044711   0.0322193839   0.04872183395   -0.02678255779   0.9984532425   

-6.118014138   -2.109288342   6.697873658   0.9986737505   0.04841443688   0.01751520515   -0.04924837021   0.9974932305   0.05081193915   -0.01501126715   -0.05160714515   0.9985546377   

-0.08339636711   -0.2447951323   0.2540134269   0.9998711877   -0.0125194617   0.01004346308   0.01251628738   0.9999215964   0.000378854034   -0.01004741869   -0.0002530983627   0.9999494914   

-1.591664236   -1.382538178   3.363561986   0.9999782705   0.006060461591   0.002594084793   -0.006078771614   0.9999562496   0.007109668107   -0.00255088343   -0.007125282467   0.9999713613   

-1.102245363   -3.287744078   6.606234194   0.9953411002   -0.08156205721   0.05141716707   0.08226440033   0.9965419637   -0.01169115517   -0.05028580997   0.01586648967   0.9986088282   

-23.98947161   47.94337089   62.66947219   0.4611342818   0.8542627886   0.239979712   -0.7296549161   0.2111611379   0.6503957851   0.504934528   -0.4750221699   0.720690683   

-1.818845407   3.259693266   -0.2126079888   0.9959131115   -0.08156664471   0.03878088213   0.08432493036   0.9935508315   -0.07580271361   -0.03234780468   0.07876311156   0.9963684016   

-1.664428726   3.24895594   2.052867662   0.9874402506   -0.1331672391   -0.08501904454   0.1309799504   0.9909054779   -0.03083158197   0.08835159361   0.01930855479   0.9959021918   

4.646996907   6.452404196   -3.945823949   0.9592478891   -0.2216626989   0.1752402211   0.2511591304   0.9530176398   -0.1693412808   -0.1294703765   0.2064534477   0.96985277   

0.04876255427   -0.9029828081   0.3023413611   0.999345232   0.01843755523   -0.03113139485   -0.0179174879   0.999696585   0.01690270867   0.03143359374   -0.01633384492   0.9993723704   

-0.3289553627   -2.847071556   1.246436074   0.9808732904   0.1826607185   -0.06725065121   -0.1721705042   0.9753519677   0.1380067267   0.09080146284   -0.1237885336   0.9881454818   

-1.08538443   2.3297526   -3.218911383   0.9624708705   -0.0733761394   0.2612771815   0.1134287992   0.9833943773   -0.141666532   -0.246543568   0.1659862674   0.9548114097   

-3.440938852   -2.424282501   -0.568906104   0.926759023   0.2672737555   -0.2639743415   -0.1746323218   0.9286815264   0.3271913427   0.3325977533   -0.257129077   0.9073386205   

0.7268102744   7.101764223   -5.384738833   0.9326663552   -0.2870863543   0.2184373937   0.3345942816   0.914770691   -0.2263653012   -0.1348337366   0.2842112032   0.9492332987   

1.264633461   4.286013574   -2.266598992   0.9979154774   -0.05976763605   -0.02434193057   0.05874397098   0.9974391248   -0.04079630207   0.02671789245   0.0392813196   0.9988709287   

3.787301016   9.58402197   -2.162582161   0.9372066613   -0.3093862121   0.1610088378   0.3390733278   0.9163634294   -0.2128552176   -0.08168814127   0.2540831302   0.9637265227   

0.2976008119   4.559459184   -6.336533683   0.9998668085   0.01195606622   -0.0111093502   -0.01189903715   0.9999157586   0.005185427231   0.01117041164   -0.005052546005   0.999924844   

0.9125602855   -1.53974068   -4.472003896   0.8733896063   0.4810616971   -0.07596209088   -0.4245909701   0.8285134024   0.3650863599   0.2385646742   -0.2866098142   0.927869447   

4.666152642   7.36719656   -9.564006353   0.95787898   -0.2642717878   0.1123756284   0.2812714012   0.9423003723   -0.1815389967   -0.05791596131   0.2055004394   0.9769418155   

16.45208849   -11.27016077   -13.98644001   0.8201266342   0.5641808264   0.09535354797   -0.5463941862   0.722746285   0.4231916833   0.169840211   -0.3991713951   0.9010086016   

2.732971721   -7.567171892   4.518421406   0.9997037596   0.02422814597   0.002321617739   -0.02425907148   0.9996023488   0.01437504145   -0.001972413943   -0.01442710327   0.9998939785   

-2.773717311   -7.760636439   2.176957951   0.9992697956   -0.03687921637   -0.009989946815   0.03672662218   0.9992120113   -0.01505030353   0.01053711825   0.01467241673   0.9998368314   

1.569258807   -5.473035457   5.277555512   0.02622878088   -0.3057958129   0.9517357679   0.7308647301   -0.643681905   -0.2269589202   0.6820181796   0.7015429609   0.2066123826   

0.1763259573   0.3284857472   -0.2213979692   0.9944630854   -0.1028175375   0.02171924832   0.1038708477   0.9930817724   -0.05476714637   -0.01593796649   0.05671990209   0.9982629082   

-0.1179909766   0.2189416817   -0.004869744784   0.9996668768   0.02544704073   0.004310872806   -0.0253847633   0.9995806571   -0.01393282632   -0.004663614271   0.01381875449   0.9998936407   

-1.802114711   -3.293822103   0.8468370636   0.9982597204   0.05750421417   -0.01306889199   -0.05677694574   0.9971093735   0.05049035323   0.01593452279   -0.04966047413   0.998639038   

-2.273780438   -8.71563145   3.350492166   0.9987794643   -0.04797225366   0.01175774812   0.04837081217   0.9981677155   -0.03635211596   -0.009992311655   0.03687647873   0.999269873   

-10.52179104   -1.637481549   14.06974294   0.9908833317   0.1324884183   -0.02443444074   -0.129139491   0.9857377471   0.1079077652   0.0383824797   -0.1037685546   0.99386059   

-0.9979990872   3.335952314   5.375111415   0.9976975974   -0.06042536032   0.03079415645   0.06386199088   0.9898871656   -0.1266690393   -0.0228287179   0.1283439723   0.9914669306   

-16.05353743   3.646563454   19.60596467   0.9966541875   0.08045312208   0.01441268962   -0.07918661838   0.9941421938   -0.0735579905   -0.02024623287   0.0721705871   0.9971867911   

-5.482603872   4.04984786   4.108696004   0.9994933705   0.03059552985   0.00877016741   -0.03012638996   0.998325111   -0.04939001376   -0.01026659199   0.04910077784   0.9987410629   

-4.99113134   3.986428721   4.615510943   0.9999749177   -0.001779133035   0.006855551845   0.002238465952   0.9977108406   -0.06758748234   -0.006719611272   0.06760113302   0.9976897983   

-0.8880278362   9.185593239   -6.26056852   0.9998612435   -0.009759112002   -0.01350013133   0.01106789006   0.9948715416   0.1005391342   0.0124497238   -0.1006746017   0.9948415095   

1.334907768   8.601165199   -5.806861983   0.9996179532   0.02706277365   -0.005617284366   -0.02651047138   0.9962678039   0.08214412885   0.007819367525   -0.08196382909   0.9966046298   

38.83590882   -29.18767479   -38.9913405   0.9712596584   -0.237980599   -0.004462118759   0.2379350799   0.971240439   -0.008882988905   0.006447769203   0.007565994186   0.9999505898   

1.060345212   0.9072214619   -0.2646102735   0.9978199123   0.06595718248   0.002252280171   -0.06595748811   0.9978224321   6.161192872e-05   -0.002243311929   -0.0002100323519   0.9999974617   

-1.293487402   0.9585920249   2.75470047   0.9997680156   -0.00311529091   0.0213122021   0.004781145224   0.996897464   -0.07856581208   -0.02100132487   0.07864948277   0.996681094   

-2.516814196   -4.685466371   2.665314659   0.997741847   0.04570549679   -0.04921599699   -0.03422851703   0.9764708355   0.2129157486   0.05778940576   -0.2107503616   0.9758302463   

7.727426742   -9.487118585   -0.253668057   0.9831500706   0.1797170804   -0.03343216527   -0.1754598825   0.9790612431   0.1032129443   0.0512812663   -0.09560780971   0.9940972681   

5.603256813   -13.4240329   11.08158839   0.9451324969   0.3207629137   -0.06193316105   -0.3170119883   0.9463056368   0.06331698799   0.07891744096   -0.04020938843   0.9960698984   

0.2837556091   0.144043486   4.316774215   0.9998699186   -0.01504891137   -0.005803115304   0.01485080088   0.9993518971   -0.0327908459   0.006292820822   0.03270039951   0.9994453883   

9.458656915   26.1590944   -53.18206165   0.9893614215   -0.144220043   0.019093369   0.1451791587   0.9871999202   -0.06602521866   -0.009326812479   0.06809476344   0.9976352609   

0.9776303916   11.92142984   5.762653039   0.9974900176   -0.07078659892   0.001709447504   0.07061221206   0.9926620837   -0.09816263605   0.005251695425   0.09803695743   0.9951689177   

-0.7053204574   14.02935567   -4.864106114   0.9805040776   0.1925961288   -0.03896774182   -0.1964341298   0.9657995162   -0.1692481233   0.005038492837   0.1736030695   0.9848028167   

2.28667293   6.451955172   -1.28559423   0.9975350105   -0.06999105392   0.005015488915   0.06957872226   0.995855502   0.05857149889   -0.009094183169   -0.05807814945   0.9982706168   

0.6362383061   8.469361831   -1.824370438   0.9998729626   -0.00952145248   -0.01278282098   0.008656046945   0.9977735808   -0.06612831652   0.01338399869   0.06600926705   0.9977292445   

6.44741042   7.221577262   -0.6094660015   0.9996431028   0.02146597611   0.01590216767   -0.02250435664   0.9974118982   0.06828659714   -0.01439517277   -0.0686200939   0.9975390026   

8.709671004   3.46211856   -8.55545119   0.9750541737   0.2113512462   0.0678233663   -0.2201229823   0.9600128071   0.1729776947   -0.02855224892   -0.1835921049   0.982587761   

3.304573152   -12.78574279   8.305221213   0.9890255171   -0.1452380715   0.02710035127   0.1447911902   0.9893022567   0.01779202741   -0.02939451841   -0.013672877   0.9994743692   

-3.017241527   -4.58419767   6.916713394   0.9980498379   -0.05387231186   -0.03153244436   0.04821682368   0.9861523045   -0.1586781973   0.039644154   0.1568483548   0.9868266994   

-4.367140569   -34.35733299   -6.245635288   0.9977980766   0.03684291812   0.0551506811   -0.04826234426   0.9736898264   0.2227080335   -0.04549444326   -0.2248793486   0.9733239616   

3.766900439   -5.009022369   2.05710713   0.9997357964   0.02285485013   -0.002448119257   -0.02282750091   0.9996824699   0.01067073306   0.002691219911   -0.01061202937   0.9999400693   

5.71062451   -13.76389833   -2.786570371   0.9905708691   0.1361006317   -0.0156834763   -0.1351365264   0.989487925   0.05149529576   0.0225271527   -0.04889032936   0.9985500804   

-7.821421045   -7.500884893   6.774527984   0.9911026906   0.1329201189   -0.006906421571   -0.1321839082   0.9890350657   0.06585630702   0.01558432127   -0.06435744528   0.9978052155   

