-1.844426139 67.5 62.10380173 35.80489731 61.23590088 115.0892892 39.44679786 23.39938392 0.9940100631 0.1059570091 -0.02677884576 0.5535743158 0.1269435503 -0.8230679267 0.9940100631 -0.1059570091 0.02677884576 0 0.1059570091 0.9943696935 0.001422964938 0 -0.02677884576 0.001422964938 0.9996403696 0 0 0 0 1 1 0 0 62.10380173 0 1 0 35.80489731 0 0 1 61.23590088 0 0 0 1 0.9940100631 0.1059570091 -0.02677884576 -0 -0.1059570091 0.9943696935 0.001422964938 -0 0.02677884576 0.001422964938 0.9996403696 -0 0 0 0 1 32 1.941566283 0.94166451 0.03125 1.862915188 0.9417760117 0.03125 1.783962105 0.9439132876 0.03125 1.705203384 0.9477711837 0.03125 1.627579968 0.9530361107 0.03125 1.5515988 0.9593837436 0.03125 1.478662968 0.9664968129 0.03125 1.409289876 0.9740277359 0.03125 1.345264586 0.9816661845 0.03125 1.287076006 0.9890608183 0.03125 1.237253942 0.9959358345 0.03125 1.196164025 1.001988475 0.03125 1.16708034 1.007013753 0.03125 1.150134974 1.010814381 0.03125 1.147251523 1.013284555 0.03125 1.158261021 1.014361 0.03125 0.181222018 0.514393562 0.03125 0.2144071637 0.5141186491 0.03125 0.2543947056 0.5135845055 0.03125 0.3010287581 0.5128097383 0.03125 0.3518560107 0.5118261632 0.03125 0.4067305918 0.5106686386 0.03125 0.463888456 0.5093800026 0.03125 0.5231935835 0.5080046891 0.03125 0.5834548923 0.5065945394 0.03125 0.6445499221 0.5051992559 0.03125 0.7057135429 0.5038753583 0.03125 0.7668256356 0.5026757201 0.03125 0.8263101251 0.5016567323 0.03125 0.8840467639 0.5008608958 0.03125 0.9347341982 0.500328279 0.03125 0.9782908764 0.5000486375 0.03125 1 3 1 1 1 1 500 0.0004
-1.825887084 67.5 62.30380249 35.70489883 61.23590088 115.7204211 37.0480578 23.72668773 0.9986210222 0.04499220057 -0.02705098758 0.5669088463 0.1118136537 -0.8161568886 0.9986210222 -0.04499220057 0.02705098758 0 0.04499220057 0.9989871526 0.0006089616017 0 -0.02705098758 0.0006089616017 0.9996338696 0 0 0 0 1 1 0 0 62.30380249 0 1 0 35.70489883 0 0 1 61.23590088 0 0 0 1 0.9986210222 0.04499220057 -0.02705098758 -0 -0.04499220057 0.9989871526 0.0006089616017 -0 0.02705098758 0.0006089616017 0.9996338696 -0 0 0 0 1 32 1.905362989 0.9451428006 0.03125 1.824183696 0.950454471 0.03125 1.744558268 0.9568822413 0.03125 1.666970648 0.9641126298 0.03125 1.592148046 0.971840627 0.03125 1.52052434 0.979782131 0.03125 1.453037699 0.9876594454 0.03125 1.390057314 0.9952308271 0.03125 1.33251407 1.00225973 0.03125 1.280696374 1.0085485 0.03125 1.236463764 1.01390995 0.03125 1.199996348 1.018197367 0.03125 1.174221726 1.021279919 0.03125 1.159149409 1.023076148 0.03125 1.157073647 1.023527595 0.03125 1.167771321 1.022636263 0.03125 0.1891828713 0.5212545767 0.03125 0.2193627126 0.52011017 0.03125 0.2564954096 0.5187600054 0.03125 0.3004166959 0.5172305805 0.03125 0.3490914894 0.5155570548 0.03125 0.4023602527 0.5137726839 0.03125 0.458353007 0.5119207468 0.03125 0.5169245064 0.5100415773 0.03125 0.5768496742 0.5081848181 0.03125 0.637992096 0.5063983454 0.03125 0.6994853694 0.5047369507 0.03125 0.7611904615 0.5032538854 0.03125 0.8215603937 0.5020053332 0.03125 0.8804467568 0.5010380727 0.03125 0.9324754076 0.5003939245 0.03125 0.9775193601 0.5000579996 0.03125 1 3 1 1 1 1 500 0.0004
-2.158907796 67.5 62.10380173 35.80489731 61.43590164 114.1085475 45.7811191 28.56288422 0.8515237988 0.4880378779 0.1916409397 0.4606104104 0.0105128317 -0.887540157 0.8515237988 -0.4880378779 -0.1916409397 0 0.4880378779 0.8713594876 -0.05051408876 0 0.1916409397 -0.05051408876 0.9801643113 0 0 0 0 1 1 0 0 62.10380173 0 1 0 35.80489731 0 0 1 61.43590164 0 0 0 1 0.8515237988 0.4880378779 0.1916409397 -0 -0.4880378779 0.8713594876 -0.05051408876 -0 -0.1916409397 -0.05051408876 0.9801643113 -0 0 0 0 1 32 1.975027804 0.9317464136 0.03125 1.966434424 0.9308523909 0.03125 1.956350747 0.930955882 0.03125 1.944847184 0.9320154486 0.03125 1.932257643 0.9339798542 0.03125 1.918697509 0.9367734203 0.03125 1.904863409 0.940317643 0.03125 1.890931379 0.9444914049 0.03125 1.877881398 0.9491893132 0.03125 1.865936239 0.954246736 0.03125 1.855996822 0.9595459994 0.03125 1.8482797 0.9649066345 0.03125 1.843130911 0.9702233236 0.03125 1.840698351 0.9753452289 0.03125 1.840755101 0.9801985184 0.03125 1.843359911 0.984684067 0.03125 0.8484138492 0.4877783762 0.03125 0.8558459576 0.4896323073 0.03125 0.8644302001 0.4913213484 0.03125 0.8741530834 0.4928385226 0.03125 0.8844343991 0.4941866887 0.03125 0.8952556427 0.495368146 0.03125 0.9062330191 0.49639032 0.03125 0.9173477438 0.4972613867 0.03125 0.9284314427 0.4979902549 0.03125 0.9394679906 0.498586374 0.03125 0.9503727515 0.4990597329 0.03125 0.961131385 0.4994206394 0.03125 0.9714321266 0.4996801371 0.03125 0.9812677123 0.4998518876 0.03125 0.9896426197 0.4999490722 0.03125 0.9965770037 0.4999931053 0.03125 1 3 1 1 1 1 500 0.0004
-2.183343561 67.5 62.30380249 35.9048996 61.53590012 116.1497178 42.64280448 38.52094891 0.7522362724 0.4619852258 0.469798086 0.4979241713 -0.04320126897 -0.8661438506 0.7522362724 -0.4619852258 -0.469798086 0 0.4619852258 0.878195451 -0.1238644458 0 0.469798086 -0.1238644458 0.8740408214 0 0 0 0 1 1 0 0 62.30380249 0 1 0 35.9048996 0 0 1 61.53590012 0 0 0 1 0.7522362724 0.4619852258 0.469798086 -0 -0.4619852258 0.878195451 -0.1238644458 -0 -0.469798086 -0.1238644458 0.8740408214 -0 0 0 0 1 32 1.989705501 0.930802245 0.03125 2.038972903 0.9287246764 0.03125 2.08550538 0.9265685174 0.03125 2.129016229 0.9245114384 0.03125 2.169370927 0.9227195492 0.03125 2.206339715 0.9213423037 0.03125 2.239630188 0.9205238347 0.03125 2.269069178 0.9203925771 0.03125 2.293460126 0.9210663243 0.03125 2.31269418 0.9226662328 0.03125 2.32611742 0.9252630266 0.03125 2.333755849 0.928892814 0.03125 2.336556944 0.9335518736 0.03125 2.334671208 0.9391653931 0.03125 2.328776457 0.9456725706 0.03125 2.319083923 0.9529417635 0.03125 1.307043389 0.4587591231 0.03125 1.2941018 0.4626888907 0.03125 1.279250616 0.4666611965 0.03125 1.262604565 0.4706164342 0.03125 1.244182682 0.4745154645 0.03125 1.224109841 0.4782976938 0.03125 1.202668292 0.4819226025 0.03125 1.179979643 0.4853309792 0.03125 1.156446081 0.488482127 0.03125 1.132182125 0.491320993 0.03125 1.1078221 0.493810089 0.03125 1.083478594 0.4959028965 0.03125 1.060420554 0.4975684229 0.03125 1.038775743 0.4987862422 0.03125 1.020925654 0.4995536834 0.03125 1.007001474 0.4999345895 0.03125 1 3 1 1 1 1 500 0.0004
-1.980688739 67.5 61.40380096 35.80489731 61.6359024 86.19592867 47.34614635 75.53063117 0.387697308 0.5853717872 0.7120608598 -0.02033056206 -0.5075278771 -0.8613954505 0.387697308 -0.5853717872 -0.7120608598 0 0.5853717872 0.7530728587 -0.3003683409 0 0.7120608598 -0.3003683409 0.6346244494 0 0 0 0 1 1 0 0 61.40380096 0 1 0 35.80489731 0 0 1 61.6359024 0 0 0 1 0.387697308 0.5853717872 0.7120608598 -0 -0.5853717872 0.7530728587 -0.3003683409 -0 -0.7120608598 -0.3003683409 0.6346244494 -0 0 0 0 1 32 0.6739880161 0.9354626711 0.03125 -3.063293044 0.9567581616 0.03125 -5.926971215 0.8280807065 0.03125 -7.461528488 0.440829347 0.03125 -7.154014147 -0.1304118107 0.03125 -4.852964757 -0.6535814585 0.03125 -2.027642458 -1.003396182 0.03125 1.16366421 -1.1533293 0.03125 3.853966115 -1.137875532 0.03125 5.824402273 -1.011641176 0.03125 6.994215571 -0.8237526574 0.03125 7.222345407 -0.6083926782 0.03125 6.868558409 -0.3985652431 0.03125 5.942257686 -0.2134300461 0.03125 5.02008857 -0.07560140702 0.03125 4.229164358 0.02663740585 0.03125 2.788431859 -0.4122004228 0.03125 2.816699295 -0.3742476295 0.03125 3.141918928 -0.3385235133 0.03125 3.814380314 -0.2961085024 0.03125 4.579103083 -0.2427351187 0.03125 5.443816159 -0.1770024601 0.03125 6.145331538 -0.09717068521 0.03125 6.664827911 -0.005483661694 0.03125 6.813437869 0.09495797401 0.03125 6.590449095 0.1946492264 0.03125 6.058440607 0.2873474474 0.03125 5.240967285 0.3647658728 0.03125 4.313352351 0.4240191331 0.03125 3.297874006 0.4643248504 0.03125 2.336398083 0.487611839 0.03125 1.450165165 0.4977993407 0.03125 1 3 1 1 1 1 500 0.0004
-2.03519457 67.5 61.40380096 35.80489731 61.6359024 86.03920116 54.31537383 81.11428271 0.4303009901 0.499103293 0.7521548782 0.1325147988 -0.3909597438 -0.9108184818 0.4303009901 -0.499103293 -0.7521548782 0 0.499103293 0.8258379888 -0.2624643199 0 0.7521548782 -0.2624643199 0.6044630014 0 0 0 0 1 1 0 0 61.40380096 0 1 0 35.80489731 0 0 1 61.6359024 0 0 0 1 0.4303009901 0.499103293 0.7521548782 -0 -0.499103293 0.8258379888 -0.2624643199 -0 -0.7521548782 -0.2624643199 0.6044630014 -0 0 0 0 1 32 0.2809870175 0.9412641705 0.03125 -3.645409175 0.9590330856 0.03125 -6.434464579 0.9110695608 0.03125 -7.682244629 0.754990258 0.03125 -7.244708185 0.5101155766 0.03125 -5.000450422 0.2382122104 0.03125 -2.176874822 -0.006495744148 0.03125 1.079979693 -0.1789653631 0.03125 3.666130296 -0.2521074377 0.03125 5.38633342 -0.2154266821 0.03125 6.419724255 -0.07858130503 0.03125 6.62856674 0.1247093442 0.03125 6.287008422 0.3548894184 0.03125 5.364512795 0.56287681 0.03125 4.368607779 0.7079871927 0.03125 3.383496774 0.7688822273 0.03125 1.737629682 0.2481507268 0.03125 1.552375377 0.1796975518 0.03125 1.783879499 0.08421437651 0.03125 2.49642436 -0.008074678276 0.03125 3.45089005 -0.08533988685 0.03125 4.664048425 -0.1326335106 0.03125 5.774799605 -0.1439687355 0.03125 6.756977165 -0.1180400693 0.03125 7.395302984 -0.05489782419 0.03125 7.669758963 0.03963010448 0.03125 7.432773328 0.1553543424 0.03125 6.706630088 0.2685304784 0.03125 5.669291753 0.3669627012 0.03125 4.363964735 0.4371867259 0.03125 3.024250045 0.4788921987 0.03125 1.681644685 0.4967806204 0.03125 1 3 1 1 1 1 500 0.0004
4.130289718 67.5 61.40380096 35.80489731 61.6359024 70.36225418 57.06350516 108.1045187 0.4551370775 0.539337646 0.7084949853 0.8899440903 -0.3677958683 -0.2696770577 0.4551370775 -0.539337646 -0.7084949853 0 0.539337646 0.8000978046 -0.2625993273 0 0.7084949853 -0.2625993273 0.6550392729 0 0 0 0 1 1 0 0 61.40380096 0 1 0 35.80489731 0 0 1 61.6359024 0 0 0 1 0.4551370775 0.539337646 0.7084949853 -0 -0.539337646 0.8000978046 -0.2625993273 -0 -0.7084949853 -0.2625993273 0.6550392729 -0 0 0 0 1 32 -0.9350997407 1.175021495 0.03125 -3.438709272 1.355687811 0.03125 -5.402814615 1.555940378 0.03125 -6.512740666 1.629217231 0.03125 -6.661837967 1.493538022 0.03125 -5.583744641 1.147846628 0.03125 -3.872453739 0.6308949295 0.03125 -1.483312335 0.02061716503 0.03125 0.4868386211 -0.6062695362 0.03125 1.929979801 -1.171594893 0.03125 2.796128013 -1.621942929 0.03125 2.968173353 -1.924284571 0.03125 2.94485516 -2.075544724 0.03125 2.638725752 -2.087683563 0.03125 2.197078723 -1.979597454 0.03125 1.564692788 -1.770893032 0.03125 0.01338137615 -2.034180105 0.03125 -0.436168074 -1.787193084 0.03125 -0.3888391854 -1.478313143 0.03125 0.1523034925 -1.126156136 0.03125 1.211546655 -0.7512723477 0.03125 2.78084768 -0.3832476179 0.03125 4.412273685 -0.05126216591 0.03125 6.065244812 0.2204284657 0.03125 7.373421388 0.4132438462 0.03125 8.289677694 0.5259549703 0.03125 8.656188308 0.5664609887 0.03125 8.470597316 0.5615124376 0.03125 7.577290088 0.532854588 0.03125 6.042866509 0.5115664302 0.03125 4.186223251 0.501114838 0.03125 2.081406295 0.4992963297 0.03125 1 3 1 1 1 1 500 0.0004
3.909562592 67.5 61.40380096 35.80489731 61.6359024 67.03597621 54.06687089 112.9143786 0.2110967712 0.5638145094 0.7984681285 0.7967857495 -0.5974429456 0.09052290425 0.2110967712 -0.5638145094 -0.7984681285 0 0.5638145094 0.7375215519 -0.3717191944 0 0.7984681285 -0.3717191944 0.4735752193 0 0 0 0 1 1 0 0 61.40380096 0 1 0 35.80489731 0 0 1 61.6359024 0 0 0 1 0.2110967712 0.5638145094 0.7984681285 -0 -0.5638145094 0.7375215519 -0.3717191944 -0 -0.7984681285 -0.3717191944 0.4735752193 -0 0 0 0 1 32 2.474472766 1.24341322 0.03125 0.3240263771 1.890939324 0.03125 -2.080754379 2.950111352 0.03125 -4.314482501 3.971124177 0.03125 -5.724943453 4.60489683 0.03125 -5.596860461 4.639374715 0.03125 -4.829725787 4.072510566 0.03125 -3.157612105 3.019621175 0.03125 -1.484777921 1.636918841 0.03125 0.1740090407 0.1301204918 0.03125 1.452063869 -1.312746707 0.03125 2.167844361 -2.527587265 0.03125 2.581981847 -3.42593585 0.03125 2.52466904 -3.971321584 0.03125 2.289998746 -4.181561316 0.03125 1.799669557 -4.104250828 0.03125 0.4655959254 -4.41849897 0.03125 0.3133979333 -4.155268288 0.03125 0.4427042542 -3.730482946 0.03125 0.8193911162 -3.200963993 0.03125 1.553177712 -2.622138505 0.03125 2.640206718 -2.03219835 0.03125 3.8886816 -1.47430097 0.03125 5.303722751 -0.9608981022 0.03125 6.474485158 -0.5210703889 0.03125 7.373223228 -0.1593541877 0.03125 7.751094385 0.1109617707 0.03125 7.601874582 0.296071792 0.03125 6.848413936 0.4054919028 0.03125 5.543129108 0.4649090847 0.03125 3.901435929 0.4900860549 0.03125 1.989996199 0.4984319541 0.03125 1 3 1 1 1 1 500 0.0004
2.936420486 67.5 62.50379944 36.10490036 62.03590012 68.92212901 44.84113284 111.8804642 -0.2188287281 0.5180192339 0.8269039007 0.750496301 -0.6608735304 0.001216159465 -0.2188287281 -0.5180192339 -0.8269039007 0 0.5180192339 0.6564851572 -0.5483459781 0 0.8269039007 -0.5483459781 0.1246861147 0 0 0 0 1 1 0 0 62.50379944 0 1 0 36.10490036 0 0 1 62.03590012 0 0 0 1 -0.2188287281 0.5180192339 0.8269039007 -0 -0.5180192339 0.6564851572 -0.5483459781 -0 -0.8269039007 -0.5483459781 0.1246861147 -0 0 0 0 1 32 2.086499068 1.108433719 0.03125 1.844143939 1.191760454 0.03125 1.392797646 1.305484422 0.03125 0.7868689411 1.387186158 0.03125 0.1227493123 1.400255266 0.03125 -0.5218303805 1.33705197 0.03125 -1.022571427 1.214571983 0.03125 -1.34720158 1.059135806 0.03125 -1.457848992 0.8963093872 0.03125 -1.352803211 0.7465982121 0.03125 -1.049664854 0.6228469078 0.03125 -0.5656109441 0.5314058954 0.03125 0.03631695807 0.4708862937 0.03125 0.730708865 0.4367007461 0.03125 1.450594928 0.4206517896 0.03125 2.173423479 0.4161435807 0.03125 1.892028645 -0.07933043622 0.03125 2.617489989 -0.06727364174 0.03125 3.350096607 -0.05234872621 0.03125 4.086333233 -0.031046924 0.03125 4.751101716 -0.001970691271 0.03125 5.338785274 0.0381252506 0.03125 5.740544937 0.08932049328 0.03125 5.951744572 0.1492901157 0.03125 5.928404757 0.2148620475 0.03125 5.673355134 0.2805780766 0.03125 5.231021608 0.3425002988 0.03125 4.612558797 0.3961091631 0.03125 3.89335207 0.4392420897 0.03125 3.086638776 0.4703174871 0.03125 2.260147978 0.4896777839 0.03125 1.425204433 0.4985325083 0.03125 1 3 1 1 1 1 500 0.0004
2.334544801 67.5 61.7038002 36.80489731 61.23590088 69.63919919 34.03363734 113.8450123 -0.05205622208 0.4927408911 0.8686176167 0.5243544481 -0.8314695633 0.1836049512 -0.05205622208 -0.4927408911 -0.8686176167 0 0.4927408911 0.7438734328 -0.4515071763 0 0.8686176167 -0.4515071763 0.2040703451 0 0 0 0 1 1 0 0 61.7038002 0 1 0 36.80489731 0 0 1 61.23590088 0 0 0 1 -0.05205622208 0.4927408911 0.8686176167 -0 -0.4927408911 0.7438734328 -0.4515071763 -0 -0.8686176167 -0.4515071763 0.2040703451 -0 0 0 0 1 32 1.778153702 1.078848039 0.03125 1.409891726 1.108007793 0.03125 0.9868229759 1.161640746 0.03125 0.5186873496 1.233557755 0.03125 0.1073822768 1.317601039 0.03125 -0.2268574391 1.398749932 0.03125 -0.433410565 1.469676979 0.03125 -0.4998388756 1.520986702 0.03125 -0.4208644179 1.549165326 0.03125 -0.1938452138 1.552606609 0.03125 0.1571450017 1.532001442 0.03125 0.6273916697 1.490982328 0.03125 1.158555899 1.433041559 0.03125 1.742332638 1.364019907 0.03125 2.31409703 1.288324732 0.03125 2.866210029 1.211252771 0.03125 2.364284114 0.6515476064 0.03125 2.820364726 0.6101870315 0.03125 3.234138129 0.5726636766 0.03125 3.604207883 0.5400972589 0.03125 3.898191386 0.5132991379 0.03125 4.11569648 0.4930550757 0.03125 4.209126146 0.4795533918 0.03125 4.180375824 0.4722666161 0.03125 4.025764 0.4704836109 0.03125 3.749152642 0.4724404781 0.03125 3.402463376 0.477022798 0.03125 2.989451746 0.4826861069 0.03125 2.55047566 0.4885305601 0.03125 2.088484001 0.4936765198 0.03125 1.64251551 0.4975437228 0.03125 1.216280935 0.4996306489 0.03125 1 3 1 1 1 1 500 0.0004
1.143962882 67.5 60.7038002 34.50489807 61.73590088 67.63090708 30.74422747 109.992345 0.3897325892 0.8000307025 0.4561352693 0.6716368275 -0.7050090949 0.2277414059 0.3897325892 -0.8000307025 -0.4561352693 0 0.8000307025 0.5394444011 -0.2625844877 0 0.4561352693 -0.2625844877 0.8502881882 0 0 0 0 1 1 0 0 60.7038002 0 1 0 34.50489807 0 0 1 61.73590088 0 0 0 1 0.3897325892 0.8000307025 0.4561352693 -0 -0.8000307025 0.5394444011 -0.2625844877 -0 -0.4561352693 -0.2625844877 0.8502881882 -0 0 0 0 1 32 2.321934518 1.048039056 0.03125 2.989065587 1.126041887 0.03125 3.39510103 1.28798482 0.03125 3.548956819 1.524868765 0.03125 3.445321883 1.823066066 0.03125 3.140411923 2.138015436 0.03125 2.830143472 2.450536762 0.03125 2.555379469 2.734332774 0.03125 2.367371248 2.978689695 0.03125 2.28352741 3.173110958 0.03125 2.294389352 3.31110033 0.03125 2.401812578 3.389417748 0.03125 2.571868751 3.404014543 0.03125 2.79696516 3.357220837 0.03125 3.047752978 3.248877903 0.03125 3.315054895 3.086097396 0.03125 2.570053798 2.407280407 0.03125 2.815121707 2.231928865 0.03125 3.0465815 2.037200944 0.03125 3.261710061 1.832131308 0.03125 3.434630179 1.623253848 0.03125 3.563882074 1.419972584 0.03125 3.627816954 1.228417856 0.03125 3.626356949 1.055509763 0.03125 3.543407846 0.9049879732 0.03125 3.380413187 0.7800753349 0.03125 3.140180898 0.6812739286 0.03125 2.82584094 0.60797083 0.03125 2.461721154 0.5574911253 0.03125 2.052449673 0.5256481296 0.03125 1.635270979 0.5083693955 0.03125 1.215659309 0.5010392036 0.03125 1 3 1 1 1 1 500 0.0004
0.2958306692 67.5 61.90380096 36.80489731 61.23590088 80.95176128 68.71739433 80.2511707 0.6668970356 0.7335240795 0.1311135716 0.5177029184 -0.4702757647 -0.7147198007 0.6668970356 -0.7335240795 -0.1311135716 0 0.7335240795 0.6772100714 -0.05769700219 0 0.1311135716 -0.05769700219 0.9896869643 0 0 0 0 1 1 0 0 61.90380096 0 1 0 36.80489731 0 0 1 61.23590088 0 0 0 1 0.6668970356 0.7335240795 0.1311135716 -0 -0.7335240795 0.6772100714 -0.05769700219 -0 -0.1311135716 -0.05769700219 0.9896869643 -0 0 0 0 1 32 5.459770601 1.197773859 0.03125 9.877388506 2.272381512 0.03125 10.63879744 3.997284805 0.03125 8.280319954 5.488691977 0.03125 4.204436981 6.169854968 0.03125 0.3719031756 6.033474432 0.03125 -2.144284469 5.610997964 0.03125 -2.857861507 5.434723096 0.03125 -2.139275548 5.6760109 0.03125 -0.3537042428 6.16046875 0.03125 1.854617107 6.606075316 0.03125 3.795770793 6.828452605 0.03125 5.290569226 6.7434325 0.03125 5.933710991 6.423326049 0.03125 6.021554414 5.868467952 0.03125 5.515710553 5.16654158 0.03125 3.791314731 3.922749701 0.03125 2.994224752 3.199945899 0.03125 2.555023427 2.412897509 0.03125 2.516211242 1.622978768 0.03125 2.903298229 0.8860245707 0.03125 3.783169998 0.2686732713 0.03125 4.699688888 -0.1687118815 0.03125 5.77087314 -0.4011772215 0.03125 6.695265517 -0.425070293 0.03125 7.570350636 -0.3035395261 0.03125 7.917733791 -0.09118537051 0.03125 7.774381294 0.1202960289 0.03125 6.922266306 0.2955554116 0.03125 5.407185918 0.4117730219 0.03125 3.724873115 0.4734778156 0.03125 1.927306995 0.4954471206 0.03125 1 3 1 1 1 1 500 0.0004
3.582804859 67.5 61.90380096 36.80489731 61.23590088 82.32852009 74.08503961 84.04559378 0.4043559828 0.8262099646 0.3922669163 0.6691806641 -0.1645185811 -0.7246591442 0.4043559828 -0.8262099646 -0.3922669163 0 0.8262099646 0.5139245933 -0.2307782635 0 0.3922669163 -0.2307782635 0.8904313895 0 0 0 0 1 1 0 0 61.90380096 0 1 0 36.80489731 0 0 1 61.23590088 0 0 0 1 0.4043559828 0.8262099646 0.3922669163 -0 -0.8262099646 0.5139245933 -0.2307782635 -0 -0.3922669163 -0.2307782635 0.8904313895 -0 0 0 0 1 32 0.723421698 1.168705028 0.03125 -2.457309126 1.4550299 0.03125 -5.356522263 1.731412081 0.03125 -7.389854989 1.648474001 0.03125 -7.658414623 1.039006166 0.03125 -5.711335531 0.03561801492 0.03125 -3.004128323 -1.138094193 0.03125 0.3227298152 -2.194409872 0.03125 2.76370279 -2.951211279 0.03125 4.013766212 -3.353287847 0.03125 4.57431534 -3.418511153 0.03125 4.349941618 -3.177280593 0.03125 3.790417145 -2.64659613 0.03125 2.942004431 -1.850880062 0.03125 2.250698861 -0.8386816799 0.03125 1.755395911 0.3066103316 0.03125 0.6214271712 0.8496052973 0.03125 0.8579096438 1.711746801 0.03125 1.353698426 2.481725379 0.03125 2.101023341 3.079915803 0.03125 3.047300288 3.431558495 0.03125 4.173644458 3.503528397 0.03125 5.304226164 3.286937225 0.03125 6.396447046 2.856576753 0.03125 7.135794537 2.301969345 0.03125 7.521247719 1.7538297 0.03125 7.411647112 1.28600221 0.03125 6.844375471 0.9428760006 0.03125 5.928366551 0.7186935003 0.03125 4.70475986 0.5894025889 0.03125 3.309035927 0.5260642866 0.03125 1.794107199 0.5012566818 0.03125 1 3 1 1 1 1 500 0.0004
-2.745710792 67.5 61.90380096 36.80489731 61.23590088 79.94677176 79.7438685 85.30443653 0.4641330296 0.7791594996 0.4212968133 0.6447770971 0.3338714727 -0.6875989636 0.4641330296 -0.7791594996 -0.4212968133 0 0.7791594996 0.5853590394 -0.2241991729 0 0.4212968133 -0.2241991729 0.8787739902 0 0 0 0 1 1 0 0 61.90380096 0 1 0 36.80489731 0 0 1 61.23590088 0 0 0 1 0.4641330296 0.7791594996 0.4212968133 -0 -0.7791594996 0.5853590394 -0.2241991729 -0 -0.4212968133 -0.2241991729 0.8787739902 -0 0 0 0 1 32 0.1211253681 0.9849376059 0.03125 -3.172819359 1.271554675 0.03125 -5.931420208 1.518891641 0.03125 -7.594117778 1.374892815 0.03125 -7.667439636 0.6679924617 0.03125 -5.780816671 -0.4568564938 0.03125 -3.09891563 -1.744841785 0.03125 0.1835872785 -2.866837823 0.03125 2.720116686 -3.606710422 0.03125 4.15728114 -3.893297073 0.03125 4.824685664 -3.740557315 0.03125 4.653441214 -3.185258133 0.03125 4.009505283 -2.251475243 0.03125 3.00708434 -0.9954239759 0.03125 2.150466005 0.4975099817 0.03125 1.534879576 2.078607186 0.03125 0.3941033181 2.918261216 0.03125 0.7595827042 3.924509558 0.03125 1.396016263 4.725868524 0.03125 2.243588296 5.233071939 0.03125 3.221246489 5.376295882 0.03125 4.226529341 5.148241246 0.03125 5.13448622 4.574616701 0.03125 5.887654734 3.787652591 0.03125 6.292975088 2.904608617 0.03125 6.391349416 2.112540228 0.03125 6.137315959 1.484232771 0.03125 5.616457637 1.047928132 0.03125 4.863214777 0.7799166209 0.03125 3.917855945 0.6220298999 0.03125 2.829641024 0.5387650945 0.03125 1.637597992 0.5030284171 0.03125 1 3 1 1 1 1 500 0.0004
-2.666696139 67.5 61.90380096 36.80489731 61.23590088 81.42853155 74.03506636 86.26184442 0.403667401 0.7640315165 0.5032975971 0.6206982513 -0.1463800197 -0.7702639617 0.403667401 -0.7640315165 -0.5032975971 0 0.7640315165 0.5841292904 -0.273950386 0 0.5032975971 -0.273950386 0.8195381106 0 0 0 0 1 1 0 0 61.90380096 0 1 0 36.80489731 0 0 1 61.23590088 0 0 0 1 0.403667401 0.7640315165 0.5032975971 -0 -0.7640315165 0.5841292904 -0.273950386 -0 -0.5032975971 -0.273950386 0.8195381106 -0 0 0 0 1 32 0.6478854164 0.9380516589 0.03125 -2.612692745 1.082663966 0.03125 -5.153077499 1.259813109 0.03125 -6.586785568 1.29998061 0.03125 -6.585933977 1.078929626 0.03125 -4.976975641 0.5576418062 0.03125 -2.778417678 -0.2135063611 0.03125 -0.05588699417 -1.087453638 0.03125 2.028393978 -1.906423014 0.03125 3.329574495 -2.536526262 0.03125 3.984663923 -2.903256537 0.03125 3.910751438 -2.966098982 0.03125 3.575386608 -2.71087808 0.03125 2.963749539 -2.148524828 0.03125 2.335817205 -1.309136786 0.03125 1.691433441 -0.2610678879 0.03125 0.378144411 0.2630096473 0.03125 0.4148626905 1.176657444 0.03125 0.7837891599 2.071716803 0.03125 1.492591478 2.859309646 0.03125 2.479426295 3.457124534 0.03125 3.749642531 3.799967228 0.03125 5.093671426 3.838480379 0.03125 6.476660344 3.584052189 0.03125 7.563803771 3.084008637 0.03125 8.298718758 2.463928826 0.03125 8.413993184 1.828308253 0.03125 7.910839777 1.298348208 0.03125 6.905724783 0.9106188737 0.03125 5.452527036 0.6705292698 0.03125 3.781989419 0.5485346961 0.03125 1.952796039 0.504101905 0.03125 1 3 1 1 1 1 500 0.0004
3.613923161 67.5 61.90380096 36.80489731 61.23590088 85.25930297 74.08890195 83.52473049 0.4605658058 0.8090124338 0.3652095569 0.6942486508 -0.1862528285 -0.6952184511 0.4605658058 -0.8090124338 -0.3652095569 0 0.8090124338 0.5518852246 -0.2022908323 0 0.3652095569 -0.2022908323 0.9086805812 0 0 0 0 1 1 0 0 61.90380096 0 1 0 36.80489731 0 0 1 61.23590088 0 0 0 1 0.4605658058 0.8090124338 0.3652095569 -0 -0.8090124338 0.5518852246 -0.2022908323 -0 -0.3652095569 -0.2022908323 0.9086805812 -0 0 0 0 1 32 0.6547609792 1.177557562 0.03125 -2.797487621 1.490141444 0.03125 -5.680323731 1.804355162 0.03125 -7.359244337 1.784844928 0.03125 -7.41539086 1.273792853 0.03125 -5.433654894 0.3675434125 0.03125 -2.813765076 -0.7484149127 0.03125 0.3266036581 -1.812609292 0.03125 2.673133977 -2.63987651 0.03125 3.953859696 -3.149362779 0.03125 4.524433607 -3.340162165 0.03125 4.286152838 -3.231253437 0.03125 3.705373299 -2.836933474 0.03125 2.808308716 -2.176567878 0.03125 2.119720741 -1.287231075 0.03125 1.652604674 -0.2357419153 0.03125 0.5562108244 0.2573708712 0.03125 0.8197029285 1.109040331 0.03125 1.3168679 1.913533345 0.03125 2.034726084 2.594703257 0.03125 2.926016345 3.082404261 0.03125 3.990068851 3.334855843 0.03125 5.053813777 3.327893717 0.03125 6.111556445 3.092581412 0.03125 6.824170853 2.682339735 0.03125 7.208170595 2.182713133 0.03125 7.119316919 1.66648108 0.03125 6.577010802 1.22349079 0.03125 5.711560107 0.8825075515 0.03125 4.552327829 0.6637582006 0.03125 3.220738857 0.547419106 0.03125 1.766120298 0.5031400572 0.03125 1 3 1 1 1 1 500 0.0004
0.488335092 67.5 61.90380096 36.80489731 61.23590088 88.1389292 76.34929711 81.90602326 0.5149969667 0.7757321055 0.3647160879 0.8620247792 0.04874543888 -0.504516761 0.5149969667 -0.7757321055 -0.3647160879 0 0.7757321055 0.6027976869 -0.1867475546 0 0.3647160879 -0.1867475546 0.9121992798 0 0 0 0 1 1 0 0 61.90380096 0 1 0 36.80489731 0 0 1 61.23590088 0 0 0 1 0.5149969667 0.7757321055 0.3647160879 -0 -0.7757321055 0.6027976869 -0.1867475546 -0 -0.3647160879 -0.1867475546 0.9121992798 -0 0 0 0 1 32 2.763948476 0.9866891266 0.03125 4.16134027 0.8062582323 0.03125 4.97782712 0.4380850125 0.03125 5.173514439 -0.08207174094 0.03125 4.628642459 -0.6982928781 0.03125 3.368685711 -1.301251601 0.03125 1.869639172 -1.81033045 0.03125 0.2108225051 -2.151163142 0.03125 -1.199202811 -2.285627723 0.03125 -2.287313388 -2.203663082 0.03125 -2.98419001 -1.917958325 0.03125 -3.267578755 -1.45985225 0.03125 -3.291960004 -0.8640961269 0.03125 -3.075105636 -0.1758715902 0.03125 -2.712099327 0.5593904445 0.03125 -2.242134466 1.283849691 0.03125 -2.893678978 1.576020579 0.03125 -2.643688407 2.352529269 0.03125 -2.606458216 2.936215202 0.03125 -2.815279237 3.296379483 0.03125 -3.192128407 3.423804262 0.03125 -3.737954436 3.332539223 0.03125 -4.312561618 3.045159442 0.03125 -4.899606997 2.611998879 0.03125 -5.241534439 2.089489778 0.03125 -5.324717914 1.571647377 0.03125 -4.983547808 1.118685834 0.03125 -4.227662416 0.7926541754 0.03125 -3.230688838 0.5962502441 0.03125 -2.015716406 0.5083262426 0.03125 -0.7989319529 0.4892890251 0.03125 0.4018625489 0.4964577736 0.03125 1 3 1 1 1 1 500 0.0004
3.166571089 67.5 61.90380096 36.80489731 61.23590088 90.80770294 52.0709153 68.94237282 0.4002557138 0.8794547993 0.2575939044 -0.1736966342 -0.9192176708 -0.3533671644 0.4002557138 -0.8794547993 -0.2575939044 0 0.8794547993 0.4476432151 -0.1617863032 0 0.2575939044 -0.1617863032 0.9526124986 0 0 0 0 1 1 0 0 61.90380096 0 1 0 36.80489731 0 0 1 61.23590088 0 0 0 1 0.4002557138 0.8794547993 0.2575939044 -0 -0.8794547993 0.4476432151 -0.1617863032 -0 -0.2575939044 -0.1617863032 0.9526124986 -0 0 0 0 1 32 0.9884443136 1.14694745 0.03125 -2.049889472 1.295559419 0.03125 -4.666487895 1.212797874 0.03125 -6.373119635 0.6774633076 0.03125 -6.242212087 -0.1861296263 0.03125 -3.964569696 -0.9106810791 0.03125 -1.149816603 -1.262964914 0.03125 2.044702866 -1.236667905 0.03125 4.724959407 -0.9201771679 0.03125 6.650827321 -0.433627115 0.03125 7.596074416 0.1118071007 0.03125 7.42770769 0.6252228597 0.03125 6.63986834 1.018934048 0.03125 5.25933026 1.255400533 0.03125 3.908782355 1.312448642 0.03125 2.695264215 1.231399302 0.03125 0.958426557 0.5613540159 0.03125 0.8283262458 0.3536347648 0.03125 1.309907588 0.1228156359 0.03125 2.458496344 -0.1024726507 0.03125 3.793316223 -0.3047449844 0.03125 5.299070192 -0.4580460444 0.03125 6.539932905 -0.5444541187 0.03125 7.479333737 -0.5444513199 0.03125 7.936287974 -0.455522566 0.03125 7.908990794 -0.2933195753 0.03125 7.379434521 -0.0839521453 0.03125 6.40141075 0.1159368347 0.03125 5.235151359 0.2832372962 0.03125 3.933575202 0.3996850715 0.03125 2.700069349 0.4674475976 0.03125 1.571471756 0.4950577397 0.03125 1 3 1 1 1 1 500 0.0004
2.444324118 67.5 61.90380096 36.80489731 61.23590088 91.68680127 53.29891624 72.93002313 0.06214426569 0.9795514295 0.1913559178 0.1919704474 -0.9211128565 -0.3386716003 0.06214426569 -0.9795514295 -0.1913559178 0 0.9795514295 0.09661894908 -0.1764759919 0 0.1913559178 -0.1764759919 0.9655253166 0 0 0 0 1 1 0 0 61.90380096 0 1 0 36.80489731 0 0 1 61.23590088 0 0 0 1 0.06214426569 0.9795514295 0.1913559178 -0 -0.9795514295 0.09661894908 -0.1764759919 -0 -0.1913559178 -0.1764759919 0.9655253166 -0 0 0 0 1 32 1.645774284 1.082010516 0.03125 1.181364846 1.101909339 0.03125 0.7308577574 1.135319137 0.03125 0.303938368 1.179869388 0.03125 0.03757930197 1.231205646 0.03125 -0.05070857896 1.278058548 0.03125 0.04788545919 1.313871044 0.03125 0.3401028355 1.331013908 0.03125 0.7517062675 1.32692861 0.03125 1.277446364 1.301456589 0.03125 1.86322801 1.256703656 0.03125 2.497097849 1.196813727 0.03125 3.141914337 1.126849932 0.03125 3.78297446 1.052846673 0.03125 4.390677105 0.9809966974 0.03125 4.951032334 0.9173974578 0.03125 4.443936377 0.3716188439 0.03125 4.877656326 0.3416966622 0.03125 5.239350075 0.3221321315 0.03125 5.524553841 0.313048536 0.03125 5.7068074 0.3143099748 0.03125 5.784435156 0.3244408801 0.03125 5.729758315 0.3421433273 0.03125 5.54480366 0.3646115894 0.03125 5.229691038 0.3899296432 0.03125 4.789669353 0.4152382131 0.03125 4.273762124 0.4389093944 0.03125 3.688096859 0.4594054915 0.03125 3.075116084 0.4759009471 0.03125 2.440473962 0.487992942 0.03125 1.841010436 0.4956475165 0.03125 1.283337429 0.4993773514 0.03125 1 3 1 1 1 1 500 0.0004
2.353185827 67.5 62.30380249 36.00489807 61.73590088 93.60903012 42.73243947 79.27244186 0.1535601515 0.9735172739 0.1693617348 0.08529056207 -0.9585405663 -0.271892447 0.1535601515 -0.9735172739 -0.1693617348 0 0.9735172739 0.178425259 -0.1429284586 0 0.1693617348 -0.1429284586 0.9751348925 0 0 0 0 1 1 0 0 62.30380249 0 1 0 36.00489807 0 0 1 61.73590088 0 0 0 1 0.1535601515 0.9735172739 0.1693617348 -0 -0.9735172739 0.178425259 -0.1429284586 -0 -0.1693617348 -0.1429284586 0.9751348925 -0 0 0 0 1 32 1.860025913 1.074629979 0.03125 1.543678482 1.079973614 0.03125 1.247002749 1.089894018 0.03125 0.9778040028 1.102146476 0.03125 0.8185086969 1.113341573 0.03125 0.779988807 1.116090325 0.03125 0.8772879533 1.106314181 0.03125 1.113331419 1.080533306 0.03125 1.44846699 1.038371506 0.03125 1.876800524 0.9823353182 0.03125 2.357953619 0.9158819872 0.03125 2.880810458 0.8444642298 0.03125 3.412171896 0.7734971815 0.03125 3.939249498 0.7089747863 0.03125 4.437644051 0.6564060497 0.03125 4.895242923 0.6207292961 0.03125 4.293722781 0.1048237008 0.03125 4.639972158 0.1036712369 0.03125 4.916447421 0.1152010637 0.03125 5.119010273 0.1379827596 0.03125 5.224543031 0.1707186127 0.03125 5.231929603 0.2104004043 0.03125 5.12489476 0.2548457255 0.03125 4.905835592 0.3002855704 0.03125 4.589546768 0.344537427 0.03125 4.180766211 0.3847321207 0.03125 3.722794847 0.4195707093 0.03125 3.220481716 0.4480666831 0.03125 2.704607414 0.4699376491 0.03125 2.179431627 0.485349526 0.03125 1.686629581 0.4947831118 0.03125 1.230762205 0.4992653361 0.03125 1 3 1 1 1 1 500 0.0004
2.555796808 67.5 61.90380096 36.80489731 61.23590088 88.08816854 60.36837823 80.59720843 0.05489195159 0.9312627119 0.3601897209 0.4357563412 -0.8629481824 -0.2558062656 0.05489195159 -0.9312627119 -0.3601897209 0 0.9312627119 0.1778776611 -0.3179768846 0 0.3601897209 -0.3179768846 0.8770142905 0 0 0 0 1 1 0 0 61.90380096 0 1 0 36.80489731 0 0 1 61.23590088 0 0 0 1 0.05489195159 0.9312627119 0.3601897209 -0 -0.9312627119 0.1778776611 -0.3179768846 -0 -0.3601897209 -0.3179768846 0.8770142905 -0 0 0 0 1 32 1.770196633 1.082607471 0.03125 1.104924266 1.099120547 0.03125 0.4498033862 1.131636185 0.03125 -0.1842357407 1.176040769 0.03125 -0.6498424691 1.226763396 0.03125 -0.9277586039 1.271748154 0.03125 -0.9918783676 1.303906613 0.03125 -0.8331104451 1.315453408 0.03125 -0.5039402321 1.303588818 0.03125 -0.00806670378 1.268233082 0.03125 0.6014463168 1.211691281 0.03125 1.311983024 1.138863011 0.03125 2.066539571 1.055421338 0.03125 2.848391238 0.9684701057 0.03125 3.604493752 0.8849039166 0.03125 4.319392634 0.8116084507 0.03125 3.963562811 0.2604669959 0.03125 4.54694662 0.2293791822 0.03125 5.058466851 0.2109886134 0.03125 5.493793239 0.2056602621 0.03125 5.81789286 0.2133498138 0.03125 6.02861493 0.2324142699 0.03125 6.079631073 0.261336656 0.03125 5.972423408 0.2963734038 0.03125 5.699092086 0.3350341686 0.03125 5.264792299 0.373194915 0.03125 4.727638868 0.4087037496 0.03125 4.094123555 0.4392508647 0.03125 3.419310517 0.4638183614 0.03125 2.709153144 0.4818793054 0.03125 2.014412305 0.4934540345 0.03125 1.342073194 0.4990769307 0.03125 1 3 1 1 1 1 500 0.0004
2.504548167 67.5 61.90380096 36.80489731 61.23590088 90.47415794 60.24989327 77.98810814 0.05496380901 0.9379846131 0.3422920467 0.4519881053 -0.833497915 -0.3177860576 0.05496380901 -0.9379846131 -0.3422920467 0 0.9379846131 0.1660233963 -0.3043371444 0 0.3422920467 -0.3043371444 0.8889404127 0 0 0 0 1 1 0 0 61.90380096 0 1 0 36.80489731 0 0 1 61.23590088 0 0 0 1 0.05496380901 0.9379846131 0.3422920467 -0 -0.9379846131 0.1660233963 -0.3043371444 -0 -0.3422920467 -0.3043371444 0.8889404127 -0 0 0 0 1 32 1.762675864 1.081959117 0.03125 1.095999079 1.102575542 0.03125 0.4419579111 1.142789108 0.03125 -0.1878987547 1.19869645 0.03125 -0.6227242667 1.26469952 0.03125 -0.8416625988 1.328003784 0.03125 -0.8412630339 1.381322904 0.03125 -0.6125969538 1.416374127 0.03125 -0.2320776732 1.430134015 0.03125 0.2964398862 1.421530951 0.03125 0.9151070161 1.392133473 0.03125 1.61239205 1.345112804 0.03125 2.338690741 1.285004031 0.03125 3.079167283 1.217065412 0.03125 3.790121308 1.147138356 0.03125 4.457804404 1.080918498 0.03125 4.056480731 0.5299685476 0.03125 4.595762258 0.4935906246 0.03125 5.061572708 0.4650340508 0.03125 5.450135607 0.444558577 0.03125 5.725411149 0.4323595137 0.03125 5.885942795 0.4272930924 0.03125 5.890779023 0.4286276115 0.03125 5.741850344 0.434385923 0.03125 5.442936116 0.4433738807 0.03125 4.998846951 0.4540146644 0.03125 4.469917367 0.4651437308 0.03125 3.861817119 0.4757967588 0.03125 3.218887398 0.4850657142 0.03125 2.546583363 0.4923115483 0.03125 1.906564675 0.4970979425 0.03125 1.305696842 0.4995702939 0.03125 1 3 1 1 1 1 500 0.0004
3.397901539 67.5 61.90380096 36.80489731 61.23590088 84.56613779 68.67696581 73.46938722 0.3410430212 0.9316020175 0.1257272389 0.2243676748 -0.9086480329 -0.352161751 0.3410430212 -0.9316020175 -0.1257272389 0 0.9316020175 0.3528303676 -0.08734078445 0 0.1257272389 -0.08734078445 0.9882126536 0 0 0 0 1 1 0 0 61.90380096 0 1 0 36.80489731 0 0 1 61.23590088 0 0 0 1 0.3410430212 0.9316020175 0.1257272389 -0 -0.9316020175 0.3528303676 -0.08734078445 -0 -0.1257272389 -0.08734078445 0.9882126536 -0 0 0 0 1 32 1.321487994 1.158737767 0.03125 -1.109469479 1.403068857 0.03125 -3.650143342 1.613941331 0.03125 -5.85128838 1.507370647 0.03125 -6.683583352 0.97539632 0.03125 -5.740018661 0.1645247514 0.03125 -3.935108721 -0.7408997403 0.03125 -1.284456648 -1.543241538 0.03125 1.219957214 -2.130894175 0.03125 3.3857989 -2.464042367 0.03125 4.781846673 -2.551831935 0.03125 5.254765632 -2.421286181 0.03125 5.314678752 -2.098273309 0.03125 4.89831957 -1.610644111 0.03125 4.257438577 -1.003949685 0.03125 3.381393381 -0.3391550707 0.03125 1.563287105 -0.2545643688 0.03125 0.8891159498 0.1970731052 0.03125 0.7568558248 0.5235519273 0.03125 1.214939119 0.7020713178 0.03125 2.246750244 0.7151548956 0.03125 3.835586329 0.6114702085 0.03125 5.430595318 0.4308618442 0.03125 6.991649715 0.2446303333 0.03125 8.190193245 0.105784428 0.03125 9.008340178 0.04696220749 0.03125 9.176141358 0.07801925793 0.03125 8.711425337 0.1765347277 0.03125 7.623332115 0.3027086726 0.03125 5.982457391 0.4069349912 0.03125 4.102248295 0.4717132087 0.03125 2.055424527 0.4963016197 0.03125 1 3 1 1 1 1 500 0.0004
3.207691495 67.5 61.90380096 36.80489731 61.23590088 83.00096992 66.39816467 73.30204967 0.3115364221 0.9172299552 0.2482624963 0.3102069635 -0.7112518235 -0.6307871934 0.3115364221 -0.9172299552 -0.2482624963 0 0.9172299552 0.3585303645 -0.1736236939 0 0.2482624963 -0.1736236939 0.9530060576 0 0 0 0 1 1 0 0 61.90380096 0 1 0 36.80489731 0 0 1 61.23590088 0 0 0 1 0.3115364221 0.9172299552 0.2482624963 -0 -0.9172299552 0.3585303645 -0.1736236939 -0 -0.2482624963 -0.1736236939 0.9530060576 -0 0 0 0 1 32 1.585888371 1.248075465 0.03125 -1.135529838 1.91068164 0.03125 -4.293868914 2.527565624 0.03125 -6.759755587 2.386212101 0.03125 -8.159926404 1.286321797 0.03125 -7.248123158 -0.3299471509 0.03125 -4.918580322 -1.959276144 0.03125 -1.182385404 -3.075745924 0.03125 2.236871079 -3.421036498 0.03125 4.727080424 -3.081636116 0.03125 6.40429861 -2.318866201 0.03125 6.928290487 -1.379228866 0.03125 6.68401652 -0.4134831045 0.03125 5.594692784 0.5318185026 0.03125 4.513003264 1.364951176 0.03125 3.515203794 2.027800804 0.03125 1.805345382 1.90385244 0.03125 1.505737826 2.017551677 0.03125 1.623535719 1.891245779 0.03125 2.188358577 1.57665043 0.03125 3.137490737 1.112540079 0.03125 4.484938487 0.6049806408 0.03125 5.767740887 0.1471587812 0.03125 6.988780037 -0.16952118 0.03125 7.800316516 -0.2973935311 0.03125 8.214519484 -0.2530498236 0.03125 8.04851221 -0.08463082036 0.03125 7.365301041 0.1126685741 0.03125 6.287710917 0.2882884955 0.03125 4.889761935 0.4084229991 0.03125 3.376648573 0.4724426867 0.03125 1.809061086 0.4953127146 0.03125 1 3 1 1 1 1 500 0.0004
-4.215186342 67.5 61.90380096 36.80489731 61.23590088 87.28159085 69.70682072 75.01009414 -0.08706728234 0.899021998 0.4291605009 0.4781978181 0.1952380059 -0.8562762217 -0.08706728234 -0.899021998 -0.4291605009 0 0.899021998 0.1146767585 -0.4226212113 0 0.4291605009 -0.4226212113 0.7982559591 0 0 0 0 1 1 0 0 61.90380096 0 1 0 36.80489731 0 0 1 61.23590088 0 0 0 1 -0.08706728234 0.899021998 0.4291605009 -0 -0.899021998 0.1146767585 -0.4226212113 -0 -0.4291605009 -0.4226212113 0.7982559591 -0 0 0 0 1 32 1.762726726 0.8836933536 0.03125 0.8504611817 0.9702940765 0.03125 -0.05503504816 1.106218526 0.03125 -0.8950508585 1.24571006 0.03125 -1.285805359 1.367015803 0.03125 -1.166891472 1.472375167 0.03125 -0.7207879401 1.583946458 0.03125 0.06579715459 1.725039007 0.03125 0.9405517387 1.920853355 0.03125 1.891126998 2.183046295 0.03125 2.742583503 2.522038012 0.03125 3.487993283 2.929037983 0.03125 4.091775867 3.391919465 0.03125 4.559235576 3.876757391 0.03125 4.918579402 4.347399593 0.03125 5.18040606 4.754092387 0.03125 4.39303857 4.529237906 0.03125 4.576983479 4.662995994 0.03125 4.75263931 4.66399754 0.03125 4.923491856 4.517816679 0.03125 5.108973644 4.22125344 0.03125 5.304534709 3.799946879 0.03125 5.443198084 3.28253073 0.03125 5.513971445 2.728122582 0.03125 5.43240896 2.178628735 0.03125 5.194228279 1.687382538 0.03125 4.798060077 1.277828268 0.03125 4.251542392 0.9650277806 0.03125 3.608282045 0.7454421388 0.03125 2.8800601 0.6072576711 0.03125 2.135783538 0.5332183597 0.03125 1.389372796 0.5039526324 0.03125 1 3 1 1 1 1 500 0.0004
