34
-0.98499908194399798944 0.11024406225749411314 0.1327518561318328516 -0.12732074176782556818 -0.9835829989549494945 -0.1278824181913939817 0.11647419149825322116 -0.1428661293090621176 0.98286470676847204064 -0.99133087555129184576 -0.13132137843024921375 0.0042179077619559903964 0.12873170089959062867 -0.97720402826639451987 -0.16882072243486417884 0.026291526433576021399 -0.16681421614212132987 0.98563774934337955447 99.824700000000007094 20.813300000000001688 82.388450000000005957 0 96.869702754168017123 20.431337774696526566 82.737872574494758737 0.030276589065427874509 93.918399999999991223 20.366100000000002979 82.523200000000002774 -0.012190739083591573683 91.143550000000004729 19.970050000000000523 82.292049999999989041 -0.010104446831978060664 88.401800000000008595 19.838749999999997442 81.654849999999996157 0.011175900694194119619 85.472099999999997522 19.439250000000001251 80.87864999999999327 -0.030834077266592884586 82.61209999999999809 19.506350000000001188 79.831999999999993634 0.044060212936150450203 80.102800000000002001 19.627700000000000813 78.548450000000002547 0.024672107541319824447 77.219099999999997408 19.492449999999998056 77.137450000000001182 0.086630395697526674237 74.53479999999998995 18.904600000000002069 76.100300000000004275 0.025378160680928168319 71.827349999999995589 18.591100000000000847 74.869150000000004752 0.12294491256197738471 69.185550000000006321 18.36939999999999884 73.699450000000013006 0.043361416009562697704 66.25180000000000291 18.334699999999997999 72.472999999999998977 0.24008103336385144821 63.610050000000001091 18.36489999999999867 71.626300000000000523 0.095901088930034725233 60.877350000000006958 18.360099999999999199 70.941249999999996589 0.20490092863465059203 57.984000000000001762 18.274799999999999045 70.573199999999999932 0.063540836000248748783 55.195750000000003865 18.068750000000001421 70.642449999999996635 0.22110745187636027254 52.389499999999998181 17.862349999999999284 70.95220000000000482 -0.015166242038495380412 49.476749999999995566 17.80379999999999896 71.526849999999996044 0.18266951118390922781 46.367249999999998522 18.064849999999999852 72.067000000000007276 -0.019827100154330905973 43.427849999999999397 18.166949999999999932 72.938899999999989632 0.13215278414984971134 40.965150000000001285 18.249499999999997613 73.855050000000005639 -0.005520262246661144373 37.92739999999999867 18.477750000000000341 74.976349999999996498 0.030649729666107430187 35.235700000000001353 17.934200000000000585 76.462299999999999045 -0.0069878406524125601107 32.505349999999999966 18.33089999999999975 77.514150000000000773 -0.031843477435862840852 29.766249999999999432 18.00285000000000224 78.952599999999989677 0.039595666730452741544 27.118449999999999278 18.019449999999999079 80.154849999999996157 -0.050828899555502779495 24.504249999999998977 17.806649999999997647 81.310400000000001342 -0.003205133040740919953 21.787649999999999295 17.819649999999999324 82.36220000000000141 -0.088088427183373799179 18.971249999999997726 17.951599999999999113 83.228900000000010095 -0.12064328743154109636 16.001200000000000756 18.180900000000001171 83.897600000000011278 -0.062130329059253822099 13.163799999999998391 18.141249999999999432 84.425600000000002865 -0.20644090217361354966 10.076257626653879029 18.057204897301250668 84.871175420699287884 -0.035395347955018557906 7.1022650000000000503 18.44340000000000046 84.950050000000004502 0 
-0.99520202548629344008 0.053180387460219767648 0.082126578265259778111 -0.064466148280149251915 -0.98783239074088968756 -0.14153191699775694024 0.073600571967211980695 -0.14614723463931519887 0.98652113084990744607 -0.99438831703937224926 -0.0048156202370562648657 0.10568199817063196611 -0.043830928635730813381 -0.89043708803450649647 -0.45299077468261772506 0.096284602250487030806 -0.45508087419090814674 0.88522916429312492603 99.770800000000008367 20.576100000000000279 82.521299999999996544 0 96.785193923541129379 20.382701555159552953 82.74210171590162588 -0.091872590221715469405 94.068749999999994316 20.694900000000000517 82.483350000000001501 -0.10083804745693573934 91.246600000000000819 20.417650000000001853 82.329250000000001819 -0.26802565372420039669 88.441499999999990678 20.346899999999997988 81.975650000000001683 -0.15706490021702596005 85.499650000000002592 20.316150000000000375 81.224950000000006867 -0.27759532120202384808 82.698099999999996612 20.689349999999997465 80.183599999999998431 -0.14745440996156861102 80.130500000000012051 20.933849999999999625 79.033749999999997726 -0.25367419424028891939 77.328249999999997044 21.340299999999999159 77.639949999999998909 -0.04886372638658287304 74.888700000000000045 21.692700000000002092 76.176649999999995089 -0.14655017322284857872 72.169700000000005957 21.876699999999999591 74.891649999999998499 -0.0089389914080920673811 69.689850000000006958 22.218849999999999767 73.621999999999999886 -0.098313849463863678402 66.829949999999996635 22.543950000000002376 72.388750000000001705 0.064672342250151892973 64.076750000000004093 22.985849999999999227 71.499600000000000932 -0.078249549598683021401 61.307649999999995316 23.221699999999998454 70.881249999999994316 0.088455239930752493915 58.55689999999999884 23.365549999999998931 70.589249999999992724 -0.11194167387571987704 55.775549999999995521 23.422449999999997772 70.648049999999997794 -0.00094831762573632794044 52.793449999999999989 23.864599999999999369 70.725300000000004275 -0.097294545235321189258 50.038899999999998158 23.425550000000001205 71.477350000000001273 0.0016778465596755665068 46.892200000000002547 23.226449999999999818 72.416899999999998272 -0.097504001581190574699 44.098449999999999704 22.954299999999999926 73.424199999999999022 -0.093727845281978722225 41.589849999999998431 22.880449999999999733 74.376050000000006435 -0.11051186933190827733 38.682500000000004547 22.746000000000002217 75.633749999999992042 -0.061090247771771119534 35.933900000000001285 22.397750000000002046 76.884999999999990905 -0.18260008714869757629 33.249699999999997146 22.037199999999998568 78.110950000000002547 -0.0037844843922239246314 30.539149999999999352 21.991749999999999687 79.126750000000001251 -0.14104315263556002624 27.843049999999998079 21.437350000000002126 80.277950000000004138 -0.0016512372355449167483 25.102199999999999847 21.149100000000000676 81.332149999999998613 -0.18026569638803030537 22.367750000000000909 21.105649999999997135 81.981799999999992679 -0.089183762157690749106 19.381399999999999295 21.003149999999997988 82.579899999999994975 -0.22479271163361544406 16.526450000000000529 20.893250000000001876 83.118499999999997385 -0.16916203443635541293 13.584199999999999164 21.055250000000000909 83.331649999999996226 -0.25653855133608000072 10.464609951118116982 21.213042785907212817 83.519046193248541954 -0.30240657382948571419 7.481445000000000789 21.081550000000000011 83.807900000000003615 0 
-0.9959554843088896936 0.013397735840243880576 0.08884353634001804223 -0.027449718290072228077 -0.98691476341487782697 -0.15888915230295408421 0.085552242757514759819 -0.16068525267774486087 0.98329093524299748807 -0.99405368641220337445 -0.099339127966428464322 0.044598275585257994569 -0.00081515222713546579489 -0.40276759851251014988 -0.91530191582630904268 0.10888803449946042601 -0.90989559799096431103 0.40029163955734753388 99.787299999999987676 20.666949999999999932 82.414150000000006457 0 96.799433547073320483 20.58460084512978483 82.670806728272552277 -0.01544505565378074402 93.983750000000000568 20.384350000000001302 82.743949999999998113 -0.16614973810510116903 91.194400000000001683 20.230100000000000193 82.609350000000006276 -0.07626074344177248554 88.431499999999999773 20.257500000000000284 82.115849999999994679 -0.29310973242254667603 85.451300000000003365 20.434550000000001546 81.272099999999994679 -0.11218952891922173709 82.646249999999994884 20.80980000000000274 80.320799999999991314 -0.29150357611504629229 80.129600000000010596 21.08364999999999867 79.182299999999997908 -0.1145387667533461773 77.514600000000001501 21.717150000000000176 77.690899999999999181 -0.22124577594289829285 75.027900000000002478 22.323999999999998067 76.224750000000000227 -0.12535631710056094335 72.469549999999998136 23.001049999999999329 74.626000000000004775 -0.097904297409399862473 70.032049999999998136 23.218299999999999272 73.488900000000001 -0.056448985572096009589 67.296999999999997044 23.821800000000003195 72.150450000000006412 -0.10124648150083173648 64.533500000000003638 24.518799999999998818 71.054000000000002046 0.029413441506687398874 61.759850000000000136 24.370350000000001955 70.690049999999999386 -0.18217215421605548187 58.946049999999999613 24.531400000000001427 70.44490000000000407 0.0076705022768383257503 56.126699999999999591 24.719549999999998136 70.4007000000000005 -0.20486296360916483872 53.188549999999999329 24.542400000000000659 70.781100000000009231 -0.081520553954233271332 50.395749999999999602 24.210499999999999687 71.373600000000010368 -0.29046060365061282527 47.337749999999999773 24.078949999999998965 72.125650000000007367 -0.033660621100584042775 44.532299999999999329 23.472349999999998715 73.150450000000006412 -0.39895183830953417914 42.060299999999998022 23.131099999999999994 74.046099999999995589 -0.035255219784555369422 39.034099999999995134 22.399000000000000909 75.229150000000004184 -0.42527113902570784498 36.431600000000003092 21.795450000000002433 76.329299999999989268 -0.055829191828985769153 33.554749999999998522 21.413399999999999324 77.238599999999991041 -0.51682242560806979093 30.792200000000001125 20.822449999999999903 78.211799999999996658 -0.026576749453738057749 28.030750000000001165 20.458149999999999835 78.928499999999999659 -0.59436848188521895775 25.240500000000000824 20.005250000000000199 79.697200000000009368 -0.030320276057916650814 22.382449999999998624 20.001100000000000989 80.088899999999995316 -0.69557611926461371255 19.371000000000002217 20.00835000000000008 80.532749999999992951 -0.09157966754770208162 16.472599999999999909 20.081749999999999545 80.851650000000006457 -0.81633992620690798425 13.565599999999999881 20.473700000000000898 80.991699999999994475 -0.14685178756461075844 10.444736059236614523 20.617695456681392585 81.21908589650165311 -0.97079641255351467599 7.4625750000000001805 20.615249999999999631 81.545749999999998181 0 
-0.98903140133781075605 0.07500680143687851742 0.12724333737361259722 -0.095777232019906774485 -0.9814814879390997282 -0.16589397415052731244 0.11244380371710688271 -0.17626136437421435765 0.97789995522781836268 -0.976193049958510084 -0.068983006761204668233 0.20564161541596207017 -0.14274407951400194805 -0.50952172758027025612 -0.84853505342284940571 0.16331337047652602634 -0.8576881448998819879 0.48754465346447672935 99.83449999999999136 20.875250000000001194 82.325599999999994338 0 96.867405795986556427 20.587918303940281106 82.662931411151319594 -0.038221135516203798288 94.071100000000001273 20.47424999999999784 82.603399999999993497 -0.17941863820349299163 91.14350000000000307 20.201499999999999346 82.622700000000008913 -0.17057328499452903414 88.422950000000000159 20.469149999999999068 81.963449999999994589 -0.27008388113398085206 85.463999999999998636 20.244350000000000733 81.348900000000000432 -0.1882070542618950737 82.685349999999999682 20.943350000000002353 80.100250000000002615 -0.2330347154244786223 80.243050000000010868 21.26384999999999792 79.026150000000001228 -0.15072984114947887702 77.548599999999993315 21.821649999999998215 77.514450000000010732 -0.19166043600850588002 75.142899999999997362 22.52844999999999942 75.901299999999991996 -0.15774563988762030364 72.653850000000005593 22.979350000000000165 74.488200000000006185 -0.1050857663625961308 70.276099999999999568 23.633949999999998681 73.066499999999990678 -0.12537451435256249943 67.584900000000004638 23.962650000000000006 71.883499999999997954 -0.070861669674184807333 64.872450000000000614 24.869350000000000733 70.693950000000000955 -0.044025787602586297087 62.092600000000004457 24.932050000000000267 70.175299999999992906 -0.15703544737307584267 59.165649999999999409 25.211649999999998784 69.800449999999997885 -0.015221907660165789888 56.426649999999995089 25.128099999999999881 69.883250000000003865 -0.2515205526418857751 53.506250000000001421 24.997900000000001342 70.14520000000000266 -0.10389044671164290867 50.761399999999994748 24.603149999999999409 70.68760000000000332 -0.26902942071107205368 47.66460000000000008 24.066150000000000375 71.399399999999999977 -0.24990733050146071714 44.838949999999996976 23.266750000000001819 72.356449999999995271 -0.40327540751586077317 42.257699999999999818 22.855699999999998795 73.02394999999999925 -0.22745054013287258066 39.245300000000000296 22.135149999999999437 73.9319500000000005 -0.50039026564279498466 36.466500000000003467 21.534449999999999648 74.670500000000004093 -0.38953577791413263043 33.663799999999994839 20.805399999999998784 75.490049999999996544 -0.47770283075892172597 30.775249999999999773 20.289349999999998886 76.271950000000003911 -0.46557814419452148158 27.98580000000000112 20.034749999999998948 76.752549999999999386 -0.53079786411676499469 25.046250000000000568 19.831350000000000477 77.357050000000000978 -0.43115138942788522325 22.238599999999998147 19.801249999999999574 77.819000000000002615 -0.72111685533560332395 19.250900000000001455 19.927149999999997476 78.197400000000001796 -0.56429161697520369145 16.451850000000000307 19.892200000000002547 78.7555499999999995 -0.82648453198552229715 13.516099999999999781 20.316900000000000404 79.027799999999999159 -0.66495516234628548879 10.548774149875528749 20.619132238542025704 79.334309888570430758 -0.84434973831731929828 7.6201949999999998298 20.190899999999999181 79.824250000000006366 0 
-0.99076136597783626137 0.055125752650506336383 0.12390749404473931639 -0.084648836541509162035 -0.96519881817916641786 -0.24743850924564922411 0.10595513275863881197 -0.25564114062540005401 0.96094803036472464797 -0.93575442793957386289 -0.12605271516499777507 0.32935446496292214436 -0.25393922886467024114 -0.40719358012041223516 -0.87733018661866313259 0.24470087583639182904 -0.90460162574928715262 0.34902346634094610911 99.79224999999999568 20.73259999999999792 82.436599999999998545 0 96.819965902066485341 20.478653490375471335 82.754465398275911525 -0.011293577877467970635 94.082050000000009504 20.44894999999999996 82.879649999999998045 -0.1117479743349002741 91.177050000000008367 20.22874999999999801 82.984750000000005343 -0.1236969364072725841 88.426400000000001 20.259749999999996817 82.774000000000000909 -0.26745378474685077563 85.438850000000002183 20.457399999999999807 82.241749999999996135 -0.20205273134257570322 82.524699999999995725 20.765550000000001063 81.558599999999998431 -0.36806338354845902217 80.01850000000000307 21.354350000000000165 80.570949999999996294 -0.22828217030077030403 77.269550000000009504 21.983299999999999841 79.439899999999994407 -0.31725626447255295126 74.821349999999995362 23.090550000000000352 77.973000000000013188 -0.15433868428473965229 72.370450000000005275 24.185200000000001808 76.505150000000000432 -0.21418681761250063511 70.04214999999999236 25.059199999999997033 75.207799999999991769 -0.098359050618351373529 67.429499999999990223 25.994950000000002888 73.836649999999991678 -0.1986027263931945952 64.867300000000000182 26.889649999999999608 72.78674999999999784 -0.06233043630677867486 62.178650000000004638 27.477299999999999613 72.028300000000001546 -0.19908474010157214962 59.37130000000000507 27.824699999999999989 71.614599999999995816 -0.2106161229407598201 56.642949999999999022 27.922750000000000625 71.415199999999998681 -0.19247067171069329183 53.689999999999997726 28.181149999999998812 71.327299999999993929 -0.31566401452406833705 50.850300000000004275 27.63329999999999842 71.648250000000004434 -0.30420003897219805022 47.750700000000001921 27.194949999999998624 72.057299999999997908 -0.46196111838022435592 44.768799999999998818 26.624150000000000205 72.391400000000004411 -0.35484107139671694497 42.198599999999999 25.988450000000000273 72.822850000000002524 -0.60632275205121266559 39.040099999999995362 25.245750000000001023 73.287199999999998568 -0.46785225912603245479 36.287999999999996703 24.512050000000002115 73.742950000000007549 -0.70410887819905965124 33.342849999999998545 23.924500000000001876 74.029499999999998749 -0.49251266550182126736 30.497999999999997556 23.066050000000000608 74.559449999999998226 -0.86150078814693109575 27.676800000000000068 22.512050000000002115 74.888599999999996726 -0.54081326986196343043 24.792200000000001125 22.146999999999998465 75.257649999999998158 -0.93416068690524634022 22.021100000000000563 21.759199999999999875 75.608499999999992269 -0.6648758343183838182 18.987449999999999051 21.648499999999998522 76.010400000000004184 -0.98596135152608621599 16.129650000000001597 21.292349999999999 76.552999999999997272 -0.79721667825347097835 13.241899999999999338 21.155749999999997613 77.029899999999997817 -1.049003471849044633 10.198458283818730763 21.277767686593989538 77.365947372490836642 -0.87813497589824307532 7.3911949999999997374 20.515950000000000131 78.100049999999995975 0 
-0.98569399257480161403 -0.021113710557239536575 0.167217117031875806 -0.017882184619345240645 -0.97342204373124263661 -0.22831940839825792811 0.1675934977115358937 -0.22804327660467421657 0.95911870147558775379 -0.89267181901642767006 -0.17134057178829098511 0.41686860279129184237 -0.39898198682902147327 -0.12980961899172019369 -0.90772398723576286361 0.20964350149687130398 -0.97662268623890013952 0.047515586954655804341 99.785300000000006548 20.486950000000000216 82.599950000000006867 0 96.828218022275606813 20.433303446141962922 83.102730493134615131 -0.014551381777793003999 94.188199999999994816 20.177550000000000097 83.773699999999990951 -0.15916349499126486444 91.400300000000001432 20.139400000000001967 84.407049999999998136 -0.14311316395943804447 88.630799999999993588 19.641500000000000625 85.204499999999995907 -0.25331855846096779095 85.686949999999995953 19.647800000000000153 85.639549999999999841 -0.26014116300357420508 82.72065000000000623 19.639850000000002694 85.996749999999991587 -0.41648757929840624081 79.889899999999997249 19.793100000000002581 86.153899999999993042 -0.34605560328837881023 76.79050000000000864 20.242899999999998784 86.119249999999993861 -0.51999929859540605648 73.975949999999997431 21.404749999999999943 85.729250000000007503 -0.43695180120219256903 71.240650000000002251 22.472300000000000608 85.223299999999994725 -0.53628282355123113589 68.783950000000004366 23.614150000000002194 84.877100000000012869 -0.38925110560346570798 66.153899999999993042 25.232450000000000045 84.219099999999997408 -0.51457368451463647574 63.700900000000004297 26.870100000000000762 83.405850000000000932 -0.36375058658084563623 61.200949999999998852 27.942250000000001364 82.985700000000008458 -0.54650720235480032549 58.60210000000000008 29.070900000000001739 82.509799999999998477 -0.34625704252410549611 56.094700000000003115 29.899349999999998317 82.132750000000001478 -0.57234572667529737267 53.180399999999998784 30.656950000000001921 81.793700000000001182 -0.45148282758233565515 50.423299999999997567 31.104800000000000892 81.621049999999996771 -0.70367867251000060236 47.249449999999995953 31.200949999999998852 81.399399999999999977 -0.62811065910871444196 44.226600000000004798 31.262000000000000455 81.108049999999991542 -0.76348964104852190538 41.578699999999997772 31.177099999999999369 80.838499999999996248 -0.74216737140507516024 38.451799999999998647 30.415250000000000341 80.726449999999999818 -0.83490473741793924667 35.550849999999996953 30.096399999999999153 80.316249999999996589 -0.8809786041030378545 32.571600000000003661 29.626500000000000057 79.688649999999995543 -0.92221263023898458755 29.775249999999999773 28.722099999999997522 79.300550000000001205 -0.98773432164071395256 27.109449999999998937 27.855699999999998795 78.799450000000007321 -1.0296209104480995578 24.380949999999998568 27.043800000000000949 78.185100000000005593 -1.0716863354002668096 21.702349999999999142 26.335200000000000387 77.63604999999999734 -1.1172484534164510706 18.77295000000000158 25.243349999999999511 77.330250000000006594 -1.2027914557616177227 15.969849999999999213 24.521699999999999164 77.146299999999996544 -1.2069709769115348763 13.331300000000000594 23.286149999999999238 77.408500000000003638 -1.3091801599143120249 10.104640457049285374 23.779895960487060336 76.838669495509392959 -1.3189765799420625214 7.4266249999999995879 22.582950000000000301 77.467600000000004457 0 
-0.98520441424415472476 -0.1394549301952088538 0.099622209361574315389 0.11572470923407990329 -0.97006729341211339612 -0.21348826179625038368 0.12641223764540987506 -0.1988008266993528117 0.97185296083159322666 -0.97998082703924116466 -0.061893505463750581042 0.18922677563413867197 -0.19783413474660901943 0.19606455977108555588 -0.9604271672182280728 0.022343539660146492093 -0.97863572506994611633 -0.20438415753740882264 99.813150000000007367 20.53954999999999842 82.629250000000013188 0 96.857536757267538974 20.886724127702237297 83.008486712936246477 0.043870808288187533586 94.15444999999999709 20.183099999999999596 83.915949999999995157 -0.15855507875223648351 91.505899999999996908 19.854300000000002058 84.904049999999998022 -0.13046907776959290604 88.8805499999999995 19.358600000000002694 85.958699999999993224 -0.21307832009820573682 86.023249999999990223 18.96869999999999834 86.945549999999997226 -0.29999129310595751274 83.175499999999999545 18.929650000000002308 87.745199999999996976 -0.30092742281924045322 80.381750000000010914 18.771299999999996544 88.348999999999989541 -0.41747022735342143029 77.240650000000002251 18.616150000000001086 89.123349999999987858 -0.39503603177400703483 74.353650000000001796 19.117750000000000909 89.371399999999994179 -0.65130052045212039058 71.387000000000000455 19.853099999999997749 89.533199999999993679 -0.42414586662918352111 68.684249999999991587 20.814050000000001717 89.54769999999999186 -0.67968629177962869292 65.81255000000000166 21.618650000000002365 89.759150000000005321 -0.55487750544515357376 63.073149999999998272 22.952249999999999375 89.640150000000005548 -0.7225506374799596232 60.496400000000001285 23.90905000000000058 89.637000000000000455 -0.68163324641883626942 57.824200000000004707 24.971699999999998454 89.581199999999995498 -0.8044604400625506857 55.245850000000004343 25.705300000000001148 89.556299999999993133 -0.78546719756050575878 52.483499999999999375 26.823149999999998272 89.308499999999995111 -0.90113114187723730719 49.671549999999996317 27.44485000000000241 89.061900000000008504 -0.86434699071189402542 46.518900000000002137 27.835250000000002046 88.731249999999988631 -1.0377265677158504786 43.500349999999997408 28.267649999999999721 88.120400000000003615 -1.0304350372664650148 40.936199999999999477 27.963450000000001694 87.743499999999997385 -1.0914757471775229369 37.884250000000001535 28.003199999999999648 86.783400000000000318 -1.1719938307174890824 35.190950000000000841 27.476549999999999585 86.14329999999999643 -1.1921954987706027129 32.308050000000001489 27.534700000000000841 84.811250000000001137 -1.2855446378523762707 29.725250000000002615 27.205500000000000682 83.770199999999988449 -1.269488641761490566 27.151949999999999363 26.621649999999998926 82.591000000000008185 -1.3454800188934743499 24.326450000000001239 25.881750000000000256 81.378199999999992542 -1.410081561934919181 21.723750000000002558 25.687100000000000932 80.162849999999991724 -1.5203076224746974177 18.91185000000000116 25.491149999999997533 79.123899999999991905 -1.4232859102439512355 16.041000000000000369 25.188949999999998397 78.317750000000003752 -1.6224830991482883658 13.148150000000001114 24.942599999999998772 77.74465000000000714 -1.6077290855293842053 10.320482481117723594 24.648502404239827968 77.418119381019565139 -1.6677999309291606789 7.3805399999999998784 24.054999999999999716 77.485150000000004411 0 
-0.98852766184755203049 -0.08677837495267391732 0.12362271394361534771 0.059988532571127572979 -0.97672512933668509394 -0.20593542114507307206 0.13861615245769368099 -0.19615691515419225732 0.97072551574325915968 -0.99228410398208211074 -0.026926046314370680884 0.12102580309319556362 -0.12368658745058608295 0.1473042835294100239 -0.98132720136492501695 0.0085956424602891441655 -0.98872465129770248371 -0.1494980897768641015 99.752250000000003638 20.667300000000000892 82.558050000000008595 0 96.786667014457350433 20.847265597713384722 82.973898457373095994 -0.079660670491086854605 94.177700000000001523 20.335549999999997794 83.746749999999991587 -0.08819643671143369279 91.504050000000006548 19.945949999999999847 84.597099999999997522 -0.28092683209243785036 88.850999999999999091 19.468499999999998806 85.638849999999990814 -0.1764582261298419108 85.999200000000001864 18.803750000000000853 86.75174999999998704 -0.3730085021103402565 83.124700000000004252 18.715400000000002478 87.519100000000008777 -0.27953788865983142387 80.301900000000003388 18.454950000000000188 88.207300000000003593 -0.47845877223960242564 77.261849999999995475 18.284250000000000114 88.959050000000004843 -0.4318037391266478231 74.340699999999998226 18.485700000000001353 89.396000000000000796 -0.6583994963868098349 71.40075000000000216 19.144399999999997419 89.738249999999993634 -0.47026875467909196038 68.623350000000002069 19.80835000000000079 90.017200000000002547 -0.79559626214676026912 65.736400000000003274 20.793599999999997863 90.247799999999998022 -0.5993001047391728342 63.004100000000001103 22.126300000000000523 90.240499999999997272 -0.89170510823432969083 60.412649999999999295 22.962800000000001432 90.496800000000007458 -0.7793878941902070423 57.79690000000000083 24.221949999999999648 90.484149999999999636 -0.92552578159521248224 55.155250000000002331 24.873750000000001137 90.561599999999998545 -0.9294466441828126424 52.278099999999994907 25.939399999999999125 90.429299999999997794 -1.0442009869695101365 49.529049999999998022 26.08089999999999975 90.375699999999994816 -1.0654947482026559946 46.413949999999999818 26.905400000000000205 89.769149999999996226 -1.1719887279501821631 43.49439999999999884 26.832000000000000739 89.368449999999995725 -1.1743735906885492959 40.745049999999999102 27.034549999999999415 88.646199999999993224 -1.3043427814277199772 37.916449999999997544 26.963050000000002626 87.656999999999996476 -1.295426293954200947 35.057299999999997908 26.047200000000000131 87.020099999999999341 -1.6289251011541283631 32.430700000000001637 25.844300000000000495 85.943150000000002819 -1.3567763921887676659 29.856200000000001182 26.647449999999999193 84.310100000000005593 -1.5905377582841770945 27.250250000000001194 26.660849999999999937 83.078499999999991132 -1.4000530880563504255 24.43469999999999942 27.492200000000000415 81.396050000000002456 -1.7172072239251683357 21.808450000000000557 27.138199999999997658 80.504950000000008004 -1.4470648706932243144 18.838549999999997908 27.320350000000001245 79.549149999999997362 -1.8685169389346985014 15.838750000000000995 27.346849999999999881 78.851699999999993906 -1.5628041953989630919 12.955799999999999983 26.902549999999997965 78.563299999999998136 -2.0759245557379579772 10.117892311946244277 26.836559762351779312 78.198863072619147374 -1.5976094577857544721 7.1410400000000002763 26.465499999999998693 78.224649999999996908 0 
-0.99176545378294578281 -0.019435821969846254348 0.12658409658035318923 -0.0074677187405048379293 -0.97795868898123639035 -0.20866488881197522987 0.12784959076790372579 -0.2078919225714594976 0.96976050170648930848 -0.97897249158676136194 -0.12437535154453080444 0.16168992746792798521 -0.20363021477281378901 0.54862044310165258842 -0.81089478050023477973 0.012148923737813099519 -0.82676863833790947833 -0.56241090166611462653 99.841450000000008913 20.58814999999999884 82.631799999999998363 0 96.866153638651169899 20.565746843778484276 83.015348772303710234 -0.06378738033530767515 94.14530000000000598 20.253549999999997056 83.761799999999993815 -0.14429239330964030441 91.458550000000002456 19.868300000000001404 84.412300000000001887 -0.21673211963815447456 88.799250000000000682 19.255250000000000199 85.415350000000003661 -0.18427540010109738633 85.891899999999992588 18.805450000000000443 86.354549999999989041 -0.36206074181279102042 83.061199999999999477 18.202799999999999869 87.343899999999990769 -0.32743781535827931606 80.294800000000009277 18.069900000000000517 88.016000000000005343 -0.52650791496361215582 77.234700000000003683 17.953649999999999665 88.739399999999989177 -0.4857363308068377572 74.36965000000000714 18.387199999999999989 89.166049999999998477 -0.63101465036747406145 71.369949999999988677 18.565000000000001279 89.732100000000002638 -0.68388922107878258316 68.646199999999993224 19.168250000000000455 90.157849999999996271 -0.76150558912198151873 65.662800000000004275 20.394400000000000972 90.431250000000005684 -0.76525219747645067958 62.936849999999999739 21.369900000000001228 90.866199999999992087 -0.90218286371896871945 60.476349999999996498 22.315200000000000813 91.14715000000001055 -0.9653381371051268367 57.844250000000002387 23.555099999999999483 91.289850000000001273 -0.97128336847906915352 55.220500000000001251 24.009199999999999875 91.64154999999999518 -1.1112526271283771351 52.390000000000000568 24.830300000000001148 91.607450000000000045 -1.1212418289092427326 49.655850000000000932 25.424500000000001876 91.522199999999997999 -1.2158360425462850785 46.422800000000002285 25.881999999999997897 91.054349999999999454 -1.3138049419194701706 43.457999999999998408 26.231100000000001415 90.379199999999997317 -1.3701641928047882946 40.830449999999999022 27.230750000000000455 89.305749999999989086 -1.432994349166720971 37.981299999999997397 26.917450000000002319 88.61965000000000714 -1.5565943135582418488 35.417900000000003047 27.262450000000001182 87.471450000000004366 -1.5565517133434529917 32.79690000000000083 27.490249999999999631 86.371700000000004138 -1.5900937435713298207 30.099949999999999761 27.807449999999999335 85.221249999999997726 -1.6848288989323914056 27.515250000000001762 28.105100000000000193 84.045349999999999113 -1.7091352789914915355 24.552299999999998903 28.783850000000001046 82.778549999999995634 -1.7727083297572423515 21.797499999999999432 28.695250000000001478 82.092299999999994498 -1.838204472458069505 18.894349999999999312 28.876049999999999329 81.401600000000001955 -2.0042699403361767807 15.781800000000000495 28.682400000000001228 80.953249999999997044 -1.9568990278556450679 12.883050000000000779 28.382150000000002876 80.734049999999996317 -2.1337172258131817948 10.144757474760281113 28.108790644318453644 80.568953228786583054 -2.0683530707281869709 7.2078400000000000247 27.497900000000001342 80.605400000000003047 0 
-0.97011938451593671129 0.091664459792222249823 0.22464640348205050513 -0.14060765346058828884 -0.9669595310618745998 -0.21264701520808296231 0.19773180719026284269 -0.23787999516478811057 0.95095490972268137408 -0.98639697005140369868 -0.075023883420693437962 0.14626152737438588569 -0.16000726120919164797 0.64209616061683949528 -0.74974008621751520032 -0.037665552348844472119 -0.76294425578648417119 -0.64536607342551288724 99.811000000000007049 20.721350000000001046 82.532550000000000523 0 96.900641846452202799 20.299527039618237012 83.125745421570783833 -0.072258680207268138895 94.139250000000004093 20.349399999999999267 83.533700000000010277 -0.24818058726057504182 91.415700000000001069 19.863250000000000739 84.270450000000010959 -0.15346581766072309172 88.747649999999993042 19.077899999999999636 85.281299999999987449 -0.37113055546808876306 85.91714999999999236 18.660699999999998511 86.14154999999999518 -0.33406620375303192061 83.016850000000005139 18.052799999999997738 87.056250000000005684 -0.38628142879515575681 80.26290000000000191 17.707799999999998875 87.838049999999995521 -0.63694964318299573947 77.2242999999999995 17.379249999999998977 88.594099999999997408 -0.472768707977270497 74.261400000000008959 17.92885000000000062 89.095900000000000318 -0.8203130284257034166 71.39160000000001105 18.143900000000002137 89.674049999999994043 -0.59434299715505223283 68.620049999999991996 18.886800000000000921 90.19485000000000241 -0.96253221251329224017 65.759799999999998477 20.034749999999998948 90.72964999999999236 -0.75942247991918931938 63.093150000000001398 20.813749999999998863 91.268749999999997158 -1.1188438325519176608 60.686300000000002797 21.925850000000000506 91.720599999999990359 -0.93429816195108772447 57.94024999999999892 22.884850000000000136 92.034050000000007685 -1.2125438046225269773 55.313349999999999795 23.671599999999997976 92.385350000000002524 -1.1059765269333996507 52.437849999999997408 23.969299999999996942 92.792749999999998067 -1.3368866456452765945 49.432400000000001228 24.18019999999999925 92.991600000000005366 -1.415296643114779318 46.448650000000000659 25.020299999999998875 92.470050000000000523 -1.5355720359139328757 43.821849999999997749 26.564550000000000551 91.386499999999998067 -1.4590238582327352823 41.05145000000000266 26.876249999999998863 90.64535000000000764 -1.6178894043548393 38.263800000000003365 27.712600000000001899 89.596199999999996066 -1.6659555864515627199 35.810900000000003729 28.08510000000000062 88.695350000000004798 -1.7151693862163885917 33.113349999999996953 28.849849999999999994 87.521749999999997272 -1.8268283680949410908 30.395250000000000767 29.356400000000000716 86.391400000000004411 -1.8261466980306226837 27.684350000000002012 29.976599999999997692 85.519599999999996953 -1.951714367421452323 24.796199999999998909 30.385300000000000864 84.662649999999999295 -2.0495509886241385367 21.954950000000000188 30.589249999999999829 84.033649999999994407 -1.9795424505566416862 19.016600000000000392 30.502099999999998658 83.552549999999996544 -2.28811343876307971 15.959049999999999514 30.308849999999999625 83.156900000000007367 -2.1312767806246846192 12.97844999999999871 30.277050000000002683 82.737449999999995498 -2.4191681598739434023 10.300765910154215277 29.905871783627564042 82.408596657046530254 -2.1925816677253768816 7.3415750000000006281 29.425850000000000506 82.295600000000007412 0 
-0.9971402673128240135 0.051552920975170411777 0.055259240333518963584 -0.058097563208225309894 -0.99054919838158117518 -0.12424555820983390619 0.048331774771634847254 -0.127100676333899959 0.99071159154563703808 -0.99194345847653120352 -0.12340710902734139398 -0.028615740897828860489 0.12588877216878419096 -0.93502994429697483536 -0.33146797780454106963 0.014148930258283324082 -0.33239989276398645979 0.94303240615741068531 94.444150000000007594 21.531399999999997874 82.621250000000003411 0 91.452729198061533111 21.357107310375322839 82.766245324314908771 -0.059213623070917549562 88.550299999999992906 21.300599999999999312 82.376350000000002183 0.046425936184745837665 85.770849999999995816 21.082650000000001 81.611299999999999955 -0.13364584735194950937 83.186700000000001864 21.227850000000000108 80.522899999999992815 -0.0065666639824294159578 80.52760000000000673 21.38919999999999888 79.042200000000008231 -0.14433620485746645468 78.067800000000005411 21.215099999999999625 77.534149999999996794 0.017742145872674308649 75.812100000000000932 21.225450000000002149 75.821849999999997749 -0.13766479068844209022 73.556700000000006412 21.677300000000002456 73.573800000000005639 0.069254094480592692795 71.376949999999993679 21.774149999999998784 71.540099999999995362 -0.11637471383683783976 69.177949999999995612 21.782900000000001484 69.334450000000003911 0.11795608890618444753 67.064850000000006958 22.003099999999999881 67.407899999999997931 -0.074603299413196239032 64.644949999999994361 22.143900000000002137 65.548149999999992588 0.15268666082152568264 62.230100000000000193 22.362700000000000244 64.031399999999990769 0.0058485460220979446078 59.662949999999995043 22.650150000000000006 62.703549999999999898 0.13523326449802355875 56.903999999999996362 22.654299999999999216 62.046949999999995384 0.0079957071362037890339 54.202550000000002228 22.440449999999998454 61.834999999999993747 0.039032315705573555897 51.174099999999995703 22.497399999999998954 61.98154999999999859 0.01299053520794322264 48.433349999999997237 22.267549999999999955 62.592150000000003729 0.0038602500200316074153 45.446849999999997749 22.38329999999999842 63.608850000000003888 0.051699769454791932866 42.783149999999999125 22.232100000000002638 64.944449999999989132 0.012779691636294422674 40.48699999999999477 22.319450000000003342 66.340350000000000819 0.014240852026371115385 38.01845000000000141 21.969599999999999795 68.48720000000000141 -0.025453026883528299257 35.934899999999998954 21.582000000000000739 70.464599999999990132 0.016329650166113793969 33.750299999999995748 21.163000000000000256 72.716250000000002274 -0.060788204577720592048 31.658900000000002706 20.996949999999998226 74.80504999999999427 0.072770499669888619176 29.668050000000000921 20.521899999999998698 76.966499999999996362 -0.085464346373766611475 27.512149999999998329 20.568399999999996908 78.641199999999997772 0.10023475260466634118 25.256149999999998101 20.251950000000000784 80.424849999999992178 -0.0803825367671948815 22.775800000000000267 19.987450000000002603 82.197750000000013415 0.031576101478611798279 20.10069999999999979 19.896999999999998465 83.456299999999998818 -0.12370842307057529352 17.223700000000000898 20.013500000000000512 84.304699999999996862 0.0023789561971932632334 14.287230375429595952 19.819783683493657378 85.063453209225116325 -0.19887719339433412857 11.311400000000000787 20.197449999999999903 85.105899999999991223 0 
