34
-0.98072555145719741976 -0.16969850595234664548 -0.096849418152704508378 0.1705000187630776598 -0.98535767292988085675 0 -0.095431317295561882141 -0.016512827612229271507 0.99529904561567961174 0 0 0 0 0 0 0 0 0 95.837400000000002365 22.360399999999998499 75.460700000000002774 -0 92.895223345628409106 22.871900056289231173 75.17440604811331184 -0.0020861746443009560048 90.464200000000005275 22.634599999999998943 75.021600000000006503 -0.0041723492882925154041 87.293899999999993611 23.021799999999998931 74.1507000000000005 -0.003737249695171513883 83.98340000000000316 22.887499999999999289 73.098699999999993793 -0.005823424339317771585 81.542699999999996407 22.839700000000000557 72.05509999999999593 -0.007909598983464029287 78.905400000000000205 23.055800000000001404 70.48350000000000648 -0.0099957736276102861217 76.291499999999999204 23.096199999999999619 69.256600000000005934 -0.012081948271756546426 73.971999999999994202 23.00560000000000116 67.972999999999998977 -0.01416812291590280326 71.391400000000004411 23.525800000000000267 66.252099999999998658 -0.016254297560049060095 68.681799999999995521 23.490899999999999892 64.737899999999996226 -0.01834047220419531693 66.272300000000001319 23.544599999999999085 63.280900000000002592 -0.020426646848341577234 63.740900000000003445 23.599599999999998801 61.757399999999996965 -0.022512821492487834069 61.360900000000000887 23.267600000000001614 60.774200000000000443 -0.024598996136634090903 58.425600000000002865 23.551999999999999602 59.460799999999998988 -0.026685170780780351207 55.338099999999997181 23.08539999999999992 58.622700000000001808 -0.028771345424926604573 52.679099999999998261 22.605399999999999494 58.226799999999997226 -0.030857520069072864877 49.81799999999999784 22.004100000000001103 58.101300000000001944 -0.032943694713219118242 46.841999999999998749 21.612700000000000244 58.032099999999999795 -0.035029869357365378546 44.034199999999998454 21.32219999999999871 58.339599999999997237 -0.03711604400151163885 41.317199999999999704 20.69579999999999842 58.984099999999997976 -0.039202218645657885276 38.411599999999999966 20.027699999999999392 60.033400000000000318 -0.041288393289804145581 35.785699999999998511 19.506000000000000227 61.236100000000000421 -0.043374567933950405885 33.062300000000000466 19.113800000000001234 62.605299999999999727 -0.045460742578096666189 30.788000000000000256 18.625099999999999767 64.023700000000005161 -0.047546917222242926493 28.031400000000001427 18.293700000000001182 65.343900000000004979 -0.049633091866389186797 25.397500000000000853 17.179700000000000415 67.016300000000001091 -0.051719266510535433223 22.963400000000000034 17.383199999999998653 68.051100000000005252 -0.053805441154681693527 20.485399999999998499 16.600200000000000955 69.688299999999998136 -0.055891615798827953832 17.752700000000000813 16.13200000000000145 70.945899999999994634 -0.057977790442974214136 14.902900000000000702 15.474099999999999966 72.191000000000002501 -0.060063965087120460562 12.199299999999999145 15.188399999999999679 73.085700000000002774 -0.062150139731266720866 10.018914299042300797 14.631595650921941143 73.797204065164663689 -0.067559490637499733379 7.478110000000000035 13.44009999999999927 74.857699999999994134 -0.066757588612680246465 
-0.98610655363522115024 -0.14519125868693599779 -0.080705410466520799417 0.14566642284488437453 -0.98933376231460701256 0 -0.079844587375987680078 -0.011756068446886173626 0.99673799803229656824 0 0 0 0 0 0 0 0 0 95.885300000000000864 22.318500000000000227 75.483000000000004093 -0 92.926980339094342298 22.755499268534652657 75.243466237872041802 -0.016516824129286504508 90.489099999999993429 22.403800000000000381 75.271100000000004115 -0.033033648258596087777 87.370999999999995111 22.824600000000000222 74.501199999999997203 -0.046946076953110572882 84.121999999999999886 23.024200000000000443 73.675700000000006185 -0.06346290108240862371 81.583799999999996544 23.207899999999998641 72.676000000000001933 -0.07997972521170665372 78.859499999999997044 24.021999999999998465 71.183499999999995111 -0.096496549341004711486 76.255099999999998772 24.704599999999999227 69.817199999999999704 -0.1130133734703027415 73.928600000000002979 24.861200000000000188 68.751499999999992951 -0.12953019759960079926 71.233999999999994657 25.506599999999998829 67.331400000000002137 -0.14604702172889885703 68.404099999999999682 25.716100000000000847 66.039799999999999613 -0.16256384585819688704 66.139799999999993929 26.458600000000000563 64.479500000000001592 -0.17908066998749491705 63.320599999999998886 26.765699999999998937 63.230699999999998795 -0.19559749411679297482 60.921199999999998909 26.665500000000001535 62.416899999999998272 -0.21211431824609103258 57.968099999999999739 26.976800000000000779 61.536400000000000432 -0.22863114237538906259 55.006700000000002149 26.974599999999998801 60.592399999999997817 -0.2451479665046870926 52.249600000000000932 27.108799999999998676 59.939900000000001512 -0.26166479063398512261 49.300300000000000011 26.691199999999998482 59.881599999999998829 -0.27818161476328318038 46.230899999999998329 25.719500000000000028 60.229900000000000659 -0.29469843889258123815 43.501699999999999591 25.467199999999998283 60.322299999999998477 -0.3112152630218792404 40.892299999999998761 25.199400000000000688 60.741500000000002046 -0.32773208715117729817 38.022700000000000387 24.371999999999999886 61.628700000000002035 -0.34424891128047535593 35.381100000000003547 23.120300000000000296 62.842199999999998283 -0.36076573540977335819 32.910600000000002296 22.046600000000001529 64.128299999999995862 -0.37728255953907141595 30.621099999999998431 20.607299999999998619 65.764499999999998181 -0.39379938366836947372 27.933900000000001285 19.917600000000000193 66.740300000000004843 -0.41031620779766753149 25.389099999999999113 19.074799999999999756 67.805999999999997385 -0.42683303192696558925 23.110399999999998499 17.635300000000000864 69.242199999999996862 -0.44334985605626359151 20.4375 16.868300000000001404 70.31260000000000332 -0.45986668018556164927 17.867200000000000415 15.913100000000000023 71.440500000000000114 -0.47638350431485970704 15.087600000000000122 14.620100000000000762 72.349699999999998568 -0.4929003284441577093 12.298999999999999488 14.056200000000000472 72.871499999999997499 -0.50941715257345587808 9.8737074736148322529 13.281320375816573431 73.286734701950877025 -0.52885398401680816516 7.5657399999999999096 11.566399999999999793 74.142499999999998295 -0.52853837213753740443 
-0.98533070917462528548 -0.1129670475319841938 -0.1279134071524026528 0.11390271966828058314 -0.99349190759269356832 3.4694469519536149592e-18 -0.12708093487852137327 -0.014569684956694752345 0.99178533981434913169 0 0 0 0 0 0 0 0 0 95.856899999999995998 22.130400000000001626 75.708899999999999864 -0 92.900907872476125249 22.472108159004843486 75.327657195364437825 -0.031494296896948277553 90.495199999999996976 22.548500000000000654 75.305300000000002569 -0.062988593793872851845 87.306100000000000705 22.824400000000000688 74.799800000000004729 -0.09416221209462340147 84.040800000000004388 23.617399999999999949 73.752200000000001978 -0.12565650899155983433 81.410799999999994725 24.262699999999998823 72.846800000000001774 -0.15715080588849622556 78.638499999999993406 24.496099999999998431 72.112899999999996226 -0.1886451027854326723 75.877600000000001046 25.40759999999999863 70.981899999999995998 -0.22013939968236911904 73.603800000000006776 25.95589999999999975 69.992300000000000182 -0.25163369657930551027 70.952299999999993929 26.643899999999998585 68.862799999999992906 -0.283127993476241957 68.120900000000006003 27.668199999999998795 67.523399999999995202 -0.31462229037317834823 65.63230000000000075 28.113700000000001467 66.644000000000005457 -0.34611658727011479497 63.069200000000002149 28.949699999999999989 65.523700000000005161 -0.37761088416705124171 60.38779999999999859 29.292400000000000659 64.576099999999996726 -0.40910518106398763294 57.376899999999999125 29.386199999999998766 64.142600000000001614 -0.44059947796092407968 54.392499999999998295 29.834099999999999397 63.307099999999998374 -0.47209377485786047091 51.595999999999996533 29.49170000000000158 63.076099999999996726 -0.50358807175479691765 48.671599999999997976 29.60940000000000083 62.944099999999998829 -0.53508236865173330887 45.636699999999997601 28.799900000000000944 63.24719999999999942 -0.56657666554866981112 42.892499999999998295 28.602199999999999847 63.239699999999999136 -0.59807096244560620235 40.361899999999998556 27.206299999999998818 63.895899999999997476 -0.62956525934254259358 37.536999999999999034 26.451799999999998647 64.605599999999995475 -0.66105955623947909583 34.928499999999999659 24.738800000000001234 65.710400000000007026 -0.69255385313641548706 32.801400000000001 23.254799999999999471 66.611699999999999022 -0.72404815003335187829 30.363900000000001 21.599000000000000199 67.92100000000000648 -0.75554244693028838054 27.871500000000001052 20.356700000000000017 68.492400000000003502 -0.78703674382722477176 25.289000000000001478 19.243300000000001404 69.235500000000001819 -0.81853104072416116299 23.034099999999998687 17.816199999999998482 70.097700000000003229 -0.85002533762109755422 20.504000000000001336 16.292799999999999727 70.963800000000006207 -0.88151963451803405647 17.774399999999999977 14.775000000000000355 71.648499999999998522 -0.9130139314149704477 14.985400000000000276 13.39760000000000062 72.070199999999999818 -0.94450822831190683893 12.281499999999999417 12.457900000000000418 72.22419999999999618 -0.97600252520884334118 10.150024589751646786 11.988429444834203252 72.255174123645929285 -1.0094303418425238927 7.3100600000000000023 11.051099999999999923 72.01850000000000307 -1.0078175007019656295 
-0.99963145919930151972 0.00051679662462678283615 0.027141825663061166368 -0.00051698708639797384679 -0.99999986636216731117 -1.6940658945086006781e-21 0.027141822035886411374 -1.4031973369067749012e-05 0.99963159278790114648 0 0 0 0 0 0 0 0 0 95.950199999999995271 22.474599999999998801 75.390799999999998704 -0 92.951305622402088602 22.473049038740803951 75.472225466107659031 -0.045768688102916829652 90.549800000000004729 22.644100000000001671 75.307900000000003615 -0.091537376205860138123 87.42090000000000316 23.170000000000001705 74.897000000000005571 -0.13705588911632993199 84.116799999999997794 24.451299999999999812 73.985600000000005139 -0.18282457721925998717 81.54590000000000316 24.554899999999999949 73.629199999999997317 -0.22859326532219004235 78.790000000000006253 25.297100000000000364 72.97060000000000457 -0.27436195342512015305 76.029499999999998749 26.50700000000000145 71.911500000000003752 -0.32013064152805020823 73.644599999999996953 27.093599999999998573 71.275599999999997181 -0.36589932963098026342 70.936499999999995225 28.294000000000000483 70.335099999999997067 -0.4116680177339103186 68.090299999999999159 28.999800000000000466 69.683400000000006003 -0.45743670583684037378 65.600499999999996703 29.740500000000000824 68.888300000000000978 -0.50320539393977048448 62.866399999999998727 31.177199999999999136 67.802899999999993952 -0.54897408204270059517 60.33639999999999759 31.705400000000000915 67.313199999999994816 -0.59474277014563059485 57.523400000000002308 32.213900000000002422 66.959400000000002251 -0.64051145824856070554 54.259099999999996555 32.838400000000000034 66.403199999999998226 -0.68628014635149070521 51.489300000000000068 32.976599999999997692 66.204400000000006798 -0.73204883445442081591 48.572400000000001796 32.77669999999999817 66.20399999999999352 -0.7778175225573509266 45.550800000000002399 31.719699999999999562 66.761600000000001387 -0.82358621066028092628 42.885899999999999466 31.092800000000000438 66.944400000000001683 -0.86935489876321103697 40.168100000000002581 30.500299999999999301 66.985799999999997567 -0.91512358686614103664 37.487400000000000944 29.119199999999999307 67.618999999999999773 -0.96089227496907114734 34.998699999999999477 27.609700000000000131 68.203699999999997772 -1.0066609630720013691 32.697299999999998477 25.971599999999998687 68.686899999999994293 -1.0524296511749313687 30.387699999999998823 23.781099999999998573 69.621099999999998431 -1.0981983392778613684 27.939599999999998658 22.457000000000000739 69.922700000000006071 -1.1439670273807913681 25.374600000000000932 20.90490000000000137 70.304299999999997794 -1.1897357154837213677 23.307900000000000063 18.989499999999999602 70.8492999999999995 -1.2355044035866513674 20.820199999999999818 17.590299999999999159 71.143100000000004002 -1.2812730916895818112 17.856999999999999318 15.602000000000000313 71.446899999999999409 -1.3270417797925118109 15.160099999999999909 14.545999999999999375 71.066100000000005821 -1.3728104678954418105 12.338300000000000267 13.519099999999999895 71.032700000000005502 -1.4185791559983718102 10.22823123314161009 12.631462606014791206 70.897084515663109983 -1.4633189282427601086 7.4467299999999996274 11.76130000000000031 70.18569999999999709 -1.46459801929376221 
-0.99917040736984630289 -0.017091065132212628769 0.036964747111562071269 0.017102753663773978543 -0.99985373721215664577 1.084202172485504434e-19 0.036959340544597610312 0.00063219896409274698151 0.99931657019734154712 0 0 0 0 0 0 0 0 0 95.902900000000002478 22.524100000000000676 75.424099999999995703 -0 92.905388777890465235 22.575408260991324028 75.53497802163379049 -0.060523417680722738088 90.374499999999997613 22.454299999999999926 75.599100000000007071 -0.12104683536143626132 87.203699999999997772 23.169799999999998619 75.256900000000001683 -0.18106282274239418606 84.030699999999995953 24.199100000000001387 74.669899999999998386 -0.24158624042311230284 81.367000000000004434 24.542300000000000892 74.419700000000005957 -0.30210965810383039187 78.500200000000006639 25.468199999999999505 74.132900000000006457 -0.36263307578454861968 75.887200000000007094 26.644999999999999574 73.584100000000006503 -0.42315649346526673646 73.302599999999998204 27.6988999999999983 72.921300000000002228 -0.48367991114598485325 70.688599999999993884 28.470800000000000551 72.605599999999995475 -0.54420332882670297003 67.904799999999994498 30.083100000000001728 71.933099999999996044 -0.60472674650742108682 65.143799999999998818 31.282499999999998863 71.25 -0.6652501641881392036 62.469499999999996476 31.807900000000000063 71.197199999999995157 -0.72577358186885743141 59.672499999999999432 32.70029999999999859 70.879999999999995453 -0.78629699954957554819 56.971099999999999852 33.345100000000002183 70.700599999999994338 -0.84682041723029366498 53.633699999999997488 33.362299999999997624 70.758899999999997021 -0.90734383491101178176 50.87960000000000349 33.498399999999996624 70.630799999999993588 -0.96786725259172989855 47.844000000000001194 32.897300000000001319 71.101299999999994839 -1.0283906702724479043 44.842100000000002069 32.592300000000001603 71.096699999999998454 -1.0889140879531660211 42.297800000000002285 31.324100000000001387 71.580699999999993111 -1.1494375056338841379 39.896599999999999397 30.369700000000001694 71.70600000000000307 -1.2099609233146022547 37.080199999999997829 28.789799999999999613 72.00560000000000116 -1.2704843409953203714 34.770499999999998408 27.159300000000001774 72.283000000000001251 -1.3310077586760384882 32.600499999999996703 24.826599999999999113 72.602800000000002001 -1.391531176356756605 30.2242999999999995 23.59100000000000108 72.477699999999998681 -1.4520545940374749438 28.031800000000000495 20.990500000000000824 72.857600000000005025 -1.5125780117181930606 25.489799999999998903 19.917899999999999494 72.287499999999994316 -1.5731014293989111774 23.312000000000001165 17.923899999999999721 72.326800000000005753 -1.6336248470796292942 20.9261000000000017 16.064099999999999824 72.24439999999999884 -1.694148264760347411 18.064499999999998892 14.533099999999999241 71.61400000000000432 -1.7546716824410655278 15.306900000000000617 13.506399999999999295 71.038499999999999091 -1.8151951001217836446 12.377499999999999503 12.873799999999999244 70.28310000000000457 -1.8757185178025017613 10.161510677052243423 12.512631533374877435 69.644610867685315725 -1.9366932848236810827 7.3040900000000004155 11.973800000000000665 68.906499999999994088 -1.9367493657829801812 
-0.95440152888992157987 -0.28829816119072171343 -0.077471878166396709875 0.2891672424522976903 -0.95727859366672041208 3.4694469519536141888e-18 -0.074162170579847752627 -0.022402329376977305614 0.99699453764470102879 0 0 0 0 0 0 0 0 0 95.622200000000006526 21.757799999999999585 75.808300000000002683 -0 92.758995413330239899 22.62530172735689149 75.585813488260455983 -0.071479539188327001487 90.451700000000002433 22.825099999999999056 75.503200000000006753 -0.14295907837666399498 87.205399999999997362 23.399599999999999511 75.417400000000000659 -0.21483517426354067914 83.887100000000003774 23.923799999999999955 75.424400000000005662 -0.28631471345187264887 81.348900000000000432 24.81810000000000116 75.217600000000004457 -0.35779425264020470188 78.586699999999993338 25.895700000000001495 75.142099999999999227 -0.42927379182853664386 75.749099999999998545 26.773299999999998988 75.069500000000005002 -0.50075333101686858583 73.423400000000000887 27.918099999999999028 74.846900000000005093 -0.57223287020520063884 70.553799999999995407 29.057500000000000995 74.691900000000003956 -0.64371240939353269184 67.71510000000000673 30.790800000000000836 74.385400000000004184 -0.71519194858186463382 65.115300000000004843 31.943500000000000227 74.230699999999998795 -0.7866714877701965758 62.398600000000001842 32.234099999999997976 74.621700000000004138 -0.8581510269585286288 59.657800000000001717 33.439799999999998192 74.503100000000003433 -0.9296305661468606818 56.698500000000002785 34.220599999999997465 74.566400000000001569 -1.0011101053351925128 53.691200000000002035 34.423499999999997101 74.889899999999997249 -1.0725896445235245658 50.85110000000000241 34.413800000000001944 75.087699999999998113 -1.1440691837118566188 47.842399999999997817 33.579200000000000159 75.621999999999999886 -1.2155487229001886718 45.036599999999999966 32.983299999999999841 75.71510000000000673 -1.2870282620885207248 42.349699999999998568 32.295799999999999841 75.798699999999996635 -1.3585078012768525557 39.908799999999999386 30.676300000000001234 76.163300000000006662 -1.4299873404651846087 37.113199999999999079 29.493900000000000006 75.927000000000006708 -1.5014668796535166617 34.671300000000002228 27.463999999999998636 75.748400000000003729 -1.5729464188418484927 32.574100000000001387 25.874099999999998545 75.390299999999996317 -1.6444259580301805457 30.227299999999999613 24.567199999999999704 74.516400000000004411 -1.7159054972185125987 28.086099999999998289 22.241900000000001114 74.41729999999999734 -1.7873850364068446517 25.474199999999999733 21.036599999999999966 73.314099999999996271 -1.8588645755951767047 23.533799999999999386 19.051300000000001234 72.988299999999995293 -1.9303441147835085356 21.073299999999999699 17.385699999999999932 72.241500000000002046 -2.0018236539718405886 17.984100000000001529 16.449100000000001387 71.110900000000000887 -2.0733031931601728637 15.243000000000000327 15.455500000000000682 70.385000000000005116 -2.1447827323485046946 12.465999999999999304 14.095100000000000406 69.775400000000004752 -2.2162622715368369697 10.025643164536148788 13.863983438902497625 68.969467690530365189 -2.2873393519714637634 7.3581599999999998118 14.603500000000000369 67.812899999999999068 -2.2873452540266239197 
-0.97812296938349385655 0.15630167495158375779 0.13727797773767794198 -0.15779559492771266793 -0.98747179717772648466 -6.9388939039072299184e-18 0.1355581313895487805 -0.021661860167590186316 0.99053256222511631979 0 0 0 0 0 0 0 0 0 95.873599999999996157 22.693599999999999994 75.26850000000000307 -0 92.939231091849521249 22.220213215216862324 75.675174394168649883 -0.089940319606285928922 90.442599999999998772 22.847200000000000841 75.728099999999997749 -0.17988063921258767852 87.295100000000005025 23.406800000000000495 75.710899999999995202 -0.27059089348257497898 83.919300000000006889 24.000099999999999767 75.971699999999998454 -0.36053121308886881824 81.169700000000005957 24.8011000000000017 76.004300000000000637 -0.4504715326951626575 78.449100000000001387 25.772300000000001319 76.168499999999994543 -0.54041185230145649676 75.653999999999996362 26.419299999999999784 76.588700000000002888 -0.63035217190775028051 73.125699999999994816 27.665900000000000603 76.552499999999994884 -0.72029249151404406426 70.309299999999993247 28.695100000000000051 76.697199999999995157 -0.81023281112033784801 67.42279999999999518 29.835200000000000387 77.032300000000006435 -0.9001731307266318538 64.784199999999998454 30.875800000000001688 77.304000000000002046 -0.99011345033292563755 62.08089999999999975 31.509599999999998943 77.681799999999995521 -1.0800537699392194213 59.534199999999998454 32.005800000000000693 78.26279999999999859 -1.1699940895455132051 56.495800000000002683 32.781100000000002126 78.69119999999999493 -1.2599344091518072108 53.311900000000001398 32.915100000000002467 79.173100000000005139 -1.3498747287581009946 50.570700000000002206 32.615699999999996805 79.587199999999995725 -1.4398150483643947783 47.584899999999997533 31.918700000000001182 79.916600000000002524 -1.5297553679706885621 44.716200000000000614 31.118400000000001171 80.00180000000000291 -1.6196956875769823458 42.149599999999999511 29.959599999999998232 80.166100000000000136 -1.7096360071832763516 39.729100000000002524 28.948699999999998766 79.889300000000005753 -1.7995763267895701354 37.213000000000000966 27.263999999999999346 79.574200000000004707 -1.8895166463958639191 34.596099999999999852 25.493500000000000938 78.779200000000003001 -1.9794569660021579249 32.59649999999999892 23.528900000000000148 78.159400000000005093 -2.0693972856084519307 30.365700000000000358 22.223400000000001597 76.946799999999996089 -2.1593376052147457145 28.164400000000000546 20.338899999999998869 76.129699999999999704 -2.2492779248210394982 25.436299999999999244 18.952899999999999636 74.966200000000000614 -2.339218244427333282 23.474199999999999733 17.424399999999998556 74.017899999999997362 -2.4291585640336270657 20.911000000000001364 16.362500000000000711 72.607299999999995066 -2.5190988836399212936 18.042200000000001125 15.04809999999999981 71.535399999999995657 -2.6090392032462150773 15.056499999999999773 15.154600000000000293 70.087000000000003297 -2.6989795228525088611 12.444200000000000372 14.46180000000000021 69.484999999999999432 -2.7889198424588026448 10.314913959620300332 14.586022682627289626 68.768379293895478099 -2.8718849810912212561 7.3457499999999997797 14.644099999999999895 68.343299999999999272 -2.8780902274014028563 
-0.99299492313024129153 -0.099998298900520518617 0.06293983519654548775 0.10019695709593015587 -0.9949676224826194959 8.6736173798840354721e-19 0.062623098184954748002 0.0063063799668131824416 0.99801732306880919232 0 0 0 0 0 0 0 0 0 95.706699999999997885 22.040900000000000603 75.587299999999999045 -0 92.727715230609277342 22.34149087128779243 75.775169294554856947 -0.10199789133484600534 90.517399999999994975 22.568000000000001393 75.946100000000001273 -0.20399578266970483376 87.301199999999994361 23.560400000000001342 75.800899999999998613 -0.30626406187055371655 84.004099999999993997 23.954999999999998295 76.410499999999998977 -0.4082619532054061473 81.309399999999996567 24.079999999999998295 77.119100000000003092 -0.51025984454025863357 78.381299999999995975 24.729700000000001125 77.530799999999999272 -0.61225773587511089779 75.558700000000001751 25.986399999999999721 77.960300000000003706 -0.71425562720996338406 73.076300000000003365 26.840399999999998926 78.322800000000000864 -0.81625351854481587033 70.268199999999993111 27.59649999999999892 78.861099999999993315 -0.91825140987966813455 67.343000000000003524 28.905999999999998806 79.455399999999997362 -1.0202493012145208429 64.719599999999999795 29.863099999999999312 79.832599999999999341 -1.1222471925493733291 62.03119999999999834 30.782900000000001484 80.353099999999997749 -1.2242450838842253713 59.230299999999999727 31.546199999999998909 80.963499999999996248 -1.3262429752190778576 56.394100000000001671 31.461300000000001376 81.971400000000002706 -1.4282408665539303438 53.261600000000001387 31.079699999999998994 82.844200000000000728 -1.5302387578887828301 50.66449999999999676 30.550799999999998846 83.373699999999999477 -1.6322366492236353164 47.785699999999998511 29.530699999999999505 83.813800000000000523 -1.7342345405584878026 44.954300000000003479 28.730799999999998562 83.900199999999998113 -1.8362324318933398448 42.535200000000003229 27.284500000000001307 83.802400000000005775 -1.9382303232281923311 39.876899999999999125 26.264800000000001035 83.246999999999999886 -2.0402282145630445953 37.356999999999999318 24.283100000000001017 82.693600000000003547 -2.1422261058978970816 34.971800000000001774 22.607600000000001472 81.80700000000000216 -2.2442239972327495678 32.883000000000002672 21.044799999999998619 80.56990000000000407 -2.34622188856760161 30.878699999999998482 19.674499999999998323 79.168099999999995475 -2.4482197799024540963 28.456600000000001671 18.434899999999998954 77.873800000000002797 -2.5502176712373065826 25.88779999999999859 17.101099999999998857 76.522099999999994679 -2.6522155625721590688 23.646999999999998465 16.797599999999999199 74.803399999999996339 -2.7542134539070115551 21.187999999999998835 15.792099999999999582 73.358699999999998909 -2.8562113452418640414 18.267399999999998528 15.81109999999999971 71.746499999999997499 -2.9582092365767160835 15.196300000000000807 15.262000000000000455 70.813500000000004775 -3.0602071279115685698 12.421499999999999986 15.576000000000000512 69.961500000000000909 -3.1622050192464210561 10.265045347263123787 15.556284448814238885 69.48798611098219169 -3.2658132937401078699 7.2856300000000002726 15.822599999999999554 69.259600000000006048 -3.2639325227152773401 
-0.9774539789010884272 0.074048703542412191991 0.19773848546532010739 -0.075540260381068619067 -0.99714275259942608542 1.7347234759768070944e-18 0.19717349769173092566 -0.014937216679408433714 0.98025480940716702705 0 0 0 0 0 0 0 0 0 95.904200000000003001 22.439399999999999125 75.295599999999993202 -0 92.971838063296743826 22.21277921885679163 75.887120493075187255 -0.11810631010592483048 90.432800000000000296 22.136199999999998766 76.136799999999993815 -0.23621262021184744051 87.247600000000005593 22.968099999999999739 76.317199999999999704 -0.35314628107467566087 83.905000000000001137 23.343399999999999039 77.058700000000001751 -0.47125259118059936725 81.386300000000005639 23.899200000000000443 77.693899999999999295 -0.58935890128652301811 78.36769999999999925 24.847400000000000375 78.115200000000001523 -0.70746521139244689103 75.588999999999998636 25.861399999999999721 78.801100000000005252 -0.82557152149837054189 73.152699999999995839 26.475000000000001421 79.411199999999993793 -0.94367783160429419276 70.397499999999993747 27.047599999999999199 80.287099999999995248 -1.0617841417102180657 67.37510000000000332 27.461300000000001376 81.488900000000001 -1.1798904518161417165 64.820099999999996498 27.8863999999999983 82.442800000000005411 -1.2979967619220653674 62.109200000000001296 28.550599999999999312 83.333600000000004115 -1.4161030720279892403 59.455700000000000216 28.650099999999998346 84.349000000000003752 -1.5342093821339128912 56.513199999999997658 28.185300000000001575 85.369900000000001228 -1.652315692239836542 53.67750000000000199 27.898299999999998988 86.234399999999993724 -1.770422002345760415 50.894199999999997885 27.591499999999999915 86.524600000000006617 -1.8885283124516840658 48.111899999999998556 26.401800000000001489 86.877499999999997726 -2.0066346225576077167 45.259000000000000341 24.934899999999998954 87.092299999999994498 -2.1247409326635313676 42.929499999999997328 23.475799999999999557 86.955500000000000682 -2.2428472427694550184 40.412100000000002353 22.393599999999999284 86.158500000000003638 -2.3609535528753786693 37.82260000000000133 20.876500000000000057 85.084299999999998931 -2.4790598629813023202 35.448300000000003251 19.793199999999998795 83.659300000000001774 -2.597166173087225971 33.212800000000001432 18.781600000000000961 82.075699999999997658 -2.715272483193150066 31.05379999999999896 17.953900000000000858 80.32909999999999684 -2.8333787932990737168 28.680299999999999017 16.834700000000001552 78.921599999999997976 -2.9514851034049973677 25.892099999999999227 16.363099999999999312 76.956699999999997885 -3.0695914135109210186 23.844100000000000961 15.963800000000000878 75.598500000000001364 -3.1876977236168446694 21.228300000000000836 15.751899999999999125 73.933400000000006003 -3.3058040337227683203 18.357299999999998619 15.268200000000000216 72.787700000000000955 -3.4239103438286924153 15.278600000000000847 15.528499999999999304 71.731899999999995998 -3.5420166539346160661 12.574999999999999289 15.96860000000000035 71.345500000000001251 -3.660122964040539717 10.429884228631673082 16.299626353176041249 71.076110457414699795 -3.7793416785264444258 7.4362800000000000011 16.490899999999999892 71.034300000000001774 -3.7794019233895590482 
-0.98797770586435407214 -0.13644488231983570303 0.072683194782110271959 0.13680672532877569125 -0.99059775888340118044 0 0.071999809859644145482 0.0099435498645740628271 0.99735507879404017295 0 0 0 0 0 0 0 0 0 95.924800000000004729 22.124800000000000466 75.415499999999994429 -0 92.960866882406946843 22.535220175986328428 75.631499429578923355 -0.13217962024851745428 90.446200000000004593 22.342199999999998283 76.075699999999997658 -0.26435924049704390137 87.165300000000002001 22.618900000000000006 76.634799999999998477 -0.39701801458221069874 83.991500000000002046 23.206099999999999284 77.313400000000001455 -0.5291976348307327882 81.469499999999996476 23.699100000000001387 78.040999999999996817 -0.66137725507925471113 78.419399999999995998 23.911999999999999034 78.992099999999993543 -0.79355687532777663407 75.582999999999998408 24.405300000000000438 79.90439999999999543 -0.925736495576298557 73.258099999999998886 24.790299999999998448 80.638499999999993406 -1.0579161158248204799 70.411199999999993793 25.104800000000000892 81.765500000000002956 -1.1900957360733424029 67.361900000000005662 25.697900000000000631 82.858699999999998909 -1.3222753563218643258 64.927899999999993952 26.036200000000000898 83.971299999999999386 -1.4544549765703862487 62.196699999999999875 25.760600000000000165 85.179500000000004434 -1.5866345968189083937 59.530000000000001137 25.351500000000001478 86.453000000000002956 -1.7188142170674303166 56.820399999999999352 25.076599999999999113 87.362799999999992906 -1.8509938373159522396 53.718400000000002592 24.536599999999999966 88.068500000000000227 -1.9831734575644741625 51.152400000000000091 23.652200000000000557 88.492400000000003502 -2.1153530778129958634 48.397599999999997067 22.542100000000001359 88.520499999999998408 -2.2475326980615175643 45.678499999999999659 21.013300000000000978 88.429699999999996862 -2.3797123183100392652 43.292099999999997806 19.882999999999999119 87.787400000000005207 -2.5118919385585618542 40.87039999999999651 18.579999999999998295 87.014099999999999113 -2.6440715588070835551 38.332099999999996953 17.303399999999999892 85.600700000000003342 -2.776251179055605256 35.803499999999999659 16.387599999999999056 83.926299999999997681 -2.9084307993041269569 33.667400000000000659 15.643800000000000594 82.329499999999995907 -3.0406104195526495459 31.317699999999998539 15.327099999999999724 80.42829999999999302 -3.1727900398011712468 28.949799999999999756 15.135799999999999699 78.727099999999992974 -3.3049696600496929477 26.193500000000000227 15.033200000000000784 76.907200000000003115 -3.4371492802982155368 23.938099999999998602 15.216100000000000847 75.681299999999993133 -3.5693289005467372377 21.257400000000000517 15.550300000000000011 73.995199999999996976 -3.7015085207952589386 18.438600000000000989 15.54690000000000083 72.980599999999995475 -3.8336881410437806394 15.074400000000000688 16.434100000000000819 72.092399999999997817 -3.9658677612923032285 12.559300000000000352 16.480399999999999494 72.125600000000005707 -4.0980473815408267058 10.196553978430509702 17.128211517920696849 71.93014919077297975 -4.2265472696676322784 7.2521000000000004349 17.620999999999998664 72.225700000000003342 -4.229747847952702422 
-0.9993872123587866918 0.022606460123175554922 -0.026723542699889846902 -0.022614536625435187334 -0.99974425866479310621 0 -0.0267167083853983231 0.0006043405351480401165 0.9996428623591363527 0 0 0 0 0 0 0 0 0 90.054100000000005366 20.693500000000000227 75.905600000000006844 -0 87.055938362923640739 20.62565639012369445 75.825449874843812381 -0.00068356903606598957805 84.572599999999994225 20.603300000000000836 75.320899999999994634 -0.001367138073281755177 81.636200000000002319 21.338599999999999568 73.831100000000006389 -0.001040398164917399719 78.76290000000000191 21.537400000000001654 72.164900000000002933 -0.0017239672015582773075 76.710599999999999454 22.075399999999998357 70.224900000000005207 -0.002407536238199154896 74.543000000000006366 22.896599999999999397 68.039000000000001478 -0.0030911052748400324845 72.448099999999996612 23.433599999999998431 66.066599999999993997 -0.0037746743114809096394 70.637600000000006162 23.438500000000001222 64.338599999999999568 -0.0044582433481217872279 68.668300000000002115 24.251000000000001222 61.980100000000000193 -0.0051418123847626652501 66.511700000000004707 24.979800000000000892 59.646900000000002251 -0.0058253814214035432723 64.656400000000004979 25.037099999999998801 57.777700000000002944 -0.0065089504580444195597 62.561799999999998079 25.700800000000000978 55.638300000000000978 -0.0071925194946852975819 60.460200000000000387 25.805099999999999483 54.030900000000002592 -0.0078760885313261756041 57.855100000000000193 25.852900000000001768 52.450099999999999056 -0.0085596575679670518916 55.128100000000003433 25.929500000000000881 51.230200000000003513 -0.0092432266046079299138 52.399999999999998579 25.803200000000000358 50.526099999999999568 -0.009926795641248807936 49.408200000000000784 25.53819999999999979 50.236600000000002808 -0.010610364677889685958 46.429699999999996862 25.125 50.370499999999999829 -0.01129393371453056398 43.811700000000001864 24.479700000000001125 51.110300000000002285 -0.011977502751171440268 41.296399999999998442 24.200199999999998823 51.997799999999998022 -0.01266107178781231829 38.57249999999999801 23.479099999999998971 53.622999999999997556 -0.013344640824453196312 36.273400000000002308 22.617399999999999949 55.580700000000000216 -0.0140282098610940726 34.24269999999999925 22.047000000000000597 57.540399999999998215 -0.014711778897734952357 32.360599999999998033 21.791399999999999437 59.533599999999999852 -0.015395347934375828644 30.317399999999999238 20.782699999999998397 61.925300000000000011 -0.016078916971016706666 28.317099999999999937 20.380299999999998306 63.79509999999999792 -0.016762486007657586423 26.430700000000001637 19.639600000000001501 65.801900000000003388 -0.017446055044298462711 24.61769999999999925 18.996700000000000585 68.043300000000002115 -0.018129624080939338998 22.285299999999999443 18.337399999999998812 70.024199999999993338 -0.018813193117580218755 19.735399999999998499 17.406500000000001194 71.803899999999998727 -0.019496762154221095042 17.557300000000001461 16.253099999999999881 73.640399999999999636 -0.020180331190861974799 15.576603952570771128 15.778295656155460591 74.51742005604893393 -0.025734158399628372094 12.988799999999999457 14.70190000000000019 75.587299999999999045 -0.021874209172508082832 
-0.99144412240840340544 -0.039640570376748417158 -0.12436710707432548084 0.039950736967430941493 -0.99920165062701882253 0 -0.12426781867237320089 -0.0049685575821266959873 0.99223627361529342927 0 0 0 0 0 0 0 0 0 89.939899999999994407 20.661699999999999733 76.09919999999999618 -0 86.965567632774778417 20.78155221090229432 75.726396543982872345 -0.013832211176862257984 84.487300000000004729 20.963799999999999102 75.22610000000000241 -0.027664422353738275795 81.527299999999996771 21.44620000000000104 74.063100000000005707 -0.041484475223490996365 78.684700000000006526 22.634499999999999176 72.297700000000006071 -0.055316686400360137732 76.607299999999995066 22.940100000000001046 70.920299999999997453 -0.069148897577229279099 74.329899999999994975 24.019999999999999574 69.009399999999999409 -0.082981108754098406588 72.278800000000003934 24.843399999999999039 67.36209999999999809 -0.096813319930967547955 70.421700000000001296 25.763899999999999579 65.454700000000002547 -0.11064553110783668932 68.329800000000005866 26.790800000000000836 63.46869999999999834 -0.12447774228470583069 66.209999999999993747 27.977199999999999847 61.490999999999999659 -0.13830995346157495818 64.22979999999999734 28.603600000000000136 59.780700000000003058 -0.1521421646384441273 62.165700000000001069 30.003699999999998482 57.577300000000001035 -0.16597437581531324091 59.874699999999997146 30.36670000000000158 56.388899999999999579 -0.17980658699218235452 57.345900000000000318 30.892900000000000915 55.025599999999997181 -0.19363879816905152365 54.469799999999999329 31.307200000000001694 53.78949999999999676 -0.20747100934592063726 51.82079999999999842 31.401900000000001256 53.138500000000000512 -0.22130322052278980638 48.77669999999999817 31.508500000000001506 52.805399999999998784 -0.23513543169965891999 45.87230000000000274 31.148399999999998755 52.963299999999996714 -0.24896764287652808911 43.181199999999996919 30.355399999999999494 53.722900000000002763 -0.26279985405339723048 40.736699999999999022 30.094500000000000028 54.334899999999997533 -0.2766320652302663996 38.13499999999999801 28.843099999999999739 55.966099999999997294 -0.2904642764071354577 35.853000000000001535 27.385699999999999932 57.713099999999997181 -0.30429648758400462683 33.864300000000000068 26.018000000000000682 59.462400000000002365 -0.31812869876087379595 32.134000000000000341 24.581099999999999284 61.494599999999998374 -0.33196090993774285405 30.181200000000000472 23.357399999999998386 63.254899999999999238 -0.34579312111461202317 28.175300000000000011 21.922999999999998266 65.199200000000004707 -0.35962533229148119229 26.492300000000000182 20.220300000000001717 67.109200000000001296 -0.37345754346835036142 24.545799999999999841 19.482099999999999085 68.660499999999998977 -0.38728975464521941952 22.175899999999998613 18.107099999999999085 70.35110000000000241 -0.40112196582208858864 19.825800000000000978 16.635699999999999932 71.66370000000000573 -0.41495417699895775776 17.415299999999998448 15.333000000000000185 72.813699999999997203 -0.42878638817582692688 15.243402701630055063 14.254176004393974253 73.530333362878607772 -0.44310274953231815198 12.960699999999999221 12.536699999999999733 74.446600000000003661 -0.44263075765981241272 
