34
-0.98072555145719741976 -0.16969850595234664548 -0.096849418152704508378 0.1705000187630776598 -0.98535767292988085675 0 -0.095431317295561882141 -0.016512827612229271507 0.99529904561567961174 0 0 0 0 0 0 0 0 0 95.837400000000002365 22.360399999999998499 75.460700000000002774 -0 92.895223345628409106 22.871900056289231173 75.17440604811331184 -0.002208068355271529306 89.925645930541705297 22.45000405301993851 75.114291685463740578 -0.14079679568556868752 87.186640366824363468 23.129050281041845238 74.096085056843008942 -0.050500168181730475947 84.314144690808461746 22.886326972387891487 73.265510567387664764 -0.049952607588270282746 81.513142801216105227 22.748505413057220181 72.199962057155417483 -0.10877076173574252993 79.113683805870522292 23.108055865545995999 70.435501800642555281 -0.076366089857738822522 76.31056580783071297 23.181815722180992623 69.369158062773422557 0.1087115715006035932 73.716229207166122706 22.75474454469194896 67.924503153727641802 0.18516028540657572532 71.480087975771795072 23.748608182250610099 66.18901836355649948 0.10796448846793083032 68.806174029365763545 23.429556950477476107 64.866751177761443614 0.013206274801829773202 66.250271202788340474 23.516884983243265594 63.298397089648041458 0.1085040657176199741 63.813824220374819163 23.809066998464423648 61.572605746388475723 -0.17053665613468774187 61.05464430348422411 22.999114073457988638 60.717677426498525506 -0.18402385025927697759 58.490066768837913003 23.771859072322282458 59.366453086439598508 -0.07197885447004472026 55.659300628813852541 23.132624785357602804 58.606096223333182138 -0.040560273419336878575 52.737960815968136785 22.677759330564878582 58.097302474640066805 -0.083113202653785606122 49.842118087494675649 21.895001589871753822 58.134520298663659332 -0.07648786632288069598 46.87318542494823248 21.564954381163385477 57.857920163603694164 -0.080582182036586139096 43.897581607917452118 21.488423750215503105 58.231985575435480484 -0.078518019659983409597 41.118194671995730971 20.616000739653948415 58.948844204272631941 -0.028073737209361258882 38.371279769959556916 20.001227621028775161 59.986395395796257901 -0.03141463438249787743 35.711281606853134463 19.44458831034073043 61.257049713232596844 -0.049269232947371129072 33.014826244806464217 19.165860850645653812 62.542133148333320491 -0.064401048593725224167 30.605244284822184397 18.533096469604309675 64.213516999465241497 -0.075505981290132279105 27.847605299530169276 18.361435239516350038 65.382259752175755807 -0.13691637746481721827 25.671997904041781169 17.025626976543456692 66.957806872779173091 -0.13160293348851848094 22.898556059738648827 17.588578098231916869 67.953350122543014322 -0.13923184932602264419 20.705363415973739194 16.525340935046113344 69.702473547736985893 -0.10419698705841623498 17.932348278829152832 16.319157224384550631 70.828473246921987538 -0.2000280283788379021 15.485737588476222726 15.181331880969770154 72.139751102654784631 -0.30808973913735276939 12.652344116665103613 15.77501766895514379 72.926782624991062676 -0.16593307312407593046 10.018914299042855021 14.631595650921960683 73.79720406516601372 -0.075360688156531227544 7.478110000000000035 13.44009999999999927 74.857699999999994134 -0.070658187372281258676 
-0.98610655363522115024 -0.14519125868693599779 -0.080705410466520799417 0.14566642284488437453 -0.98933376231460701256 0 -0.079844587375987680078 -0.011756068446886173626 0.99673799803229656824 0 0 0 0 0 0 0 0 0 95.885300000000000864 22.318500000000000227 75.483000000000004093 -0 92.926980339094342298 22.755499268534652657 75.243466237872041802 -0.015396859366763609653 89.982341707773286998 22.20244720349662515 75.3959022547404345 -0.1391832059779373465 87.224789598729287832 22.890560343532346366 74.435482210700854466 -0.054131651001293981662 84.300650842443872079 23.009068570153093702 73.775657748744691844 -0.060684565447127934712 81.50429906455205753 23.13673222533095597 72.696714418248575384 -0.078353642340724782844 79.011906333348164821 23.982710972449339693 71.257166427715304735 -0.10014720391465276039 76.48031482538469561 24.812628986996600133 69.877934572611962949 -0.13139734601341515607 73.719469970295790517 24.750724832593530067 68.705798255158555321 -0.15003210145979362089 71.237951418398751002 25.634300318009831443 67.270054537252519822 -0.17534760792949610764 68.430687753442811072 25.53378677646472994 66.216884214543298981 -0.19057850205593118709 66.289717069398790272 26.572513686913179498 64.390058848256018109 -0.14870460161980020297 63.540519898279214317 26.908591380364487833 63.237250677836406965 -0.1903503579709363569 60.714684770636942801 26.497150148774263556 62.317809586840489544 -0.20894711541296279167 57.880449940304359302 27.096370178583477184 61.538035097833663656 -0.20944651013398191131 55.051834372791276451 26.91156359636330464 60.555802709095317482 -0.22147035916762128349 52.169543166221309605 27.23449436153832437 59.788917394567739905 -0.22292103013548569823 49.204643608269492461 26.777742695643716786 59.816275908139679984 -0.26014523314558746225 46.483196816354066527 25.606246855267325913 60.286727619123247734 -0.25838797100646182514 43.486789264317813775 25.479602629359025201 60.212545583884200084 -0.25845223249321858106 40.544647949063786996 25.240460488846494513 60.747910379344858711 -0.27268485120559349255 37.837879633397363932 24.335034685164156798 61.671820191968549807 -0.28528711278042157007 35.365989743821849345 23.10410469666165767 62.8442414807066001 -0.30048502167653395878 32.86835429417727994 22.050195828824517008 64.12919019681653765 -0.31831283099685747651 30.785100094190649855 20.612537314245326314 65.739528634685783004 -0.33186260707331249886 28.017355591335409315 19.959065163989922809 66.694811039402409847 -0.34802671383232203217 25.32775742603017477 19.160882950578745465 67.757339545498098232 -0.37396937808847224849 23.281564821960238021 17.559708619202211821 69.257118381699029896 -0.3825530183115109506 20.517787740483981906 16.937607299150045037 70.24429930034955305 -0.39277519162875029757 17.920514600339867428 16.067185376996835799 71.467629955367698358 -0.42926628768492136601 15.582028162240698421 14.416505071668586524 72.365814620097765442 -0.45512186484097422179 12.618390875643083149 14.403505953543799478 72.83130902716696653 -0.43900158365312885733 9.8737074736147558696 13.281320375816720869 73.28673470195096229 -0.45717623921312527946 7.5657399999999999096 11.566399999999999793 74.142499999999998295 -0.49269949973568011314 
-0.98533070917462528548 -0.1129670475319841938 -0.1279134071524026528 0.11390271966828058314 -0.99349190759269356832 3.4694469519536149592e-18 -0.12708093487852137327 -0.014569684956694752345 0.99178533981434913169 0 0 0 0 0 0 0 0 0 95.856899999999995998 22.130400000000001626 75.708899999999999864 -0 92.900907872476125249 22.472108159004843486 75.327657195364437825 -0.031641991785593515107 89.904101879199558311 22.508779799926575294 75.461107559261847655 -0.095906070373016780173 86.997226890509054442 22.796174541484884202 74.777381002999817383 -0.0936695114597121542 84.250861868006225563 23.553245914592153554 73.836997015662788613 -0.13962131091310509001 81.56825898866996738 24.413831843723098558 72.805961806355469434 -0.22384827454607969521 78.626244563223210093 24.214619623326935738 72.25381547240799307 -0.23859954943398448135 76.157124754592473437 25.481061878036616264 71.113828036663747412 -0.23286325140038183212 73.455368292735514046 25.965612337257319098 69.903157626303979555 -0.2625116490372821354 70.718542014022574449 26.575951037645140218 68.836729680397539255 -0.32342538776684792712 68.362307788706019096 27.838159201590773506 67.474749208896454888 -0.35674429155697190419 65.467513862668297975 27.946278847137740797 66.694699049304290384 -0.38360118115457492172 63.033057960023576527 29.161313751212940559 65.430929043898601094 -0.39937780963217256458 60.226483107566629371 29.354394155907765906 64.388884158240458078 -0.44576285451182540154 57.23218017410341929 29.319445781081324043 64.207421917909300646 -0.48342711971652202463 54.474288203852822221 29.972177945720325454 63.223565935240145564 -0.51623050885567967061 51.533950109376839066 29.399326701834855413 63.061537119820492592 -0.54835468799788089633 48.555894004909944783 29.719717382691769103 62.892623988968708204 -0.57796949661146335142 45.749777676265907189 28.734300359908814926 63.285897987199817294 -0.60813270351778936362 42.752223140453082806 28.729965807006053069 63.164869009883240381 -0.643464551944632146 40.338927429010084325 27.111759836813714486 63.91147013765172602 -0.67459721553769513847 37.479454632785206059 26.508399163814726052 64.589239436274127115 -0.70229740320041122992 35.163367449091474271 24.904575589476994679 65.62049599766926633 -0.7340503707632718422 32.809718346880323736 23.272494852093878137 66.513047601387341956 -0.77672352119245902102 30.745518334732775401 21.709154029937511865 68.027987791142408014 -0.79594674742010040891 28.109052295271645505 20.318316353682796205 68.366539671767171171 -0.82303823911015461245 25.283812594772925308 19.607096733057431948 69.082212278884725265 -0.84609136243776328357 23.157339334532295538 17.766188959364317412 70.125845373669221772 -0.86696528728837474187 20.669306216793199127 16.349753179771706613 71.022171698897125225 -0.89886409407731626686 18.128215897143299173 14.897789995605458913 71.681461387465517987 -0.93289142068645025674 15.450665787005597451 13.644041776531752319 72.190225385828483695 -1.0061822350677021021 13.134663954038078515 11.754725499463850369 72.448332943649489835 -1.0105928610367953535 10.150024589751652115 11.988429444834235227 72.255174123645716122 -1.0188828147172785954 7.3100600000000000023 11.051099999999999923 72.01850000000000307 -1.0125437371393430919 
-0.99963145919930151972 0.00051679662462678283615 0.027141825663061166368 -0.00051698708639797384679 -0.99999986636216731117 -1.6940658945086006781e-21 0.027141822035886411374 -1.4031973369067749012e-05 0.99963159278790114648 0 0 0 0 0 0 0 0 0 95.950199999999995271 22.474599999999998801 75.390799999999998704 -0 92.951305622402088602 22.473049038740803951 75.472225466107659031 -0.043759887276156504698 89.957882204819142657 22.602792741824824674 75.32194968787455025 -0.094298434229630259673 87.049018085751526996 23.184298920187863757 74.874333678786058499 -0.18268870078761384468 84.5215150358350229 24.541220141917371222 73.996556302845391428 -0.19984175189759620372 81.540388580693758058 24.40576098287383644 73.689089450127838177 -0.22444253440994871296 78.716566659849263488 25.196524655213501376 73.056062939211159346 -0.29999376824779344641 76.336501009868086953 26.601907100870427314 71.889792099422948013 -0.3444716086958213852 73.414802122936265505 26.950037491708979331 71.304573480532269514 -0.3917985069954109667 71.048129915759460573 28.457282353518127849 70.242935324653970497 -0.41312854268090093424 68.123164773060423727 28.94057134385608876 69.783576374927733355 -0.44119647390426103284 65.349092283916974111 29.631034122981574797 68.873750594918703882 -0.50828131034711920844 63.175051883014972987 31.349730491399128596 67.724998620749346401 -0.52513073044784086552 60.237729035906141917 31.726555930881726653 67.245272615737562205 -0.56671946425414121418 57.29370605100920244 32.235557567769603793 66.973894747521967474 -0.61323293265758749282 54.4345914909853974 32.904036271833753347 66.358589865085193082 -0.65507638937080481245 51.444222144372602656 33.044318853925453539 66.163623433018173614 -0.69996789841173112645 48.447146177908287257 32.933815856950843681 66.090653006780470946 -0.7513935875771450279 45.813549031158160574 31.695623308724677258 66.819381507961836064 -0.78529323072609558132 42.886463911445900976 31.06443503156566166 67.00315856348210275 -0.8364899492854013241 39.921796558871520233 30.634852320514571744 66.84127548688198317 -0.88014901966516323473 37.461908760463849433 29.119749927885226981 67.649617436140204063 -0.9164226532947248316 34.933416941088964336 27.613732948019421798 68.231546918330266749 -0.9616462416335173069 32.506902837220948754 25.904413533928604352 68.667730818573588181 -1.0117888806721682116 30.620392143836699717 23.79751225126435088 69.668752469930396387 -1.0535248407387971525 27.937583847363651302 22.477251040436847518 69.912576059767971515 -1.0970382594530758702 25.325815285346330086 21.040711562691818415 70.25172097866607146 -1.1437565843322468062 23.392705579916913905 18.845024624700695171 70.91658616255953973 -1.1856175643963777766 20.668478944696808242 17.604108410158456621 71.113350411878400337 -1.2284089741181380973 18.413222504369105792 15.71798835396100813 71.71031733560684529 -1.2438615838586719597 15.769862851424123917 14.633863548786477438 70.79526370789025691 -1.275780441605496307 12.888276230597773164 13.961789403144090116 71.290010997083044231 -1.3043872147084463187 10.228231233141544365 12.631462606014890682 70.897084515663252091 -1.3347556753306335509 7.4467299999999996274 11.76130000000000031 70.18569999999999709 -1.4003163928376975988 
-0.99917040736984630289 -0.017091065132212628769 0.036964747111562071269 0.017102753663773978543 -0.99985373721215664577 1.084202172485504434e-19 0.036959340544597610312 0.00063219896409274698151 0.99931657019734154712 0 0 0 0 0 0 0 0 0 95.902900000000002478 22.524100000000000676 75.424099999999995703 -0 92.905388777890465235 22.575408260991324028 75.53497802163379049 -0.061810042533305076251 89.92481215197224742 22.27127757625391169 75.688820477321215208 -0.15556361101695032056 87.096916226573014796 23.177883899907403276 75.263297735491363483 -0.19829421884198336623 84.363231588381921711 24.257258080213919271 74.661700135517577337 -0.26603699641613920424 81.376287690600761948 24.387144344029245246 74.414120442616365381 -0.32148847367038169143 78.541534948097165625 25.351737466990726944 74.230444123485568753 -0.38832799759414965424 75.912970935241574466 26.67274884588127648 73.642583458493248827 -0.45609230670999079127 73.280069656723142657 27.819890029733162606 72.775462961294522302 -0.53050587135373228342 70.342606494988572763 28.413864464801694254 72.639431569908467168 -0.59658362761850325384 67.972122821385767111 30.123038926701266149 71.961545290392578522 -0.66265178391174961448 65.380073555205697744 31.375834400822448345 71.117872309883011894 -0.73349351797723971735 62.403120415851418556 31.708185385143696777 71.283077715005845221 -0.79157243551466371922 59.636638004555017289 32.778116621065642278 70.83383144074578297 -0.84997024165936752027 56.728138973925581467 33.490747623485290774 70.652750133459747417 -0.91222331048106630735 53.736399710681787667 33.321706649020995883 70.79739219700515207 -0.97195454779103218623 50.759878369845580437 33.599150258805842384 70.545706384856956106 -1.0344775664313154984 47.925265950203986165 32.84356507043056439 71.173451118662470094 -1.1019021804548472243 44.931801514840323364 32.83277656194874794 70.975829562269964867 -1.160446718463608029 42.445038268871861931 31.303181616064694737 71.666009145182115958 -1.2176844867072236234 39.607588848188150621 30.329338513215617468 71.688600995525803228 -1.2797212503052852739 37.043533341707323814 28.805323529665415094 72.00953351843514838 -1.340655214459556932 34.596319410175254916 27.094167929852407184 72.297787712858891496 -1.4023463782652390019 32.698755160559514366 24.795284515876204523 72.6359961711612101 -1.4612194135219067626 30.003356852253784126 23.489921696432336518 72.460337803219530883 -1.5223131522414494743 28.281336896089932509 21.077154822079894103 72.922077201135678592 -1.5810050255817640341 25.533482573066748955 20.101169666870166708 72.217272560644104828 -1.6433675671496190684 23.42692469313803727 17.96877504338070608 72.340994195353474083 -1.7069623876078705571 21.108998505730614426 16.064840069946974666 72.388425946273287082 -1.7645164314226404745 18.551294837227612078 14.671286642203078543 71.669982668871710985 -1.8295551413355832793 15.867162034345998478 13.404721901169338594 71.2326672218783159 -1.8939273211856268997 12.998814711534700805 12.833140754420204743 70.564925827275246206 -1.95759138281200884 10.161510677052254081 12.512631533374866777 69.644610867685287303 -2.0190372753895391433 7.3040900000000004155 11.973800000000000665 68.906499999999994088 -1.9779213610659085454 
-0.95440152888992157987 -0.28829816119072171343 -0.077471878166396709875 0.2891672424522976903 -0.95727859366672041208 3.4694469519536141888e-18 -0.074162170579847752627 -0.022402329376977305614 0.99699453764470102879 0 0 0 0 0 0 0 0 0 95.622200000000006526 21.757799999999999585 75.808300000000002683 -0 92.758995413330239899 22.62530172735689149 75.585813488260455983 -0.070476314490668587331 89.761382126177124974 22.612944903769552241 75.466809766247394009 -0.23077805833504139166 86.953917198826090385 23.662188231473500366 75.335550048490290465 -0.29116927710803069962 83.96719247805872044 23.565281659460623587 75.600284917978868293 -0.2952203654276350786 81.280089984837090356 24.800685851962040118 75.097038791598876628 -0.33622453506274935231 78.57454380331621735 26.096121280772550222 75.140246432217324468 -0.41998348541992830407 75.605772144200031448 26.527094491010920763 75.16587685648832462 -0.47800083623237510366 73.14444960812068075 28.194597825752861553 74.764225275967064022 -0.53420208594658158407 70.269959757423151814 29.051540802497285654 74.709848605843561131 -0.60251567271645245505 67.847640798839108811 30.791137209363910188 74.384003254444550635 -0.67370082570193634552 65.180496191100672831 32.135033972676971814 74.100664022921861829 -0.75682560873344639774 62.249889317915439335 32.077953948263619566 74.739636021159697066 -0.82245318078325968525 59.640693036214294409 33.53333666488985898 74.467687685134009712 -0.88780643180029406025 56.738281888022214616 34.289961670180289843 74.527085580859989022 -0.957545552501177899 53.766632840690220974 34.44232412787565778 74.909299657050652854 -1.0295283024009203032 50.770894835573010084 34.545215143364345067 75.031640255597864098 -1.0999372812672425503 48.011984579670361484 33.568837022171543083 75.691261315731736659 -1.1651272329559030361 45.065444156039866641 33.005564744544322764 75.71623834889382465 -1.2370623300387513233 42.121228490995655136 32.430448150159882914 75.745134747490695304 -1.3078418792989507935 39.863313562687103797 30.524692328656925611 76.26466810436592425 -1.3726747074089193923 37.036583633974252905 29.58590601777227036 75.906508704080124517 -1.4449847376053144288 34.827448159306193531 27.559102124914261367 75.79794344204962897 -1.513483046518830033 32.47634178980612063 25.729550820003570522 75.444332296307933916 -1.5848433772139189912 29.969630607234993391 24.455639874688376523 74.398602918836061804 -1.6571516860955060046 28.016427855587163975 22.178595249495810293 74.406773873915199147 -1.7272454738839990718 25.471212922744204121 21.021442373791455083 73.319171860203368851 -1.797715748392481494 23.346536403221069378 18.940096132643329696 72.927065402323265175 -1.8691996245907214202 20.888830761670149627 17.398551285039243197 72.163309934202715112 -1.9402608804409866572 18.190655961091330539 16.505578355919983125 71.202866266578112686 -2.0113707792692134824 15.455842744274459477 15.535152186465532864 70.441899998754621492 -2.0830733120647102474 12.862861519994954307 14.123589647475945696 69.909040249097998299 -2.1530630966301567142 10.025643164535782859 13.863983438902121037 68.969467690530962045 -2.223132971320944673 7.3581599999999998118 14.603500000000000369 67.812899999999999068 -2.2552420637013415039 
-0.97812296938349385655 0.15630167495158375779 0.13727797773767794198 -0.15779559492771266793 -0.98747179717772648466 -6.9388939039072299184e-18 0.1355581313895487805 -0.021661860167590186316 0.99053256222511631979 0 0 0 0 0 0 0 0 0 95.873599999999996157 22.693599999999999994 75.26850000000000307 -0 92.939231091849521249 22.220213215216862324 75.675174394168649883 -0.09161123244499479179 90.048988719503526568 23.018981327991003383 75.767198851358742218 -0.19413559021741050303 87.081058478112225885 23.439377809720362222 75.646133490549843259 -0.2891135950227690099 84.137923538845427629 23.882688251701157611 76.022208653463152928 -0.37600377097007675609 81.247723523351666586 24.685398019033979011 75.973210129148000647 -0.47147817757763321733 78.527284919288348419 25.948609888199079876 76.032451514474729493 -0.58913595793980422233 75.632509165228555048 26.071294892955592104 76.810411475517582858 -0.67594408903115121845 73.23929272064769691 27.843357156327478208 76.446666554773401003 -0.74793859100344872726 70.344167877002547584 28.610993636099237847 76.616920359966698584 -0.8404371371442509453 67.586558986595008491 29.704456474850552183 77.064058159161334061 -0.94211480830556870725 64.954088118791915463 31.13133113889221093 77.248789878428013367 -1.0401702685690101813 61.995185732165538184 31.556171443250530473 77.502575946758852865 -1.1454743175562289714 59.196694988082228406 31.945262585889256712 78.511068696140171141 -1.2477545776195206884 56.405747937081422094 33.036407935329556551 78.652547929898091184 -1.33930865289857981 53.447979353114519085 33.028408184498310618 79.154086559302129444 -1.4285660130250659172 50.49954073563559831 32.738378910822426349 79.625883898134460992 -1.5176804829964596344 47.641205683217414446 31.917832332003229112 80.021641438593931639 -1.6125693207166271748 44.69904027593435103 31.344983246436157742 79.897115803748533835 -1.7025689150831186947 42.144742192403420233 29.856324259521453968 80.406483760354035439 -1.792101583229412487 39.338417037609104909 28.978846283022058117 79.811024675637639803 -1.8906777127699743168 37.017916150266131581 27.087252720901670244 79.618282818342180462 -1.9760952021649786925 34.568748811591269998 25.583326205347844962 78.758175627619579018 -2.0692174680183330615 32.5877940219671558 23.393456009344109958 78.22875458224034162 -2.1580466822403150395 30.22060219007106241 22.181294266959863393 76.840566288474619228 -2.2490435105189683362 28.059287837684852462 20.239452177508287178 76.093592682700403884 -2.3425961412687659191 25.533281560733151139 19.033815741189155091 75.013901490558382079 -2.4348429441643903992 23.318128396939659552 17.319258355009651495 73.939941794438396983 -2.5271345712440105302 20.832043203981424284 16.329015714207123722 72.583918223666145764 -2.6192143521436128673 18.269368202165821913 15.082907636386188699 71.645882247470623838 -2.7000931425456604629 15.687384961774641923 15.460277658266322831 70.165694957813457222 -2.8148742680762994794 13.07032163003301406 14.035166701965502867 69.81922954883017951 -2.9059384737359179596 10.314913959620293227 14.586022682627277192 68.768379293895534943 -2.978823402768445483 7.3457499999999997797 14.644099999999999895 68.343299999999999272 -2.9315594382400149698 
-0.99299492313024129153 -0.099998298900520518617 0.06293983519654548775 0.10019695709593015587 -0.9949676224826194959 8.6736173798840354721e-19 0.062623098184954748002 0.0063063799668131824416 0.99801732306880919232 0 0 0 0 0 0 0 0 0 95.706699999999997885 22.040900000000000603 75.587299999999999045 -0 92.727715230609277342 22.34149087128779243 75.775169294554856947 -0.10140313154612354274 89.750033351504839629 22.445968415502477455 76.125162240350178422 -0.28502036485369702801 87.10359155308806578 23.77532328495458458 75.646454164297253442 -0.30296091862106477866 84.191251664726834747 23.968026709282789 76.340097979704225395 -0.39975169856388026446 81.319412701421484257 23.970244302594725383 77.207586320923311973 -0.49397698938766843035 78.393013981532419621 24.558130820220423374 77.508551334920042564 -0.59549397261377268187 75.796164587016590986 25.997311567181508707 77.938820969314974718 -0.69243594493650473254 72.974778577850827332 26.954030299380047353 78.291624324313715988 -0.80003907835819187966 70.084204546361348775 27.491350506470258352 78.888171650348951403 -0.90606973347358121806 67.516855108578283762 28.92556067474660253 79.48126355098342799 -1.0074280116213489844 64.689610263906217824 29.880992739581252238 79.78759033623907726 -1.1087811357128023459 61.914015960740258038 30.858713517355734979 80.370804092817493824 -1.2108725194731162489 59.098825064657447115 31.740561671584554659 80.915821519776912396 -1.3116145623344344084 56.327496643664204612 31.475138200700939706 82.033537543932169456 -1.4077043331779635071 53.454978743953972753 31.145819481315122346 82.833656312757497631 -1.5103116290031439739 50.559182777809702714 30.62099321578548583 83.415827305486104137 -1.6106774259585641129 47.825532780894008056 29.473686594489485913 83.875006103577305794 -1.7141360160933711843 44.883528885197904401 28.889194687420452823 83.929616110819964092 -1.815008680920856099 42.454353856760292274 27.129873231866387329 83.867192817767289625 -1.9107171276715810837 39.66300118043709233 26.259170911350175004 83.196202744590479483 -2.0147495428759265579 37.428922280858145655 24.309760972832425097 82.739374182574820793 -2.1145355944293995343 35.051906963064645595 22.681010050928350097 81.904527738154214944 -2.2158210000442415399 32.898872394083568338 21.03541489503768247 80.617492889885681961 -2.3161281077654085614 30.791270422899856385 19.57244579928705619 79.062586033862672252 -2.4163463952521189171 28.338442462758735019 18.381071402410785964 77.811881423385216294 -2.5173812812019455976 25.93718260021289268 17.064360311325224018 76.587045533224539895 -2.6185724907496306102 23.586761299471003639 16.819102624119818046 74.738974007784918285 -2.7204969034747836787 21.156894228246571288 15.743144804971514361 73.346831494106567106 -2.8177984877425150678 18.58257658212801644 15.934531849120975977 71.818348700611878144 -2.9339342031261734789 15.850098737952801997 14.944412307847072086 71.074555637309487111 -3.0190117355423966572 13.215016803830931025 15.839566468982367198 69.954268966259036233 -3.1158685142693882675 10.265045347263118458 15.556284448814178489 69.48798611098219169 -3.2277486672613409091 7.2856300000000002726 15.822599999999999554 69.259600000000006048 -3.2449002094759080705 
-0.9774539789010884272 0.074048703542412191991 0.19773848546532010739 -0.075540260381068619067 -0.99714275259942608542 1.7347234759768070944e-18 0.19717349769173092566 -0.014937216679408433714 0.98025480940716702705 0 0 0 0 0 0 0 0 0 95.904200000000003001 22.439399999999999125 75.295599999999993202 -0 92.971838063296743826 22.21277921885679163 75.887120493075187255 -0.11556541187127483683 89.993001810144846786 22.030948307387369312 76.192852527882592995 -0.24549018909447520298 87.169200544022928057 23.039190689943040979 76.290799791555684806 -0.34220281509436800693 84.252105998335409254 23.247174886294544649 76.959606145713635783 -0.46008209895955481938 81.425119118053757461 23.835640754984218859 77.773149659545339318 -0.5751272889894709639 78.564331091803126128 24.715255055724405508 77.978504221348842407 -0.68530265618975960695 75.917333825384858415 25.903638830731775755 78.74083578789984017 -0.79865264466660301768 73.047924711294243139 26.531825113984414344 79.350649915528549627 -0.9140234398745077371 70.255571454907737916 27.157753471309085569 80.251192487712216916 -1.0300188663807574585 67.524890631507233252 27.409333736426052752 81.467781800264575054 -1.1439719661402922846 64.743833004762464611 27.75487311351909625 82.538445597167026335 -1.266005560611903169 62.036818468473065025 28.816705537647695934 83.276405054913041681 -1.372543157985310458 59.279845584539501147 28.796864335330575102 84.459074411714397002 -1.4827264184992277052 56.507852849823514418 28.108970678592992698 85.3771477002624124 -1.5991099654055136448 53.69548184299189586 27.89703446080950755 86.399719131266280669 -1.7268138763473777075 50.700606070305646256 27.761544881471124313 86.51090211927493101 -1.8507725461904123154 48.063098134261281302 26.387418671038176399 86.905020153373314429 -1.9636738236968882543 45.374059416840488268 25.07980284341799404 87.148354502012978173 -2.0743063023113101906 42.935341792239860581 23.332761512385790326 87.125928632888488323 -2.1900573811150199077 40.255331518319941608 22.426062406149302575 86.128210411583651762 -2.3079332484181218632 37.889133105007225311 20.831847695488541206 85.201072604655607279 -2.4209063500214798026 35.480169542490195056 19.816975484544251174 83.729023373494030125 -2.5367183707832552386 33.191099096350335174 18.724686875509028994 82.126817994137439882 -2.6515693395717647718 31.026657025382593957 18.010050143906092046 80.176309123199146711 -2.7705238555107376541 28.636826800911499902 16.656432951184164892 78.969481882865096622 -2.8896757083941428945 26.248757896952142232 16.483539543018018492 77.161932499028097254 -3.0055948385300261805 23.785797415527532905 15.806004417020167452 75.588791749855460012 -3.1147889688562289123 21.423917209538139161 15.981657598442481572 73.747415131602480187 -3.2349013212797750327 18.675468081717383484 14.96262664948212695 73.108976946994786772 -3.3038206933732485737 16.265230130253126362 15.153313129113472613 71.332916226465627574 -3.3846684003353137982 13.384052995776400508 15.975213560916460054 71.485553048177735036 -3.4969787475889049233 10.429884228631671306 16.299626353176005722 71.076110457414728216 -3.6167241915085939219 7.4362800000000000011 16.490899999999999892 71.034300000000001774 -3.6980931798806349065 
-0.98797770586435407214 -0.13644488231983570303 0.072683194782110271959 0.13680672532877569125 -0.99059775888340118044 0 0.071999809859644145482 0.0099435498645740628271 0.99735507879404017295 0 0 0 0 0 0 0 0 0 95.924800000000004729 22.124800000000000466 75.415499999999994429 -0 92.960866882406946843 22.535220175986328428 75.631499429578923355 -0.13168200111920416728 90.035565651091388872 22.129820742437001257 76.159006752986087463 -0.27446042054531022414 87.106370928282430555 22.587559063384716751 76.61758482335892495 -0.39519784507509708726 84.210517896986232245 23.127445954276389273 77.185526112642918406 -0.52877759138629842894 81.439139591729386325 23.904743894668115445 78.031262564962844408 -0.66624367867898315332 78.581980403074965125 23.707441015228738479 78.924410309966205546 -0.79037649478221694288 75.818158019630757849 24.387261175620700726 79.87263514336278547 -0.92455386159812413815 72.957543919351309114 24.949798339681677817 80.580052180047289312 -1.0638640373733367905 70.28101686172814766 24.974465096193338098 81.934893285282527131 -1.1918336432208762599 67.467140589581305221 25.719922739784234267 82.660422877368134209 -1.3104179255642753876 64.883316376774473611 26.354140967870566925 84.046647837806801817 -1.4383530942879121373 62.14276479262106534 25.769684854864472356 85.117996535112325773 -1.5741281995384681647 59.586329293539314733 25.276195284333692115 86.608333928551161307 -1.7081483944225535065 56.720104624939509108 25.125705300589743274 87.481322403192450565 -1.8456805016590027702 53.804456198151228818 24.74371531639966193 88.075525959773415252 -1.9745755178389690077 51.080532914498036234 23.644305625059374165 88.685066967407081506 -2.105987577900042762 48.25614214901557375 22.652588382096570996 88.486790192042747094 -2.2379069210352935393 45.797768698599263359 20.944939962060583838 88.687630472116609326 -2.3644447716937517789 43.14827941484699636 19.89369180597843112 87.752171326335755452 -2.4968073102571608501 40.626506678520847515 18.421326357235319193 87.064565180753319851 -2.6233424641373539465 38.29750555617160046 17.223664820575642409 85.601226336972700892 -2.7526545841507408241 35.878311318766662907 16.423322436461688767 84.017890850457192187 -2.8839654534879501924 33.590738531616082696 15.514424906141940141 82.302980947525085753 -3.0134013056883333093 31.303002683654934657 15.313308903752060885 80.372743398246115021 -3.1435448642708565536 28.854950799398185524 15.121038331952005862 78.649353148055794804 -3.2753814413398019134 26.37595833919797883 14.979662484857001914 76.965723375173865861 -3.4078922628895833569 23.718733374120130719 15.219565414980078089 75.594008377133036447 -3.5405629849454332003 21.259069270242147098 15.594876676361002055 73.917943364083029678 -3.6762833851460325896 18.410198713371855206 15.438246581969082172 72.990903156252286976 -3.7889471464901682829 15.847030954350296739 16.60435171695712242 71.956316357789916083 -3.9337893892502346915 12.936545312220623316 15.964740284034517614 72.30268398983881184 -4.0738236540667234209 10.196553978430497267 17.128211517920728824 71.930149190772837642 -4.1946996453915170733 7.2521000000000004349 17.620999999999998664 72.225700000000003342 -4.2138240358146514808 
-0.9993872123587866918 0.022606460123175554922 -0.026723542699889846902 -0.022614536625435187334 -0.99974425866479310621 0 -0.0267167083853983231 0.0006043405351480401165 0.9996428623591363527 0 0 0 0 0 0 0 0 0 90.054100000000005366 20.693500000000000227 75.905600000000006844 -0 87.055938362923640739 20.62565639012369445 75.825449874843812381 -0.00091997218079629245434 84.123687505069142389 20.631043220519899251 75.191513079429896038 -0.035199888718799747511 81.566208929455385146 21.322514954062949499 73.783972629108234287 -0.0077736319718782675645 78.970690944043042236 21.519027597734428525 72.292440159025176172 -0.023392589192371693319 76.785537540727275996 22.041960803701556415 70.304565563304720399 -0.012184272861531050824 74.762529957078399434 22.839575122098672466 68.237864892705857756 -0.054024228697587467485 72.635530196747950527 23.547283660141136608 66.244119523019605822 -0.0980934997801039682 70.425822353719979674 23.26842991730917376 64.234285748065843791 -0.091193433615001415204 68.716009738534410189 24.262771469485205245 61.978664842327340523 0.07420513613910006967 66.771389609041008839 25.148183990298274892 59.872840253788666587 0.16163046499264122069 64.62748943279741809 24.735533389741448218 57.815314676793562398 0.22499724102830381822 62.904999115263578346 25.971668496419862748 55.692816834367619094 0.099809983243392033647 60.49564484565275535 25.797474591345075368 53.913865324667504808 0.014195646904340497585 57.931409805135160695 25.806705211130303468 52.356748296759342054 0.066629919574849996722 55.246935062661762572 26.050756528144958679 51.039920936124410389 0.031004458377124635704 52.340625601801427536 25.835770933874499633 50.327778746169038016 0.032174168081154939924 49.359562606554639785 25.56091298036770354 50.133571352650847075 0.084645632401075227014 46.371237527889014984 25.304608699332508337 50.068599591902874124 -0.16380878141426746808 43.76584182811929935 24.236418204260239406 51.103434025902828353 -0.13670015382202704846 40.895766024075463463 24.309029626751939901 51.973716999026990493 -0.070984571800425957933 38.494180395114632631 23.495294918036897514 53.576908280184802891 -0.03275593479913843642 36.346216085052255096 22.59312657769828192 55.466972195010875168 -0.026161720582881058811 34.236726010810670573 21.930081946123454628 57.49439011882111572 -0.10638099220435204284 32.170156753837126473 21.968726384096640913 59.668740161771943065 -0.15775142873417649647 30.559143565073622284 20.64837132325908442 61.827744334000726667 -0.11649954528705776247 28.264350347383917494 20.522466583946258112 63.755974631952192055 -0.065352999434054495631 26.316018717065507104 19.556533956110214945 65.822609097540748735 -0.071254672223479378901 24.626888828381993335 18.96643304768905125 68.230641725012048937 -0.028811712172961405354 22.345379888946155233 18.365112423020573118 70.083512595847011539 -0.12322477038303765451 19.783091537300382612 17.667853055656639327 71.479402196244663514 -0.32448445016881355407 18.435560982028597721 16.147120228665905017 73.686557168337444068 -0.16297985569185924337 15.576603952570799549 15.778295656155403748 74.51742005604893393 -0.040863959621685458368 12.988799999999999457 14.70190000000000019 75.587299999999999045 -0.029439109783534433279 
-0.99144412240840340544 -0.039640570376748417158 -0.12436710707432548084 0.039950736967430941493 -0.99920165062701882253 0 -0.12426781867237320089 -0.0049685575821266959873 0.99223627361529342927 0 0 0 0 0 0 0 0 0 89.939899999999994407 20.661699999999999733 76.09919999999999618 -0 86.965567632774778417 20.78155221090229432 75.726396543982872345 -0.013642591892882039925 84.007682813484251483 20.943701383390802562 75.252450302948204808 -0.061388820067548331705 81.313647426546410202 21.398106702285890179 74.013221052340554706 -0.11733517444653476791 79.0538098737755206 22.703067514143498329 72.533284732721114096 -0.13053342552624824791 76.492565424339673541 22.724185108973195213 70.971368949863460784 -0.13435938342121184208 74.545436572496868166 24.036570774323532618 69.104196463407120632 -0.11076561230676025549 72.150802588834864082 24.800758721376617189 67.466593074523458995 -0.11211449851525012722 70.355511482400174827 25.824561861256103867 65.292022549924311647 -0.099891346055430291218 68.236118884934100493 26.771681932047208363 63.391722946879660583 -0.13145529067082548091 66.305680032456493223 28.105978301451184365 61.522750227022036995 -0.16586499233679299903 63.965968242865486104 28.492740277453272313 59.685316171594699597 -0.2533803554560857263 62.620374481815701984 30.161217648101562361 57.58637341732050885 -0.17941866556028568391 59.856730220608625359 30.298329110061505531 56.427291525621370738 -0.15229261004821012526 57.330552165268727549 30.944481656353261201 54.943744660660811974 -0.16067032121614954754 54.64248956308117755 31.396202057455298018 53.690641272288395669 -0.17900593523274976882 51.719842874933263488 31.37321488542353265 53.014174053179125679 -0.1943878016125446806 48.748937075839791078 31.640194271508736534 52.694110449340861635 -0.19874389515760643166 45.772680466167514624 31.277352182714302842 52.795314113134480749 -0.24964845079779027226 43.151125775030628517 30.193812520069794658 53.771732450394402747 -0.24901058905421438738 40.223489590645819192 30.095166012657681875 54.419200754060724989 -0.26199400027604857755 38.056488683250776717 28.789030450408905182 56.031068278915583392 -0.2570568254956777654 35.925467865527821232 27.434540227562287384 57.650977676969638708 -0.27082011575900910572 33.902689971681802206 26.063448980282188927 59.391230051190547101 -0.28538086189606870491 32.241979198416132135 24.622438764609114514 61.432192869991219197 -0.29871441301672513324 30.192682321504104692 23.375022237575166173 63.233396429828687246 -0.31420700674300661159 28.207381581156894867 22.099260962018625776 65.085696106433090335 -0.36353809890592736487 26.908923334341828593 20.09981336183220435 66.906744002502605895 -0.38013220889474075292 24.536691324462736929 19.68365703948049017 68.695410873769745308 -0.36531684235027395147 22.438752341548045877 18.316679310748973819 70.347689264980672874 -0.37803552195499384725 20.151557041882348642 16.70891419139168832 71.435728304233762742 -0.42326047219839152413 17.930855106322500347 15.497250035751212849 73.048289266647245199 -0.42580872643738898464 15.243402701630060392 14.254176004393942279 73.530333362878550929 -0.43096711535866039089 12.960699999999999221 12.536699999999999733 74.446600000000003661 -0.43656294057297834188 
