34
-0.98464321376458552315 0.15312479398427369937 -0.083848309789896505184 -0.15366592391035591159 -0.98812285867131766093 1.7347234759768070944e-18 -0.082852431564350764726 0.012884627992186188303 0.99647853009755193998 0 0 0 0 0 0 0 0 0 95.729299999999994952 24.714300000000001489 74.938599999999993884 0 92.775370358706240381 24.253302228268932339 74.690042705306936455 0.0036892741427623303684 89.906302132210043965 23.540535936837454045 74.179737183971212744 0.11986932021697643824 87.325932984667105075 23.497002835788340036 72.650096725999461 0.058721450700080328466 84.683750045097738735 23.233610602083317076 71.253853966254524721 0.12022858372801428772 82.29577477248345474 21.915013253282438654 70.005304756934307875 0.04707074713057109866 79.853578334011629636 21.137343215486218639 68.446168500192555939 0.10519454838134806307 77.397841555095780564 21.197231878202497768 66.724027327266142606 0.10560089644337986026 75.271889846150500603 20.878166336353277899 64.631534433649264315 0.075337374060449768809 72.67783371223495692 20.359659928602528822 63.216605503392727883 0.071246485766910894188 70.185894880910225879 19.680644420315438481 61.69044076825145595 0.10339526426807998938 67.716709525056216989 19.688236071388271142 59.986602148092785569 0.043193557378905060584 65.002980339289862854 19.361655146269374228 58.750067149041129255 0.14576645819296940587 62.130517171364850526 18.596710745921225083 58.345325983104629586 0.14155937173755758773 59.305751612920069249 19.153527779997762792 57.502322822864314844 0.1126063709297398796 56.320388464229523606 18.894562932349000306 57.645654868249359026 0.056144465252431087487 53.355132531947162988 19.348746678514977759 57.676869881588928024 0.078018409390680970583 50.462248429620885304 20.067820804969791482 58.014736669953222759 0.092395438960952397389 47.722588405710894222 19.989601388230873624 59.234632022325094169 0.063619394692650405032 44.942938401098508905 20.413058419097183105 60.280686508569310433 0.10974034966248893963 42.217433950433587597 21.167709094358052369 61.281749863252954924 0.13052937352750645927 39.727457458177184435 20.958380645020682209 62.941930172540985211 0.077055684158026216402 37.120122874361683785 21.498666351967784749 64.323920661691460054 0.09357769449095390546 34.415313723761720155 22.386145489168953304 65.270698474710556525 0.11331050992464244964 32.028776188758335763 22.329330809509105649 67.087621882750084978 0.093559385781506493318 29.295398259100132066 23.210186151207064853 67.955227172975995131 0.084258158043308856167 26.626552810913381109 23.258107781123410263 69.324521685662901405 0.08825748120386397999 23.820288493103433325 23.669363826595390066 70.302145850274541772 0.090597199202653050376 21.159904365867735265 23.420457796299825048 71.666111406775485193 0.095660557408445923144 18.384828971341573123 23.415477717325313023 72.805818255934894978 0.098715746218814542923 15.583298433145287731 23.188100756815320125 73.854496616972639345 0.10368190701361740258 12.700192599544324779 23.35281149356119812 74.66725184829952866 0.10629379913658951184 9.7388633673328133256 23.319479802962312931 75.146227992404178053 0.11017960966629965214 6.7794400000000001327 22.966499999999999915 75.488600000000005252 0.11805677257160904214 
-0.97198308974555402973 0.015399072214375026171 -0.23454582030729589914 -0.015840954607142517657 -0.99987452420647993101 -4.336808689942018699e-19 -0.23451639048437594726 0.0037154296927828789343 0.9721050654000203961 0 0 0 0 0 0 0 0 0 95.691000000000002501 24.460499999999999687 75.260499999999993292 -0 92.775050730763339857 24.412977136178572124 74.556950828546860066 -0.010974359661140201117 89.868185259733238013 23.883831577658082068 74.037202705579076678 -0.10709140721879545355 87.252490402437899775 23.46303567136053303 72.629697388017874005 -0.11286810404608688119 84.583131297180244701 22.700676780602446314 71.492450322041719346 -0.13336094488843497352 82.204984951393768711 22.942602836305930225 69.679747439098761674 -0.11476697916682039591 79.678991482076341413 22.49820627733257794 68.123512016157903304 -0.14765470950297188146 77.578164930924955911 22.786440123403242097 66.001378878889596535 -0.16420213044305920214 75.089545806309672571 22.209361535332355686 64.428561293721543279 -0.18350917307401665157 72.749990146451864348 22.846214314639791354 62.66195498430115407 -0.15286279264508176312 70.254849567229385343 22.345322337915849431 61.07343972836066115 -0.12242170776942691568 67.627367557240020801 22.31504999424001312 59.625882519329238107 -0.13865471660406614163 65.01578805166678876 22.792729985867243414 58.228930725984092476 -0.16949632138844461515 62.328042028341130276 23.454147655012384632 57.071974381730782966 -0.1962426748763052009 59.389483374433361007 22.882915667098085777 56.875589414345398609 -0.17979431454658381662 56.421479432807736032 23.310695512433003529 56.786387345965898987 -0.18453919319479761274 53.477806929352311727 23.887401717715071925 56.833314400865752702 -0.23076373981634812349 50.730376804179265093 23.458884319195490775 57.959369706292704905 -0.21743222844150103534 47.880301066727270154 24.24588442876257588 58.467010450112823605 -0.21424420073014233123 45.136777898567416401 24.379007813455000786 59.67339297625932204 -0.22961090744103057615 42.556436626926789302 24.02957058412317437 61.163269668042680394 -0.23665038981713537591 39.905120392506816529 24.099534479042933555 62.565277975216211814 -0.24859539083342094279 37.276071966067533481 24.171820968919718098 64.008496271949240963 -0.2599531271114189912 34.536309809722553155 24.698680880156512529 65.111275479143998268 -0.27619942672859743027 32.053951740918655844 24.268540122984646246 66.740041076047347701 -0.28075418403598678685 29.480135685005269153 23.967495622207049877 68.251610837904223672 -0.29622597351723528591 26.645876746042961969 24.465355523752052136 69.099615446453711343 -0.29934099508644052001 23.92449807309361276 23.957193317141594946 70.255413581295343306 -0.3101643651639706678 21.147139912897191749 23.508176757472053708 71.29688649283123425 -0.3214422460803461612 18.370886302846180627 23.001134683608643883 72.314395353044147896 -0.33492915519118454659 15.555275571259022271 22.459257930684788818 73.196838467197920863 -0.34633848472967976306 12.633412870886376211 22.114983931057356159 73.783518817021729319 -0.35545841008775186376 9.6650422662149129138 21.858485113877641481 74.134210049226666683 -0.36340199166536779618 6.7766200000000003101 21.135200000000001097 74.50010000000000332 -0.35117950915552742508 
-0.9828049662376666662 0.040531527174499835942 -0.18014325866787683772 -0.041205635520993398602 -0.99915068713448373927 8.6736173798840354721e-19 -0.17999026068065418493 0.0074229174582325675724 0.98364038467140946231 0 0 0 0 0 0 0 0 0 95.748999999999995225 24.479800000000000892 75.189499999999995339 -0 92.800585101286998224 24.35618309343702137 74.6495292179580332 -0.024062504515531508292 90.065037190164559888 24.766422987399696609 73.488288133922125667 -0.18471149195255792685 87.251875902957678477 23.905727794018233112 72.900642529814064119 -0.10291434843914490371 84.753438002492075043 23.898571487049025563 71.239993004927740117 -0.095474354819514398174 82.297889516811693511 23.930921417625601322 69.516846140579374946 -0.16120353971766546164 79.576943857072691912 23.71787449753468735 68.271428248392552973 -0.18923730122428700229 77.416873627996167784 24.051226144737089641 66.216440831331112804 -0.21947299540143280772 74.773174455447502851 23.878471093249963531 64.808957127461113146 -0.25515602119444980023 72.739518648610541618 25.017298142372588643 62.920222892394789937 -0.23359871950426158715 70.141569023775389269 25.320428723676855043 61.450947698159048116 -0.26280880061812977866 67.890700889382230798 26.213239952063577931 59.679936475553247988 -0.26869252093203266352 65.066004021199276508 26.395729248913053056 58.686062611564892677 -0.31344925277681445763 62.106412718941371054 26.735916283603710752 58.332378992191081579 -0.36563892891104637917 59.526624840868180399 27.759324398385288646 57.193374895759383492 -0.33687088069960546832 56.577900781318035683 28.224272989946733503 57.491450764522284089 -0.37109760715120138075 53.677588339519310523 27.761150804465387409 58.102765393183368303 -0.38174741651358995442 50.810803630767338745 28.219844933051874136 58.858506831759484612 -0.40566364377274410913 47.924955587560759795 28.616296521379911866 59.575937803812877291 -0.45013395353257573683 45.306640619703536288 28.091911528835129985 60.943215060432414987 -0.47387627136083948498 42.482495631269934222 28.473308907933922995 61.880626980608724352 -0.47726088253569648456 39.919007997139878796 27.847408711388176528 63.307785021490921906 -0.51056258545887778233 37.581358341558185998 26.832759899001192849 64.890782763254662768 -0.53154371805311051435 34.800166635008409344 26.66995325538740147 66.003646931815168841 -0.54928580799663806467 32.339535009176621827 25.892414075955603181 67.533589672216905342 -0.57007451801512232237 29.545167336068871577 25.554037589832066857 68.571380892205468172 -0.59239195943908495856 26.902193577429802218 24.901495523992437597 69.831888136182570292 -0.6154878284953000378 24.124699535718846732 24.093704199264873722 70.627501087141126845 -0.63821014110442808587 21.285675275409356999 23.419035491208248345 71.323750557450878773 -0.66293186769706724526 18.629721489806655654 22.305608656154728209 72.164101741552272529 -0.68674077787988696553 15.77033123310095597 21.547438215708556442 72.663165750741612214 -0.71146985322441314015 12.778234838115945848 21.346038839304270596 72.745612087677073987 -0.73469806943454363246 9.9855945571356627966 20.315846626208873715 73.119596362360681496 -0.7591706044416670629 7.0146199999999998553 19.899699999999999278 73.108099999999993202 -0.77000014449727660626 
-0.97054091431287925484 -0.077711383157499730467 -0.2280598048154663382 0.079814730721707721761 -0.99680971542206664449 3.4694469519536141888e-18 -0.22733222913731701564 -0.018202531909791666576 0.97364712572242084754 0 0 0 0 0 0 0 0 0 95.732699999999994134 24.265000000000000568 75.196200000000004593 -0 92.821077257061361365 24.50444419216512415 74.514203312588051631 -0.038757891035934251278 89.926497136336976723 24.780846397256713232 73.775956913538919935 -0.15166612421199301974 87.136534840523538037 24.172099684460146563 72.856425604903819249 -0.17524309200212603854 84.633161660754510081 24.549157027630108985 71.246782637432190199 -0.21241342005217883626 81.85409036965820917 24.160330261772095639 70.185850733348445374 -0.24081742039083317564 79.751036080405256712 25.100448609012101286 68.264044252570471372 -0.23417798485982305179 77.197105110766216285 25.407725469652771011 66.720341712207883234 -0.26796249672024807786 74.900725941518487616 26.41224425916259122 65.071831866190279925 -0.31242570684224474364 72.25849434483593825 26.962459038038549153 63.761917408522414519 -0.3793398145604742755 70.284980520218780953 28.504338907118910384 62.110297097095624963 -0.41240226553338810156 67.450889741043454251 28.718725129442123745 61.1501054481594295 -0.45149315225453678924 65.157970170900824769 30.386317019395214345 60.16946426363296041 -0.4885849969645815194 62.176979952811713304 30.326159169561908158 59.837683686134361949 -0.51258624381710227169 59.551658952781203027 31.720832579816089947 59.434476886219648861 -0.5323429334735004792 56.585920880867469407 32.167732675242795892 59.502872721654000543 -0.5737205048215683334 53.62181319579708827 32.374727151237770784 59.916658794111846476 -0.61527741221261889049 50.875309975769319237 32.102618717507596102 61.092531685543086439 -0.65017426993517490885 48.004512794353061622 31.854015410190193336 61.927229194471870244 -0.68743058229204567766 45.267795734146048403 31.620850668330401589 63.133883215645703046 -0.72497869409057646983 42.686379384812163096 30.61635439000751191 64.285958234049900284 -0.75903196984211829257 39.954193792703499355 30.043169227875115013 65.384421091138051452 -0.79679728191886012301 37.33149488166959884 29.183387079490973548 66.560101773215691878 -0.83975735266802886692 34.46338233479115587 28.532184511030639129 67.151596167713506702 -0.89356560138971574681 32.336839027908844457 26.984985357436261921 68.595198718711415609 -0.92493322993755688888 29.493853622532675729 26.413181692720808513 69.363622123481533777 -0.96321878033277286146 26.779568581632990032 25.415368886170536911 70.161761388607658319 -1.0015675346395529477 24.026946426185887162 24.340429268815153563 70.67903892268503796 -1.0401482903988938933 21.246572195466594479 23.239203121843704736 70.917408514767359407 -1.0787660241269323436 18.427693893044374107 22.227664661031639071 71.092665483318114639 -1.1183677388868766833 15.602212107429878074 21.225739264919997851 71.205794271214756463 -1.1572280392827802853 12.680734534970852678 20.54885444670753003 71.123358374871287424 -1.1960475286119607308 9.7313872222610697804 20.012356831295530668 71.00707979791260982 -1.2342838049699491609 6.7804700000000002191 19.940699999999999648 70.471400000000002706 -1.2402525131499422262 
-0.96270974097706230044 -0.11548987797473118933 -0.24464677131174139557 0.11910934025321304186 -0.99288114347309686103 -3.4694469519536141888e-18 -0.24290516604700301828 -0.02913971552602021009 0.96961227162548879743 0 0 0 0 0 0 0 0 0 95.644700000000000273 24.425100000000000477 75.164699999999996294 -0 92.756570777068816369 24.782428020759638798 74.435984501858982298 -0.052045745052686970267 89.792959074987606982 24.636587808687764323 73.99356353510280826 -0.12628047317898899449 87.064917835781912459 24.380364535436179096 72.772031451435751137 -0.22156367867619727874 84.611764502512386343 25.448183086693759947 71.414901293695479012 -0.26267965948775018337 81.772089347370837231 24.867125994836218439 70.641197429637230698 -0.2937515274394232323 79.643149689405674962 26.229849447541504048 69.025462078733212934 -0.31878212259959071151 76.933273515973482404 26.475639407909774548 67.762070445075792691 -0.35274888220150413254 74.718257551128033356 27.974456337462061839 66.402933922468491801 -0.38549605889999061237 72.163850779386194745 29.071688522753522221 65.275508724984163678 -0.44094035621474569897 69.812695066088750195 30.506512192212852597 64.086665653238711116 -0.49231350230331144546 67.046883575413218637 31.546705674021708887 63.568703957491109691 -0.54622651696227186857 64.536060530455046091 32.982111761324937049 62.771598568466608015 -0.60907246994041663868 61.598308385881104243 33.533691074911892827 63.027279223929042473 -0.6714645918407247116 58.991660931006130397 34.927610182791937632 62.515050206527050136 -0.70140659015048623104 56.147963397417996134 34.905043002786655393 63.470495160018586489 -0.73652850091652100062 53.268293526789761927 34.878738015390830185 64.311214781995929002 -0.79384084312794289673 50.327298864097741671 34.846578341752127983 64.90241368932707644 -0.84459848117957159186 47.678656358391002357 34.183181346207817342 66.145231979153038537 -0.88856592122273869716 44.895703653561376711 33.448480858309331154 66.991038951007183755 -0.95226155765508502249 41.936941792588022793 33.155254928883877596 67.390722328013396236 -1.0262386113463006776 40.231822966861976454 31.111766521834297805 68.775180675628647009 -1.0557856789386237395 37.320405075419536445 30.506212881300001527 69.171350640835385093 -1.1068669491147353767 34.678252430043308152 29.161526803787477746 69.63053332498721204 -1.1647695717986890074 32.340446733062890416 27.568342434954040243 70.628745762405216624 -1.2149761046312987922 29.527584442530837805 26.540850353281530971 70.807814825974347173 -1.2653456470849371307 26.812622494298395281 25.382679725810632476 71.344119200759280375 -1.3169889668813608008 24.045146890447600896 24.231618068741884287 71.217092427803223131 -1.3680501585129467568 21.240507677831590883 23.179536977213743398 71.052398122470791009 -1.4201455305833963205 18.448817312574178118 22.112076774040840377 70.793566972311253949 -1.4721546814423265293 15.672036008289914832 21.022539608626416907 70.473575885933115615 -1.5230941874555539162 12.808118312625484947 20.310863441938654006 69.933675518583171993 -1.5751973952016473657 9.8482757286309627887 19.97510511781441167 69.577869116587365284 -1.627056641821256866 6.8696099999999997721 19.75 69.300600000000002865 -1.6654638416862528327 
-0.9887433208121833017 0.066841465960772658561 -0.13386136103263976405 -0.067448497812165775223 -0.99772275715395108975 -1.7347234759768074796e-18 -0.13355652620586583312 0.0090287477167435362113 0.99100006862890244186 0 0 0 0 0 0 0 0 0 95.720200000000005502 24.652400000000000091 75.034400000000005093 -0 92.75397003756346237 24.450054506563503764 74.633730421382409759 -0.068118468125806172497 89.789287114352745789 24.643494938813891082 74.217514174701847196 -0.2452781739452363774 87.298572379082102657 25.339632835981930725 72.697076035332798938 -0.24845862453962702654 84.34794487184854006 25.426936993043721458 72.162122488063232595 -0.30368666596603771657 81.532372900433998097 25.401522150454074023 71.126792318703706997 -0.37787824521447382908 79.261882387704602593 27.022991308969185553 70.02419964703108235 -0.42128015807365076784 76.853324894403399981 28.149923543537948234 68.635360368999329239 -0.50672900598579795339 74.048872284526524368 29.036496089893230277 68.044568799092530753 -0.57408678041182614749 71.731129393257077709 30.791948315402201786 67.305342599598731113 -0.63383161647045260789 69.133767658288022062 32.227569260952307673 66.866361371599509766 -0.7187195271461371826 67.044921709175127944 34.221083929530095702 66.05234548281715945 -0.7710381672662552921 64.160533776572080455 34.807301087309618026 66.632565870620496185 -0.82537302870671924726 61.231084020037549465 35.247620175370883544 67.106320263738084009 -0.89955131007487054706 58.654454986126644656 36.78370271139113612 67.068461781545096301 -0.9504993945706491365 55.917209342299699415 36.703108824115368236 68.293611124123046352 -1.0108669288848961543 52.962044305357323992 37.070775779167476571 68.656682213742755039 -1.086460197934316696 50.277309012481303796 36.176915634763219032 69.653281657765148793 -1.1561516130703728411 47.423429541925159469 35.987872344445435147 70.558618393684795933 -1.2352427475606753138 44.577854053372377052 35.0797742266638366 70.838006926411722475 -1.3149387544134936157 42.419071791109850267 33.271703406524729019 71.872675501538807907 -1.3767258528675136997 39.619425637883708191 32.194358261826671708 71.836497243379838551 -1.4451041799060393434 37.2987842928720994 30.397430846988829245 72.457525124556042329 -1.5095953617583630635 34.56009829139927092 29.180247601340909114 72.323122914136277473 -1.5784686809783243788 31.971274738364389378 27.664576865983320886 72.350231268286989916 -1.646545556846216396 29.344613676417203862 26.2172241255998415 72.273930895236063066 -1.7139556267577196191 26.575295785724840414 25.083231083839734765 72.061944471057529427 -1.7820413120755260739 23.820298303455221145 23.961940484512417981 71.671180715794193361 -1.850364943236803672 21.060932283220239469 22.950211402837506824 71.069264206719097388 -1.9193771261929681859 18.280070402955807651 22.033773569048257457 70.415850895647153607 -1.9894361375540396963 15.452252124328907712 21.525443632305403696 69.552691283356708141 -2.0577859943189480418 12.573248566755754752 21.189271070328455693 68.779175554005519189 -2.1244268445247449506 9.6580390881623063848 21.129665524401602283 68.073483762341055581 -2.1943702028103300172 6.6773699999999998056 21.112500000000000711 67.733900000000005548 -2.1797909800257673218 
-0.98919826305063185412 0.14283183928195747336 -0.032952421230407147323 -0.1429094503318225351 -0.98973576726612055854 0 -0.032614189909753420193 0.0047092124051401644189 0.99945692150039855406 0 0 0 0 0 0 0 0 0 95.746799999999993247 24.922599999999999199 74.879199999999997317 -0 92.779205210848104457 24.493871649004532287 74.781357430270730902 -0.07903149517772750654 89.971874837107549183 25.142562530630904405 73.94583584903776341 -0.21898946615081490985 87.039815224430711282 24.570917291374726688 73.669705177057338119 -0.26424005906362946217 84.403298916603290536 25.54785213794965415 72.623578959090110629 -0.33007993102729027424 81.487689925743566732 26.036934227317814816 72.113654531347023635 -0.42576156182087393498 79.215472193963151426 27.587233426910955814 70.916324597395970386 -0.50117510665661502145 76.281469583169823068 28.193248174573955822 70.760200272367825391 -0.56095540946836841556 73.9214806718306221 29.914015715819264329 70.075064222816664028 -0.62488187156993579841 71.478736417281908189 31.620374492747085782 69.726724977366401959 -0.70363109977790294636 69.00624052737474301 33.319154541528881452 69.696551834701580219 -0.78226000397413653076 66.577273572117704248 35.073168090151241927 69.850031473354604827 -0.86022108344449588202 63.978443809632921102 36.538100837218379979 70.166347628295270056 -0.93916657336394715472 61.308290773437434495 37.732194474759168656 70.832998320571931572 -1.0139552088642271865 58.50120581242020279 37.81995077635693292 71.887784009783828765 -1.090566722802210009 55.683891071833024 37.991125836817573713 72.904364920296941932 -1.1734057444901382361 52.793823530776407438 37.574079168320636768 73.592537631449133073 -1.2517463695539057245 50.045540010678074339 37.143607655889056218 74.715761547482202332 -1.3157659635516678609 47.720871171431852531 35.486391743882819583 75.637472024402015336 -1.3808225841945016565 44.798698841256090475 34.815179971183738417 75.535571969917540969 -1.452260194967854634 42.076710951109085102 33.598097443296424558 75.866467777210147005 -1.5234932630124213837 39.733275999277502422 31.727072513431373579 75.779414208212486415 -1.5934539467985793237 37.056701407783144475 30.497999298648426958 75.209039357748892485 -1.6700923302704788753 34.565410863475626968 28.826632943991086222 75.211470085039849209 -1.7475218504564569155 31.9490264228514107 27.545963978872723743 74.494239696220503788 -1.8257431136234352209 29.312973975658035641 26.21770917287733127 73.958547032560048251 -1.9046850567546100841 26.612443814228875283 25.030871318333726805 73.412147258523333448 -1.9838625054557836869 23.855695298560682716 24.424643031865375775 72.395867356320991348 -2.062903177897890572 21.098777044453463247 23.790990658702714455 71.39692473601905931 -2.1424470481779116504 18.291853133663149578 23.479605528584897911 70.38488846962088985 -2.2209816948371514655 15.490117719086974546 22.920336418642783372 69.469740027260314719 -2.3000205874136296913 12.613634374751830691 22.856410708961448108 68.620177190380616139 -2.3801117773587732174 9.6881976728195233761 22.795635844300715434 67.958265951166950458 -2.4588882618525707002 6.7488000000000001322 23.275300000000001432 67.597899999999995657 -2.5290078456873859025 
-0.98721537079263765868 -0.02003892918125917133 -0.15812733156549435565 0.020294256718280719726 -0.9997940503645001975 0 -0.1580947652991958885 -0.0032090766609668376283 0.98741872932002683338 0 0 0 0 0 0 0 0 0 95.789500000000003865 24.368900000000000006 75.254800000000003024 -0 92.827853887622097773 24.429782770154840676 74.78051570410241311 -0.096041616940987908912 90.044457559401209323 25.287136944159875895 74.061037629104532698 -0.26002912047302989551 87.068851235998607763 24.951094641063864543 73.879812413573489494 -0.30481853019321580867 84.274976030927845727 25.752397252294830565 73.136727314922438836 -0.39685756142741374086 81.306671694809594442 26.172213885277816559 73.023046344663427476 -0.49014049245840057845 78.736771955017303526 27.575456384733463722 72.369956905662476743 -0.57115478794014473696 75.942736467027970093 28.649599763711435685 72.171005420331312052 -0.67518650557572568172 73.354992912694015672 30.10194597249451931 72.611770422540004688 -0.76823908674843754962 70.758466310861706461 31.599193936096689583 72.739434598722326086 -0.86375166221947885514 68.496748704615015413 33.543665035992013657 73.06140604429131713 -0.9557588148789163407 65.769716214478819438 34.291707290215491355 74.063267603735070566 -1.0494527900335577364 63.369198517365099121 35.945316063402188433 74.772557961762487366 -1.1334514985048302904 60.803169623903066565 35.896481812313489002 76.3259770730512912 -1.2288591576674106065 57.966328484781627139 36.551699537416446617 77.049179732386932073 -1.3225768039323315683 55.35558986245666091 35.890400828917215392 78.370818059542983747 -1.4165750683141178357 52.452890229284378165 35.619542533993197253 79.078610846466403927 -1.5139638746359898036 49.982138136524341121 34.105228739790184989 79.854650688862520269 -1.606752786800342836 47.252605853316573814 32.960349760367890326 80.343430443712264832 -1.7079559185151254042 44.486841265651847266 31.812211963928280767 80.16363650387125972 -1.8051812798691355688 41.984911951180627909 30.182140394999265709 79.875163967697176304 -1.8980911941784532893 39.400962729678809637 28.846595704100774782 79.140639072326536052 -1.9936333672405019968 36.73907019534427576 27.739101761095778187 78.311310833044046831 -2.0918803143078528173 34.297467583519285483 26.21823843544823518 77.459517747143038946 -2.1873933123731106321 31.678625139583676429 25.262184391519447502 76.351535367326619053 -2.2823937187290330719 29.056388483757597641 24.157064968843201314 75.401490093588620311 -2.3751507003153333741 26.338160142257883933 23.380296319239395331 74.397565199785290702 -2.4714184816765261132 23.588033475681442042 23.053162238937876083 73.244401438864173315 -2.567435421394670847 20.82900489237551156 22.994904371460673786 72.067810027329656464 -2.6699431786975629244 18.057500767090555627 23.126430616839300569 70.926991993620816856 -2.762096034664321742 15.235274302755934528 23.294455016231538025 69.92359494186656832 -2.854647341879108069 12.384879749283269845 23.577702451937000205 69.031954969956188961 -2.9529964296975683702 9.5211307904581694572 23.945903267471276621 68.217479623220270923 -3.0590175377110737642 6.579839999999999911 23.561900000000001398 68.666200000000003456 -3.0733317421120984747 
-0.99501784253835456884 0.018303428960248998431 -0.09800243628918293981 -0.018391964663516405243 -0.99983085351264089358 4.336808689942017736e-19 -0.097985859521331986066 0.0018024573451691705203 0.99518617478408766264 0 0 0 0 0 0 0 0 0 95.816599999999993997 24.637899999999998357 75.102299999999999613 -0 92.831546472384928848 24.582724106009450793 74.808342421436009317 -0.11094689982918273796 89.837358237112809434 24.672673106268014465 74.644800411102295357 -0.22951284875591634882 86.853246326554724988 24.586810815192588819 74.348652184190228809 -0.35114244654078691221 84.173496858402387488 25.831585619435571743 73.829539022411722726 -0.44635543482154327322 81.199348047979000853 26.210396105112540255 73.724937543035139242 -0.55467414043701102067 78.458570062141149037 27.424405885362787672 73.844588225929044256 -0.67494258768615256194 75.529383608616996071 27.786875464006708825 74.38169391868930802 -0.78864646188810194616 73.212631105288920708 29.645612202293357029 74.803304611487533293 -0.88123533629726313876 70.499488377646045478 30.500324069139303163 75.756365031627865392 -0.99082970508809142807 68.092410590081840382 32.122507828537806063 76.514320423340876687 -1.0932282879996892966 65.539086165189715416 32.807027362871643561 77.932758786128346173 -1.2022101584311946088 63.000310147747676126 33.065026588001977359 79.510115034406567247 -1.3157698115998626154 60.309182053075907959 33.675850388419554804 80.686857939223401104 -1.4211453198617027827 57.894025869677470553 32.822752589464286643 82.248666108227922678 -1.5347874058916646245 54.959304413957326574 32.832042163397879619 82.871019451202556638 -1.6444535355740597105 52.549747998946536143 31.342079298765320061 83.857958430441968289 -1.759810530486711988 49.601797673053816595 30.787496769640590344 83.90298176644650141 -1.869094850240367256 47.193376693452862014 28.999845748060579353 83.964724945863949301 -1.9720576348332656824 44.584717894669154248 27.623878149118532122 83.415532399420328602 -2.083390067974117521 41.950594938801629041 26.326723221293683252 82.800076985716529521 -2.1931144827769282202 39.456188608384110239 25.094359929929922259 81.677928242754745725 -2.3017510472016500245 36.917786183081211959 24.217352801984066701 80.341002046544602422 -2.4117092026752162681 34.294027886901780278 23.668421708292768812 78.993943364912638572 -2.5230053129178182658 31.743518184915853197 22.892198572445057181 77.618306079130690023 -2.6343962191024221653 29.074105877177888857 22.549168218332049207 76.29295022113960556 -2.7445756681944235567 26.353094925258201187 22.227775154357814813 75.071145840426368068 -2.8558259500859337621 23.607026710670062641 22.303852680414284038 73.865607943428173598 -2.9661418966193053848 20.852926926004347052 22.687723159731778111 72.73974032924849098 -3.0794946620452501307 18.131330492308528335 23.381692681503086106 71.685549069962462454 -3.1934501183725405582 15.340691325271329504 24.077631791105716275 70.83231882351877573 -3.3043528244438897801 12.472522836496557019 24.673114548127319523 70.185009109608742506 -3.4142388461291268698 9.5635371324939928428 25.245768952206105951 69.726894345117344187 -3.5255168449969924716 6.6011199999999998766 25.714999999999999858 69.789400000000000546 -3.5503007945339026818 
-0.98196464570151953399 -0.14609735331376799694 -0.12000415804046597745 0.14716082735665819703 -0.98911257746108138811 0 -0.11869762206545224348 -0.017659911183474135549 0.99277338907375989319 0 0 0 0 0 0 0 0 0 95.692300000000003024 24.375699999999998369 75.130899999999996908 -0 92.746406062895445643 24.817182482069974014 74.774807133803633974 -0.12750788409637114906 89.755928618474214886 24.927779074324629249 74.56311620760126857 -0.27035645673021124757 86.800615155882567819 24.461858294359164034 74.784566348076836562 -0.39836299189310153679 83.966455730341508001 25.37349148557308709 74.415154280858629932 -0.51128603204302103258 81.000880572812363312 25.610380733524522157 74.801479881095886526 -0.63996560760586185257 78.246898527940032864 26.792165826852819777 74.93920021331015846 -0.76711511481238459087 75.420267290654280146 26.976142030810418504 75.927283511952367689 -0.89550331036951424935 72.859667202973440681 28.464001309851635568 76.406451496232449472 -1.0112764632484980698 70.329838882172495573 28.6884415785285114 78.003196696244842201 -1.1384013092885829632 67.819111544166659655 29.278276301352597955 79.535627195474162932 -1.2667143331538761597 65.216425860035229789 29.907897593336155495 80.888255843569226045 -1.3935711943632778098 62.718980730419758629 30.144848231341832445 82.533437359809624922 -1.5204631511141166733 60.074460431883345279 29.769463247937171246 83.899306499549524574 -1.6456353256020386233 57.672425700103680413 28.704480469873832504 85.347077487040763799 -1.7731533455386552234 54.903955874208492105 27.771063516833276452 86.028478703599645883 -1.9029721191967605698 52.226937998074731695 26.43840492308082446 86.268471134923103705 -2.0283064017787766353 49.618972867920668079 24.955692405460442984 86.277497453364333069 -2.1519847331432448989 46.858547826619009413 24.261241787381649715 85.329978621919124748 -2.2832988175516510942 44.569977160445645836 22.368978973270049693 84.903615213533385031 -2.4075652395798918803 41.954383640922927157 21.527974184159571536 83.698882256861537599 -2.5353369587094589654 39.396631135336029672 21.327320123039797295 82.144006028878351344 -2.6627940529789326796 36.860346283354886054 20.536057303382520445 80.750750014501434748 -2.7913646592325114248 34.272473459412523766 20.326116087690351719 79.247806582234815664 -2.9174982070632644593 31.644508678034402038 20.210258938536323825 77.805454939239879764 -3.0475149752356971433 29.03803250219238663 20.517903300436447722 76.352307689297418847 -3.1766077731476971557 26.374404135847171915 21.011845142934117092 75.063468899517701516 -3.3039449786490897587 23.640581073326607964 21.669673129442820425 74.017775898932640644 -3.4309820149330465533 20.87966110186676616 22.455840294404783464 73.146419397569403031 -3.5595348046223489469 18.109309437877655569 23.374448551524206863 72.452653887025235235 -3.6891241873898672488 15.308283379314609363 24.319933867634375702 71.942447463553747866 -3.8176274128742444525 12.459350796657547633 25.193131979249582031 71.594441347034333489 -3.9451027947146717345 9.5711864127594310503 25.973347055786362603 71.371347294943547013 -4.0722507512510626171 6.6284700000000000841 26.5113999999999983 71.596999999999994202 -4.0802522910838741055 
-0.95724136104929902213 0.084239229858436681653 -0.27675391388260972558 -0.087663285371663610124 -0.99615016357868768626 0 -0.27568845658520368946 0.024261157330416026345 0.96094082604011432647 0 0 0 0 0 0 0 0 0 89.14520000000000266 24.985399999999998499 75.276799999999994384 0 86.273475916852106593 24.722410143885007017 74.449734630244378764 0.0056643444108366147044 83.511417693098067616 24.434037665239966231 73.314888537894901788 0.050544559586975193466 81.138340346507916934 23.559946799110132787 71.701051803171850452 0.037231230700122242006 78.998982425540546615 22.852293027001099546 69.720553440261156197 0.068164539158112408268 77.055938704622832347 21.760821893169691066 67.71225271470406426 0.046555946080721929969 75.417049229410395128 21.204066658457520589 65.261933380428189366 0.080563139700976393875 73.794146903197713527 20.934486390824943669 62.753245583072349234 0.083093254858616238945 72.33336780674989086 20.005830649499149132 60.302996025388310386 0.066091496338778060737 70.571112521026719833 19.251358069623449865 57.995350604573552289 0.097036933250573109699 68.867625881757788875 19.226163252013968474 55.526039273374237837 0.066483007490696049979 67.078000860796237248 18.856061798996307743 53.146907674663992793 0.089069306749014809377 64.855160232519054375 18.200936444157516547 51.241706823732229736 0.13897050075744851738 62.360890180208173206 18.451811225133791794 49.593775172266639117 0.1311036870666185683 59.627368512111992516 17.734846477915503726 48.586888474161881391 0.11747237893099396477 56.718008252472451147 17.980203023062930612 47.897379207222940067 0.10430484932534525577 53.728019976064622654 17.776497929330428605 48.033299503128588981 0.093613146926749796206 50.818158716371890193 18.018719929429884985 48.72180218139052954 0.099033793602540165502 47.937914784047634953 18.584566861453438946 49.341489301526429756 0.10871397075965477663 45.321137303148020692 18.812418088685529227 50.790819982148413203 0.11991197555092683591 42.828242952900048124 19.34218000350513833 52.373485474643189264 0.17562756074302168785 40.863235847844009641 18.889057988108049813 54.594617507118918809 0.14813920973299138373 38.523904753550681335 19.93348404082362535 56.155612138459943594 0.11823789938468257099 36.351173662067637338 20.703772875088638727 58.075480545404836619 0.13376586394099734822 34.380312821657319944 20.70044060211543524 60.337271080403802159 0.13196496689525621937 32.165045339215268427 21.521145065182221146 62.186334124627364872 0.13544331117014565824 30.069798174005612168 21.574415929115435375 64.332750091339320875 0.14108078681768090878 27.935004172227777985 21.508074237778238569 66.439466331184192427 0.14668174617258683545 25.712446761526464911 21.456686813848509843 68.453814327541834928 0.16106868736474735937 23.336364669355766921 21.846480777849262012 70.243309931338473007 0.1596909959931429035 20.977448977359316018 21.696936103254856221 72.090782016524784126 0.1668311034161940043 18.363578023844485898 21.956237708415816456 73.54007193628537209 0.1710352455947549144 15.637924847739478551 21.981253658177504207 74.79314373919807224 0.17614856070790668729 12.800499999999999545 21.766700000000000159 75.743399999999994066 0.18125902114591335712 
-0.96740018804147442921 0.12304999983750035397 -0.22134943803251760919 -0.12617994922830491622 -0.99200736913227749447 3.4694469519536134185e-18 -0.21958027368154586778 0.027929860852656904213 0.97519455816913214186 0 0 0 0 0 0 0 0 0 89.194400000000001683 24.93609999999999971 75.245099999999993656 -0 86.292199435875573954 24.557560152315083712 74.586359178955362381 -0.0048061595085048232703 83.572721486468580565 24.403515627319464443 73.329096292455105299 -0.013957310079583864354 81.177976011881270324 23.985727651785236247 71.571072596090928641 -0.013630048014669082432 79.009819439421917764 23.648910232400837117 69.52518621095057938 -0.022130020446724789351 77.053851514807064405 23.045901144086226253 67.331885156591823716 -0.033273345976852761186 75.401471087801411386 23.289640878828322457 64.839851877504017352 -0.038547400057911518356 73.704332607077759576 22.929770337740407626 62.392360474260463832 -0.066800607891347230094 72.331394633640329062 23.362786180144489379 59.760338703933612692 -0.069325601542723047643 70.454912323548839481 22.942332381493987015 57.457724376418099155 -0.10322434676283104293 69.081516156394613404 23.607436472240426184 54.874815257901943255 -0.046586398238559076357 67.12745941859598986 23.686045402760289136 52.599846489064866262 -0.071112512787558687655 64.801402380899190803 23.453490247678345781 50.71958673185988431 -0.06535168804979407664 62.266422884849475849 23.744490289946568851 49.141867515069826311 -0.11692033370463610076 59.859856437102493487 24.625982755351511599 47.582569928736184295 -0.097575017228274926739 56.874642122049110071 24.615156021882985016 47.285285097330323367 -0.074288434946258752323 53.887601393333653732 24.844463688916125221 47.127153273590394633 -0.080360813931172975222 50.960253822103474874 25.199349306392285541 47.679142756769429923 -0.087548606748687751722 48.18883302373794919 24.985072640571790004 48.807554145209060437 -0.086395820226787073404 45.553935178333624378 25.127534991182354673 50.234795475375896956 -0.092085140548592306353 42.994387663690837087 25.107461891169144508 51.799504260344100715 -0.13680450865477505884 40.540839872896377472 25.569090394310606484 53.462935158736868857 -0.19357048325465106564 38.666067840546190837 24.71275030497523062 55.642823106986142534 -0.15006131407618306106 36.270805198308046613 25.072077379256722196 57.4130210940424206 -0.15070179397848343372 34.434083666580697525 24.347851630183718896 59.671770982363682378 -0.12500210604508998902 32.164585590710295548 24.605454279556663977 61.616769524443974149 -0.11359280473960198243 29.921617563961873998 24.261071702282478668 63.579037353280803302 -0.11730336091221790773 27.692955167105186121 23.749968272350255205 65.521159171637776808 -0.12307790263970569411 25.552897199485283153 22.899278409400469769 67.443782015274635455 -0.1262961868656950204 23.21099965368757978 22.259817889084633435 69.206338701055301499 -0.13358055093681417413 20.914530794713286355 21.395970731050223179 70.932606006110546559 -0.14230763670210075378 18.285952866273287754 21.116595650683994023 72.351241822446837659 -0.14429133410791442071 15.421218158364059292 20.884625573111438968 73.211174905105409039 -0.15246603281648474226 12.728600000000000136 19.99859999999999971 74.193399999999996908 -0.1537971042778527031 
