34
-0.98464321376458552315 0.15312479398427369937 -0.083848309789896505184 -0.15366592391035591159 -0.98812285867131766093 1.7347234759768070944e-18 -0.082852431564350764726 0.012884627992186188303 0.99647853009755193998 0 0 0 0 0 0 0 0 0 95.729299999999994952 24.714300000000001489 74.938599999999993884 0 92.775370358706240381 24.253302228268932339 74.690042705306936455 0.0039272302376950878749 90.111599999999995703 23.717199999999998283 73.977400000000002933 0.0078544604755846590682 87.528499999999993975 23.463799999999999102 72.75730000000000075 0.011347971328983701492 84.578599999999994452 22.974499999999999034 71.192800000000005411 0.015275201566776031026 82.157700000000005502 21.998100000000000875 69.845299999999994611 0.019202431804568362295 79.753299999999995862 21.349499999999999034 68.300499999999999545 0.023129662042360690094 77.509900000000001796 21.125599999999998602 66.672700000000006071 0.027056892280153017893 75.157899999999997931 20.804700000000000415 64.79600000000000648 0.030984122517945349162 72.72969999999999402 20.340900000000001313 63.236899999999998556 0.034911352755737680431 70.13599999999999568 19.839700000000000557 61.633200000000002206 0.0388385829935300117 67.79420000000000357 19.632500000000000284 60.209499999999998465 0.04276581323132233603 65.228899999999995885 19.326000000000000512 59.030599999999999739 0.046693043469114667299 62.024700000000002831 18.833100000000001728 58.277299999999996771 0.050620273706906998568 59.381300000000003081 19.033300000000000551 57.705100000000001614 0.054547503944699322898 56.421100000000002694 19.007999999999999119 57.649700000000002831 0.058474734182491654166 53.493200000000001637 19.368999999999999773 57.724400000000002819 0.062401964420283985435 50.448199999999999932 19.966200000000000614 58.15339999999999776 0.066329194658076323643 47.859000000000001762 20.037299999999998334 59.166499999999999204 0.070256424895868641034 44.722000000000001307 20.497299999999999187 60.371200000000001751 0.074183655133660986181 42.112900000000003331 21.022999999999999687 61.475200000000000955 0.078110885371453303572 39.757100000000001216 21.089200000000001722 62.865699999999996805 0.082038115609245620963 37.217399999999997817 21.53960000000000008 64.196200000000004593 0.085965345847037966109 34.856999999999999318 22.220400000000001484 65.138999999999995794 0.0898925760848302835 32.052599999999998204 22.358799999999998676 67.033299999999996999 0.093819806322622628647 29.095400000000001484 23.192799999999998306 68.070700000000002206 0.097747036560414946038 26.859100000000001529 23.256299999999999528 69.200199999999995271 0.10167426679820729118 23.944400000000001683 23.669699999999998852 70.246200000000001751 0.10560149703599960858 21.136900000000000688 23.414000000000001478 71.683400000000006003 0.10952872727379192597 18.650999999999999801 23.442099999999999937 72.708200000000005048 0.11345595751158427111 15.274800000000000821 23.16039999999999921 73.970699999999993679 0.1173831877493765885 12.438599999999999213 23.350400000000000489 74.711200000000005161 0.12131041798716893365 9.7388633673328328655 23.31947980296220635 75.146227992404206475 0.12540879974174623523 6.7794400000000001327 22.966499999999999915 75.488600000000005252 0.12567136760935454509 
-0.97198308974555402973 0.015399072214375026171 -0.23454582030729589914 -0.015840954607142517657 -0.99987452420647993101 -4.336808689942018699e-19 -0.23451639048437594726 0.0037154296927828789343 0.9721050654000203961 0 0 0 0 0 0 0 0 0 95.691000000000002501 24.460499999999999687 75.260499999999993292 -0 92.775050730763339857 24.412977136178572124 74.556950828546860066 -0.010597260098907296255 90.184899999999998954 23.945699999999998653 73.848500000000001364 -0.021194520197864115396 87.528499999999993975 23.463799999999999102 72.75730000000000075 -0.032272152550572238972 84.570300000000003138 22.914400000000000546 71.284099999999995134 -0.0428694126495042932 82.29420000000000357 22.835599999999999454 69.769000000000005457 -0.053466672748436347429 79.698700000000002319 22.631099999999999994 67.953000000000002956 -0.064063932847368415535 77.509000000000000341 22.631799999999998363 66.122699999999994702 -0.074661192946300469764 75.090900000000004866 22.450900000000000745 64.394000000000005457 -0.085258453045232523992 72.764799999999993929 22.618500000000000938 62.745100000000000762 -0.095855713144164578221 70.208399999999997476 22.442399999999999238 61.112699999999996692 -0.10645297324309663245 67.796099999999995589 22.435999999999999943 59.744900000000001228 -0.11705023334202871443 65.204800000000005866 22.78819999999999979 58.384500000000002728 -0.12764749344096076866 62.008099999999998886 23.249600000000000932 57.203299999999998704 -0.13824475353989282289 59.499099999999998545 23.061199999999999477 56.938000000000002387 -0.14884201363882487712 56.601599999999997692 23.319299999999998363 56.829200000000000159 -0.15943927373775693135 53.744799999999997908 23.759199999999999875 56.922699999999998965 -0.17003653383668898558 50.489699999999999136 23.615500000000000824 57.961300000000001376 -0.18063379393562103981 48.05700000000000216 24.142900000000000915 58.506199999999999761 -0.19123105403455309403 45.012700000000002376 24.310500000000001108 59.787799999999997169 -0.20182831413348514826 42.380899999999996908 24.088799999999999102 61.243699999999996919 -0.21242557423241720249 39.952700000000000102 24.112899999999999778 62.542400000000000659 -0.22302283433134928448 37.363100000000002865 24.236499999999999488 63.902500000000003411 -0.2336200944302813387 35.121299999999997965 24.617100000000000648 64.852299999999999613 -0.24421735452921339293 32.176699999999996749 24.288599999999998857 66.665899999999993497 -0.25481461462814547492 29.301400000000001 23.943699999999999761 68.360699999999994247 -0.26541187472707750139 26.873799999999999244 24.512899999999998357 69.00180000000000291 -0.27600913482600958337 24.171399999999998442 23.985399999999998499 70.17829999999999302 -0.28660639492494160985 21.305299999999999017 23.549600000000001643 71.237399999999993838 -0.29720365502387369183 18.666399999999999437 23.08230000000000004 72.246700000000004138 -0.3078009151228057183 15.394099999999999895 22.346699999999998454 73.351799999999997226 -0.31839817522173780029 12.3492999999999995 22.070199999999999818 73.881699999999995043 -0.32899543532066982676 9.66504226621497331 21.858485113877552664 74.134210049226979322 -0.33926761968598589947 6.7766200000000003101 21.135200000000001097 74.50010000000000332 -0.33911232316582584634 
-0.9828049662376666662 0.040531527174499835942 -0.18014325866787683772 -0.041205635520993398602 -0.99915068713448373927 8.6736173798840354721e-19 -0.17999026068065418493 0.0074229174582325675724 0.98364038467140946231 0 0 0 0 0 0 0 0 0 95.748999999999995225 24.479800000000000892 75.189499999999995339 -0 92.800585101286998224 24.35618309343702137 74.6495292179580332 -0.024382980129717929385 90.072299999999998477 24.486899999999998556 73.593999999999994088 -0.048765960259426616163 87.508600000000001273 24.083999999999999631 72.75539999999999452 -0.072206994078397507275 84.519099999999994566 23.915500000000001535 71.058599999999998431 -0.096589974208110815357 82.18380000000000507 23.889800000000001035 69.565799999999995862 -0.12097295433782412344 79.677700000000001523 23.843900000000001427 68.076499999999995794 -0.14535593446753741764 77.429100000000005366 23.982900000000000773 66.407799999999994611 -0.16973891459725076736 74.953000000000002956 24.15350000000000108 64.767300000000005866 -0.19412189472696406156 72.677400000000005775 24.865400000000001057 63.030700000000003058 -0.21850487485667735577 70.111500000000006594 25.435300000000001575 61.369300000000002626 -0.24288785498639064997 67.840000000000003411 26.048799999999999955 59.921999999999997044 -0.26727083511610399968 65.16899999999999693 26.408000000000001251 58.872900000000001342 -0.29165381524581729389 61.940800000000002967 26.927700000000001523 58.164000000000001478 -0.31603679537553058809 59.502400000000001512 27.603000000000001535 57.544899999999998386 -0.34041977550524393781 56.680399999999998784 28.015100000000000335 57.603200000000001069 -0.36480275563495723201 53.653799999999996828 27.939599999999998658 58.155599999999999739 -0.38918573576467052622 50.619199999999999307 28.220300000000001717 58.931699999999999307 -0.41356871589438382042 48.235500000000001819 28.416599999999998971 59.630899999999996908 -0.43795169602409711462 45.130200000000002092 28.23720000000000141 60.939799999999998192 -0.46233467615381046434 42.505299999999998306 28.23300000000000054 62.015500000000002956 -0.48671765628352375854 40.035699999999998511 27.758800000000000807 63.31260000000000332 -0.51110063641323710826 37.550300000000000011 27.014500000000001734 64.766800000000003479 -0.53548361654295040246 35.252899999999996794 26.663000000000000256 65.853300000000004388 -0.55986659667266369667 32.326099999999996726 25.944900000000000517 67.466300000000003934 -0.58424957680237699087 29.375099999999999767 25.475500000000000256 68.673699999999996635 -0.60863255693209028507 27.181799999999999073 24.956099999999999284 69.661600000000007071 -0.63301553706180357928 24.281900000000000261 24.143200000000000216 70.576899999999994861 -0.65739851719151687348 21.376899999999999125 23.438800000000000523 71.302099999999995816 -0.68178149732123027871 18.856300000000000949 22.368900000000000006 72.122100000000003206 -0.70616447745094357291 15.57099999999999973 21.490600000000000591 72.700900000000004297 -0.73054745758065686712 12.591400000000000148 21.281400000000001427 72.769199999999997885 -0.75493043771037016132 9.9855945571356645729 20.315846626208863057 73.119596362360667285 -0.77968104374877011953 7.0146199999999998553 19.899699999999999278 73.108099999999993202 -0.78025536415082585862 
-0.97054091431287925484 -0.077711383157499730467 -0.2280598048154663382 0.079814730721707721761 -0.99680971542206664449 3.4694469519536141888e-18 -0.22733222913731701564 -0.018202531909791666576 0.97364712572242084754 0 0 0 0 0 0 0 0 0 95.732699999999994134 24.265000000000000568 75.196200000000004593 -0 92.821077257061361365 24.50444419216512415 74.514203312588051631 -0.038949347477538684426 90.070700000000002206 24.571300000000000807 73.724500000000006139 -0.07789869495508935926 87.519499999999993634 24.376100000000000989 72.825100000000006162 -0.1167915379515400004 84.530900000000002592 24.440200000000000813 71.291799999999994952 -0.15574088542908468003 82.029799999999994498 24.427600000000001756 70.034800000000004161 -0.19469023290662937353 79.498800000000002797 25.052700000000001523 68.207499999999996021 -0.23363958038417403928 77.297899999999998499 25.540900000000000603 66.75549999999999784 -0.27258892786171873279 74.874200000000001864 26.341499999999999915 65.165300000000002001 -0.3115382753392634263 72.475099999999997635 27.111000000000000654 63.77020000000000266 -0.35048762281680811981 70.11029999999999518 28.274200000000000443 62.252299999999998192 -0.38943697029435281332 67.71139999999999759 28.879500000000000171 61.253000000000000114 -0.42838631777189745131 65.181299999999993133 30.10519999999999996 60.310299999999998022 -0.46733566524944214482 61.985700000000001353 30.600600000000000023 59.816400000000001569 -0.50628501272698678282 59.417099999999997806 31.556300000000000239 59.545999999999999375 -0.54523436020453142081 56.623499999999999943 32.075099999999999056 59.608899999999998442 -0.58418370768207616983 53.512199999999999989 32.256100000000003547 60.132800000000003138 -0.62313305515962080783 50.588000000000000966 32.064399999999999125 61.140000000000000568 -0.66208240263716544582 48.15910000000000224 31.834900000000001086 61.976599999999997692 -0.70103175011471019484 45.160699999999998511 31.384100000000000108 63.19579999999999842 -0.73998109759225483284 42.518700000000002603 30.654499999999998749 64.326400000000006685 -0.77893044506979958186 40.046599999999997976 29.999700000000000699 65.347800000000006548 -0.81787979254734421986 37.485300000000002285 29.258600000000001273 66.351299999999994839 -0.85682914002488885785 35.242199999999996862 28.628000000000000114 67.039400000000000546 -0.89577848750243360687 32.317300000000003024 27.110600000000001586 68.500799999999998136 -0.93472783497997824487 29.378099999999999881 26.332599999999999341 69.397300000000001319 -0.97367718245752288286 27.139800000000001035 25.541199999999999903 70.049199999999999022 -1.0126265299350676319 24.253499999999998948 24.43019999999999925 70.651499999999998636 -1.0515758774126122699 21.320399999999999352 23.25969999999999871 70.917000000000001592 -1.0905252248901569079 18.837700000000001666 22.384799999999998477 71.075199999999995271 -1.1294745723677015459 15.673899999999999721 21.145700000000001495 71.262399999999999523 -1.1684239198452464059 12.474399999999999267 20.479700000000001125 71.118799999999993133 -1.2073732673227910439 9.731387222261087544 20.01235683129572962 71.007079797912496133 -1.2465370172329170995 6.7804700000000002191 19.940699999999999648 70.471400000000002706 -1.2463791192814297482 
-0.96270974097706230044 -0.11548987797473118933 -0.24464677131174139557 0.11910934025321304186 -0.99288114347309686103 -3.4694469519536141888e-18 -0.24290516604700301828 -0.02913971552602021009 0.96961227162548879743 0 0 0 0 0 0 0 0 0 95.644700000000000273 24.425100000000000477 75.164699999999996294 -0 92.756570777068816369 24.782428020759638798 74.435984501858982298 -0.053244747295122026032 90.069299999999998363 24.655400000000000205 73.855199999999996407 -0.10648949459027580444 87.475800000000006662 24.571600000000000108 72.893100000000004002 -0.15986071203020577047 84.403999999999996362 25.237700000000000244 71.429599999999993543 -0.21310545932534366576 81.885599999999996612 25.185300000000001575 70.49809999999999377 -0.26635020662048158879 79.350200000000000955 26.132200000000000983 68.969499999999996476 -0.31959495391561942856 77.034199999999998454 26.732800000000001006 67.760900000000006571 -0.37283970121075737936 74.554699999999996862 27.972500000000000142 66.409000000000006025 -0.42608444850589521913 72.093999999999994088 29.18469999999999942 65.254199999999997317 -0.47932919580103316992 69.660499999999998977 30.446300000000000807 64.253200000000006753 -0.53257394309617112071 67.248500000000007049 31.530300000000000438 63.604300000000002058 -0.58581869039130896049 64.706900000000004525 32.711100000000001842 63.023299999999998988 -0.63906343768644680026 61.439100000000003376 33.726399999999998158 62.923499999999997101 -0.69230818498158464003 58.970100000000002183 34.595300000000001717 62.849200000000003286 -0.74555293227672270184 56.236100000000000421 34.853999999999999204 63.456400000000002137 -0.79879767957186054161 53.240299999999997738 34.855499999999999261 64.277900000000002478 -0.85204242686699838139 50.256799999999998363 34.674199999999999022 65.081999999999993634 -0.9052871741621364432 47.84380000000000166 34.194600000000001216 65.997399999999998954 -0.95853192145727428297 44.905900000000002592 33.508099999999998886 66.899500000000003297 -1.0117766687524123448 42.295499999999996987 32.923799999999999955 67.495699999999999363 -1.0650214160475504066 39.845399999999997931 31.240100000000001756 68.668199999999998795 -1.1182661633426880243 37.389299999999998647 30.387699999999998823 69.166600000000002524 -1.1715109106378260861 35.070999999999997954 29.303000000000000824 69.618999999999999773 -1.2247556579329637039 32.304299999999997794 27.640999999999998238 70.534199999999998454 -1.2780004052281017657 29.333100000000001728 26.444900000000000517 70.871600000000000819 -1.3312451525232398275 27.098600000000001131 25.505400000000001626 71.238799999999997681 -1.3844898998183774452 24.195499999999999119 24.298600000000000421 71.220100000000002183 -1.437734647113515507 21.18159999999999954 23.156099999999998573 71.043199999999998795 -1.4909793944086535689 18.68469999999999942 22.202300000000001035 70.816800000000000637 -1.5442241417037911866 15.534700000000000841 20.979700000000001125 70.451899999999994861 -1.5974688889989292484 12.462099999999999511 20.28130000000000166 69.896600000000006503 -1.6507136362940673102 9.8482757286309450251 19.975105117814603517 69.577869116587365284 -1.7037927853375753884 6.8696099999999997721 19.75 69.300600000000002865 -1.7038319134444128711 
-0.9887433208121833017 0.066841465960772658561 -0.13386136103263976405 -0.067448497812165775223 -0.99772275715395108975 -1.7347234759768074796e-18 -0.13355652620586583312 0.0090287477167435362113 0.99100006862890244186 0 0 0 0 0 0 0 0 0 95.720200000000005502 24.652400000000000091 75.034400000000005093 -0 92.75397003756346237 24.450054506563503764 74.633730421382409759 -0.067627184773260726192 90.067800000000005411 24.73989999999999867 73.985500000000001819 -0.13525436954652539367 87.39879999999999427 25.172100000000000364 72.965000000000003411 -0.20269909593930296454 84.284599999999997522 25.453700000000001324 72.0257000000000005 -0.2703262807125656475 81.729299999999994952 25.806400000000000006 71.102400000000002933 -0.33795346548582833046 79.084500000000005571 27.023099999999999454 69.907300000000006435 -0.40558065025909106893 76.720500000000001251 28.121300000000001518 68.841200000000000614 -0.47320783503235375189 74.324200000000004707 29.173899999999999721 68.101900000000000546 -0.54083501980561643485 71.803600000000002979 30.690400000000000347 67.399500000000003297 -0.60846220457887911781 69.253100000000003433 32.293100000000002581 66.834599999999994679 -0.67608938935214180077 66.99809999999999377 33.860799999999997567 66.358199999999996521 -0.74371657412540448373 64.340400000000002478 34.711599999999997124 66.612600000000000477 -0.81134375889866727771 61.130400000000001626 35.466200000000000614 67.05329999999999302 -0.87897094367192996067 58.662700000000000955 36.485599999999998033 67.282099999999999795 -0.94659812844519264363 55.938899999999996737 36.72710000000000008 68.153499999999993975 -1.0142253132184551045 52.941499999999997783 36.847000000000001307 68.775099999999994793 -1.0818524979917178985 50.093099999999999739 36.249699999999997146 69.68210000000000548 -1.1494796827649806925 47.675300000000000011 35.895299999999998875 70.387299999999996203 -1.2171068675382432644 44.752899999999996794 34.960700000000002774 70.922499999999999432 -1.2847340523115060584 42.276099999999999568 33.336300000000001376 71.726500000000001478 -1.3523612370847686304 39.825499999999998124 32.182200000000001694 71.896600000000006503 -1.4199884218580314243 37.332599999999999341 30.505199999999998539 72.367199999999996862 -1.4876156066312939963 35.007800000000003138 29.40350000000000108 72.329499999999995907 -1.5552427914045567903 32.15910000000000224 27.767099999999999227 72.359999999999999432 -1.6228699761778195843 29.219799999999999329 26.120100000000000762 72.280000000000001137 -1.6904971609510821562 26.960200000000000387 25.242399999999999949 72.125 -1.7581243457243449502 23.994299999999999073 23.997699999999998255 71.762699999999995271 -1.8257515304976075221 21.152799999999999159 22.976600000000001245 71.084000000000003183 -1.8933787152708703161 18.601299999999998391 21.916000000000000369 70.620099999999993656 -1.961005900044132888 15.44459999999999944 21.499199999999998312 69.467799999999996885 -2.02863308481739546 12.366099999999999426 21.039300000000000779 68.700100000000006162 -2.0962602695906582539 9.6580390881623188193 21.129665524401978871 68.073483762340941894 -2.1629280682476434983 6.6773699999999998056 21.112500000000000711 67.733900000000005548 -2.1640699127444062988 
-0.98919826305063185412 0.14283183928195747336 -0.032952421230407147323 -0.1429094503318225351 -0.98973576726612055854 0 -0.032614189909753420193 0.0047092124051401644189 0.99945692150039855406 0 0 0 0 0 0 0 0 0 95.746799999999993247 24.922599999999999199 74.879199999999997317 -0 92.779205210848104457 24.493871649004532287 74.781357430270730902 -0.081251973710776248527 90.025199999999998113 24.935400000000001342 74.053600000000002979 -0.16250394742154050665 87.300100000000000477 24.775600000000000733 73.613200000000006185 -0.24364208095929928977 84.111400000000003274 25.571000000000001506 72.61960000000000548 -0.32489405467006954309 81.55700000000000216 26.236799999999998789 71.998599999999996157 -0.40614602838083979641 78.803399999999996339 27.558099999999999596 71.055899999999994066 -0.48739800209161004974 76.521000000000000796 28.398099999999999454 70.694699999999997431 -0.56864997580238041408 73.868200000000001637 29.976400000000001711 70.151200000000002888 -0.64990194951315061189 71.501999999999995339 31.600300000000000722 69.829200000000000159 -0.7311539232239208097 68.999499999999997613 33.327500000000000568 69.763099999999994338 -0.81240589693469100752 66.632599999999996498 34.931199999999996919 69.900400000000004752 -0.89365787064546142737 64.029799999999994498 36.404400000000002535 70.245300000000000296 -0.97490984435623162518 60.924100000000002808 37.523200000000002774 71.046199999999998909 -1.056161818067001823 58.588000000000000966 37.759500000000002728 71.850300000000004275 -1.1374137917777722429 55.770000000000003126 37.837600000000001899 72.803499999999999659 -1.2186657654885424407 52.861499999999999488 37.515500000000002956 73.670000000000001705 -1.2999177391993126385 50.036299999999997112 36.826099999999996726 74.676699999999996749 -1.3811697129100828363 47.674399999999998556 35.698700000000002319 75.368300000000004957 -1.4624216866208530341 44.720900000000000318 34.634900000000001796 75.596100000000006958 -1.543673660331623454 42.271500000000003183 33.487000000000001876 75.752300000000005298 -1.6249256340423936518 39.751600000000003376 31.891300000000001091 75.67100000000000648 -1.7061776077531638496 37.326799999999998647 30.570399999999999352 75.325000000000002842 -1.7874295814639342694 34.831800000000001205 29.033000000000001251 75.164799999999999613 -1.8686815551747044672 32.05700000000000216 27.598800000000000665 74.530699999999995953 -1.9499335288854746651 29.241399999999998727 26.193799999999999528 73.945499999999995566 -2.0311855025962448629 26.988900000000001 25.166000000000000369 73.511700000000004707 -2.1124374763070150607 24.034600000000001074 24.469500000000000028 72.460999999999998522 -2.1936894500177852585 21.024499999999999744 23.737700000000000244 71.370000000000004547 -2.2749414237285559004 18.485099999999999199 23.554500000000000881 70.438999999999992951 -2.3561933974393260982 15.52970000000000006 22.821500000000000341 69.468900000000004979 -2.437445371150096296 12.356799999999999784 22.85800000000000054 68.526399999999995316 -2.5186973448608664938 9.6881976728194789672 22.795635844300633721 67.958265951167220464 -2.6009988879670862261 6.7488000000000001322 23.275300000000001432 67.597899999999995657 -2.6000631587446481063 
-0.98721537079263765868 -0.02003892918125917133 -0.15812733156549435565 0.020294256718280719726 -0.9997940503645001975 0 -0.1580947652991958885 -0.0032090766609668376283 0.98741872932002683338 0 0 0 0 0 0 0 0 0 95.789500000000003865 24.368900000000000006 75.254800000000003024 -0 92.827853887622097773 24.429782770154840676 74.78051570410241311 -0.096451757107268859537 90.023600000000001842 25.019400000000000972 74.184499999999999886 -0.19290351421455659287 87.309200000000004138 25.152400000000000091 73.814800000000005298 -0.28955592230975335521 83.994100000000003092 25.784099999999998687 73.219099999999997408 -0.38600767941703162389 81.428200000000003911 26.404299999999999216 72.928100000000000591 -0.48245943652430989257 78.603399999999993497 27.586400000000001143 72.490999999999999659 -0.57891119363158827227 76.116200000000006298 28.686299999999999244 72.350399999999993383 -0.67536295073886654095 73.395799999999994156 30.125900000000001455 72.565299999999993474 -0.77181470784614480962 70.972200000000000841 31.583300000000001262 72.777500000000003411 -0.8682664649534230783 68.526600000000001955 33.264000000000002899 73.175399999999996226 -0.96471822206070134698 66.060500000000004661 34.278100000000002012 73.957099999999996953 -1.0611699791679796157 63.473799999999997112 35.735999999999997101 74.804599999999993543 -1.1576217362752581064 60.408900000000002706 36.001600000000003376 76.374399999999994293 -1.2540734933825363751 58.043900000000000716 36.33100000000000307 77.116100000000002979 -1.3505252504898146437 55.383000000000002672 35.927999999999997272 78.254499999999993065 -1.4469770075970929124 52.520899999999997476 35.436999999999997613 79.07550000000000523 -1.5434287647043711811 49.710000000000000853 34.041800000000002058 79.840000000000003411 -1.6398805218116494498 47.476700000000001012 33.06069999999999709 80.196600000000003661 -1.7363322789189277184 44.421599999999997976 31.676800000000000068 80.119699999999994589 -1.8327840360262059871 42.065100000000001046 30.275099999999998346 79.811700000000001864 -1.9292357931334842558 39.443500000000000227 28.913900000000001711 79.133899999999997021 -2.0256875502407618583 37.070500000000002672 27.852499999999999147 78.4117999999999995 -2.122139307348040127 34.891300000000001091 26.459599999999998232 77.701800000000005753 -2.2185910644553183957 31.972200000000000841 25.454000000000000625 76.416300000000006776 -2.3150428215625966644 29.212199999999999278 24.081099999999999284 75.462100000000006617 -2.411494578669874933 26.939399999999999125 23.263400000000000745 74.728999999999999204 -2.5079463357771532017 23.995999999999998664 22.961999999999999744 73.4007000000000005 -2.6043980928844314704 21.043199999999998795 22.718399999999999039 72.214399999999997704 -2.7008498499917097391 18.48989999999999867 23.30829999999999913 70.832899999999995089 -2.7973016070989880077 15.375899999999999679 23.007500000000000284 69.911400000000000432 -2.8937533642062662764 12.287399999999999878 23.51559999999999917 68.874700000000004252 -2.9902051213135445451 9.5211307904581659045 23.945903267471173592 68.217479623220157237 -3.0852665083526424894 6.579839999999999911 23.561900000000001398 68.666200000000003456 -3.0864562274329054858 
-0.99501784253835456884 0.018303428960248998431 -0.09800243628918293981 -0.018391964663516405243 -0.99983085351264089358 4.336808689942017736e-19 -0.097985859521331986066 0.0018024573451691705203 0.99518617478408766264 0 0 0 0 0 0 0 0 0 95.816599999999993997 24.637899999999998357 75.102299999999999613 -0 92.831546472384928848 24.582724106009450793 74.808342421436009317 -0.11171457176381144327 90.033799999999999386 24.659800000000000608 74.627399999999994407 -0.22342914352761689134 87.112999999999999545 24.760000000000001563 74.341099999999997294 -0.3350818123874678145 83.866699999999994475 25.786100000000001131 73.879300000000000637 -0.44679638415127626017 81.189599999999998658 26.364000000000000767 73.793099999999995475 -0.55851095591508470584 78.294899999999998386 27.337399999999998812 73.963499999999996248 -0.67022552767889320702 75.791499999999999204 28.025999999999999801 74.36029999999999518 -0.7819400994427017082 73.127899999999996794 29.495100000000000762 74.920599999999993202 -0.89365467120651009836 70.651399999999995316 30.568200000000000927 75.710999999999998522 -1.0053692429703184885 68.163200000000003342 31.915700000000001069 76.596199999999996066 -1.1170838147341268787 65.714900000000000091 32.694299999999998363 77.862799999999992906 -1.2287983864979354909 63.109200000000001296 33.074599999999996669 79.404799999999994498 -1.340512958261743881 60.19019999999999726 33.517200000000002547 80.795599999999993202 -1.4522275300255522712 57.777099999999997237 32.902099999999997237 82.147800000000003706 -1.5639421017893608834 55.098199999999998511 32.668100000000002581 82.877300000000005298 -1.6756566735531692736 52.314399999999999125 31.382100000000001216 83.752499999999997726 -1.7873712453169776637 49.520400000000002194 30.498799999999999244 83.879699999999999704 -1.8990858170807860539 47.283799999999999386 29.129100000000001103 83.853200000000001069 -2.010800388844594444 44.436100000000003263 27.573699999999998766 83.347300000000004161 -2.1225149606084032783 42.045000000000001705 26.38230000000000075 82.710800000000006094 -2.2342295323722112244 39.4375 25.166100000000000136 81.615600000000000591 -2.3459441041360200586 37.270899999999997476 24.383800000000000807 80.521699999999995612 -2.4576586758998288929 34.712800000000001432 23.773099999999999454 79.212199999999995725 -2.5693732476636368389 32.011400000000001853 22.901399999999998869 77.747399999999998954 -2.6810878194274456732 29.093499999999998806 22.554700000000000415 76.281000000000005912 -2.7928023911912536192 26.773399999999998755 22.15309999999999846 75.257199999999997431 -2.9045169629550624535 23.798700000000000188 22.196300000000000807 73.909700000000000841 -3.0162315347188703996 20.889900000000000801 22.516799999999999926 72.755700000000004479 -3.1279461064826792338 18.435700000000000642 23.328900000000000858 71.672399999999996112 -3.2396606782464880681 15.104799999999999116 24.205200000000001381 70.671599999999997976 -3.3513752500102960141 12.257400000000000517 24.719799999999999329 70.063299999999998136 -3.4630898217741048484 9.5635371324940052773 25.245768952206166347 69.72689434511738682 -3.574647848812924078 6.6011199999999998766 25.714999999999999858 69.789400000000000546 -3.5748662964418702614 
-0.98196464570151953399 -0.14609735331376799694 -0.12000415804046597745 0.14716082735665819703 -0.98911257746108138811 0 -0.11869762206545224348 -0.017659911183474135549 0.99277338907375989319 0 0 0 0 0 0 0 0 0 95.692300000000003024 24.375699999999998369 75.130899999999996908 -0 92.746406062895445643 24.817182482069974014 74.774807133803633974 -0.12776260893420815501 89.990300000000004843 24.846399999999999153 74.640000000000000568 -0.25552521786841586593 87.140100000000003888 24.608699999999998909 74.7242999999999995 -0.38318090773369545277 83.824100000000001387 25.337599999999998346 74.492800000000002569 -0.51094351666790327471 81.083299999999994156 25.694600000000001216 74.777699999999995839 -0.63870612560211115216 78.037499999999994316 26.729700000000001125 75.088899999999995316 -0.76646873453631925166 75.580600000000004002 27.103899999999999437 75.841800000000006321 -0.89423134347052712911 72.870199999999996976 28.315500000000000114 76.543300000000002115 -1.0219939524047350066 70.340199999999995839 28.723400000000001597 77.997600000000005593 -1.149756561338942884 67.760599999999996612 29.293099999999999028 79.541300000000006776 -1.2775191702731507615 65.340199999999995839 29.837700000000001666 80.854600000000004911 -1.405281779207358861 62.819400000000001683 30.091100000000000847 82.445099999999996498 -1.5330443881415667384 59.953000000000002956 29.664500000000000313 83.979500000000001592 -1.6608069970757746159 57.58639999999999759 28.695199999999999818 85.269099999999994566 -1.7885696060099827154 54.974400000000002819 27.749800000000000466 85.956900000000004525 -1.9163322149441905928 52.33550000000000324 26.476099999999998857 86.236900000000005662 -2.0440948238783986923 49.512500000000002842 24.991499999999998494 86.17100000000000648 -2.1718574328126067918 47.263199999999997658 24.403800000000000381 85.452399999999997249 -2.2996200417468144472 44.43930000000000291 22.29550000000000054 84.862399999999993838 -2.4273826506810225467 41.990600000000000591 21.547299999999999898 83.711699999999993338 -2.5551452596152302021 39.331699999999997885 21.296800000000001063 82.109800000000007003 -2.6829078685494383016 37.179800000000000182 20.581299999999998818 80.933300000000002683 -2.8106704774836464011 34.816499999999997783 20.374099999999998545 79.53119999999999834 -2.9384330864178540565 31.987100000000001643 19.993400000000001171 78.039299999999997226 -3.066195695352062156 29.099399999999999267 20.459499999999998465 76.289599999999992974 -3.1939583042862702555 26.746500000000001052 20.847400000000000375 75.051900000000003388 -3.321720913220477911 23.712099999999999511 21.598700000000000898 73.959000000000003183 -3.4494835221546860105 20.87640000000000029 22.342600000000000904 73.039199999999993906 -3.57724613108889411 18.385999999999999233 23.266600000000000392 72.381100000000003547 -3.7050087400231017654 15.097200000000000841 24.46559999999999846 71.805300000000002569 -3.8327713489573098649 12.224099999999999966 25.33960000000000079 71.484300000000004616 -3.9605339578915175203 9.5711864127594417084 25.973347055786451421 71.371347294943461748 -4.0885531408726532021 6.6284700000000000841 26.5113999999999983 71.596999999999994202 -4.0884034858946538549 
-0.95724136104929902213 0.084239229858436681653 -0.27675391388260972558 -0.087663285371663610124 -0.99615016357868768626 0 -0.27568845658520368946 0.024261157330416026345 0.96094082604011432647 0 0 0 0 0 0 0 0 0 89.14520000000000266 24.985399999999998499 75.276799999999994384 0 86.273475916852106593 24.722410143885007017 74.449734630244378764 0.0058292848506749242801 83.624099999999998545 24.324500000000000455 73.22419999999999618 0.01165856970129150634 81.372299999999995634 23.634599999999998943 71.768000000000000682 0.018050019362775473336 78.874200000000001864 22.725100000000001188 69.534499999999994202 0.023879304213421225639 77.088599999999999568 21.854399999999998272 67.570400000000006457 0.029708589064066977942 75.366399999999998727 21.243200000000001637 65.137299999999996203 0.035537873914712733714 73.793099999999995475 20.779499999999998749 62.71869999999999834 0.041367158765358486017 72.258300000000005525 20.049099999999999255 60.326000000000000512 0.047196443616004238319 70.663100000000000023 19.442599999999998772 58.093600000000002126 0.053025728466649990622 68.800799999999995293 19.158200000000000784 55.510800000000003251 0.058855013317295742925 67.026300000000006207 18.817299999999999471 53.325899999999997192 0.064684298167941522983 64.869699999999994589 18.370200000000000529 51.38790000000000191 0.070513583018587261408 61.948700000000002319 18.252500000000001279 49.600799999999999557 0.076342867869233027589 59.711100000000001842 17.94340000000000046 48.769100000000001671 0.082172152719878766014 56.767600000000001614 17.918500000000001648 48.128999999999997783 0.088001437570524532195 53.927799999999997738 17.862300000000001177 48.152299999999996771 0.09383072242117027062 50.761899999999997135 18.093900000000001427 48.753799999999998249 0.0996600072718160368 48.280999999999998806 18.49579999999999913 49.372900000000001342 0.10548929212246177523 45.285699999999998511 18.850999999999999091 50.85840000000000316 0.11131857697310754141 42.835799999999998988 19.213300000000000267 52.530400000000000205 0.11714786182375327983 40.808500000000002217 19.123499999999999943 54.501500000000000057 0.12297714667439904601 38.609099999999997976 19.885300000000000864 56.155500000000003524 0.12880643152504481219 36.685899999999996624 20.56670000000000087 57.79959999999999809 0.13463571637569055062 34.417799999999999727 20.709299999999998931 60.286999999999999034 0.1404650012263363168 32.078299999999998704 21.517299999999998761 62.278900000000000148 0.14629428607698205522 30.290199999999998681 21.574600000000000222 64.110799999999997567 0.1521235709276278214 28.012399999999999523 21.510799999999999699 66.378200000000006753 0.15795285577827355983 25.590099999999999625 21.441600000000001103 68.575599999999994338 0.16378214062891932601 23.607600000000001472 21.883099999999998886 70.0257000000000005 0.16961142547956506443 20.756299999999999528 21.656500000000001194 72.296199999999998909 0.17544071033021083061 18.061399999999999011 21.969599999999999795 73.688999999999992951 0.18126999518085656904 15.63792484773946434 21.981253658177571708 74.793143739198043818 0.18670474885738322368 12.800499999999999545 21.766700000000000159 75.743399999999994066 0.18653711522066410144 
-0.96740018804147442921 0.12304999983750035397 -0.22134943803251760919 -0.12617994922830491622 -0.99200736913227749447 3.4694469519536134185e-18 -0.21958027368154586778 0.027929860852656904213 0.97519455816913214186 0 0 0 0 0 0 0 0 0 89.194400000000001683 24.93609999999999971 75.245099999999993656 -0 86.292199435875573954 24.557560152315083712 74.586359178955362381 -0.0048838384561048081567 83.622500000000002274 24.407699999999998397 73.355500000000006366 -0.0097676769124078501039 81.284400000000005093 24.002300000000001745 71.674300000000002342 -0.013181407679896530588 78.851500000000001478 23.617899999999998784 69.367800000000002569 -0.018065246136100457375 77.018199999999993111 23.06810000000000116 67.263400000000004297 -0.022949084592304380692 75.30689999999999884 23.248999999999998778 64.704400000000006798 -0.027832923048508304009 73.775899999999992929 22.987999999999999545 62.456299999999998818 -0.032716761504712234265 72.197699999999997544 23.295200000000001239 59.64789999999999992 -0.037600599960916157583 70.533000000000001251 23.047999999999998266 57.475900000000002876 -0.0424844384171200809 68.76099999999999568 23.563700000000000756 54.607199999999998852 -0.047368276873324004217 67.067300000000003024 23.629400000000000404 52.709000000000003183 -0.052252115329527934473 64.929500000000004434 23.536400000000000432 50.899900000000002365 -0.05713595378573185779 62.231400000000000716 23.83370000000000033 49.137300000000003308 -0.062019792241935788046 59.721699999999998454 24.504000000000001336 47.770000000000003126 -0.066903630698139704425 56.938400000000001455 24.638600000000000279 47.340699999999998226 -0.071787469154343627742 53.872700000000001808 24.860600000000001586 47.246200000000001751 -0.076671307610547551059 50.80980000000000274 25.112700000000000244 47.850600000000000023 -0.081555146066751474376 48.367600000000003035 25.037299999999998334 48.805599999999998317 -0.086438984522955397694 45.391100000000001558 25.115500000000000824 50.372599999999998488 -0.091322822979159321011 42.970700000000000784 25.179700000000000415 51.878500000000002501 -0.096206661435363244328 40.717100000000002069 25.331900000000000972 53.515799999999998704 -0.10109049989156718152 38.583799999999996544 24.907699999999998397 55.583799999999996544 -0.10597433834777110484 36.630800000000000693 24.954999999999998295 57.21139999999999759 -0.11085817680397502816 34.335200000000000387 24.450099999999999056 59.686700000000001864 -0.11574201526017895147 32.043199999999998795 24.518200000000000216 61.722299999999997056 -0.12062585371638287479 30.151199999999999335 24.271499999999999631 63.37780000000000058 -0.12550969217258681199 27.785000000000000142 23.750599999999998602 65.443700000000006867 -0.13039353062879072143 25.425499999999999545 22.878399999999999181 67.522199999999997999 -0.13527736908499465862 23.445399999999999352 22.320000000000000284 69.030500000000003524 -0.14016120754119856806 20.660299999999999443 21.376699999999999591 71.06069999999999709 -0.14504504599740250526 17.980699999999998795 21.100300000000000722 72.386300000000005639 -0.1499288844536064147 15.421218158364045081 20.884625573111435415 73.211174905105366406 -0.15743748545783167736 12.728600000000000136 19.99859999999999971 74.193399999999996908 -0.15628283059852560166 
