34
-0.99234349819543998805 0.096486930357325903507 0.077101581432920840431 -0.096775006079801273451 -0.9953062836123635071 0 0.076739688476636438996 -0.0074615060119332075883 0.99702324252774710001 0 0 0 0 0 0 0 0 0 95.739699999999999136 26.367399999999999949 75.962900000000004752 -0 92.762669505413683169 26.077074981760596017 76.193119065429911529 -0.0084334910556833255629 90.10614703954882998 27.325811861079618126 75.573809298352074393 -0.12353633387250881337 87.138299461205320995 27.047424702733025015 75.235606213551918131 -0.10972166474002349734 84.417443463648950797 28.183354790566866654 74.68188655757775507 -0.12308204283804298484 81.527527128733410677 28.378588784516029619 73.900690524601515108 -0.086769893754554711096 79.02623986603205708 29.829314454063919015 73.101342644554790695 -0.10759739601237337803 76.690738082217421834 31.429746362117231939 72.109350157779516621 -0.15493040468835297951 73.799977449401325202 31.94103185479363205 71.491215808385177866 -0.12117440897245006226 71.524481351253754724 33.365984327912009633 70.152698749751138507 -0.080991372259930208277 68.983409571193604393 34.601479276647943095 69.144479331463969629 -0.095302917479763285535 66.247460504523388636 35.538611627466046627 68.346754054740628703 -0.12245622127382749245 63.634539853707920543 36.371853807290477789 67.130878607661088608 -0.17391847389263004331 60.677338833458470901 36.33336615317127638 66.627409846166457896 -0.21058732486508216497 58.273637406901023894 37.399105004156332654 65.182965272917755328 -0.17926981759209550948 55.358180720312539336 36.718456763450895153 64.991053191546484413 -0.15483947626617713955 52.408580856517183122 36.466071252773552658 64.505088014189098544 -0.16464534408589792669 49.719811456903620694 35.158588539875083256 64.258090000225124072 -0.17542131007823963396 47.028602560909561703 33.865203631514269489 64.548864997369932439 -0.1934171635266953293 44.203912672382180915 32.862673612437241388 64.422134825670326563 -0.19950705287546927069 41.605477387858890381 31.430842611804582276 64.867099997783043364 -0.22376248549202651383 38.828047504447923188 30.298127466783007833 64.813812116075453673 -0.28359147136460244321 36.682535079785623111 28.357994933100318491 65.609212740048121759 -0.2976238447771207829 33.757909328066830312 27.69616581256106258 65.701659472261567885 -0.27502085463763892292 31.578507430086084184 25.925643815011131466 66.757812488340334767 -0.25398061986023084957 28.963521096021349166 24.866660891020483604 67.777813276078774152 -0.27012459991165960194 26.450112650038267503 23.415991422036892544 68.538297360818830839 -0.29846340304443086389 23.539999820204961622 22.873139675797308001 69.024666838664998636 -0.26748002308690493889 21.016140724779617699 21.673523506847615749 70.116022090584621651 -0.28180087533696679403 18.544316022871022653 20.169672365313580542 70.908811068582537018 -0.30731066497515990843 15.798360946753705392 19.968869926112748914 72.100200627800646203 -0.34985091384664157577 13.108581358318426524 18.896427920177522708 72.884390588884059525 -0.3055904827574184579 10.344442852623796369 19.791626513442341917 73.631490176546549264 -0.28671305117852224909 7.4282000000000003581 19.604500000000001592 74.310100000000005593 -0.26987171378190899507 
-0.95415348541036293373 0.2277411936148386884 0.1942294390923908487 -0.23216246590716879683 -0.97267702215273010857 0 0.18892251243078175826 -0.045092785531455695236 0.98095612796386333354 0 0 0 0 0 0 0 0 0 95.79590000000000316 26.464999999999999858 75.965599999999994907 -0 92.933439543768912472 25.768512602278494938 76.53236753729234465 -0.022532157454801284013 90.182069539380222523 26.775074339292313397 75.886769722007443306 -0.18691933816884548358 87.210263859169955936 27.11854052000397175 75.662265994580778283 -0.095877642795365147776 84.471881634288365603 28.126755089191060932 74.966014519377893066 -0.098445091737100337559 81.539734617867878796 28.64481672964518566 74.599782409181983667 -0.11006852509738548895 79.259992123010491127 30.337774576674984672 73.631966396277576337 -0.13590303053588531634 76.664081115241273778 31.682681219507557557 72.959305924092802798 -0.16508080524962848168 73.736628158839309322 32.25388983147028199 72.637219196563975743 -0.18773393210730382474 71.378096414422188332 33.842293456713740341 71.681027854228091201 -0.19869711302718423562 68.754653520978649794 35.079322539945607673 70.914668682755092277 -0.22207398536464062477 65.985895589342206335 36.080290060342740333 70.338436533977599652 -0.24274930455746440705 63.384009938071542933 37.11478703707076221 69.261400313835267184 -0.27700794693231389765 60.827490103153152745 38.425144437465228009 68.397010480883636774 -0.29531826301454855432 57.926565608043091515 37.756039952599628862 68.026961518256754857 -0.31520317326894914389 55.014527193783621328 38.049566931440850226 67.368270271288110962 -0.33085503282530759339 52.112773757702271382 37.329289057600938406 67.121234339073097885 -0.36691192527125110479 49.258471960213071839 37.125938936223796816 66.220340368070623072 -0.37390794635401153334 46.591203576340042503 35.755052768072985714 66.30003007122991221 -0.3983326503133682861 44.063125974482829861 34.158590612416737997 66.545248722119410445 -0.42278692116542687662 41.279211927989045705 33.067676781525193519 66.300852413215565662 -0.43781832413923504888 38.664788711093727613 31.596353886588715909 66.300474193200273021 -0.46972715610890153348 36.318805345544014074 29.733713155986926324 66.464582457271134786 -0.49264216561214835277 33.596130124367320491 28.553404464724366107 66.904935729337751127 -0.51671936579206800833 31.184395394441352778 26.87110692708913362 67.499419173463948596 -0.55407816059503178785 28.242117362779222134 26.302019708789121211 67.637765506219764688 -0.57442939102653012284 26.200193066237325468 24.292515164064393929 68.527954611043114141 -0.57715497023527873033 23.397998930174480847 23.247570082118649282 68.764170174473392194 -0.60218380845087871034 21.202607041544716537 21.486419196885925942 69.802727832656700002 -0.61664895106773820466 18.337388436734858743 20.646996612234307378 70.095801316395963454 -0.64861148953218716873 15.912313170268923557 19.228989557350594453 71.148543422069124631 -0.67746115499230641355 12.934961157101851015 19.227453869826337751 71.516473617567996257 -0.68214866183541256195 10.379537265336990615 18.210517361350039067 72.714659275093666224 -0.70822462221516502279 7.463759999999999728 18.259799999999998477 73.418800000000004502 -0.7210290385541402447 
-0.97816721207323298337 0.1593662670279255289 0.13338402512468525152 -0.16080313490455433456 -0.98698650031541346195 -3.4694469519536149592e-18 0.13164823215579624094 -0.021448569386237223422 0.99106442870357203123 0 0 0 0 0 0 0 0 0 95.747399999999998954 26.514800000000001035 75.997600000000005593 -0 92.812898363780305999 26.032390595286337032 76.392544696467396648 -0.039572367086080174892 90.109533671486417461 27.193837856621421167 75.807002575118048071 -0.088718185428619533717 87.113669663736615689 27.32644181652193538 75.722061486770400052 -0.13288401565361801504 84.332316433708214731 28.39064162505975375 75.359359229768060118 -0.18985520248692294709 81.394983047496481277 28.862255059372323274 74.972508745403530384 -0.24082493703948396058 79.122018465329361447 30.726505632621169184 74.374009157096608646 -0.23804848991367219546 76.341721827901039887 31.817264226103198155 74.09081974650354141 -0.27445583629477199317 73.566960325136449228 32.941249190130257318 73.897541848870233139 -0.31344627899089427814 70.851024301996289978 34.149124681240820678 73.491674550648582454 -0.35379842240306558221 68.728532548541309666 36.041314422020349184 72.535302919151178003 -0.39147281614348827805 65.848908547022759308 36.870196564066176848 72.391358603532879101 -0.43110654413913696015 63.278434241734615284 38.196119265772317419 71.594746527854425722 -0.47078341990286742824 60.365112067308061228 38.792543083067208443 71.198725687364287751 -0.51131094638989538215 57.67778902713243383 39.742497425699291114 70.262840225432498187 -0.55167764146174902429 54.701744017593263436 39.450216431602356693 70.022573915017133572 -0.59321740649253973388 51.959638740238140997 38.23424021382322735 70.070118287829231463 -0.63146862144242132953 49.070038334752439368 38.126392331272519698 69.271007334797971566 -0.67058185470133768735 46.223508561937336481 37.367336931478789097 68.704347702269942033 -0.71014491183301831079 43.839085674545060556 35.548088330443782468 68.774075821658456675 -0.7503107016540616625 40.976630483560214202 34.848188858806253165 68.211500493874495987 -0.79048548449595490428 38.647168382746109216 32.958734445843916205 68.151764970817581002 -0.82789789142151537504 35.910969982150149349 31.841794141200548296 67.636340234526599602 -0.86944328996806241605 33.558524257715355077 29.993111715363539815 67.856277480441505645 -0.9098907091109421641 30.807207809854610048 28.801637453957180668 67.9594611918073781 -0.94856641515218931282 28.317259112977289703 27.149685691402829946 68.226314807044886379 -0.98768697641011449218 25.693543403992347152 25.696226514274673747 68.286083455085687888 -1.0322608234639194524 23.799173626757994526 23.479552619811911995 68.991576181568945003 -1.0706621961123390374 20.961431129473290014 22.509458775439622258 69.069905281894179438 -1.1115711786369539826 18.378092477130678617 21.022461703320292514 69.409318174181791505 -1.1533298113220347147 15.431804774050128515 20.457535110786672305 69.425025287677456731 -1.2271607144816947255 13.31499336105479081 18.499976335051442788 70.253924002790924419 -1.255766225288921234 10.364627492384034468 18.565689624800867819 70.793389482664196066 -1.2909877868713173221 7.4938799999999998747 17.998699999999999477 71.454700000000002547 -1.2663157467556689362 
-0.98384211964482770618 0.088592651785950327081 0.15558285786777964477 -0.089684756916045785258 -0.9959702025547298998 0 0.1549558904646162194 -0.013953410788175515597 0.98782284562450495269 0 0 0 0 0 0 0 0 0 95.706800000000001205 26.627500000000001279 75.93210000000000548 -0 92.755273641065514312 26.358445729251862133 76.396967671393852584 -0.058205405836847551315 90.076416930034540087 27.650868188652285795 76.005341695934447444 -0.15352481661852379613 87.078553679864981518 27.732270963111769646 75.926668230321737951 -0.19873548798329687681 84.36412506393068611 29.00303661788039733 75.796161788361914091 -0.25769452138235660055 81.44263302461706644 29.680289554055331536 75.874982569793701259 -0.35142732340723303874 79.494443617515997857 31.882122141441946894 75.277913662834734509 -0.37454075404423331497 76.6435974917687588 32.785737900917524712 75.514883932627512308 -0.42009883854309965079 74.427088997249910562 34.792246497093167079 75.267875187336770182 -0.47879547035653063913 72.14615387858628992 36.681278862209971692 74.789448941436120322 -0.53304041249562417182 69.535098988775487783 38.157706207765031081 74.839992136505173903 -0.58968621427918244127 66.816262275188890385 39.425702293944866028 74.829371100531261618 -0.66501407925717459513 64.364956038849641118 41.03087111104528617 74.185530467469845917 -0.72072207705403812383 61.426738147154864578 41.591719122133063991 74.414277236205634836 -0.77514909009848342869 58.693490137251977501 42.646501310315336752 73.768684638770736228 -0.83260935774552691235 55.736616372445972445 42.695333770397716933 73.264191948638881513 -0.88949873604570617314 52.787527513154223868 42.452345861222433143 72.770398755364738008 -0.94873062417549780534 49.878766090348015894 41.913944556493490268 72.271168382850305534 -1.0065496460849134852 47.236983243180198144 40.514264649357151882 72.022412485187530251 -1.0615148858899146056 44.626425545662129934 39.235606039833470504 71.280778729942511518 -1.1265480275976564872 42.168099280381206029 37.516188502184519393 71.265440091837788827 -1.1967779227321644342 39.49113247700409346 36.786706224487041084 70.124517518389041015 -1.2575902700861314454 37.386128194958232029 34.651136778036864428 70.033412662056818476 -1.3122446066644726237 34.993324795577848363 32.859478656057177659 69.779536608174737466 -1.3736070807727067677 32.211459903681777917 31.75514025805097873 69.575417981479986906 -1.4353212668275412423 30.25064285327323077 29.48661811485033013 69.480529778152614995 -1.4894361653431729131 27.464760453334005064 28.407105258567252548 69.209400217514883025 -1.5431724049424415668 25.237712002779819187 26.398429107592509268 69.135404867797873862 -1.5952921173551557477 22.636347618635429768 24.943331448044919085 68.795413492753951346 -1.6525027013392223907 20.260980340121733434 23.215249725753729138 69.404809789983247015 -1.7115932780747071806 17.674142941745834889 21.805398508121015766 68.838601512996277165 -1.7829489686878305932 15.340887900027661672 19.986710042012347799 69.33689175796962445 -1.8493746961747243862 12.532418614795824752 19.142527388443127734 69.96923337347919869 -1.9094139672068055624 9.6714000000000002188 18.372800000000001575 70.440500000000000114 -1.8625729867792317762 
-0.9944960796237998224 0.029757846621039807378 0.10045903731059388497 -0.029909151179845525764 -0.99955262126398392031 0 0.10041409407346042759 -0.0030046445343042938424 0.99494119515810031107 0 0 0 0 0 0 0 0 0 95.81239999999999668 26.68189999999999884 75.959400000000002251 -0 92.828911761128594549 26.59217254646046058 76.260642282220388211 -0.071845896191863850566 89.85510282845018537 26.579712541745450949 76.655996772264188621 -0.19477905832998831936 87.230057575194180686 28.02433477853811894 76.506986722968520098 -0.23006807531101058917 84.416949097329847973 29.066308743306468187 76.480323465080729761 -0.2979973417989683071 82.003043352658039566 30.844351271125034941 76.372509719106489001 -0.37222156883629309299 79.364419134344458939 32.271296450097231912 76.33391349980162488 -0.48633307233749789589 76.923640911790556629 33.543627034504503115 77.52713457232752603 -0.56063416370290064528 74.827677634749960589 35.651207811314371554 77.120881968158798259 -0.60903792456653838006 72.369531323673214729 37.351484319175064286 77.378906127088640687 -0.68001104808083712161 69.969314491855399751 39.129839501466939566 77.655333247945350195 -0.75082844651410285408 67.391771812752708115 40.620113869041020394 78.023240829859034307 -0.82117505490802666923 64.729280920353815532 42.002554510887932793 78.022994883688554069 -0.89290382634930332006 62.107867401139564834 43.461364904784979046 78.015036245674338033 -0.97252335570091696937 59.494373164021290279 44.78379574202021729 77.366326369174473143 -1.0468280922656389986 56.500739200647224436 44.606193439803554668 77.447647140063210713 -1.1139856843724147417 53.548279967674474733 44.132185689546687968 77.206190975247096731 -1.1847997764661235554 50.670850708141649932 43.487460725033095343 76.654166948544627758 -1.2568189856220233214 47.823852736249314432 43.023818828242262668 75.829764927071337866 -1.3316470255165653302 45.151675887360937622 42.053465641293577448 74.871701494382350006 -1.40627786595640214 42.975029055841751813 40.000566276463203508 74.653040262112327241 -1.4755419131361051654 40.412989708091508589 38.877316811784275785 73.569405181809528926 -1.5471247027157950527 37.845443232956377244 37.741077037211752554 72.51268183129730005 -1.6195393680948415582 35.458403934142260994 36.03323637220847786 71.891937425173068732 -1.6914426898449252956 33.04718963873090587 34.277237523437420919 71.571759916520164779 -1.7612656385208023124 31.026247387945673495 32.092834582646979413 71.192054519174803318 -1.8333426017389593543 28.356346064619589953 30.953751053958445283 70.434350341539257556 -1.9061601653733710737 26.191295528922204028 28.967237378487190824 69.829106935124286792 -1.9743275758013698606 23.531466995492323235 27.841251819563005654 69.018262509284213024 -2.0424381753624607505 21.486647292070504278 25.65026804901286539 69.153549200320313162 -2.1095564059589992922 18.991577600688025029 24.064886668536853875 68.642478651836697168 -2.1708130057416110681 16.280379042843243553 23.103522047710224996 67.79090338298489371 -2.2351683665268100576 13.563701698272929264 21.931843149006617466 68.287726047970437548 -2.2999390831960879744 10.957800000000000651 20.524699999999999278 68.76649999999999352 -2.2990686781399851668 
-0.98971898310726469372 0.033755556691693888727 0.1389852397542830631 -0.034086383699563821414 -0.99941889037894726666 0 0.13890447409427747472 -0.0047375042108403625507 0.99029445274142824385 0 0 0 0 0 0 0 0 0 95.747399999999998954 26.514800000000001035 75.997600000000005593 -0 92.778243050678199211 26.412540848901308266 76.414313422282845067 -0.086087792923267680845 89.834335576449504401 26.717711077814513487 76.904496964779326618 -0.17628312135685803019 87.083924199642297026 27.901362099159307206 77.089449660091474925 -0.25901399239284378373 84.30857176451982582 28.987575878996175049 77.432317663342686842 -0.3464471208542038716 82.001630614772096806 30.893928520840880481 77.222932563052097521 -0.43567230901498538165 79.327020071909771559 31.820426094037721043 78.216944974425956616 -0.52888559671883417224 77.408850967591988024 34.127045650488213369 78.228498613587916566 -0.60630382856166942229 74.806030260835015611 35.275685752642566229 79.180312802390744764 -0.69027104043619103013 72.342869715146179033 36.825437304874000688 79.909085885011236883 -0.77666748724847134433 69.934275991636837944 38.486893477213698134 80.571082567438722322 -0.86300479904911409079 67.404986228874165022 40.007277900662550962 81.110642056983365933 -0.94898704430719438285 64.746497100377737866 41.288623955559032197 81.649704006232269649 -1.0443709279600841278 62.327343973278637179 43.061589393852599983 81.715214706796700739 -1.1291477177643058916 59.344051531183367842 43.214767481144285455 81.991805792936560238 -1.2125593921017732146 56.352857205082088399 43.205950145036489118 82.221324214143464815 -1.2969793663554254337 53.393849480778818872 42.871999892023261225 81.856974842686440752 -1.3843852819228235074 50.452038382573121567 42.65651400623675471 81.309879559973168739 -1.4670081834394155251 47.780705496258860876 41.381412776573839096 80.821927284029328575 -1.5511267209270775957 45.173295875033140589 40.909885807907258481 79.41513044445294156 -1.6364326249627556553 42.663164612799214126 39.340755639922114995 78.928230531749534293 -1.7189216329328249611 40.206715398722870702 38.383756064083058845 77.496445272169779628 -1.8028823378821587919 37.675773287041884885 37.025489352508600405 76.630741210104744709 -1.8879214779804027735 35.349185974007070854 35.5639375862303595 75.426225596201376788 -1.9736342708658649592 32.863667094735646401 34.085830990176333444 74.627854285875287133 -2.0591554162852694354 30.68898009241465985 32.212852821555401306 73.754533505494336509 -2.1490493313377641016 28.461975968118689906 30.259030164155714004 73.282273380038560617 -2.241465718826938236 25.96511002224621123 29.587806684604725405 71.760721715107166574 -2.3322331769479349717 23.881858778927586684 27.526961072760833815 71.118086823143883635 -2.4228317483171775137 21.478213431321247384 25.839675321756683246 70.505260729143884646 -2.5099088973923286972 18.944738208428820059 24.686205644964811512 69.386774705185985113 -2.5932132540930856734 16.424587955685225893 23.765400599866087106 68.044775911826846482 -2.6747682079259558208 13.842859277089822001 22.329250243147885868 68.566455102879785954 -2.7730670412145443926 11.011900000000000688 21.366099999999999426 68.325599999999994338 -2.7548093735446643748 
-0.99464418746366145552 0.04783367119504820103 0.091623579087246498354 -0.048035723211301520341 -0.99884561834928586865 -8.6736173798840354721e-19 0.091517810508775415679 -0.0044012048846637672958 0.99579371345436962226 0 0 0 0 0 0 0 0 0 95.650999999999996248 26.160900000000001597 76.3125 -0 92.66706743760900622 26.016792830366096467 76.587053431526328495 -0.09706338857859284075 89.7701130154376159 26.492034758973503017 77.20495324909352064 -0.19775066508947089505 86.927853790071367257 27.39164096194003406 77.540022158754965176 -0.31055750188529157585 84.359148157653180533 28.927814776727402091 77.74476927993121933 -0.41011576235746910468 81.594851368133788583 29.225650628264375541 78.871692996888825178 -0.50071638839732424131 79.241848038964931789 30.920231159254200293 79.640960281700841961 -0.58839428243059888057 76.682817781972261173 32.096815527009660229 80.673923672905431204 -0.68670453372645468004 74.45420070682574476 34.030421134831648544 81.216542584873522514 -0.78126707795092986686 71.918201459002673914 34.773057068930761204 82.636824135004914638 -0.87708830810658455768 69.557127047188998858 36.364385855862948915 83.581811071460720086 -0.97551884336780247953 67.008635017770842524 37.665554047930655202 84.483004562030473039 -1.0718843876226205047 64.308794481105948648 38.052138925647291501 85.732569767858947785 -1.1740457334248892707 61.632183579081420532 39.301148225864821484 86.257669606712696009 -1.2646575008517588756 58.758845394144891827 38.983259022833173901 87.059463920117053704 -1.362795912623066874 55.805070123536587801 39.450653340896316479 86.821232541025963769 -1.461730281961052258 52.989307581647274503 38.430992429610896011 86.999482128791683522 -1.5554246425982396484 50.064454200239360659 38.378470982484934382 86.334294810801679887 -1.6518321293361448721 47.234600522773824594 37.650453994332174545 85.654648290202160865 -1.7493033512101849869 44.697085636001986586 36.750157134451079344 84.33158981878993643 -1.8454308285302218895 42.052914430779956945 35.684445216495220166 83.397450271489717011 -1.9392397587966445638 39.773040348193440252 34.1874015445776962 82.148036666799171712 -2.0334426362891768747 37.347288426638520775 33.087836822432741712 80.767209024344523982 -2.1288421957325347478 34.856094039465681078 31.777494943949712081 79.729444778979996045 -2.2259365759609979207 32.510673304640341996 30.479724512298254524 78.382302088009566887 -2.3235074171485918804 30.340430662657190908 28.854862879116417673 77.09782884890915966 -2.4186476453652878682 27.982432847029041767 27.878299485837988669 75.521069449399476525 -2.5121830973835539424 25.832683488868486421 25.90820855620394525 74.81586068766118558 -2.601427000405490908 23.635531995386553916 24.483271362587156972 73.352276291077387782 -2.6924072231654254672 21.039231750229614448 23.794714091298072134 72.016194742974775522 -2.7881965238473873647 18.745600993465032502 22.298711823853544445 70.790945725683343426 -2.8678606547347080813 16.151510222010308837 22.044370710420416515 69.305683574162344485 -2.9544063943572309583 13.769665915370259412 20.220538620887197112 69.28437149420179253 -3.0818187503186145193 10.841699999999999449 19.874900000000000233 68.72979999999999734 -3.1060284345153093 
-0.90371569929944028932 0.31330650290694900262 0.29178240192983068146 -0.32756038291759603798 -0.9448302469453853103 -1.3877787807814459837e-17 0.27568483886967959373 -0.095576355304751253739 0.95648472540028506295 0 0 0 0 0 0 0 0 0 95.67470000000000141 26.8863999999999983 75.903999999999996362 -0 92.963552902101682207 25.903718851247209187 76.731054516609034977 -0.11376044108261791632 90.088763747096678003 26.657708541658440282 77.139817076908570925 -0.22817538128747621995 87.239305566062924413 27.394598317301998236 77.720834696427161248 -0.34522123682693844904 84.489175184353726422 27.992877109663336199 78.7595094846926429 -0.45708892090446151535 81.794869254462327035 29.09158704856579547 79.489955908407495144 -0.56953266593610663016 79.326916560127457956 30.363026560015313748 80.626904027808805608 -0.68326980290781436089 76.801585355852381554 30.945548538604572997 82.137986560357020949 -0.79798394402386008117 74.554830117777527221 32.608461098936508904 83.227395891326466426 -0.91015260221365923421 72.113810532894575545 32.919255269854510004 84.943446690572073976 -1.0231290983915917181 69.671822149102766275 33.80155691409181884 86.446189688629033299 -1.1381316219276453872 67.224289582692577483 34.838722135568943372 87.836827174454867873 -1.2534069911103140615 64.490387483676997249 35.315045501276195239 88.976518072636068268 -1.3672307883729708511 61.84302046563668398 35.651111836991688619 90.34710454249695033 -1.4777521096476537998 58.901261159980286664 35.797132793665952022 90.916955445970927485 -1.5959885645254712205 55.913881057989591739 36.052159242121959437 90.814380478936243435 -1.7127269218503424764 53.049093461228565616 35.185239510234374904 91.017954036084660174 -1.8241665222595901952 50.114124352835915488 35.104499267725948641 90.40196918522886449 -1.9402862086097514283 47.325438464338880351 34.319784662349483995 89.622575834849982357 -2.0545267519217218499 44.781121275256147385 33.335298275412966973 88.374682975932643103 -2.1700025966115061848 42.207022669116000202 32.032095535120973295 87.552686031473399453 -2.2877720602036846209 39.856815139434949913 31.601722913307103369 85.73849090202243417 -2.402701198218585521 37.461892722579833048 30.411605169167071239 84.37909163527892531 -2.5162656104876579555 35.072743252720243845 29.203507395132177749 83.025406083376765309 -2.6302461120792250959 32.664211539544439233 27.994336617919113763 81.707498266727370151 -2.7448251361175639573 30.50261564849585838 27.238464661640815478 79.769416538488570723 -2.8541596085837492858 28.05156445193783199 25.989757289540563079 78.572304209909134443 -2.9606395307151252005 26.028517725382766201 24.456406717692789954 76.973517806676696296 -3.0750388249575890676 23.514889764298608554 23.781989798276864434 75.481259018847168818 -3.1930775283337071713 21.190855882471446137 23.576248434557555811 73.595380707361357508 -3.3124994522696020738 18.696829956805473216 22.445796224559810383 72.369855317207651524 -3.4187721858463233637 16.230341273845283467 22.891033386303963226 70.721159637010117649 -3.5294974578525715181 13.645715357856126104 21.595643324134339736 69.920114406744488633 -3.6736803544088956208 10.701800000000000423 21.487800000000000011 69.352900000000005321 -3.640334114643821728 
-0.92513704739629920581 0.23480845945781775308 0.29830593507656505414 -0.2460091816982021562 -0.96926749791797972566 0 0.28913824730574549937 -0.073385998983902772652 0.95447030812807187594 0 0 0 0 0 0 0 0 0 95.763800000000003365 26.723600000000001131 75.9375 -0 92.988388857811102639 25.985572454905394579 76.804914741917230003 -0.12309047092404176715 90.069643090213602932 26.44064128275587322 77.328207658076408393 -0.24683999877544035573 87.193593035880951447 26.477959842266333368 78.180817387503950044 -0.37004592757999510422 84.400668776339728083 27.152935738779174102 79.043361045152394695 -0.49218457045533448024 81.688615015152549859 27.597845234162395656 80.246199305753563635 -0.61572955387389272097 79.061232693798061177 28.389979138913101764 81.45838161962340962 -0.73781268609098149547 76.647044640478213751 28.483291303142657114 83.236860979808128036 -0.86028563354102849381 74.121976406675671001 29.162150624879206617 84.707636418059351513 -0.9831295637402865939 71.696303860516977124 29.239910292562537819 86.471174364657315436 -1.106042080173725628 69.173007780885370721 29.982965947059771139 87.913687847116406715 -1.2291713602292961838 66.6021138657524574 30.398177001153708687 89.403017971171053091 -1.3520811507965344589 63.951471287312209313 30.307633500129689708 90.805122018706157405 -1.4749925128411260911 61.278055560148288805 30.0539351939349757 92.142464715333602499 -1.5969482933774932221 58.448656351797048103 29.47641343164332639 92.955464536046605417 -1.7201842659747605957 55.47532004971238706 29.127131996069287823 93.148528498790966523 -1.8450425879353460346 52.845634765989359494 27.696482180114184501 93.343455146015045898 -1.9650534902904859269 49.915400252841429563 27.313639055856288707 92.82658298738716951 -2.0882963318877640901 47.112189491095733729 27.044610426905720146 91.792352349506231235 -2.2103004196743945009 44.585785260779246642 25.746136435015628763 90.827340976726574695 -2.3339135002783959472 41.970642623786623915 25.112806231568239212 89.500720520382159862 -2.4588553471361809244 39.515060942332908667 25.25000480568695238 87.782787124743094864 -2.5824139355275534946 37.065470710489748285 24.131179175228329115 86.460767117175066687 -2.7060464275087938724 34.530628236067386183 23.656920066547527881 84.927909679617286542 -2.8280275724688817007 32.116428520257748858 22.57237361678828691 83.515323849611149853 -2.9497542423681264445 29.760032975575878567 22.360758736807415659 81.670704870909560213 -3.0737886269322252097 27.366131970824572051 21.795817676486986869 79.953125302112084682 -3.1986638624560606026 24.7720485972812412 21.29866583113222589 78.530602370305373938 -3.3218649116982446046 22.562532493912748066 21.093885931837505154 76.511666071163006109 -3.4468596881785318331 19.848358753158116485 20.526620443658838866 75.366471428544812738 -3.5698376679565284597 17.271577149675024998 20.332654074052069149 73.84247221126219074 -3.6741125319497256463 14.748548409262420833 21.230112514245160327 72.490106017393188154 -3.7936521381183281321 11.973554327161245681 20.504534036049125945 71.610933840903470582 -3.9334059610341709501 9.1689199999999999591 21.119299999999999073 70.741399999999998727 -3.9388950695692268589 
-0.99319525976701850123 -0.002941705545650543166 0.11642389078194917418 0.0029618472436113403926 -0.99999561372083300981 5.4210108624275233737e-20 0.11642338011426248134 0.00034482978000302386872 0.99319961621780394889 0 0 0 0 0 0 0 0 0 95.780299999999996885 25.886800000000000921 76.410899999999998045 -0 92.800714220698935719 25.8956855417308347 76.760170140342779632 -0.13805879289992128989 89.86429983715304104 25.760710069612589024 77.359546616632997029 -0.28486002108413699396 87.104220826393756738 25.898858458587699971 78.526970626010623278 -0.41941317460965926722 84.323344536708333408 25.739599019242106692 79.641135530541632193 -0.55323665214014117186 81.619102332852065729 26.182143045696868455 80.862294337737338878 -0.69695107008512624525 78.928334094277857957 26.849982854318113823 82.008486392050897962 -0.83620896867547733766 76.742895470515847478 26.450992244631247985 84.024587695262141551 -0.96540146781212143878 74.332334641051218682 26.562536122422514495 85.806932890888077736 -1.1042781382325110862 71.868535911146139483 26.379204793333897783 87.508721768872092639 -1.2426971316629864539 69.552653476148250888 26.028926928948759922 89.383286760437016483 -1.3813649113719033146 66.987382292098246239 25.787372154048309625 90.919852732774387505 -1.5206437607752771868 64.440662549685526983 25.179510685436277129 92.384339993370588218 -1.6575259982787957647 61.979582244738594454 24.201425250699177383 93.793748581453058932 -1.792684537002653844 59.216217192827933502 23.390015900931565795 94.633646442183334102 -1.9362331074360499272 56.253103240398075968 22.921086536595559835 94.625841245297991122 -2.0750891118482490683 53.549939808528556284 21.623407520596916953 94.720374841859040771 -2.2118253846436730647 50.646104282838322774 21.173349400912087503 94.116067883882251977 -2.3549456327435094316 47.952445363587820282 20.543559882801410765 92.955220451568877138 -2.4936441145058747537 45.233765558229961812 19.700516728482945439 92.007561056675186251 -2.6317888935839661713 42.60106702482496388 19.215611314035832891 90.653395207810419265 -2.769996425403835616 40.157761260436693362 18.957134064358104553 88.931928847183229436 -2.9083083626416850187 37.543471431028301311 18.538471657989486374 87.521180656205444848 -3.0477458477825503103 35.104914378090370519 18.537682092157666602 85.773771470871110978 -3.1873779250533211815 32.575030184837899583 17.651743848239497936 84.426626569537930322 -3.3249742023717194783 30.234209897620331731 18.15590961060077646 82.61931440562520379 -3.4614132266983688169 27.663833023776970066 17.906413478052765953 81.092581161688244151 -3.5980578712163762134 25.205601639473449893 17.623596945574593775 79.396375613065501398 -3.7345966218894144362 22.685793772902169252 18.036127505235281632 77.821451218946606332 -3.8716587790764820376 20.115839155655045545 18.793178352488233429 76.471559639753351689 -4.0140851869592601986 17.574199011022766825 19.112890682143408583 74.910198247078781719 -4.1676948820149881669 14.596601154345021811 18.747247914867024576 74.895488760625340774 -4.3164875500228214733 12.383612694455147007 19.96858170953262146 73.279621860840464365 -4.4525648853344916844 9.3928899999999995174 19.855799999999998562 73.072599999999994225 -4.4178813727975185799 
-0.99915823928118074893 -0.040993195393091937107 -0.0015397428337911346369 0.040993243986676017321 -0.9991594236894575376 0 -0.0015384485624407218032 -6.3119053662335903622e-05 0.99999881459530037819 0 0 0 0 0 0 0 0 0 91.280699999999995953 29.670400000000000773 76.269000000000005457 -0 88.28322528215645093 29.793379731960030199 76.264384654312678435 -0.014438844173232689636 85.344887818848704342 30.234283683984646274 75.84992521465171933 -0.057623879561328208987 82.700683776622710752 31.393232377660979182 75.034435883055778049 -0.084508787192016543433 80.027595873066147192 32.660173896231874835 74.534975980457730316 -0.11913814163805969137 77.524906109546506627 33.472529144300231962 73.093926761438567041 -0.10539378362990647897 75.520281418327499523 35.457658819594691124 72.073760119371144128 -0.072335833098316190681 73.370924059851503785 37.235727672472286542 70.969797229306692543 -0.13589260365352734405 70.720209701289348914 38.258779561500752209 70.006948232017165878 -0.19443407667200868216 69.144156043053698113 40.419043503620841307 68.647053183886768579 -0.1346859587044686446 66.691831977167908008 41.394529003658121269 67.220682022138106504 -0.16601339918830015918 64.04934615489821681 42.508354648480811022 66.339398249449345712 -0.18472157963297164418 61.911554153832803138 43.777551017965308233 64.660414654273907331 -0.19028394808509641045 59.348881347937499697 44.690385100560618525 63.395724175779072596 -0.22633530421981545855 56.526001925664580483 44.069883040374172367 62.591778319398322594 -0.20914802242548674593 53.785403737366216603 44.226798743574967432 61.381613450217756167 -0.20595971763591985892 50.879635475881009654 43.734700383619504294 60.820944214223992219 -0.22677625895176733994 48.51255893517249973 41.892050911983950812 60.781049978059861871 -0.23132455269172291779 45.83400112222932421 40.567852716335565333 60.513044095733057759 -0.24870024606277829626 43.709909985467263027 38.499790087750696443 60.972776382372799731 -0.25776060691180474604 41.285720973708670556 36.733432045928978482 61.030107606612375548 -0.27959408234140237237 39.814333808431449313 34.313978968893700028 62.020696613156637511 -0.28202652515921028398 37.936720999743755556 32.044990612118446904 62.591890043447335756 -0.29582110797877830821 35.864817236764643837 30.028157885520762704 63.391640320854264701 -0.32359744799172812657 33.424700545443201349 28.496021708059149802 64.22733717108731355 -0.34831470393715641132 31.978562018391134103 26.228609426993518383 65.556820104387725223 -0.3316049070025761103 29.89934604066500512 24.337224151143121986 66.605401345694218662 -0.35908295530404071849 27.46268377473512956 22.971843672227560518 67.700121911261533114 -0.38603354781532384088 25.898543995880441315 20.822616698460777229 69.090909507844671111 -0.37071342924301459165 23.481136042541805864 19.39844539022500669 70.152924030435769964 -0.39365199463206229646 21.334862864283905992 18.144663294402473497 71.832668617496764796 -0.40087321073810100458 18.546124951325744235 17.275308300928543304 72.516161652300809237 -0.39147260084634832866 15.842568130391978087 17.766535630402639612 73.720103601747652533 -0.4022966936838153762 12.916700000000000514 17.738399999999998613 74.38230000000000075 -0.46204301354322091511 
-0.99509121666037292364 -0.092679420623773864363 0.034698638564363420977 0.092735263858620839428 -0.99569080081974836727 0 0.034549115219506015828 0.0032177874028011576105 0.99939782093107443206 0 0 0 0 0 0 0 0 0 91.066699999999997317 29.565799999999999415 76.266400000000004411 -0 88.081426350018872995 29.84400579157586364 76.370047345658520044 -0.030773112850988059569 85.119310749709114816 30.188585881448265269 76.042731395805461148 -0.16406927456212649918 82.646478008878716537 31.752302458446127531 75.379490338182762343 -0.13676088500690314342 79.855169816872958677 32.662144011522279641 74.762410988986715665 -0.16531631667167318023 77.697570874716873846 34.387725859914965554 73.593165896278165405 -0.17206863665417312936 75.223529277207688892 36.076969900216901976 73.433251095856874713 -0.17070110437540991777 72.655912110097503387 37.328380700192688835 72.516019887298938329 -0.23579185011986200649 71.212493792892914257 39.63315283792678656 71.249304074145129562 -0.19547043681625336786 68.607787079905463656 40.997612889006283865 70.65453377920657374 -0.21184177789926120217 66.041047339683984774 42.199018819787852408 69.670424593392780821 -0.25988656435622914387 64.080823114039745292 44.148247288606214056 68.505079427935143599 -0.27517144665052417629 61.352681069292742677 45.000845679379416708 67.593862132569483947 -0.33492158001005217782 59.071472944314407982 46.577489781709203953 66.449186259211941774 -0.34553076357236733873 56.199275890876748463 46.224336446881650886 65.658132029782350969 -0.37189195846026767978 53.305507945809658565 46.172010216843752062 64.868594807047145423 -0.40756013999028040118 50.64002125098943452 44.814610689575005154 64.639145079917909698 -0.44393325246045528543 47.779697596049992114 44.211135980759195263 63.965077700582405384 -0.46813802838469775747 45.410486861337489017 42.405710860513273985 63.608313649797679545 -0.50361846907424734354 43.146637333980734752 40.446402742277840048 63.798305662763368673 -0.53448798274521358564 40.755090771089776069 38.639954747559478676 63.666964027030360285 -0.56999923188543277774 39.088560506754475909 36.175996018361558981 64.05630218532915876 -0.5987227808277393315 37.09779834420728406 33.974229646348398148 64.49114790170314393 -0.62985561334323358906 35.005962027889083288 31.857417225119320392 64.869732034615225302 -0.66192834438217973414 33.274318588269970576 29.499741500058568988 65.535146289031274591 -0.71210371519762527548 31.590096251312768771 27.290296159132758191 66.667288671865463812 -0.7589647924309379512 28.799573004378007823 26.192129222265606359 66.583566697355337283 -0.7911914212177846295 27.512191387131498033 23.730932932715763428 67.717216281854291537 -0.80812262186795513763 25.525316826776606405 21.66657678066364312 68.60646492055859369 -0.83748033463293625189 23.199848461432310387 19.988558852156206314 69.487630452636423684 -0.86955650815099705397 21.068261296384953596 18.269343723475589769 70.712634730680491657 -0.9037909522850320343 18.53240535438471781 17.009831949521000638 71.704130931762705359 -0.93060013051999290745 15.604604964228606434 17.198333400590001929 72.330590883428840243 -0.95505470502120914933 12.829800000000000537 16.717199999999998283 73.364500000000006708 -0.98473961123146347418 
