-1.870263607 76.9 59.47969818 33.43090057 60.9314003 125.8395135 42.10000162 57.14239127 0.5066429239 0.1579376128 0.8475663149 0.801500367 0.1687166872 -0.5737001317 0.5066429239 -0.1579376128 -0.8475663149 0 0.1579376128 0.9834437947 -0.08884825882 0 0.8475663149 -0.08884825882 0.5231991292 0 0 0 0 1 1 0 0 59.47969818 0 1 0 33.43090057 0 0 1 60.9314003 0 0 0 1 0.5066429239 0.1579376128 0.8475663149 -0 -0.1579376128 0.9834437947 -0.08884825882 -0 -0.8475663149 -0.08884825882 0.5231991292 -0 0 0 0 1 32 2.056232496 0.9383713256 0.03125 2.20590449 0.9356824527 0.03125 2.345526416 0.9313727287 0.03125 2.473679431 0.925940889 0.03125 2.589999665 0.9198717307 0.03125 2.693369854 0.9136990989 0.03125 2.78220722 0.9078967612 0.03125 2.855571569 0.9029727822 0.03125 2.90974995 0.8993368987 0.03125 2.944111279 0.8974236868 0.03125 2.948787573 0.8975642299 0.03125 2.923539839 0.9002737839 0.03125 2.861027857 0.9056815921 0.03125 2.761984148 0.9139661935 0.03125 2.638543945 0.9247695065 0.03125 2.489653459 0.936204493 0.03125 1.339640191 0.4508183096 0.03125 1.17220013 0.457059021 0.03125 1.006105959 0.4644390646 0.03125 0.8394769965 0.4714216969 0.03125 0.6892818119 0.4778082093 0.03125 0.5564169455 0.4834321974 0.03125 0.4619048625 0.4881741109 0.03125 0.4065273337 0.4919828901 0.03125 0.3939494454 0.4948588995 0.03125 0.4245889446 0.4968919426 0.03125 0.4801746442 0.4981769866 0.03125 0.5608184013 0.4988744797 0.03125 0.6491489998 0.4991124402 0.03125 0.7451441143 0.4990635961 0.03125 0.84433056 0.4988636831 0.03125 0.9466322825 0.4987074783 0.03125 1 3 1 1 1 1 500 0.0004
-1.836233251 76.9 59.47969818 33.43090057 60.9314003 127.5874344 41.23302888 55.55853215 0.5976597504 0.1173227093 0.7931192878 0.8248706011 0.1714130721 -0.5387077594 0.5976597504 -0.1173227093 -0.7931192878 0 0.1173227093 0.9913845122 -0.05824200277 0 0.7931192878 -0.05824200277 0.6062752382 0 0 0 0 1 1 0 0 59.47969818 0 1 0 33.43090057 0 0 1 60.9314003 0 0 0 1 0.5976597504 0.1173227093 0.7931192878 -0 -0.1173227093 0.9913845122 -0.05824200277 -0 -0.7931192878 -0.05824200277 0.6062752382 -0 0 0 0 1 32 2.037524257 0.9388082749 0.03125 2.164737233 0.9370715122 0.03125 2.281157949 0.9346583593 0.03125 2.385687887 0.9319948556 0.03125 2.477414787 0.9294776496 0.03125 2.555584728 0.927454612 0.03125 2.619263813 0.9262315456 0.03125 2.667931995 0.9260406962 0.03125 2.699260825 0.9270817026 0.03125 2.713013194 0.9294763407 0.03125 2.700973749 0.9333133884 0.03125 2.663316677 0.9386924363 0.03125 2.596292572 0.9455320441 0.03125 2.500727815 0.9537617697 0.03125 2.386243904 0.9630304841 0.03125 2.250637612 0.9711589299 0.03125 1.119078168 0.4838766482 0.03125 0.9678298241 0.4869186155 0.03125 0.818059506 0.4912330606 0.03125 0.6668114447 0.4949778074 0.03125 0.5304324383 0.4980422149 0.03125 0.4095773278 0.5004043095 0.03125 0.326865295 0.5020179801 0.03125 0.2829302393 0.5029510997 0.03125 0.2836070477 0.5032378811 0.03125 0.3292682011 0.5030174223 0.03125 0.4019684984 0.5023890365 0.03125 0.5017956077 0.5015140549 0.03125 0.6076238454 0.5005210418 0.03125 0.7193685838 0.4995681814 0.03125 0.8307429234 0.498788008 0.03125 0.9416106092 0.4983419406 0.03125 1 3 1 1 1 1 500 0.0004
-1.85360139 76.9 59.47969818 33.43090057 60.9314003 129.7294703 41.84324388 53.99304758 0.6992928405 0.155673166 0.6976785712 0.8643806239 0.1523904099 -0.4791902545 0.6992928405 -0.155673166 -0.6976785712 0 0.155673166 0.9857386943 -0.0639147235 0 0.6976785712 -0.0639147235 0.7135541461 0 0 0 0 1 1 0 0 59.47969818 0 1 0 33.43090057 0 0 1 60.9314003 0 0 0 1 0.6992928405 0.155673166 0.6976785712 -0 -0.155673166 0.9857386943 -0.0639147235 -0 -0.6976785712 -0.0639147235 0.7135541461 -0 0 0 0 1 32 2.013986377 0.9366542425 0.03125 2.098482772 0.9348821595 0.03125 2.172804718 0.9326809049 0.03125 2.236486099 0.9303783306 0.03125 2.288846199 0.9282539719 0.03125 2.329546875 0.9265823669 0.03125 2.35814556 0.9255739421 0.03125 2.374447489 0.9254627274 0.03125 2.375745404 0.9263871579 0.03125 2.361993505 0.9285685382 0.03125 2.326829869 0.9320725641 0.03125 2.270489091 0.937074996 0.03125 2.192984671 0.9434699073 0.03125 2.095051705 0.9511260818 0.03125 1.985354941 0.9596974961 0.03125 1.859839085 0.9662156256 0.03125 0.7499523431 0.4804798682 0.03125 0.6183655534 0.4821123156 0.03125 0.4939018929 0.4860194946 0.03125 0.3718372248 0.4895816157 0.03125 0.266799601 0.4927039101 0.03125 0.1792204 0.4953091057 0.03125 0.1300954345 0.4973397403 0.03125 0.1198520871 0.4987809844 0.03125 0.1519339639 0.4996422941 0.03125 0.2265533288 0.4999963879 0.03125 0.3239576718 0.4999226917 0.03125 0.4441209745 0.4995478524 0.03125 0.5672291119 0.4989903173 0.03125 0.6931208694 0.4983842893 0.03125 0.8159701744 0.4978557151 0.03125 0.9355363068 0.4975351533 0.03125 1 3 1 1 1 1 500 0.0004
-1.941355456 76.9 59.47969818 33.43090057 60.9314003 129.6109965 40.70473293 55.46730832 0.6652904964 0.2057942858 0.7176609696 0.8719398546 0.1066483744 -0.4778566878 0.6652904964 -0.2057942858 -0.7176609696 0 0.2057942858 0.9745682281 -0.08868754551 0 0.7176609696 -0.08868754551 0.6907222684 0 0 0 0 1 1 0 0 59.47969818 0 1 0 33.43090057 0 0 1 60.9314003 0 0 0 1 0.6652904964 0.2057942858 0.7176609696 -0 -0.2057942858 0.9745682281 -0.08868754551 -0 -0.7176609696 -0.08868754551 0.6907222684 -0 0 0 0 1 32 2.019393941 0.9341322369 0.03125 2.108600511 0.932224917 0.03125 2.187947017 0.929833276 0.03125 2.256842892 0.9272934061 0.03125 2.314742473 0.9249037016 0.03125 2.361202397 0.9229782478 0.03125 2.395790507 0.9217570373 0.03125 2.41821758 0.9214967523 0.03125 2.426275148 0.9223625335 0.03125 2.419830751 0.9245766164 0.03125 2.391831588 0.9282278617 0.03125 2.342433636 0.9334906186 0.03125 2.269793226 0.9402725329 0.03125 2.174640571 0.9484326535 0.03125 2.066101763 0.9576154159 0.03125 1.940429494 0.9649631442 0.03125 0.8279022398 0.4794174489 0.03125 0.6935867802 0.4816230013 0.03125 0.5649191073 0.4859175543 0.03125 0.4374912275 0.4898068691 0.03125 0.3257863425 0.4931838219 0.03125 0.2302939142 0.4959725668 0.03125 0.1699008236 0.498113762 0.03125 0.145082156 0.4995981779 0.03125 0.1633737627 0.5004404708 0.03125 0.2250242112 0.5007286901 0.03125 0.3147774407 0.5005511262 0.03125 0.4326047989 0.5000578568 0.03125 0.5556083154 0.4993783617 0.03125 0.6836157232 0.4986622167 0.03125 0.8097287204 0.4980458974 0.03125 0.9336945307 0.4976785114 0.03125 1 3 1 1 1 1 500 0.0004
-1.872553966 76.9 59.47969818 33.43090057 60.9314003 126.4391144 43.04187344 57.40037622 0.5233921512 0.1774952451 0.8334003204 0.819519103 0.1704205868 -0.547124541 0.5233921512 -0.1774952451 -0.8334003204 0 0.1774952451 0.9793194667 -0.09710211127 0 0.8334003204 -0.09710211127 0.5440726844 0 0 0 0 1 1 0 0 59.47969818 0 1 0 33.43090057 0 0 1 60.9314003 0 0 0 1 0.5233921512 0.1774952451 0.8334003204 -0 -0.1774952451 0.9793194667 -0.09710211127 -0 -0.8334003204 -0.09710211127 0.5440726844 -0 0 0 0 1 32 2.052137049 0.9380899386 0.03125 2.19482743 0.9354323249 0.03125 2.327364907 0.9311658884 0.03125 2.448425118 0.9257726292 0.03125 2.557384334 0.919710971 0.03125 2.653206146 0.9135055634 0.03125 2.734466805 0.9076031356 0.03125 2.80028394 0.902523308 0.03125 2.846871178 0.8986821641 0.03125 2.873602575 0.8965695379 0.03125 2.870790294 0.8965350651 0.03125 2.838211869 0.8991441147 0.03125 2.769744764 0.9045144723 0.03125 2.666148973 0.9127982244 0.03125 2.539808098 0.9236161598 0.03125 2.389397245 0.9349430875 0.03125 1.239610241 0.4498787652 0.03125 1.072164458 0.4559932276 0.03125 0.9068853629 0.4634149107 0.03125 0.7416278632 0.4704836148 0.03125 0.5950024722 0.4769965281 0.03125 0.4679053053 0.482760499 0.03125 0.3808750465 0.4876478789 0.03125 0.3346937594 0.4915855141 0.03125 0.3312789754 0.4945683735 0.03125 0.3710458565 0.496676309 0.03125 0.4364195906 0.4980059801 0.03125 0.5274915441 0.4987290637 0.03125 0.625389975 0.4989805974 0.03125 0.7300539123 0.4989394953 0.03125 0.836216083 0.4987471373 0.03125 0.9437687787 0.4985925566 0.03125 1 3 1 1 1 1 500 0.0004
-1.762663509 76.9 59.47969818 33.33089828 60.83139801 118.4117898 42.24854295 63.28817529 0.3302510042 0.1520422167 0.9315671949 0.8391848334 0.08746418139 -0.5367670187 0.3302510042 -0.1520422167 -0.9315671949 0 0.1520422167 0.9826222002 -0.1064742976 0 0.9315671949 -0.1064742976 0.347628804 0 0 0 0 1 1 0 0 59.47969818 0 1 0 33.33089828 0 0 1 60.83139801 0 0 0 1 0.3302510042 0.1520422167 0.9315671949 -0 -0.1520422167 0.9826222002 -0.1064742976 -0 -0.9315671949 -0.1064742976 0.347628804 -0 0 0 0 1 32 1.75918595 0.930861058 0.03125 1.410172679 0.916051495 0.03125 1.135584668 0.8810480852 0.03125 0.9354074373 0.8228370218 0.03125 0.9890257351 0.7396464538 0.03125 1.29124658 0.6350838643 0.03125 1.795296115 0.5135547566 0.03125 2.483034229 0.3870974659 0.03125 3.171482741 0.2651203267 0.03125 3.843634178 0.1595199329 0.03125 4.424186671 0.07943343684 0.03125 4.899797339 0.0341627314 0.03125 5.159399879 0.0289880683 0.03125 5.195537716 0.06646731197 0.03125 5.014179454 0.1435503577 0.03125 4.609908901 0.2439335488 0.03125 3.158833604 -0.1305516525 0.03125 2.583920256 -0.04742014607 0.03125 1.991941701 0.04073747578 0.03125 1.376987309 0.1234478787 0.03125 0.8017489281 0.1984224849 0.03125 0.2734804388 0.2634191327 0.03125 -0.1296914363 0.3182120395 0.03125 -0.4023572164 0.3628035496 0.03125 -0.5258718169 0.3984512849 0.03125 -0.4982543283 0.4264816452 0.03125 -0.3835022076 0.4481804961 0.03125 -0.1816933431 0.4647245207 0.03125 0.04718359846 0.4768674785 0.03125 0.3028701841 0.4853150479 0.03125 0.5699784288 0.4905030589 0.03125 0.8473771107 0.4930153214 0.03125 1 3 1 1 1 1 500 0.0004
-1.526087705 76.9 59.47969818 33.33089828 60.83139801 106.8207132 42.34424047 69.50510308 0.05811026663 0.09845127089 0.9934437801 0.8022964217 0.04735693405 -0.595044345 0.05811026663 -0.09845127089 -0.9934437801 0 0.09845127089 0.9908396572 -0.09243441425 0 0.9934437801 -0.09243441425 0.06727060941 0 0 0 0 1 1 0 0 59.47969818 0 1 0 33.33089828 0 0 1 60.83139801 0 0 0 1 0.05811026663 0.09845127089 0.9934437801 -0 -0.09845127089 0.9908396572 -0.09243441425 -0 -0.9934437801 -0.09243441425 0.06727060941 -0 0 0 0 1 32 1.818597001 0.9361406099 0.03125 1.024533571 0.9014353429 0.03125 0.3599082634 0.8423852341 0.03125 -0.1631696793 0.7527046629 0.03125 -0.2367562098 0.6269347177 0.03125 0.1398160707 0.465332921 0.03125 0.8871401897 0.2708939768 0.03125 1.976262926 0.05742077798 0.03125 3.106181547 -0.1618759387 0.03125 4.24064924 -0.3684682481 0.03125 5.253465981 -0.546546933 0.03125 6.115924694 -0.6804229798 0.03125 6.713488979 -0.7572703167 0.03125 7.027005322 -0.7662012017 0.03125 7.005970974 -0.7037945876 0.03125 6.651289957 -0.5788449128 0.03125 5.098774837 -0.9157669934 0.03125 4.356196849 -0.7642445115 0.03125 3.529191246 -0.5969101271 0.03125 2.629467767 -0.4258320221 0.03125 1.753814935 -0.2580020911 0.03125 0.9179719006 -0.1015802965 0.03125 0.2454046988 0.03884359576 0.03125 -0.2517552486 0.1584735865 0.03125 -0.5369254846 0.2566015769 0.03125 -0.6037427103 0.3335694062 0.03125 -0.5388406479 0.3915244646 0.03125 -0.3402390007 0.4335932765 0.03125 -0.09667524065 0.4624866509 0.03125 0.192339135 0.4811712355 0.03125 0.5013480373 0.4917700068 0.03125 0.8305025229 0.4965234218 0.03125 1 3 1 1 1 1 500 0.0004
-1.391518185 76.9 59.57970047 32.73089981 60.83139801 100.9180328 41.99206459 72.11874485 -0.05344596319 0.1174504818 0.9916395078 0.7924090995 -0.01460107698 -0.6098152406 -0.05344596319 -0.1174504818 -0.9916395078 0 0.1174504818 0.985426489 -0.123044785 0 0.9916395078 -0.123044785 -0.03887245217 0 0 0 0 1 1 0 0 59.57970047 0 1 0 32.73089981 0 0 1 60.83139801 0 0 0 1 -0.05344596319 0.1174504818 0.9916395078 -0 -0.1174504818 0.985426489 -0.123044785 -0 -0.9916395078 -0.123044785 -0.03887245217 0 0 0 0 1 32 1.350577524 0.9271351208 0.03125 0.5354949785 0.8652635316 0.03125 -0.1435478588 0.7800173114 0.03125 -0.6766044293 0.6657633829 0.03125 -0.720052534 0.5168983506 0.03125 -0.2713141344 0.3312846918 0.03125 0.5701916911 0.1096332393 0.03125 1.778839931 -0.1364092637 0.03125 3.035417952 -0.3945481747 0.03125 4.302343483 -0.6447446635 0.03125 5.438439636 -0.8691276219 0.03125 6.410537795 -1.048758252 0.03125 7.125609619 -1.166943374 0.03125 7.559841316 -1.207937776 0.03125 7.653176338 -1.163553223 0.03125 7.402403106 -1.037370488 0.03125 5.906100111 -1.356771729 0.03125 5.185643949 -1.17351124 0.03125 4.338701807 -0.9637980979 0.03125 3.382933354 -0.7430462236 0.03125 2.425747957 -0.521542897 0.03125 1.488797881 -0.3116970944 0.03125 0.7041421348 -0.1210412503 0.03125 0.08751426634 0.04247784487 0.03125 -0.3066272042 0.1769648297 0.03125 -0.4707475365 0.2819618352 0.03125 -0.4785030978 0.3603217635 0.03125 -0.3274392673 0.4163112999 0.03125 -0.113789682 0.4539962321 0.03125 0.16343072 0.4778171548 0.03125 0.4753790911 0.4909553436 0.03125 0.822494732 0.4967744919 0.03125 1 3 1 1 1 1 500 0.0004
-1.262508301 76.9 58.87969971 33.53089905 60.9314003 80.71575667 41.74841621 95.08629713 0.02663385813 -0.2220826807 0.9746640039 0.7446353245 0.3749796193 -0.5521852213 0.02663385813 0.2220826807 -0.9746640039 0 -0.2220826807 0.9519588053 0.2108404988 0 0.9746640039 0.2108404988 0.07467505283 0 0 0 0 1 1 0 0 58.87969971 0 1 0 33.53089905 0 0 1 60.9314003 0 0 0 1 0.02663385813 -0.2220826807 0.9746640039 -0 0.2220826807 0.9519588053 0.2108404988 -0 -0.9746640039 0.2108404988 0.07467505283 -0 0 0 0 1 32 -0.6291624209 0.9155926493 0.03125 -2.106754034 0.9104812703 0.03125 -3.273596856 0.966983508 0.03125 -4.015597849 1.132271411 0.03125 -4.013145437 1.390956811 0.03125 -3.283494808 1.631793752 0.03125 -2.128839561 1.7713127 0.03125 -0.620475613 1.75728682 0.03125 0.9728179057 1.59582107 0.03125 2.576458471 1.330511876 0.03125 4.007096096 1.015466914 0.03125 5.206069689 0.7026337875 0.03125 6.100845239 0.4321022768 0.03125 6.665694245 0.216665524 0.03125 6.950111412 0.06687047038 0.03125 6.922449216 -0.05035450793 0.03125 5.857819144 -0.5340396299 0.03125 5.491594525 -0.5684019046 0.03125 5.073404307 -0.542516483 0.03125 4.601355903 -0.4763153847 0.03125 4.143018332 -0.3698515915 0.03125 3.736108992 -0.2370174949 0.03125 3.408620687 -0.09079906844 0.03125 3.174629251 0.04943134327 0.03125 2.973411867 0.1725358742 0.03125 2.802649506 0.2720216689 0.03125 2.596628184 0.3467603418 0.03125 2.353411693 0.4007209372 0.03125 2.06916712 0.43704767 0.03125 1.745762192 0.4597430163 0.03125 1.427288663 0.4720680173 0.03125 1.125112594 0.4775346904 0.03125 1 3 1 1 1 1 500 0.0004
-0.9313060442 76.9 58.97969818 32.93090057 60.9314003 82.75739622 43.25355019 92.65107799 -0.1101622864 -0.2320229542 0.9664520782 0.712990877 0.4321023205 -0.5522061154 -0.1101622864 0.2320229542 -0.9664520782 0 -0.2320229542 0.9395005961 0.2519999578 0 0.9664520782 0.2519999578 -0.04966288246 0 0 0 0 1 1 0 0 58.97969818 0 1 0 32.93090057 0 0 1 60.9314003 0 0 0 1 -0.1101622864 -0.2320229542 0.9664520782 -0 0.2320229542 0.9395005961 0.2519999578 -0 -0.9664520782 0.2519999578 -0.04966288246 -0 0 0 0 1 32 1.230216581 0.9625378375 0.03125 -0.2166151566 0.9537066729 0.03125 -1.480715278 0.9398174707 0.03125 -2.525665314 0.9227192302 0.03125 -2.92257285 0.9005082444 0.03125 -2.652087834 0.8653827384 0.03125 -1.902754736 0.806676544 0.03125 -0.6881136104 0.7146207168 0.03125 0.6768548804 0.5855940577 0.03125 2.153427641 0.423870719 0.03125 3.564000745 0.2398203588 0.03125 4.862748943 0.04899184895 0.03125 5.937561563 -0.1308960627 0.03125 6.752300962 -0.2818818545 0.03125 7.265551901 -0.3870023804 0.03125 7.458168705 -0.4368553813 0.03125 6.385694347 -0.9163852582 0.03125 6.054299468 -0.8684035717 0.03125 5.556758544 -0.7764785005 0.03125 4.922065793 -0.651145562 0.03125 4.270866041 -0.4998043179 0.03125 3.642175146 -0.3363264064 0.03125 3.115018941 -0.1711395296 0.03125 2.708665349 -0.01670566904 0.03125 2.380236645 0.1202852231 0.03125 2.131951046 0.234586961 0.03125 1.89736842 0.3252999153 0.03125 1.676819962 0.3931934864 0.03125 1.470208098 0.44077664 0.03125 1.279919564 0.4712570881 0.03125 1.136196033 0.4882125168 0.03125 1.04356033 0.4956292266 0.03125 1 3 1 1 1 1 500 0.0004
-0.7219241099 76.9 58.97969818 32.93090057 60.9314003 82.56940776 46.45645175 89.05727058 -0.0963297414 -0.2971836537 0.9499486601 0.6045474996 0.5089826869 -0.6127470483 -0.0963297414 0.2971836537 -0.9499486601 0 -0.2971836537 0.9022673114 0.3124029046 0 0.9499486601 0.3124029046 0.001402947234 0 0 0 0 1 1 0 0 58.97969818 0 1 0 32.93090057 0 0 1 60.9314003 0 0 0 1 -0.0963297414 -0.2971836537 0.9499486601 -0 0.2971836537 0.9022673114 0.3124029046 -0 -0.9499486601 0.3124029046 0.001402947234 -0 0 0 0 1 32 1.147848229 0.9729222445 0.03125 -0.11107679 0.9693383029 0.03125 -1.204230305 0.9576765126 0.03125 -2.103742446 0.9377035479 0.03125 -2.406671665 0.9059457306 0.03125 -2.098899351 0.8546862364 0.03125 -1.328807082 0.7740713452 0.03125 -0.1114578914 0.6568963859 0.03125 1.229336485 0.5020024979 0.03125 2.656340487 0.3165892274 0.03125 4.004968034 0.1136408136 0.03125 5.232142546 -0.08892797905 0.03125 6.234690026 -0.2713728232 0.03125 6.978979354 -0.4143788017 0.03125 7.421854885 -0.5006684937 0.03125 7.547414658 -0.5222952307 0.03125 6.414557434 -0.9715552069 0.03125 6.033280711 -0.8939957303 0.03125 5.495070381 -0.7740457114 0.03125 4.828269766 -0.6256085253 0.03125 4.148999704 -0.4580651875 0.03125 3.49324237 -0.2863081542 0.03125 2.94525942 -0.1203040093 0.03125 2.522810778 0.0295636897 0.03125 2.191719891 0.1584095801 0.03125 1.953789649 0.2636831849 0.03125 1.738290885 0.345711327 0.03125 1.545366511 0.4063503986 0.03125 1.371177648 0.448355618 0.03125 1.217917634 0.4749884837 0.03125 1.103885399 0.4896075431 0.03125 1.032767039 0.4960133893 0.03125 1 3 1 1 1 1 500 0.0004
-0.8480522067 76.9 58.87969971 33.53089905 60.9314003 82.9789161 48.35208153 87.79076106 -0.003946786092 -0.300637604 0.9537302836 0.4716799516 0.6658964864 -0.5780137478 -0.003946786092 0.300637604 -0.9537302836 0 -0.300637604 0.9092588953 0.2878633223 0 0.9537302836 0.2878633223 0.08679431858 0 0 0 0 1 1 0 0 58.87969971 0 1 0 33.53089905 0 0 1 60.9314003 0 0 0 1 -0.003946786092 -0.300637604 0.9537302836 -0 0.300637604 0.9092588953 0.2878633223 -0 -0.9537302836 0.2878633223 0.08679431858 -0 0 0 0 1 32 0.9051213511 0.9339925554 0.03125 -0.5341240471 0.9256866631 0.03125 -1.755087579 0.9104417422 0.03125 -2.667061133 0.8877586886 0.03125 -2.889102615 0.8513169472 0.03125 -2.405859925 0.7882799472 0.03125 -1.440378007 0.6916058237 0.03125 -0.03143371761 0.5649663145 0.03125 1.484081002 0.4227190802 0.03125 3.046703948 0.2884981774 0.03125 4.481038168 0.188505602 0.03125 5.732536884 0.143214015 0.03125 6.700417215 0.1643366326 0.03125 7.34951716 0.2430963052 0.03125 7.66184822 0.3662093782 0.03125 7.601335579 0.4875169768 0.03125 6.425589913 0.1714327818 0.03125 5.893308761 0.2442694816 0.03125 5.260482237 0.3166464001 0.03125 4.534190461 0.3723705142 0.03125 3.823780261 0.4176063047 0.03125 3.171727268 0.4532784383 0.03125 2.648247001 0.480172184 0.03125 2.27069607 0.4978721934 0.03125 1.98827894 0.5055902239 0.03125 1.796362891 0.5070286679 0.03125 1.620029352 0.5032087612 0.03125 1.453378242 0.4980097387 0.03125 1.298773966 0.4923831439 0.03125 1.157436819 0.4872577102 0.03125 1.05570232 0.4830004687 0.03125 0.9962126931 0.4807049449 0.03125 1 3 1 1 1 1 500 0.0004
-1.186805115 76.9 58.97969818 32.93090057 60.9314003 84.93430564 50.33057237 87.31455745 0.04819688576 -0.3190095925 0.9465251925 0.3647027962 0.7649890483 -0.5308329553 0.04819688576 0.3190095925 -0.9465251925 0 -0.3190095925 0.9029122091 0.2880666982 0 0.9465251925 0.2880666982 0.1452846767 0 0 0 0 1 1 0 0 58.97969818 0 1 0 32.93090057 0 0 1 60.9314003 0 0 0 1 0.04819688576 -0.3190095925 0.9465251925 -0 0.3190095925 0.9029122091 0.2880666982 -0 -0.9465251925 0.2880666982 0.1452846767 -0 0 0 0 1 32 1.059179936 0.9653467854 0.03125 -0.09883618038 0.9958338164 0.03125 -1.119141774 1.038725894 0.03125 -1.975322689 1.085477181 0.03125 -2.251308475 1.130682262 0.03125 -1.921538519 1.167360913 0.03125 -1.153230996 1.193449392 0.03125 0.04701772067 1.206036137 0.03125 1.353274382 1.206596932 0.03125 2.732609376 1.199384432 0.03125 4.038520827 1.192105867 0.03125 5.230916511 1.1940776 0.03125 6.218320984 1.21471872 0.03125 6.96715988 1.260772332 0.03125 7.418205285 1.334484782 0.03125 7.553561528 1.424910401 0.03125 6.430626704 1.028719836 0.03125 6.04033938 1.095746109 0.03125 5.477364044 1.145392606 0.03125 4.764753168 1.163726231 0.03125 4.020525652 1.147700127 0.03125 3.278356182 1.097717262 0.03125 2.649115085 1.019284232 0.03125 2.151185112 0.924672618 0.03125 1.780827067 0.8235476316 0.03125 1.539110531 0.7301898053 0.03125 1.349203964 0.6503758651 0.03125 1.209005673 0.5892466976 0.03125 1.090162034 0.5461056188 0.03125 0.994539641 0.5186838497 0.03125 0.9580810009 0.5034118938 0.03125 0.9851908062 0.4971325016 0.03125 1 3 1 1 1 1 500 0.0004
-0.807843152 76.9 58.87969971 33.53089905 60.9314003 79.6829869 48.22903637 83.29746723 -0.07393962731 -0.2727064173 0.9592518655 0.4657990534 0.5923349042 -0.6573968384 -0.07393962731 0.2727064173 -0.9592518655 0 -0.2727064173 0.9196933675 0.2824806538 0 0.9592518655 0.2824806538 0.006367005219 0 0 0 0 1 1 0 0 58.87969971 0 1 0 33.53089905 0 0 1 60.9314003 0 0 0 1 -0.07393962731 -0.2727064173 0.9592518655 -0 0.2727064173 0.9196933675 0.2824806538 -0 -0.9592518655 0.2824806538 0.006367005219 -0 0 0 0 1 32 1.046969557 0.9641357126 0.03125 -0.5090830172 0.9618356697 0.03125 -1.831026188 0.9454318992 0.03125 -2.865872254 0.9148966123 0.03125 -3.148995884 0.8610209289 0.03125 -2.672500993 0.7665921724 0.03125 -1.666265652 0.6227214948 0.03125 -0.1602833406 0.4379334706 0.03125 1.466851214 0.2358263091 0.03125 3.162901465 0.05294303521 0.03125 4.747139169 -0.07213158355 0.03125 6.163737024 -0.1126570598 0.03125 7.304094063 -0.05711439468 0.03125 8.121649513 0.06998594729 0.03125 8.551457683 0.2413279235 0.03125 8.567429947 0.4071237391 0.03125 7.292146181 0.06862697648 0.03125 6.673777637 0.1456429341 0.03125 5.879810134 0.2046808437 0.03125 4.951420837 0.2478048029 0.03125 4.041406404 0.2880151129 0.03125 3.201254804 0.3286381558 0.03125 2.529163734 0.3695720136 0.03125 2.045253265 0.4077603488 0.03125 1.693195408 0.438506345 0.03125 1.468835115 0.4623547361 0.03125 1.289652864 0.4781341245 0.03125 1.149981282 0.4881536399 0.03125 1.041470075 0.4931497321 0.03125 0.9643762664 0.4944793981 0.03125 0.940768141 0.4933450253 0.03125 0.9722222039 0.4921525505 0.03125 1 3 1 1 1 1 500 0.0004
-0.8644736708 76.9 58.97969818 32.93090057 60.9314003 80.07324431 47.52718669 80.04069451 -0.1042935179 -0.1930877338 0.9756228724 0.5175395909 0.4680068112 -0.7163256218 -0.1042935179 0.1930877338 -0.9756228724 0 -0.1930877338 0.9583760152 0.2103153358 0 0.9756228724 0.2103153358 -0.06266953312 0 0 0 0 1 1 0 0 58.97969818 0 1 0 32.93090057 0 0 1 60.9314003 0 0 0 1 -0.1042935179 -0.1930877338 0.9756228724 -0 0.1930877338 0.9583760152 0.2103153358 -0 -0.9756228724 0.2103153358 -0.06266953312 -0 0 0 0 1 32 0.8202734705 0.9611800543 0.03125 -0.6958083296 0.9537820946 0.03125 -1.978260941 0.9295922849 0.03125 -2.980136314 0.8826856337 0.03125 -3.220986829 0.8038790203 0.03125 -2.687974688 0.6818624257 0.03125 -1.605117569 0.5140538344 0.03125 -0.001149515575 0.3130407653 0.03125 1.719872696 0.1033853099 0.03125 3.503020709 -0.07982320707 0.03125 5.153703968 -0.2021885028 0.03125 6.611367052 -0.2430725183 0.03125 7.757227866 -0.1979674557 0.03125 8.54213727 -0.09473624484 0.03125 8.912354388 0.03802921487 0.03125 8.847571422 0.1592713509 0.03125 7.468654713 -0.2253484667 0.03125 6.754463345 -0.176705816 0.03125 5.87660951 -0.13217088 0.03125 4.884275051 -0.08443407184 0.03125 3.932981865 -0.02154981021 0.03125 3.075029028 0.05570935546 0.03125 2.386739514 0.1418994484 0.03125 1.887174289 0.2277610598 0.03125 1.519176438 0.3046552763 0.03125 1.279022174 0.3689058984 0.03125 1.095515074 0.4179371977 0.03125 0.9636467755 0.4528879666 0.03125 0.8756841186 0.4751485685 0.03125 0.8319209693 0.4873083801 0.03125 0.8544436871 0.4920346241 0.03125 0.9441420946 0.4932088598 0.03125 1 3 1 1 1 1 500 0.0004
-1.092629496 76.9 58.87969971 33.53089905 60.9314003 75.35089896 48.40678673 82.9126225 -0.06141656371 -0.3132059451 0.947697231 0.5338318695 0.416968406 -0.7356363799 -0.0614165637 0.3132059451 -0.947697231 0 -0.3132059451 0.8954829584 0.3162472247 0 0.947697231 0.3162472247 0.04310047789 0 0 0 0 1 1 0 0 58.87969971 0 1 0 33.53089905 0 0 1 60.9314003 0 0 0 1 -0.0614165637 -0.3132059451 0.947697231 -0 0.3132059451 0.8954829584 0.3162472247 -0 -0.947697231 0.3162472247 0.04310047789 -0 0 0 0 1 32 0.7745508804 0.9584864683 0.03125 -1.531097698 1.045249715 0.03125 -3.315874574 1.276988559 0.03125 -4.403978795 1.730448993 0.03125 -4.403737399 2.341121876 0.03125 -3.388520739 2.855770766 0.03125 -1.834023474 3.103144607 0.03125 0.1293187877 3.010392146 0.03125 2.142318676 2.625385946 0.03125 4.100958295 2.063543433 0.03125 5.808740316 1.444005789 0.03125 7.182446135 0.8651055593 0.03125 8.101635595 0.4041819153 0.03125 8.526690654 0.07842177466 0.03125 8.5175218 -0.09091234717 0.03125 8.068806267 -0.1578830094 0.03125 6.616854436 -0.5325831895 0.03125 5.893947894 -0.4729932753 0.03125 5.18073932 -0.3654530886 0.03125 4.492888982 -0.2550668137 0.03125 3.873432192 -0.1425369756 0.03125 3.372069855 -0.03265429341 0.03125 3.011334194 0.07228460164 0.03125 2.80468136 0.1684289112 0.03125 2.630354598 0.251761305 0.03125 2.480166089 0.3211219245 0.03125 2.26777106 0.3755887722 0.03125 1.98739312 0.4162836753 0.03125 1.712525865 0.4443227131 0.03125 1.443799389 0.4616804907 0.03125 1.220135856 0.4705984281 0.03125 1.041971825 0.4743557177 0.03125 1 3 1 1 1 1 500 0.0004
-0.8325540379 76.9 59.07970047 32.73089981 60.83139801 60.96216157 59.12190435 76.22950108 -0.2411967372 0.05746976273 0.9687731212 0.3180353733 0.5886327315 -0.7432126269 -0.2411967372 -0.05746976273 -0.9687731212 0 0.05746976273 0.9956473914 -0.07337232738 0 0.9687731212 -0.07337232738 -0.2368441285 0 0 0 0 1 1 0 0 59.07970047 0 1 0 32.73089981 0 0 1 60.83139801 0 0 0 1 -0.2411967372 0.05746976273 0.9687731212 -0 -0.05746976273 0.9956473914 -0.07337232738 -0 -0.9687731212 -0.07337232738 -0.2368441285 0 0 0 0 1 32 -0.3634038347 0.9164624893 0.03125 -1.793583047 0.868145867 0.03125 -3.102876505 0.8139534779 0.03125 -4.203885641 0.7529358808 0.03125 -4.419060292 0.6819629443 0.03125 -3.725618867 0.5983297879 0.03125 -2.379845734 0.5065221877 0.03125 -0.4300583845 0.4191608102 0.03125 1.633657044 0.3565991048 0.03125 3.728986696 0.3405943292 0.03125 5.616750217 0.3936122208 0.03125 7.216375191 0.5240546708 0.03125 8.4278573 0.727723376 0.03125 9.204414678 0.9725246865 0.03125 9.508973203 1.221006718 0.03125 9.327729456 1.409075561 0.03125 7.908214055 1.074842647 0.03125 7.092391051 1.083392306 0.03125 6.144644194 1.050773938 0.03125 5.094684029 0.9836480286 0.03125 4.079644443 0.9006732229 0.03125 3.153133148 0.8171506316 0.03125 2.405234051 0.7394865819 0.03125 1.856257164 0.673181354 0.03125 1.445139573 0.6179749842 0.03125 1.166333496 0.5751297333 0.03125 0.9546299436 0.5428010538 0.03125 0.8047814075 0.5197803969 0.03125 0.7184113693 0.5039497855 0.03125 0.6971097549 0.4936343177 0.03125 0.7570400368 0.4871936483 0.03125 0.8926175068 0.4841110695 0.03125 1 3 1 1 1 1 500 0.0004
-0.8886697671 76.9 58.87969971 33.53089905 60.9314003 90.51912207 48.29876901 71.76513622 0.01154597525 -0.1725774506 0.9849282786 0.4985499841 0.337746107 -0.7983579902 0.01154597525 0.1725774506 -0.9849282786 0 -0.1725774506 0.970556972 0.1680362688 0 0.9849282786 0.1680362688 0.04098900325 0 0 0 0 1 1 0 0 58.87969971 0 1 0 33.53089905 0 0 1 60.9314003 0 0 0 1 0.01154597525 -0.1725774506 0.9849282786 -0 0.1725774506 0.970556972 0.1680362688 -0 -0.9849282786 0.1680362688 0.04098900325 -0 0 0 0 1 32 1.526493318 0.9356933904 0.03125 0.353817227 0.889853888 0.03125 -0.6364039946 0.8149336073 0.03125 -1.402044411 0.7059917288 0.03125 -1.57483551 0.5579633568 0.03125 -1.145424448 0.3728738422 0.03125 -0.2708209908 0.1580700804 0.03125 1.023291488 -0.06493281457 0.03125 2.41922309 -0.2716712299 0.03125 3.872881127 -0.4354376376 0.03125 5.230125356 -0.5365014304 0.03125 6.44043817 -0.572216584 0.03125 7.383633939 -0.5494779092 0.03125 8.013057374 -0.4923148548 0.03125 8.270514558 -0.4188740832 0.03125 8.128440446 -0.35167215 0.03125 6.748232708 -0.7552273981 0.03125 6.033435542 -0.7148541345 0.03125 5.187679167 -0.6526812721 0.03125 4.237326587 -0.5670656172 0.03125 3.313964615 -0.4527026443 0.03125 2.456473037 -0.314274079 0.03125 1.750601335 -0.1619822406 0.03125 1.213338862 -0.0108628949 0.03125 0.831832067 0.1274289353 0.03125 0.6063093118 0.2438293547 0.03125 0.473529897 0.3349104675 0.03125 0.4308135699 0.4010325677 0.03125 0.4458122525 0.4449404973 0.03125 0.5189085333 0.4711408704 0.03125 0.6615168158 0.4840614318 0.03125 0.8712566702 0.48888305 0.03125 1 3 1 1 1 1 500 0.0004
-1.447325933 76.9 59.47969818 33.13090134 60.53139877 103.1483511 49.19036671 63.05057748 0.1703265746 -0.06296983149 0.9833736107 0.5040999638 0.340717951 -0.7935959327 0.1703265746 0.06296983149 -0.9833736107 0 -0.06296983149 0.9966118861 0.05291076175 0 0.9833736107 0.05291076175 0.1737146885 0 0 0 0 1 1 0 0 59.47969818 0 1 0 33.13090134 0 0 1 60.53139877 0 0 0 1 0.1703265746 -0.06296983149 0.9833736107 -0 0.06296983149 0.9966118861 0.05291076175 -0 -0.9833736107 0.05291076175 0.1737146885 -0 0 0 0 1 32 1.685023025 0.946290677 0.03125 1.229884529 0.9447261838 0.03125 0.8155592704 0.9394325896 0.03125 0.449466965 0.9274135658 0.03125 0.3541627297 0.9050942666 0.03125 0.5351288357 0.8676050941 0.03125 1.060240385 0.8123800854 0.03125 1.914736688 0.7390440814 0.03125 2.84981474 0.6503019478 0.03125 3.839390828 0.551815075 0.03125 4.760510789 0.4510688905 0.03125 5.589304781 0.3569996166 0.03125 6.218420919 0.27934484 0.03125 6.626011701 0.2290645849 0.03125 6.730768755 0.213415745 0.03125 6.522525206 0.2323452889 0.03125 5.145194784 -0.2064831273 0.03125 4.568752169 -0.1531060194 0.03125 3.912760172 -0.08255453475 0.03125 3.182375869 -0.003979627258 0.03125 2.452551058 0.07820358531 0.03125 1.737077908 0.1591061826 0.03125 1.130441981 0.2350330811 0.03125 0.6428918236 0.3020344693 0.03125 0.3147738534 0.3585164666 0.03125 0.1507842322 0.4033058333 0.03125 0.1015292622 0.4370998961 0.03125 0.1683268902 0.4612466864 0.03125 0.2843752015 0.4773846119 0.03125 0.450261252 0.4874650668 0.03125 0.6477640956 0.4929024562 0.03125 0.8777171655 0.4952719336 0.03125 1 3 1 1 1 1 500 0.0004
-1.716990556 76.9 59.17969894 32.73089981 60.83139801 114.758908 47.23878301 54.24717903 0.3311968258 0.04831316465 0.9423239893 0.4092169242 0.3622234725 -0.8374578586 0.3311968258 -0.04831316465 -0.9423239893 0 0.04831316465 0.9982465689 -0.03419979162 0 0.9423239893 -0.03419979162 0.3329502568 0 0 0 0 1 1 0 0 59.17969894 0 1 0 32.73089981 0 0 1 60.83139801 0 0 0 1 0.3311968258 0.04831316465 0.9423239893 -0 -0.04831316465 0.9982465689 -0.03419979162 -0 -0.9423239893 -0.03419979162 0.3329502568 -0 0 0 0 1 32 2.098055661 0.9466578873 0.03125 2.281757798 0.9454519609 0.03125 2.457680979 0.941963776 0.03125 2.624626339 0.9368080875 0.03125 2.781287576 0.9306034103 0.03125 2.926588396 0.9239339305 0.03125 3.059047903 0.9173599319 0.03125 3.177753812 0.9114048875 0.03125 3.28044172 0.9065468486 0.03125 3.366459706 0.9031992343 0.03125 3.432519534 0.9017298525 0.03125 3.478362284 0.9024064036 0.03125 3.501349474 0.9054229602 0.03125 3.501719917 0.9108555852 0.03125 3.480013 0.9186924287 0.03125 3.436898475 0.9287852247 0.03125 2.377916041 0.437625503 0.03125 2.308262099 0.4438663778 0.03125 2.230015431 0.4501682148 0.03125 2.143566233 0.4564457592 0.03125 2.050912974 0.4625974102 0.03125 1.952461106 0.4685363332 0.03125 1.85010085 0.4741623915 0.03125 1.744265537 0.4793874611 0.03125 1.637349447 0.4841220453 0.03125 1.529818519 0.4883017799 0.03125 1.425104166 0.4918510229 0.03125 1.323707062 0.4947496 0.03125 1.230630206 0.4969550215 0.03125 1.146394059 0.4985194709 0.03125 1.078071242 0.4994545668 0.03125 1.026173702 0.4999176435 0.03125 1 3 1 1 1 1 500 0.0004
-1.700878632 76.9 59.17969894 33.03089905 60.73139954 124.9053706 47.07464979 51.7022681 0.6913123436 0.06158246363 0.7199269711 0.6565288684 0.3444488105 -0.6710624873 0.6913123436 -0.06158246363 -0.7199269711 0 0.06158246363 0.9977577176 -0.02621329921 0 0.7199269711 -0.02621329921 0.693554626 0 0 0 0 1 1 0 0 59.17969894 0 1 0 33.03089905 0 0 1 60.73139954 0 0 0 1 0.6913123436 0.06158246363 0.7199269711 -0 -0.06158246363 0.9977577176 -0.02621329921 -0 -0.7199269711 -0.02621329921 0.693554626 -0 0 0 0 1 32 1.986779929 0.946999906 0.03125 2.025339088 0.9474758854 0.03125 2.061700858 0.9478698854 0.03125 2.095644552 0.9483003239 0.03125 2.127105048 0.9488825182 0.03125 2.155908009 0.9497086007 0.03125 2.18205652 0.950869074 0.03125 2.205419718 0.9524292476 0.03125 2.225711258 0.9544523504 0.03125 2.242869257 0.9569563974 0.03125 2.25597516 0.9599645903 0.03125 2.265079454 0.9634354313 0.03125 2.269306924 0.9673487661 0.03125 2.268826242 0.9716086331 0.03125 2.264235701 0.976157041 0.03125 2.255596282 0.9808069872 0.03125 1.245326586 0.4846283418 0.03125 1.23312185 0.486828435 0.03125 1.219769222 0.4889581168 0.03125 1.205184791 0.4909175033 0.03125 1.189683152 0.4926897972 0.03125 1.173326099 0.4942645302 0.03125 1.156357468 0.4956291265 0.03125 1.138836393 0.4967848442 0.03125 1.121033768 0.4977263184 0.03125 1.103004574 0.4984706349 0.03125 1.085071372 0.4990219537 0.03125 1.067282543 0.4994163997 0.03125 1.050097276 0.4996654629 0.03125 1.033562431 0.4998166927 0.03125 1.0189276 0.4998847396 0.03125 1.006259795 0.4999169337 0.03125 1 3 1 1 1 1 500 0.0004
-2.025122517 76.9 58.67969894 33.43090057 60.9314003 134.7431027 41.03169618 55.93990563 0.9607282099 0.1977618406 0.1946575482 0.9806982196 0.1104626331 -0.1613350822 0.9607282099 -0.1977618406 -0.1946575482 0 0.1977618406 0.980053459 -0.01963343764 0 0.1946575482 -0.01963343764 0.9806747509 0 0 0 0 1 1 0 0 58.67969894 0 1 0 33.43090057 0 0 1 60.9314003 0 0 0 1 0.9607282099 0.1977618406 0.1946575482 -0 -0.1977618406 0.980053459 -0.01963343764 -0 -0.1946575482 -0.01963343764 0.9806747509 -0 0 0 0 1 32 1.861978298 0.9353852276 0.03125 1.661723183 0.9360605461 0.03125 1.459570995 0.9410170321 0.03125 1.25692884 0.949531252 0.03125 1.059499999 0.9608526624 0.03125 0.8687714613 0.9741532665 0.03125 0.6922739623 0.9886496071 0.03125 0.5314332422 1.003474571 0.03125 0.3936862231 1.017883104 0.03125 0.280143 1.031064681 0.03125 0.1957690187 1.042407184 0.03125 0.1411232907 1.051289551 0.03125 0.1170579319 1.057325968 0.03125 0.1234504887 1.060193363 0.03125 0.1567872484 1.059783489 0.03125 0.2162480288 1.056056418 0.03125 -0.7061814721 0.5521446901 0.03125 -0.6141216974 0.5493718397 0.03125 -0.5124952673 0.5460164415 0.03125 -0.4017760914 0.5421339823 0.03125 -0.2863969897 0.537839072 0.03125 -0.1666905461 0.5332556836 0.03125 -0.04525431417 0.5285127586 0.03125 0.07764295258 0.5237473176 0.03125 0.2006796701 0.5190965336 0.03125 0.3236187357 0.5146973302 0.03125 0.4451734518 0.5106884629 0.03125 0.5651203387 0.5071942352 0.03125 0.6798384542 0.5043351263 0.03125 0.7891518965 0.5021813482 0.03125 0.8829119499 0.5007937061 0.03125 0.9611459546 0.5000826452 0.03125 1 3 1 1 1 1 500 0.0004
-1.934852737 76.9 59.07970047 33.63090134 60.73139954 135.3604508 37.32158669 61.03424864 0.9272978173 0.1250338401 0.3528247396 0.9843557402 0.07572461711 -0.1590897834 0.9272978173 -0.1250338401 -0.3528247396 0 0.1250338401 0.9918884041 -0.02288957715 0 0.3528247396 -0.02288957715 0.9354094132 0 0 0 0 1 1 0 0 59.07970047 0 1 0 33.63090134 0 0 1 60.73139954 0 0 0 1 0.9272978173 0.1250338401 0.3528247396 -0 -0.1250338401 0.9918884041 -0.02288957715 -0 -0.3528247396 -0.02288957715 0.9354094132 -0 0 0 0 1 32 1.909904524 0.9357772282 0.03125 1.741106501 0.9315364697 0.03125 1.5701239 0.9316786988 0.03125 1.398072744 0.9355354402 0.03125 1.228927523 0.9424336014 0.03125 1.063881674 0.9516383384 0.03125 0.9094846297 0.9624718362 0.03125 0.7669155439 0.9741708731 0.03125 0.6433250823 0.9861070703 0.03125 0.539681877 0.9975701916 0.03125 0.4611056696 1.008045721 0.03125 0.4081411812 1.016966154 0.03125 0.3820623212 1.023988497 0.03125 0.3828729572 1.028760601 0.03125 0.4076547502 1.031143436 0.03125 0.4558879161 1.031025974 0.03125 -0.479367702 0.530009746 0.03125 -0.400825951 0.5292906423 0.03125 -0.3137472888 0.52806662 0.03125 -0.2184136186 0.5263591335 0.03125 -0.1187904884 0.5242354551 0.03125 -0.01511133349 0.5217646281 0.03125 0.0901952232 0.5190398588 0.03125 0.1969299587 0.5161562157 0.03125 0.3039064755 0.5132214356 0.03125 0.4109429026 0.5103455326 0.03125 0.5169068058 0.5076441519 0.03125 0.6216180806 0.5052252972 0.03125 0.7217199743 0.5032000093 0.03125 0.8170557354 0.50164017 0.03125 0.8986019742 0.5006163326 0.03125 0.9663448366 0.5000840712 0.03125 1 3 1 1 1 1 500 0.0004
-1.744526304 76.9 59.07970047 33.53089905 60.9314003 128.4892228 38.8942433 62.86828124 0.6970820829 -0.04563596777 0.71553751 0.7863391677 0.3019727176 -0.5389649257 0.6970820829 0.04563596777 -0.71553751 0 -0.04563596777 0.9987728104 0.01924140681 0 0.71553751 0.01924140681 0.6983092725 0 0 0 0 1 1 0 0 59.07970047 0 1 0 33.53089905 0 0 1 60.9314003 0 0 0 1 0.6970820829 -0.04563596777 0.71553751 -0 0.04563596777 0.9987728104 0.01924140681 -0 -0.71553751 0.01924140681 0.6983092725 -0 0 0 0 1 32 1.936097328 0.9367207957 0.03125 1.826267368 0.940320874 0.03125 1.71644431 0.9489654261 0.03125 1.607659172 0.9619755819 0.03125 1.521788266 0.9785448044 0.03125 1.460365645 0.9971573915 0.03125 1.443623694 1.016837303 0.03125 1.472738755 1.035816579 0.03125 1.528889276 1.053462091 0.03125 1.612152042 1.068829594 0.03125 1.70110779 1.081796239 0.03125 1.79534709 1.092227125 0.03125 1.888242679 1.100227585 0.03125 1.979398929 1.105711178 0.03125 2.061629051 1.108758059 0.03125 2.125503947 1.104542226 0.03125 1.213080354 0.616910295 0.03125 1.250809295 0.609863485 0.03125 1.287451615 0.6059707608 0.03125 1.313782053 0.6006101492 0.03125 1.336395203 0.5937867572 0.03125 1.355192218 0.5855545631 0.03125 1.369783693 0.5759756679 0.03125 1.379957325 0.5652337534 0.03125 1.380251504 0.5535300572 0.03125 1.370089098 0.5414660605 0.03125 1.342257616 0.529479856 0.03125 1.295773196 0.5187031387 0.03125 1.239144471 0.5095558125 0.03125 1.171957888 0.5026287287 0.03125 1.101694571 0.4980395019 0.03125 1.028490816 0.4957710405 0.03125 1 3 1 1 1 1 500 0.0004
-1.737706125 76.9 59.07970047 33.53089905 60.9314003 128.6105857 35.49130457 62.81189547 0.626201181 -0.07016970666 0.7764974522 0.8448427994 0.2152490667 -0.489804536 0.626201181 0.07016970666 -0.7764974522 0 -0.07016970666 0.9969722149 0.03350544759 0 0.7764974522 0.03350544759 0.6292289661 0 0 0 0 1 1 0 0 59.07970047 0 1 0 33.53089905 0 0 1 60.9314003 0 0 0 1 0.626201181 -0.07016970666 0.7764974522 -0 0.07016970666 0.9969722149 0.03350544759 -0 -0.7764974522 0.03350544759 0.6292289661 -0 0 0 0 1 32 2.005236204 0.9441889319 0.03125 2.003711366 0.9429334146 0.03125 2.001761303 0.9423816434 0.03125 1.999409598 0.9425195605 0.03125 1.997812374 0.9433240488 0.03125 1.997018617 0.9447401609 0.03125 1.997674838 0.9467325682 0.03125 1.999820472 0.949230261 0.03125 2.002439809 0.9521997974 0.03125 2.005573647 0.9555720301 0.03125 2.008968848 0.9593106267 0.03125 2.012687492 0.9633329338 0.03125 2.016108172 0.9675937067 0.03125 2.019296498 0.9719879185 0.03125 2.0209575 0.9764626601 0.03125 2.020488076 0.9805688323 0.03125 1.021718627 0.4848546515 0.03125 1.019314704 0.4865730384 0.03125 1.01707949 0.488507427 0.03125 1.014356486 0.4902993282 0.03125 1.011762037 0.4919398385 0.03125 1.009304762 0.4934193852 0.03125 1.007000431 0.4947330237 0.03125 1.00485243 0.495877808 0.03125 1.003089044 0.4968527254 0.03125 1.001708309 0.4976637656 0.03125 1.000737885 0.498314694 0.03125 1.000168055 0.4988197765 0.03125 0.9998075883 0.4991871554 0.03125 0.9996421563 0.4994368619 0.03125 0.999504475 0.499581144 0.03125 0.9993789474 0.4996496451 0.03125 1 3 1 1 1 1 500 0.0004
