-15.15001542   6.362373083   11.90055757   0.9575485505   -0.2361065199   -0.1653919123   0.2142072637   0.9667205327   -0.1398808776   0.1929145448   0.09851458265   0.9762575764   

-4.25035387   0.6467924922   -3.215547432   0.9926897591   0.04504253122   0.1119741599   -0.0496768375   0.9980057083   0.0389463478   -0.1099966087   -0.04422416276   0.9929476167   

-3.945009086   3.31183935   1.748981871   0.9968622934   -0.07858806518   0.009459601805   0.07888377419   0.9962134671   -0.03655240167   -0.006551200187   0.03718392005   0.9992869647   

-11.88589743   3.011737799   -0.2838923032   0.9921391653   -0.09315583336   0.08355756954   0.09518194969   0.9952468693   -0.02059285131   -0.08124206527   0.02838414669   0.996290152   

-2.174395566   0.8534452234   0.3254472301   0.9834543083   -0.1792188379   0.0264240714   0.1809982149   0.9781800474   -0.1019972603   -0.007567668954   0.1050923548   0.9944336717   

-5.67843537   1.887478126   -1.346583737   0.9960938173   0.08829951572   0.0005501026335   -0.08819427309   0.9945614426   0.05540132722   0.004344799495   -0.05523343541   0.9984640155   

0.5584665871   2.742422738   -5.269904505   0.9921458373   -0.04747153656   0.1157285215   0.04332560332   0.9983349395   0.03808202622   -0.1173436388   -0.03276891578   0.9925505874   

2.322872259   0.1113894403   -2.447595023   0.9990172053   -0.03633240809   0.02538857478   0.03672024244   0.9992132976   -0.0149803085   -0.02482433084   0.01589786055   0.9995654109   

0.5302622354   1.029965037   -4.176282472   0.9965526378   0.05104977151   0.06539694817   -0.05704589051   0.9939961016   0.09336764134   -0.06023791478   -0.09677639642   0.9934816167   

-11.26832931   -12.15908455   6.445490844   0.55130062   0.3563798052   0.7543613596   -0.796819026   -0.0430777366   0.6026804696   0.2472793283   -0.9333476003   0.2602214264   

-4.102003757   41.44625028   -2.892769718   0.3654786517   -0.1296576675   -0.9217452166   0.6799017936   -0.6391399448   0.359490865   -0.635734934   -0.7580824626   -0.1454375246   

5.176198917   33.31423826   -30.21828513   0.8489413594   -0.522773148   -0.07750357467   0.2595976287   0.284759243   0.9227790877   -0.4603342693   -0.8035050773   0.3774545684   

-2.921044084   -20.57874523   15.98997444   0.9962710897   -0.03803442028   -0.07744222796   -0.04012585354   0.5903516338   -0.8061481653   0.07637952392   0.8062495466   0.5866241019   

8.187097951   -35.56270777   -5.50803161   0.4015339172   0.0254698581   0.9154899233   -0.9154244921   -0.01909605478   0.4020364907   0.0277220581   -0.9994931851   0.01564801823   

2.353440451   2.518630133   -3.826186381   0.9891959611   -0.1416959101   -0.03759813437   0.1323670466   0.973522109   -0.1863697085   0.06301044052   0.1793794089   0.9817600074   

-1.460081059   -0.6533270664   -1.788568012   0.9992598288   0.03842827489   0.001749946138   -0.03846798559   0.9983327605   0.04303386337   -9.331142743e-05   -0.04306932784   0.9990720816   

-0.304744281   -0.5982076731   -1.19714436   0.9972099251   0.07351327416   0.01296779929   -0.07436350385   0.9934608493   0.08663492511   -0.006514183893   -0.08735753817   0.9961557237   

-14.90357979   36.00912586   11.95680791   0.3032450863   -0.6074176672   0.7342248942   0.3705552184   -0.6346957231   -0.6781225326   0.8779130069   0.4777081919   0.03261342698   

-3.978948857   -27.83021268   2.069746857   0.1400756642   -0.7105200663   0.6895941152   0.2636746811   -0.6445437108   -0.7176622238   0.9543869608   0.282355521   0.09706126351   

20.99030005   24.16793962   -26.08299709   0.9934646185   -0.02748294544   -0.1107823972   -0.07900894795   -0.8660470516   -0.4936801501   -0.08237498381   0.4992065626   -0.8625585023   

39.09038363   4.481928616   -16.2809648   0.4156458541   0.7906851977   0.4495057755   -0.4311526515   -0.2638735561   0.8628314653   0.8008407551   -0.5524379283   0.2312280699   

4.490525265   -2.477016646   2.381900744   0.997400825   -0.0001086384195   0.07205263632   0.004433916728   0.9981962033   -0.05987219851   -0.07191616359   0.06003605558   0.9956021984   

2.943050361   2.639875414   4.919444144   0.9999038718   0.0007612216506   -0.01384441041   -0.0005977150527   0.9999300738   0.01181060233   0.01385243281   -0.01180119199   0.9998344073   

0.7258735866   5.694261974   3.525077344   0.9027351324   -0.4093321811   0.1323497124   0.4215058633   0.780072587   -0.4624062783   0.08603538793   0.4732165726   0.8767348444   

-0.08025842814   -2.681993826   0.1192631788   0.9860115483   0.1660924209   0.01394755832   -0.1657141612   0.9678957596   0.1889883999   0.0178897583   -0.1886560527   0.9818802627   

-1.61697447   4.780127304   0.01368640236   0.9904500712   -0.1320940515   -0.03949453263   0.1251849601   0.9816512524   -0.1438386057   0.05777008162   0.1375208358   0.9888127413   

-1.899657088   -0.7204844152   6.846609483   0.9151820777   0.3815955056   -0.1297175188   -0.3145181703   0.8774340546   0.3621985648   0.252031913   -0.2906791184   0.9230306414   

-49.13908857   -36.64358139   5.93173618   0.7022797687   -0.6512454979   -0.2875455232   0.5519407527   0.7531957724   -0.3578512734   0.4496271032   0.09260361704   0.8884030832   

-3.587963471   -1.878378325   1.064660726   0.9532517314   0.281850465   0.108956193   -0.2897923959   0.9548572171   0.06533040779   -0.08562420141   -0.09385100056   0.991897417   

0.5498156985   0.4912694378   -0.1339072036   0.9840813885   -0.1689140897   0.05524356216   0.1711751608   0.984464164   -0.03910721357   -0.04777954786   0.04794100667   0.9977067579   

-14.01793895   39.92474225   0.06343322049   -0.7478832505   -0.3702791308   0.5509664318   0.6445820842   -0.2066504982   0.7360771076   -0.158696504   0.9056428308   0.3932257401   

14.56205007   -39.19231843   0.2765429016   -0.8412485951   0.5368859461   -0.06367324498   -0.2218712678   -0.2354309206   0.9462269401   0.4930252952   0.8101393476   0.3171754967   

-0.9796947246   15.48719324   -1.558795846   0.2472936045   0.9685480117   -0.02757937897   -0.9097318135   0.2418855848   0.3374602072   0.3335174669   -0.05836191255   0.9409356973   

-10.53270408   -12.17143424   7.039962466   0.9867631545   -0.143621264   0.07530876013   0.1530250853   0.978364508   -0.139234381   -0.05368240026   0.1489154864   0.9873917043   

7.13531115   65.63669406   -21.92777977   -0.2867693457   0.06611931517   0.9557152183   0.516107059   -0.8298041385   0.2122701   0.807091597   0.5541239283   0.2038377445   

-9.45660648   -19.10157017   -0.7515252873   0.9561601571   -0.2884638112   0.05046170415   0.2892673162   0.9572035652   -0.009260369422   -0.04563084166   0.02345131801   0.9986830638   

0.1305994066   16.8727761   -10.86614896   0.8857756192   0.4515487108   -0.1072628277   -0.430717318   0.8858660638   0.1724062326   0.172870311   -0.1065132799   0.9791684108   

-1.877777319   -60.38170044   30.11235105   -0.9261506567   0.157261031   -0.3428030472   -0.3186433998   -0.8125218284   0.4881338568   -0.2017705251   0.5613174205   0.8026278146   

3.355587028   6.989880034   3.461067696   0.53380923   -0.8345966989   0.1360002063   0.7844318058   0.548805425   0.2889279279   -0.3157759459   -0.04754950732   0.947641597   

-6.724467589   -0.8285362864   1.492340836   0.9347283906   0.2957860493   -0.1969605259   -0.3041125522   0.9525507715   -0.01275081387   0.183843388   0.07181671594   0.9803285   

-12.00011778   51.39567247   -29.16432629   -0.2169496361   0.5846374304   -0.7817492759   0.8737259401   -0.2408558538   -0.4226008036   -0.4353571372   -0.7747177116   -0.4585592987   

8.650509073   0.8621977365   -2.573816505   0.2458866402   0.9231669878   -0.2954699185   -0.853965723   0.3505309538   0.3845394576   0.4585654851   0.1577680673   0.8745438427   

7.770994132   -8.914433584   1.750925151   0.7811212472   0.4013087724   0.4783313354   -0.6130465364   0.3476409953   0.7094502679   0.1184210346   -0.8474060465   0.5175707207   

-8.978424756   7.900584846   -2.611156903   0.8597390921   -0.3385341124   0.3824177666   0.4997675977   0.4033068852   -0.7665349989   0.1052665271   0.8501401126   0.5159270754   

6.653045719   -50.3935962   32.64072823   -0.2539606481   0.645000086   -0.7207488316   -0.8242875822   0.2455249574   0.5101641669   0.5060177577   0.7236659342   0.4693118841   

-0.8629101216   -1.180135744   -0.9535876196   0.96942258   0.2181690587   -0.1123482231   -0.2242851575   0.9734897543   -0.04487612314   0.09957926256   0.06870196599   0.9926550309   

-0.3909246314   0.5826954143   -3.116952246   0.9868053005   -0.152803941   0.05353741272   0.149999704   0.9872645234   0.05299858229   -0.06095398049   -0.04426868586   0.9971584105   

2.338415348   51.37114895   -30.92617194   0.1968122941   -0.8458060925   0.4958598338   0.7139647032   0.4702596513   0.5187583859   -0.6719518758   0.2519283911   0.6964285766   

-0.6877550395   -52.31634976   31.68176457   0.1605926244   0.7116894203   -0.6838919345   -0.8535849325   0.4480382912   0.2658090528   0.4955832644   0.5410728774   0.6794390108   

0.004710015548   52.32418909   -31.79840908   0.05709810984   -0.8714011847   0.4872368839   0.7110579857   0.3780726049   0.5928386343   -0.7008112063   0.3126037118   0.6412040023   

-2.236397728   -52.55782156   30.86721072   -0.1579227921   0.7439716612   -0.6492815715   -0.8661796197   0.2113430628   0.4528432138   0.474123674   0.6339087294   0.6110372039   

2.538872638   52.77947234   -31.31812795   -0.4107678766   -0.9070306935   0.09254767789   0.6118216519   -0.1989629744   0.7655638452   -0.6759763442   0.3710917082   0.6366686157   

-1.127667052   -52.45385953   31.61183103   -0.2569713657   0.6895660356   -0.6770999924   -0.9539050311   -0.06859711326   0.2921637001   0.1550190596   0.7209667943   0.6754080046   

-18.22015482   44.01211608   -20.00660872   -0.1343398308   0.5501383984   -0.8241969136   0.665367471   0.6664331772   0.336382147   0.7343289034   -0.5032042953   -0.4555727151   

15.74300893   -43.42021243   18.74296433   -0.04124217168   0.6318193356   0.7740177068   0.6454995111   0.608156376   -0.4620348509   -0.7626463561   0.4805727307   -0.4329207619   

1.645376229   -0.07613668348   0.6652742861   0.9971837164   -0.06687528836   0.0339460107   0.06625331012   0.9976194492   0.01912938573   -0.03514448368   -0.01682647638   0.9992405791   

0.7800091139   -0.3945133106   -0.1579818669   0.9995150828   -0.02215948208   0.02187593507   0.02214442398   0.9997543493   0.0009303749514   -0.02189117785   -0.0004454938156   0.9997602602   

7.037218848   50.07155949   -30.41711474   -0.005128830331   -0.8857303618   0.4641717583   0.7305459822   0.3136465687   0.6065710163   -0.682844245   0.3422098129   0.6454581171   

3.665085288   1.581009177   -0.5168996429   0.8969814432   -0.3809624672   0.224258532   0.3811595321   0.9234530154   0.04418075796   -0.2239234282   0.0458489571   0.9735276942   

-5.190434509   -62.716006   36.3727419   -0.2710759855   0.8799345797   -0.3901704058   -0.7781928918   0.03822244793   0.6268611231   0.5665100468   0.4735548331   0.6743976474   

-13.87619076   10.91339951   1.173584141   0.01523045716   0.9398597822   -0.3412207833   -0.9312896846   0.1375538813   0.337310618   0.3639609271   0.3126380007   0.8773767287   

0.0481459554   -4.075651881   2.677585487   0.9728939468   -0.2240657781   0.05720048396   0.2284735482   0.9695632762   -0.08801642623   -0.0357380196   0.09869944583   0.9944753458   

15.38725709   -16.06386401   2.019629691   0.009220681287   -0.9483523045   0.3170849816   0.9832513331   0.06631989157   0.1697600894   -0.1820214136   0.3102089272   0.9330801822   

1.027567857   69.23225829   -31.69427491   0.1022724643   -0.5968493123   0.7958085458   0.7785482793   0.545995461   0.3094374465   -0.6191953809   0.5879284438   0.5205163064   

1.778247217   -76.76988816   27.60186809   0.5293079342   0.5928142829   -0.6069632087   -0.5668275218   0.779396967   0.2669212025   0.6312999852   0.2027599412   0.7485644494   

5.46913223   0.01312866827   -0.7754825381   0.9847534543   -0.1635774537   -0.05918657698   0.1592133001   0.9846012551   -0.07219067467   0.07008394472   0.061666726   0.9956331933   

8.606095734   47.30783044   -26.87801373   0.4898850627   -0.8584245094   0.1520525797   0.8689900621   0.466868527   -0.1639818602   0.06977748396   0.2124644445   0.9746742854   

-3.62340754   -54.45271679   29.69398507   0.2822839501   0.9593119832   -0.006024144446   -0.953600151   0.2812774927   0.1073765526   0.1047020699   -0.02456605237   0.9942001738   

7.117214952   -5.005903602   4.966466686   0.9511371225   -0.2644590731   0.1593724344   0.2623191898   0.9643568042   0.03470730178   -0.1628705523   0.008795044718   0.9866082456   

2.707812256   -5.094543573   4.716093964   0.9994637238   0.007092137482   -0.03196820977   -0.007565698702   0.9998630762   -0.01471696416   0.03185945783   0.01495093365   0.9993805304   

0.4141222763   -3.84744235   -3.324414659   0.9996131651   0.01871906548   -0.02056980243   -0.01884798361   0.9998038047   -0.006091437261   0.02045174072   0.006476780179   0.9997698623   

-1.129708834   -2.838087033   -4.021193472   0.9996330246   -0.02470171167   0.0111194193   0.02469675272   0.9996948186   0.0005830830222   -0.01113042901   -0.0003082554961   0.9999380073   

-5.506673837   -0.0546672118   -2.733696981   0.9957048519   -0.07730152255   -0.05095412205   0.07496218088   0.9961096426   -0.04632765127   0.05433709029   0.04230903503   0.9976258949   

-1.278303441   -1.691767478   -5.649699093   0.9958359171   0.05164476316   0.07512419428   -0.05565336691   0.9970803868   0.05228197507   -0.07220477047   -0.05624518294   0.9958026665   

-12.68738004   34.35170425   -21.753727   -0.01138497608   -0.8980584698   0.4397287427   0.8462484857   0.2256057683   0.4826650369   -0.5326667653   0.3776149125   0.7574121038   

1.856390575   -40.23107906   24.51346852   -0.06011928679   0.9686136935   -0.2411911776   0.01578262143   0.2425204232   0.9700179138   0.9980664207   0.0545101561   -0.02986741811   

9.483232986   1.727993779   -3.351515454   0.7779212211   -0.5851862031   -0.2289010298   0.5107308468   0.8010579707   -0.3121860499   0.3660499636   0.1259493364   0.9220326398   

7.910747633   108.0538907   -27.04527117   0.5142146003   -0.8393198221   0.1764244346   0.8554609555   0.5166528061   -0.03544617878   -0.06139949874   0.1691511581   0.9836757531   

-4.328000377   -109.7106104   28.8555516   0.5508312536   0.8339682362   -0.03289241567   -0.8134521624   0.5452648924   0.202439563   0.1867632448   -0.0847536316   0.9787422093   

1.291752719   0.1424100997   0.2681371702   0.999406551   -0.03389532502   0.006136189492   0.03392695704   0.9994111673   -0.00512643501   -0.005958814122   0.005331574969   0.9999680329   

0.6495560759   9.962141682   -3.686758793   0.9952495008   -0.09703572188   0.00790568872   0.09717513206   0.9950716498   -0.01973336106   -0.005951885781   0.02040785409   0.9997740217   

-3.945904984   -1.224010827   3.194674197   0.9731880272   0.1327943126   0.1878050433   -0.1593048513   0.9781071477   0.1338968707   -0.1659127123   -0.160225086   0.9730369437   

-8.562504713   44.17554912   -20.85278532   -0.273488997   -0.6053936765   0.7474638887   0.5577592962   0.5332913692   0.6360069835   -0.7836506466   0.5908458446   0.1918146292   

3.253527237   -70.36530678   37.74347079   0.01646837903   -0.2881365476   -0.9574477126   0.8074104916   -0.5609854182   0.1827119553   -0.5897601975   -0.7760622981   0.2234059511   

11.35879381   118.1105201   -53.3390462   0.7751361398   0.6258241888   0.08664900231   -0.002325873517   0.1399731778   -0.9901525639   -0.6317899613   0.7673015015   0.1099538566   

-3.16893308   -80.80859111   31.14164186   0.5628242156   -0.2693852569   -0.7814476858   -0.3014783212   0.8133749092   -0.4975259581   0.7696360985   0.5156091935   0.3765732803   

3.925174569   93.46509082   -35.59141467   0.8054833363   -0.498251681   0.3208455351   0.5915386299   0.7086545464   -0.3845657072   -0.0357581371   0.4995537971   0.865544545   

-4.259745795   -85.5881629   30.25309025   0.8049417213   0.5892246576   -0.06987938251   -0.5094276531   0.7466613997   0.4277618736   0.3042240811   -0.308724889   0.9011862468   

-2.889040559   85.53890624   0.9449870403   0.3631100581   -0.8882195549   0.2814553392   -0.03945634271   -0.3164601652   -0.9477848705   0.930910459   0.3330450211   -0.1499557642   

-0.01656515325   -77.71911183   3.435466304   0.1957811601   -0.1647307165   0.9667127435   -0.9394934419   -0.3140897688   0.1367468094   0.2811081822   -0.9349927316   -0.2162562871   

-2.478861733   2.778781407   0.4883214502   0.992324874   -0.01322446786   0.1229490051   0.006833375486   0.9986101988   0.0522587394   -0.1234692244   -0.05101749027   0.9910361075   

-6.649153128   35.65405319   9.801937819   -0.02395296038   -0.009256899321   0.9996702284   0.8322424374   -0.5542140484   0.01480925015   0.5538941966   0.8323227129   0.0209790516   

-1.179946061   8.368381193   -5.710180676   0.9705344955   0.1591454679   -0.1809295806   -0.1221353117   0.9721620386   0.1999598369   0.2077155717   -0.1719700287   0.962954075   

10.74105092   10.36181468   -19.45817325   0.5363055249   0.8440033669   0.005890714453   -0.6515227959   0.4095404698   0.6385880127   0.5365579468   -0.3463162141   0.7695262501   

1.221805318   -22.49453942   -1.564121883   0.9949603391   0.09658529162   -0.02692963349   -0.09242208208   0.9875546411   0.1272556076   0.0388855045   -0.1241253897   0.9915043143   

-5.774906285   -20.2515588   18.48115868   0.6434483566   0.7194415403   0.2614920314   -0.4135709491   0.03926928024   0.9096246444   0.6441531514   -0.6934419902   0.3228078745   

5.032639149   0.9366664079   -5.144816404   0.9276893418   -0.3636281501   0.08465845281   0.3635879943   0.8283727615   -0.4261482587   0.08483074663   0.4261139947   0.9006834116   

0.3613714764   60.24820146   -24.65424997   0.7495771881   -0.4837017915   0.451848001   0.6615437446   0.5245316826   -0.5359350594   0.02222415613   0.7006419134   0.7131668782   

-7.515380735   -12.78248755   -2.150637142   0.9998753849   0.01072268622   -0.01158614012   -0.01166599879   0.9963399782   -0.08467911343   0.01063574703   0.08480372503   0.9963409101   

-2.411121659   -1.837180543   0.366194036   0.88216469   -0.4606854422   0.09774652476   0.3911983638   0.8323918443   0.3925400079   -0.2622008772   -0.3080466538   0.9145260844   

-2.313149224   13.89828324   -10.55764168   0.8105147546   0.4314641567   -0.3961117443   -0.4049176581   0.9014065985   0.1533226481   0.4232109671   0.03612237135   0.9053108039   

-3.856731668   -19.46542024   13.10489778   0.7741570949   -0.417733223   0.4755835855   0.5327389652   0.8357457434   -0.1331099067   -0.3418625269   0.3564098859   0.8695412618   

2.821109331   2.294895836   -7.59863143   -0.788706829   -0.5036833297   0.3524835334   0.5551383748   -0.3371767764   0.7603507127   -0.2641267172   0.7953709354   0.5455475711   

-12.85081676   14.47582692   10.16855148   0.7516920606   -0.6447821221   -0.1386184004   -0.4496419146   -0.6547999096   0.6075024502   -0.4824740351   -0.3943261257   -0.7821289613   

12.94044247   -39.93952021   30.59777242   0.2010040092   0.906281053   0.3718225937   -0.9744485087   0.1461457301   0.1705623917   0.1002371795   -0.3966056965   0.9125000983   

-18.17736468   32.29341618   -4.258789631   -0.2221504093   -0.735161549   -0.6404581895   0.5843813395   0.4254199784   -0.6910255365   0.7804791129   -0.5277834204   0.3351074684   

-2.749515376   7.143926794   -7.007055288   0.9874497357   -0.1394192882   0.07419758459   -0.03507964815   0.2644495729   0.9637612991   -0.1539884339   -0.9542686652   0.2562398813   

11.73497018   -33.9486795   27.56737104   0.4474833957   0.8030149435   -0.3936059083   -0.7624433399   0.5725909292   0.3013632048   0.4673743297   0.1652471731   0.8684783289   

-13.23569509   30.37124168   -20.26166377   0.4483565472   -0.7639747986   0.4640246908   0.8052291515   0.5705827966   0.1613731262   -0.3880495073   0.3012935103   0.8709993114   

13.21599273   -26.55732719   25.39448533   0.5572352059   0.7552441507   -0.3451017215   -0.7038076146   0.6501254856   0.2863419189   0.4406174836   0.08332542126   0.893819393   

3.002946349   3.194549515   -3.511948601   0.9991440729   0.04094051183   -0.005915748787   -0.0408631563   0.9990846255   0.01265359844   0.006428378458   -0.01240103171   0.9999024404   

-14.33318759   -24.93412218   -1.423795419   -0.2222585699   0.6221881848   0.7506550411   -0.923139447   -0.3820179857   0.04331073793   0.3137111561   -0.6833330969   0.659273228   

26.57153947   23.10623067   -6.50728999   -0.193592622   -0.9693084495   0.1515355614   0.7851695996   -0.2456854911   -0.5684604993   0.588243654   0.008931357519   0.8086344257   

3.989472745   -1.122446962   -1.856542535   0.9481429813   -0.207185933   0.2410370845   0.2130389919   0.9770420088   0.001816879232   -0.2358797891   0.04962763621   0.9705142054   

-5.458495996   -20.2698254   -25.76305609   0.4334981585   0.8564957614   0.2801684443   -0.820054126   0.2460366906   0.5166983427   0.3736182236   -0.4537410688   0.8090293353   

22.41528483   34.12089296   17.78328487   0.007769200183   -0.3326784373   0.9430083228   0.7196753117   -0.6528791457   -0.2362546651   0.694267301   0.6804953184   0.2343481093   

0.8888489602   -9.32880238   7.879083193   0.7126819896   0.7014530173   -0.006931534419   -0.622616681   0.6370739284   0.4544065122   0.3231607189   -0.3195316482   0.8907674643   

2.222441581   1.548464258   -1.857999478   0.713373846   -0.5925920751   0.374075378   0.6883065186   0.6927780537   -0.2151573953   -0.131650645   0.4109661797   0.9020947327   

6.042676513   -6.726951825   0.3347890307   0.9994016121   0.03189842726   -0.01337565349   -0.03196457195   0.9994776639   -0.004760826969   0.01321680401   0.005185525186   0.9998992081   

-2.390281243   8.120920778   -6.55664213   0.9967029   0.07672120667   -0.02640427239   -0.07557343632   0.9962543669   0.04202251873   0.02952939002   -0.03988850469   0.9987677019   

0.9341348021   -16.1717116   11.02144173   0.9685886725   -0.1272354518   -0.2136518741   -0.205145115   0.07673158525   -0.9757190916   0.1405399064   0.9889000979   0.04821961292   

-10.75022871   -53.5920402   14.07419567   0.8799689898   -0.3948502165   -0.2640982459   -0.3365967828   -0.1259781816   -0.933183853   0.3351972296   0.9100674724   -0.2437622057   

10.77926205   48.25483623   -14.38797575   0.8117816567   -0.5660601197   0.1434799033   -0.5574906807   -0.6780915282   0.4789530461   -0.1738237117   -0.4687940063   -0.8660355056   

-18.84232872   -45.91971522   14.78716046   0.8062569621   -0.5695673233   -0.1598210729   -0.5022135344   -0.5162514244   -0.6937334017   0.3126200202   0.6395916908   -0.7022757236   

-10.95850035   27.77716017   -7.865329822   0.7101839625   -0.6296053374   0.3150172352   0.395024518   0.7267490056   0.5619533015   -0.5827472604   -0.2746506909   0.7648350335   

12.13993266   -38.10146304   3.645741379   0.6503735309   0.4236978746   -0.6304715547   -0.7460930982   0.2004026905   -0.6349675979   -0.1426862258   0.8833565943   0.4464546654   

2.526099961   25.2982422   -9.420416357   0.6271097387   -0.3348199138   -0.703298657   -0.7306604549   -0.565760463   -0.3821654069   -0.2699419852   0.7535321651   -0.5994335666   

-1.852121868   -9.043887532   6.332836504   0.8747502454   0.4469111738   -0.1873029922   -0.4085151714   0.8880282589   0.2110003938   0.2606287837   -0.1080565323   0.9593729321   

-5.763848478   -4.005498986   -4.08016209   0.9977875747   0.05317444724   -0.03990531103   -0.05286253137   0.9985627412   0.008832028175   0.04031759499   -0.006702992217   0.9991644316   

-6.159006948   -0.8653538481   -4.43928691   0.9894835562   0.125547142   -0.07183458171   -0.1229442311   0.9916234454   0.03959366743   0.07620372721   -0.03034563543   0.99663039   

2.312206277   -2.560852344   -8.172237115   0.9516860871   -0.3020886057   0.05510050672   0.3070722621   0.9359659915   -0.1722622671   0.000466267671   0.1808594402   0.9835088436   

9.625318981   -0.6723665048   -3.282383956   0.998517366   -0.05331440427   0.01098380816   0.05355989873   0.998289925   -0.02342141839   -0.00971632606   0.02397498466   0.9996653406   

8.889324858   -0.02491733958   -4.84311   0.9991335448   0.02212375593   -0.03525193673   -0.02335976355   0.9991126972   -0.03504482348   0.03444533447   0.03583793562   0.9987638166   

-6.944159978   -36.14170901   15.81727509   -0.5632835486   0.6238449339   0.5417832983   -0.4447814769   -0.7815291709   0.4374718195   0.6963340302   0.005445503336   0.7176971958   

20.2605268   35.87468149   -16.30506041   -0.5654779981   -0.4505640251   0.6908159617   0.6278560455   -0.7783038588   0.006315807062   0.5348190533   0.4373044278   0.7230030551   

8.384092394   3.850809548   -1.772750567   0.9984537294   -0.0549949452   0.008105941423   0.05516484816   0.9982240254   -0.02248632197   -0.006854911432   0.02289871506   0.9997142887   

9.059141209   9.401473726   -6.725677615   0.9971109088   -0.05265130166   -0.05475103682   0.04550536293   0.9911831711   -0.1244394765   0.06082020671   0.1215884937   0.9907154691   

0.5070277676   7.126589882   -10.15038654   0.9963988018   -0.08268767333   -0.01876636342   0.08114814758   0.9941198012   -0.07169936564   0.0245846672   0.06991830638   0.9972497303   

1.015438166   1.447378589   -1.017892163   0.9997284026   -0.02282924288   0.004684724677   0.02280946889   0.9997308736   0.004231845662   -0.004780073726   -0.004123840222   0.9999800722   

-2.416020201   2.692793783   -2.111339271   0.9995287263   0.02773803423   -0.01315015983   -0.02801822223   0.99937349   -0.02162421677   0.01254210786   0.02198246994   0.999679682   

-1.851736595   0.2449200252   -0.04900392519   0.9994215492   -0.02672924411   0.02102651907   0.0258385599   0.9988023332   0.04154838103   -0.02211189313   -0.04098105237   0.9989152204   

-1.102520883   1.071059158   0.3216574381   0.9981422816   0.05381072879   -0.02857255953   -0.05503542245   0.9975161294   -0.0439621878   0.02613595163   0.04545302132   0.9986245215   

-54.50458415   -1.688832885   6.348621003   0.2509954433   -0.9679611046   0.007251725369   0.8508959954   0.2241993402   0.4750901608   -0.4614946288   -0.1130750014   0.8799072404   

50.15102388   -4.475433693   -2.555789058   0.4332251904   0.7832785985   -0.4458593629   -0.8684467443   0.4951028222   0.02595087039   0.2410729903   0.3759625413   0.8947267633   

-8.922982377   0.8941552723   5.085785431   0.9946319696   0.03317416632   0.09801387564   -0.06731616206   0.9268211122   0.3694200325   -0.07858612763   -0.3740348924   0.9240790658   

0.2649277073   0.7757779531   -0.1933955821   0.9996496569   0.01158816748   -0.02379659475   -0.01239255461   0.9993471016   -0.03393810726   0.02338777752   0.03422111788   0.9991405942   

-1.817463591   -0.02493824041   -0.2170893549   0.9976481582   -0.02792592798   0.06259628538   0.02082424816   0.9935616812   0.1113621852   -0.06530316291   -0.1097967584   0.9918065178   

0.6427844461   3.567436686   -2.206680529   0.9979743433   0.01399312959   -0.06205966782   -0.02154572202   0.9922032709   -0.1227536193   0.0598580981   0.123842083   0.9904948998   

3.517624511   3.561208408   -1.122488243   0.9995894611   -0.02574846062   0.01256686515   0.02606462559   0.999330385   -0.02567911523   -0.0118972525   0.02599612359   0.9995912449   

1.256495374   0.4798230837   -0.1930642081   0.9986726467   0.03526693102   -0.03753915662   -0.03623983718   0.9990161978   -0.02555994488   0.0366008047   0.02688643073   0.9989682182   

-2.715785071   -9.135565777   20.84645726   0.9348596901   0.1790669505   0.3065491593   -0.3537784683   0.3978122827   0.8465141364   0.02963368416   -0.8998224352   0.4352486988   

