iter: 2  val: 9.17334  params: 1  1  
iter: 6  val: 8.74855  params: 1.25882  1.96593  
iter: 40  val: 8.68966  params: 1.19411  1.72444  
took 961.00 seconds