-1.411039934   -4.953804526   1.232772016   0.9880580502   0.02131335365   -0.1526008858   -0.01591024671   0.9992054979   0.03654089406   0.1532584531   -0.0336766068   0.9876121368   

-0.3100809559   -0.8815821078   0.6347877227   0.998662447   -0.04987648383   -0.01362546561   0.04963230206   0.9986105804   -0.01770715575   0.01448970479   0.01700720827   0.9997503705   

-2.721775429   -2.885964037   2.741346187   0.8380214668   0.4955032038   -0.2284657441   -0.4294788458   0.8572773524   0.2839427093   0.3365530304   -0.1398288816   0.9312249683   

1.934187885   3.715768174   -3.145753306   0.8783049895   -0.3643526314   0.3095601806   0.4219684571   0.8951604942   -0.1436325552   -0.2247731448   0.2567778216   0.9399692462   

1.286112641   -1.236218025   2.128238257   0.9848790772   -0.1312467579   -0.1130817928   0.1285685222   0.9912255758   -0.0306919053   0.1161177782   0.01568905638   0.9931115321   

1.437676964   -1.712534889   2.403758438   0.9824705011   0.1807703229   -0.04553904721   -0.1784669822   0.9826533027   0.05041847788   0.05386325967   -0.0414074509   0.9976894167   

-0.1375836288   -0.1394481886   0.2181086647   0.9994598806   -0.03286238977   0.0001018702813   0.0328624064   0.9994416933   -0.006030250792   9.635504548e-05   0.006030341439   0.9999818127   

-8.066321651   4.796597789   7.635476332   0.8228715746   -0.4937335704   0.2812641696   0.5328468748   0.8424088276   -0.08013473125   -0.1973742124   0.2158113263   0.9562786685   

-2.16056423   0.9694374952   1.389686337   0.9932693428   -0.1155076305   0.008602316581   0.1158016276   0.9918748988   -0.05267037287   -0.002448591919   0.05331202891   0.9985749005   

-6.814893755   -0.2293888656   4.370701053   0.9927413956   -0.0621410997   0.102970895   0.05895617223   0.9976918005   0.0336933359   -0.1048269586   -0.02737799948   0.9941135518   

-6.149245687   -0.1948289315   3.950315052   0.9991008942   -0.02710855019   0.03259646664   0.02696915245   0.9996251765   0.004708637091   -0.03271189304   -0.00382530445   0.9994575024   

-5.293497108   -0.7148557849   3.947630539   0.9989341002   -0.02171699212   0.04073126153   0.02112689521   0.9996663241   0.01486253085   -0.04104043995   -0.01398616379   0.9990595926   

-7.239273027   -0.4729261413   5.869535533   0.9978575628   0.04399737832   0.04842019307   -0.04746421895   0.9962057741   0.07294658047   -0.04502701762   -0.07508852365   0.996159767   

-1.485437886   2.767377135   0.5070093065   0.9772567896   -0.1960489253   0.08083307514   0.2055826358   0.9693677987   -0.1343943852   -0.05200910532   0.147955702   0.9876255177   

-2.967962191   -0.5844590351   5.664560376   0.972888494   0.2294891345   -0.02868301638   -0.2197716866   0.955988456   0.1943874424   0.07203043845   -0.1828135912   0.9805053834   

-3.397506242   2.184143246   4.861531683   0.991288526   -0.1002916479   0.08537355338   0.1044288215   0.9934934124   -0.04544734059   -0.08026007419   0.05396688682   0.9953119589   

-2.258622758   -2.154260944   1.934077613   0.9857816439   -0.1084020637   0.1283882513   0.1108422387   0.993765627   -0.01199486299   -0.1262875632   0.02605515695   0.9916514409   

-1.721258527   -0.172735135   1.049828893   0.9987885798   -0.03482240432   0.03476741196   0.03532664287   0.9992778147   -0.01399561689   -0.03425494241   0.01520687826   0.9992974281   

1.16500856   0.1638812018   8.204479026   0.9873274141   0.003209855485   0.1586640293   -0.05120182296   0.952771288   0.2993413536   -0.1502096891   -0.3036718122   0.9408615625   

-0.9039306227   1.396031296   4.289113942   0.9998909437   0.001743403053   0.01466496537   -0.002126921231   0.9996550559   0.02617719106   -0.01461426938   -0.0262055275   0.9995497454   

-2.944793744   2.62578059   12.11323648   0.9935333642   0.09606167105   -0.06052775944   -0.07751335539   0.9633960514   0.2566315022   0.08296465539   -0.25028025   0.9646121824   

1.39462639   -0.9106226974   3.569986152   0.9999338976   0.01113433064   -0.002868286696   -0.01103384916   0.9993963309   0.03294279961   0.003233351223   -0.03290897377   0.9994531229   

5.706479749   0.8465413   1.608901453   0.9986442098   -0.04404321004   -0.02774775356   0.04024616221   0.9913335546   -0.1250521091   0.03301497548   0.1237658241   0.9917620845   

3.265573678   -0.06930640038   0.8429144769   0.9990929637   -0.04152718795   -0.009420327984   0.04017929189   0.9926197767   -0.1144185446   0.01410228427   0.1139362607   0.9933879676   

-0.2484165849   2.978000192   5.563576343   0.9991796993   -0.01117316705   -0.03892414197   0.009064433529   0.9985032066   -0.05393683836   0.03946852588   0.05353976864   0.9977854121   

-2.103665369   6.064589078   4.042407799   0.9947722277   -0.05237920034   -0.08766204655   0.03636393532   0.9838580812   -0.1752168379   0.09542473076   0.1711131071   0.980619409   

-2.742157384   2.811716738   5.751533137   0.997787273   -0.05567338586   -0.03634600244   0.05027472854   0.9894994209   -0.1355114302   0.04350872851   0.133384295   0.9901088932   

-2.954408311   7.65104943   -0.3996759797   0.9971309208   -0.07470814812   0.01219095472   0.07557790604   0.9915787549   -0.1051644096   -0.004231653415   0.1057840514   0.9943801223   

-0.6642557863   2.169646082   3.065138306   0.9987436746   0.03220596839   -0.03839072853   -0.03277843931   0.9993592388   -0.01437656654   0.03790311799   0.01561689306   0.9991593798   

0.2245909795   6.649997023   -3.4181564   0.9830578348   -0.1579541141   0.0929935009   0.1655539935   0.9829010408   -0.08060657055   -0.07867126938   0.09463636616   0.9923985034   

-5.789462227   3.602516584   6.434524284   0.9997067576   -0.0241158855   0.002196121972   0.02419166812   0.9986373585   -0.04624055959   -0.001077997405   0.04628012775   0.9989279192   

-0.6272525184   4.301905275   -8.746415161   0.9994821164   -0.02647521693   0.01829103344   0.02638871011   0.999639478   0.004954788742   -0.01841561823   -0.004469545959   0.999820428   

-2.943597769   5.436885616   -24.84294684   0.9537044336   -0.2471223788   0.1714012345   0.2186520342   0.9610548675   0.1690113298   -0.2064924725   -0.123709626   0.9705960989   

-1.389232918   -2.877486144   0.2782582024   0.9942713429   -0.08493953682   0.06488275414   0.08126936014   0.995046214   0.05725664293   -0.06942469159   -0.05165565934   0.9962489172   

-20.31580717   -0.426392495   44.12706656   0.9203281343   -0.2171220655   0.3253523227   0.2780791066   0.9481557445   -0.1538593341   -0.2750784173   0.2320747572   0.9329915173   

0.8760483962   -0.05437165996   8.679706833   0.993343041   0.01102698198   0.1146647657   0.006206917247   0.9888381428   -0.1488643728   -0.1150264188   0.1485851035   0.9821870443   

35.11355694   -9.584917999   -41.47939396   0.5594130958   0.7743301583   -0.2957529276   -0.6831033288   0.6327787844   0.3646379742   0.4694963583   -0.001953448642   0.8829322474   

1.526283373   3.100855334   -3.622607584   0.9943067925   0.1064159637   -0.005444719568   -0.1048058408   0.9859265493   0.1302481293   0.01922857378   -0.1289359613   0.9914664794   

-3.237353558   -2.598150859   -0.5473430795   0.9995912183   0.02423626183   0.0151657457   -0.02508326547   0.9979777757   0.05840538497   -0.01371954896   -0.05876191635   0.9981777453   

0.137002926   -5.263625863   2.285705855   0.9972411219   0.06620795706   -0.03356562645   -0.06460850218   0.9968180368   0.04668557552   0.03654977844   -0.04438815086   0.9983455343   

4.47681529   -8.120205855   2.248820007   0.9953085482   0.08497953813   -0.04625334469   -0.082356396   0.9950318389   0.05593803364   0.05077713889   -0.05186634428   0.9973623035   

6.227819752   -7.045297256   1.102718796   0.9712584125   0.2198637329   -0.09119778031   -0.2034371738   0.9656781435   0.1614900599   0.1235735106   -0.1382955605   0.9826514771   

2.238515508   -5.137487373   2.164644329   0.9981788908   0.007304226516   -0.05987946358   -0.008192809202   0.9998597401   -0.01460746512   0.05976436866   0.01507144435   0.9980987285   

1.341771463   -1.359673788   -0.1643479969   0.9993728402   0.01048895756   -0.03382171047   -0.01060906093   0.9999380315   -0.00337356626   0.0337842294   0.003730267081   0.9994221885   

-0.0139638058   -2.149128622   1.241211244   0.9963037774   0.06217440485   -0.05927163392   -0.0606885164   0.9978035955   0.02654974176   0.06079216383   -0.02285450048   0.9978887637   

4.959497085   -2.888027063   -0.02514188793   0.9879092208   0.03659188674   -0.1506532615   -0.03838900433   0.9992220071   -0.009036862704   0.1502053784   0.0147110287   0.9885453606   

3.876082606   -1.337643316   4.014722607   0.9746993201   0.07478248074   -0.2106390656   -0.07619494473   0.9970919371   0.001414019543   0.2101322578   0.01467138808   0.9775628801   

0.1269989807   2.711379618   -0.4850947673   0.9251962945   -0.3729256036   0.07027311584   0.3769208523   0.9245488819   -0.05603602515   -0.04407366218   0.07833172555   0.995952636   

5.396335946   -5.358220214   4.90570079   0.8786811397   0.3330916175   -0.3420079371   -0.3636007696   0.9311554254   -0.02727735489   0.3093766879   0.1483224464   0.9393010789   

1.087339001   0.7700552239   1.502570702   0.9974667636   -0.04241570927   -0.05710484336   0.04227324294   0.9990992319   -0.003701047334   0.05721038768   0.00127766479   0.9983613269   

-0.2232838955   -2.444132795   2.35209816   0.9951365832   -0.02633416606   -0.09491939979   0.0251518475   0.9995907039   -0.01363118614   0.09523951557   0.01117749373   0.9953916306   

3.257499695   -0.4033896649   2.021332972   0.9934742137   -0.02119091792   -0.1120711012   0.01920970158   0.9996400466   -0.01872870862   0.1124276393   0.01645363666   0.9935236805   

6.613990649   13.23686017   -35.6498848   0.98266809   -0.1162882354   -0.1443622915   0.1186242407   0.992909739   0.007651129258   0.1424489888   -0.02464338779   0.9894953204   

-13.60561767   4.838582974   -7.559032383   0.8923479725   -0.317133889   0.321156025   0.1977739641   0.9143406525   0.353364727   -0.4057099396   -0.2518079975   0.8786308539   

-5.633237834   1.75047969   13.73340174   0.9152192326   -0.2617868335   0.3063354534   0.1606831391   0.9342613744   0.3183341219   -0.3695330635   -0.2421225685   0.8971187083   

-12.81586017   8.416290328   -0.574052061   0.9872319157   -0.06573115221   0.1450950044   0.04266574172   0.9867230725   0.1567074113   -0.1534691472   -0.1485159719   0.9769289774   

3.400432958   -1.574402791   -3.891753104   0.9964178424   0.08154987916   -0.02238527593   -0.07978091398   0.994283214   0.07096404749   0.0280444136   -0.06892392531   0.9972276588   

3.531913567   -0.2249148855   -2.086957004   0.9972049639   0.06977534838   -0.02671443077   -0.06829349806   0.9962640649   0.0528574596   0.03030277505   -0.05088529916   0.9982446735   

8.836359657   0.6905003015   -6.554618101   0.9956054896   0.08005092305   -0.04859587127   -0.07787435492   0.9959405503   0.04514426912   0.05201243919   -0.04116151003   0.9977977933   

2.557902752   0.4616017175   -0.5551434888   0.9997790987   0.009167445986   -0.01891327008   -0.00924367782   0.999949486   -0.003947121661   0.01887612968   0.004121077912   0.9998133368   

0.5650936843   -0.03334959591   -0.2231472452   0.9999844708   0.002813448455   -0.004810675504   -0.002816246505   0.9999958691   -0.0005749585068   0.004809038015   0.0005884976263   0.9999882633   

1.919280439   -0.131581299   -0.4498141897   0.9999611222   0.008787131398   -0.0007351011768   -0.008781223816   0.9999318994   0.007686788506   0.0008025959366   -0.007680034573   0.999970186   

