17
1 0 0 0 1 0 0 0 1 1.000000000000000222 -1.5738832741129273021e-14 2.6379649409556127492e-09 2.0698893595205943618e-10 0.99691730714850379513 -0.07845943351679286748 -2.6298318185484122246e-09 0.078459433516792881358 0.99691730714850357309 0 0 0 0 3 0 0 5.1101979709572343169e-06 5.8806702898067477747 -0.001546377943412181313 -0.82634545522274471807 3.5118646048418936231e-05 8.5335364466900802682 -0.00070759121902809214016 -2.2139444965350003613 8.0514368599552188824e-05 11.015236631185199911 -0.0037623285536774937234 -3.888938368936594614 0.00029500193114448907241 13.463719268549546371 -0.00038225804351085763489 -5.6118136819366588597 0.00059970383487463572048 16.032205618561889082 -0.0042495571428930265651 -7.1485181600299849691 0.0015508984966023202368 18.81848787176673099 0.0010064863528689942367 -8.2387805050124267581 0.0028170247997749003899 21.782990180795778201 -0.0028870468467697635653 -8.637769249416026085 0.0057408008607265038556 24.747489860606354029 0.0038697651110682815788 -8.2387561416470909137 0.0093930119183455920012 27.533795576535574412 0.00049132175955446649035 -7.1484981530225120139 0.015993683125993245209 30.10222266274294256 0.0076364808556202120118 -5.6116515130162341052 0.023723869571348896873 32.550681673745053502 0.0053119445746729098204 -3.8886839483616366664 0.034997527088724604549 35.032204877466341486 0.0093362112582203119621 -2.213379828760420942 0.047319870754842965899 37.685129078242020739 0.0042066852517977032858 -0.82586202058959135019 0.062122422649724673427 40.565942021996455935 -6.2096772980783270599e-10 7.8894956610182330741e-09 0.077357515318699207607 43.565942021996455935 0 -1.7763568394002504647e-15 0 
1 0 0 0 1 0 0 0 1 1 -1.7523701634406944677e-14 2.6379519196673963075e-09 4.1268480564299242665e-10 0.98768828758985083294 -0.15643479970207382901 -2.6054715964839056373e-09 0.15643479970207380125 0.98768828758985094396 0 0 0 0 3 0 0 0.00064484557769235294894 5.8813965154490475129 -0.0017565415255673664553 -0.82335046666071654009 0.0014415815719879007759 8.5342588616751093866 -0.0018417725503290962967 -2.2105000900744120607 0.0025695331593118919504 11.014201926635713846 -0.0053447050512827809152 -3.8878654555155729433 0.0042489434143409736747 13.461223693918434208 -0.0029045100374383565726 -5.6127077286638256126 0.0067559106008682366304 16.030475407213749861 -0.0064159250908567841756 -7.1480533557961321023 0.010477166421081117453 18.818320323223421298 -0.00072499495463321207093 -8.2341810943936035727 0.015799586661090006534 21.783076222228302754 -0.0024589031282122001017 -8.630875345866090953 0.023299043617345100571 24.747810357255989544 0.0067115904157365952401 -8.2339999249434843165 0.033346960958345280013 27.535658497260165234 0.0067441720785873897348 -7.1477228734708369018 0.046510977368898226425 30.104627331599726148 0.016309051065674488173 -5.6117581509049987432 0.062829727493750431311 32.551441944981000631 0.01571128192636437812 -3.8864422118367816239 0.082429361720081931186 35.030933000326875515 0.018249302924292550715 -2.2082706690112794412 0.10468494160592532738 37.684060909805481288 0.0089928417436388914663 -0.8216042765826143679 0.12902587159734504874 40.565942021996455935 -1.2380511529046617141e-09 7.8164037944318585082e-09 0.15441105266089824588 43.565942021996455935 0 -1.7763568394002504647e-15 0 
1 0 0 0 1 0 0 0 1 1.000000000000000222 -1.2159240479544284381e-14 2.638015811173453e-09 6.1584514858189665695e-10 0.9723698412985223305 -0.23344569332734835254 -2.5651237421198025645e-09 0.23344569332734840805 0.97236984129852210845 0 0 0 0 3 0 0 0.0019162889598282922994 5.8820124585532287398 -0.0021080303682618662005 -0.82081345541762751328 0.0040884663760914893502 8.5349440947751666897 -0.0027043157475851137099 -2.2074613405924949916 0.0067888541247954573704 11.013356614158416491 -0.0074040062751225864737 -3.8869108671174603664 0.010319881744612537794 13.459161926219779915 -0.0052599911970415743484 -5.6133882816785343195 0.0150329011952881203 16.029163405250624663 -0.009257546792887262968 -7.1473420223043566679 0.021354447736524270751 18.8184004965434859 -0.001542823504889354741 -8.229519755608141196 0.029809631668602804694 21.783272347166313665 -0.0013872823729018416653 -8.6240167592656131745 0.041028113183234904415 24.748056033985793789 0.012425627491441250394 -8.2288682858492716576 0.05570971966822263477 27.537161851018513659 0.015512746544724471259 -7.146045468988466709 0.074528203874726015044 30.106404162064222874 0.029034312423036164746 -5.6105226018128355747 0.097967969213711508791 32.551581553551521608 0.028598109751318448457 -3.8827899793286229091 0.12611772830055448247 35.029117235117851692 0.029371367215567802111 -2.2017856102116382111 0.15847810727747943527 37.682792187737277345 0.014194513220455208524 -0.81660401242665514587 0.19394805396819761456 40.565942021996455935 -1.8475361238406360787e-09 7.6953733089545976965e-09 0.23104935762825629109 43.565942021996455935 0 -1.7763568394002504647e-15 0 
1 0 0 0 1 0 0 0 1 0.99999999999999955591 -1.132883218035346602e-14 2.638155528742710759e-09 8.1524644920863171485e-10 0.95105641158980613881 -0.30901731662468512329 -2.509031030973333301e-09 0.30901731662468501227 0.95105641158980647187 0 0 0 0 3 0 0 0.0045196204545815471185 5.884584875965895634 -0.00070174147698133938333 -0.81111072193784905515 0.0094220071222429931102 8.5376650258820259154 -0.0058592983976753967162 -2.1966317101703389802 0.01511463624765162217 11.010803857212161816 -0.0077009164314858066444 -3.8830164112802130205 0.022038796789168518114 13.452137894521701611 -0.01432007315859143079 -5.6150368240838206546 0.030678962054433354251 16.024567186703364996 -0.0080991210893912000957 -7.1443969938205942327 0.041572670762672028766 18.818450124970265591 -0.0023311922324073712856 -8.2144997370021926031 0.055304057093973055248 21.784536230836817339 0.022824824558495080545 -8.6001124682312610759 0.072473501042632379465 24.749892787156081653 0.04400206122058260283 -8.2086559232629312532 0.093633354051694095421 27.541042242003676677 0.073258504305573443616 -7.1317460255394324875 0.11918611418031420379 30.10954224169805471 0.083073541347731455486 -5.5957038378646917209 0.14925548774096691895 32.546805462464391212 0.083639907873118382597 -3.857913054476732384 0.18356018649637656504 35.020102797475111345 0.059570240994238479737 -2.1721712732000599821 0.22133442240712514204 37.677556419767910256 0.028241941322330748471 -0.79614512032537143593 0.26137710629334715007 40.565942021996455935 -2.4457330667808113904e-09 7.5270542542094874853e-09 0.30234215827971089308 43.565942021996455935 0 -1.7763568394002504647e-15 0 
1 0 0 0 1 0 0 0 1 0.99999999999999988898 -3.8559946693666761523e-15 2.6382079178241898768e-09 1.0096028209516374399e-09 0.92387940284529135315 -0.3826837454063446442 -2.4373844112774564962e-09 0.3826837454063446442 0.92387940284529113111 0 0 0 0 3 0 0 0.006980192649142265629 5.8864441655345576265 -0.0041079111504118614659 -0.8039909957808099028 0.014406746264684126835 8.539829851060691368 -0.01325204038417749329 -2.188333793865746113 0.022745184965694244944 11.009404441818567477 -0.016807843779581738836 -3.8794291109685730135 0.032475752955929033938 13.447664860442770873 -0.020986108117772538095 -5.6153235517435051705 0.044097100793612904746 16.021528115869802633 -0.0060828355053259147711 -7.1418272473850565873 0.058145070088606989889 18.818511999919412148 0.014440882251060105368 -8.2033252327687637973 0.07520945434562791021 21.785313374815999055 0.058923893807169371029 -8.5812631492672135636 0.095941478178545189226 24.750194494575758597 0.098745426216834492061 -8.1881139685198309763 0.12102851758896429613 27.540797131173047063 0.14021669257910135409 -7.1105960943076977898 0.15110618173745843373 30.106115006921914556 0.15037246713947657883 -5.5697909039061812564 0.18658998968642637184 32.537347564966978553 0.13839507037059112227 -3.8243327899797536773 0.22744914604124061297 35.008976613827663016 0.092926822496754782343 -2.1375362128963568686 0.27300003567517233671 37.672214720313341729 0.040221492000048680859 -0.77474129730092622381 0.32187523981454213562 40.565942021996455935 -3.0288104211446957694e-09 7.3121615989645896967e-09 0.37230325096815380936 43.565942021996455935 0 -1.7763568394002504647e-15 0 
1 0 0 0 1 0 0 0 1 1.000000000000000222 2.6100906992280678618e-14 2.6381867221365763322e-09 1.1976891936408496702e-09 0.89100637036115482026 -0.45399080164232441525 -2.3506529235784926466e-09 0.45399080164232430423 0.89100637036115515333 0 0 0 0 3 0 0 0.0095401108487909464656 5.8876602019233219565 -0.0096787686837699737213 -0.79921463373937495778 0.019565690532477385266 8.5414799015369506918 -0.01939407304042097685 -2.1823726401217391491 0.030587502498103238263 11.008619243157680145 -0.02912659937115657377 -3.8767999751503072758 0.043132939281253807051 13.44488168815400897 -0.020476962879624287933 -5.6153362918950451288 0.057749288640643867132 16.01918890802265949 -0.0019565612083946113536 -7.1408316376505061029 0.075026964108095811623 18.81824684892211863 0.047086197903454460323 -8.1953993123134445398 0.095620366000324225064 21.785450106797270564 0.1025425271364025781 -8.5668074778856979634 0.12026104020153255414 24.74855954122148205 0.17109991584852213276 -8.1661554756584990855 0.149737737772779822 27.536957427186937508 0.21176660218125489821 -7.0834444608676756516 0.18480721265814983867 30.096438947053055557 0.22599463622767629323 -5.5332888974847165287 0.22600841435270535573 32.523822250026199754 0.18942086458623672018 -3.7831689191071169454 0.27339740651688498874 34.995954192829252349 0.12527207161096093335 -2.0983684892075267214 0.32629059675433530474 37.667082038230724095 0.048513867058636264695 -0.75351753819224698283 0.38320506499889883667 40.565942021996455935 -3.5930615528171017937e-09 7.051956111348144708e-09 0.44210875334200594455 43.565942021996455935 0 -1.7763568394002504647e-15 0 
1 0 0 0 1 0 0 0 1 1.000000000000000222 1.7092318445704775741e-14 2.6381724965193234207e-09 1.3784275064786359231e-09 0.85263998731405898912 -0.52249885361891590385 -2.2494202526845037847e-09 0.52249885361891590385 0.85263998731405898912 0 0 0 0 3 0 0 0.010305232746417857317 5.8877508028268650264 -0.012826242899576406273 -0.79889224292416616269 0.021108362310704932574 8.541780854617268659 -0.024296884449090085795 -2.1816339294448736652 0.032935614345336407249 11.008591996204163621 -0.035242692201443180655 -3.8764389793069442547 0.046332962807703097219 13.444539506472635182 -0.023614801251047572855 -5.6152412143922578736 0.061868205170916998337 16.018836575711311809 -0.0028493955168005049607 -7.1405199352689345815 0.080147913412442053915 18.818146545601010189 0.053305326169171038386 -8.1937885763872166933 0.10182061017112657708 21.785365789932075842 0.11261486507220477837 -8.5639352902627710051 0.1275620900067402641 24.748026735726980974 0.18805489689268878317 -8.161257191748950035 0.15804927153851441868 27.535966773968894472 0.22859931575124475822 -7.0771547347297056874 0.19401918661689981915 30.094261896322333172 0.24458738014701014718 -5.5247722691103797743 0.23666451481755626518 32.521071586707826384 0.20400025665446547274 -3.7736313064843751697 0.28837698733681044194 34.992468323244487749 0.13716849158322708124 -2.0875274986268816946 0.35254616502494778851 37.66499784897812475 0.052666569679241041768 -0.74552898043745607914 0.43053953857352134094 40.565942021996455935 -4.1352804788174178056e-09 6.7482648092326958314e-09 0.51781710760891475065 43.565942021996455935 0 -1.7763568394002504647e-15 0 
1 0 0 0 1 0 0 0 1 0.99999999999999966693 5.3022486151981088259e-14 2.6381922268542931077e-09 1.5506482491883477148e-09 0.80901679521360247982 -0.58778552641444981042 -2.1343728558775972118e-09 0.58778552641444992144 0.80901679521360247982 0 0 0 0 3 0 0 0.015670071713612686998 5.8893596619508361556 -0.014074011123180005245 -0.79334742411223346803 0.031970581512160894944 8.5431197678962877973 -0.032312885609078259574 -2.176711317152353331 0.049579797933411141886 11.006515954137674029 -0.031744033181580894043 -3.8763581799012998275 0.069212378328231238811 13.438194489204745352 -0.015316160803937944532 -5.6207912588342701099 0.09161620386960257767 16.012402279486796175 0.043995577246018421902 -7.1450282772783051399 0.11757907838317344096 18.813901100182480519 0.12334502773085138927 -8.1911974030265053415 0.14790478562451586653 21.782163125854086871 0.234692153096351247 -8.5420171319172109037 0.18335874688306294522 24.741536262717868766 0.32278109256346793066 -8.1175807584719983367 0.22457776804937018555 27.517292326773180378 0.38012554047498980925 -7.0039529965058067162 0.2719483165743941111 30.063232434298306828 0.35886220643146643505 -5.432633319718044973 0.3254739621733551691 32.482283695318443506 0.28225709367417761708 -3.6735547821776588506 0.38467066210901207368 34.965552541544610676 0.1612034793498109686 -2.0097998621448733836 0.44853401598937880923 37.655959538568382072 0.056110848649743694239 -0.70749468332395759607 0.51566051659886802394 40.565942021996455935 -4.6519323438702748582e-09 6.4031009511456081714e-09 0.58441988438486147661 43.565942021996455935 0 -1.7763568394002504647e-15 0 
1 0 0 0 1 0 0 0 1 0.99999999999999977796 4.4514857083200245249e-14 2.6382512744840320897e-09 1.7133740876394652454e-09 0.76040574554526885187 -0.6494483059811176906 -2.0061704779627823424e-09 0.6494483059811176906 0.76040574554526885187 0 0 0 0 3 0 0 0.01648086702425766506 5.8894272303784402922 -0.017241622224298324556 -0.79315158846622646482 0.033613620090327367418 8.5432620146242452819 -0.037994706865435136367 -2.1764274259990368243 0.052094794016522165403 11.006260418393175371 -0.036480339435243001878 -3.8766531170971871845 0.072646864682989031881 13.437414002132694435 -0.017527355946235199241 -5.621730063301511926 0.096006692826360873205 16.011495305771003217 0.047560866398950220335 -7.1458332970629321323 0.12292403341077254297 18.813132349797189846 0.1323419348407163243 -8.1910532251606866794 0.15413085845618182401 21.781421259344980967 0.25008434115921196472 -8.5394097473140586629 0.19028687013734912892 24.740332330126960869 0.34107717058334652283 -8.1119549834816595535 0.23190867663054945402 27.514887622215788099 0.39913858156836740099 -6.994949915802734175 0.27935582692131932792 30.059818409162890163 0.37547656921008226716 -5.4215607847812687936 0.33316080986765156391 32.478456934989445415 0.2956036578768999612 -3.6615561063258477148 0.39511995355196266599 34.961743215302398369 0.16961734767094732712 -1.9976336909663137131 0.46923633722521779221 37.653559530575769543 0.057967363631269371027 -0.69807026542417527359 0.558944811466633662 40.565942021996455935 -5.1401009829345533855e-09 6.0184883876597588403e-09 0.66040566579221482435 43.565942021996455935 0 -1.7763568394002504647e-15 0 
1 0 0 0 1 0 0 0 1 0.99999999999999944489 1.0078642195402611354e-13 2.6381638932493822465e-09 1.8653929089365160592e-09 0.70710654159508268268 -0.70710702077793097242 -1.8655341777175331119e-09 0.7071070207779308614 0.70710654159508290473 0 0 0 0 3 0 0 0.02077375439588228026 5.8898381233879923968 -0.024514752874334393845 -0.79161530056012185952 0.042232805424135530514 8.5430497890179850629 -0.043810800042909457674 -2.17631486605933544 0.065107416039038829014 11.003017367375273139 -0.046397676841404798809 -3.8811408358247172501 0.090148520485881816766 13.431886953946577279 -0.0016265037916012655035 -5.6291677516624201161 0.11813186762491607873 16.005107321398572395 0.076492477237979555893 -7.1543868774749785899 0.1498987456215835623 18.808924806320163725 0.20724113883234532296 -8.1893174958951000519 0.18638322037296578548 21.778316340672716933 0.33989103926420261015 -8.5234271336374725081 0.22861515049020780799 24.732022470477097897 0.46344564281267824901 -8.068662851749941467 0.27766374661798176593 27.498211138190505665 0.50655753225573540988 -6.9304542213725461863 0.33448719990165032279 30.02941699689025512 0.47079783636242689138 -5.3354777783225815213 0.39968045439516575179 32.4459075540048687 0.34234184650856547272 -3.575784459073606314 0.47316980040491735116 34.937776065272629467 0.1856231307924135765 -1.92813241483657416 0.55396367059329398863 37.646906535350623813 0.052994917948109565575 -0.66854572399942213679 0.64016408252689327441 40.565942021996455935 -5.5962195978878205819e-09 5.5966232896498846687e-09 0.72918939314704600552 43.565942021996455935 0 -1.7763568394002504647e-15 0 
1 0 0 0 1 0 0 0 1 1 1.2175216020766118467e-13 2.6381164699280739336e-09 2.0059610659440749404e-09 0.64944779067917557391 -0.76040618565470463608 -1.7134115479090768963e-09 0.76040618565470463608 0.64944779067917568494 0 0 0 0 3 0 0 0.021648343051976968315 5.8897703421786440359 -0.027906414269863458882 -0.79194257006941326527 0.043994091010152565346 8.5430352572771521835 -0.049169748171935909187 -2.1766920322610481264 0.067784918085966802681 11.002563464234107471 -0.051624271369017434019 -3.8822179750097878248 0.093795061728318404604 13.431015895770404001 -0.0028738427273997681731 -5.6306808826708421023 0.12282556963806459671 16.004091704234561178 0.080098563293714647449 -7.1557305991901625219 0.15573290199952316559 18.808079197632061152 0.21871317291790728921 -8.1888351821836611322 0.19343207492821137827 21.777434344538619371 0.35689841687128559533 -8.520074378811653304 0.23686812512788843477 24.730149221100436563 0.48560713027338986425 -8.0604931472103089618 0.28694269379250703089 27.494791926101132873 0.52756002702448978603 -6.9182385646689370517 0.34444902998565413155 30.024208227072676891 0.48913186929581203843 -5.3201095480453455266 0.41029682609101625346 32.440865192791427773 0.35417053168318102241 -3.5607140255342355495 0.48647406333673204326 34.933504292513497091 0.19109433192888106157 -1.9144185083689784221 0.57689948099007604121 37.644752947126214337 0.051790552742894180316 -0.65962055503768446396 0.68462616624816796662 40.565942021996455935 -6.0178864772121443136e-09 5.1402378917927145592e-09 0.80509814351254238574 43.565942021996455935 0 -1.7763568394002504647e-15 0 
1 0 0 0 1 0 0 0 1 1.000000000000000222 1.4838698864588649143e-13 2.6380531524693398645e-09 2.1341433233889971626e-09 0.58778497817042030249 -0.80901719353620549224 -1.5507282131115692949e-09 0.80901719353620560327 0.58778497817042019147 0 0 0 0 3 0 0 0.025046615006501595641 5.8901603964767526023 -0.0319177784231674741 -0.79097153465257097338 0.050843451628729580127 8.5422388764079340007 -0.064130632122529993011 -2.1783878023524834155 0.07819365118266409509 10.999715848337132229 -0.055808681555584417622 -3.8872203926689947728 0.10792527285424921568 13.425118345918368945 -0.006782227916069715791 -5.6402474302802625417 0.14089427992787065258 15.998499293841875968 0.11230155486324326641 -7.1629636431091787685 0.17803350356982625136 18.803855259163750446 0.26272117148804613462 -8.1919752226735571554 0.22040439105815223808 21.773595440573231485 0.44343677682661197803 -8.5035440266240946983 0.26925241210421768656 24.724142155738682902 0.57080461549816519096 -8.0268254826469345176 0.32602210820276489311 27.477447513016471703 0.62506380970615060821 -6.8572836140506900904 0.39225209339534483632 29.999781804627861703 0.55066735672780597888 -5.2492074599742499785 0.46926502748086607042 32.410703515176145117 0.39069406961219793617 -3.4842763279229824747 0.55764028976372426172 34.914921744805909043 0.18822937798871250403 -1.8603213604219537292 0.65661268791958360413 37.639013232726512115 0.044431522437157068561 -0.6342654457078673591 0.76379031345373682438 40.565942021996455935 -6.4024219314162192545e-09 4.6521749496945011066e-09 0.8753700652755079803 43.565942021996455935 0 -1.7763568394002504647e-15 0 
1 0 0 0 1 0 0 0 1 1.000000000000000222 2.1368025285937768323e-13 2.6379989275017145583e-09 2.2491523344259333392e-09 0.52249827581291063971 -0.85264034139403455104 -1.378531896231867208e-09 0.85264034139403455104 0.52249827581291063971 0 0 0 0 3 0 0 0.027447069145299270165 5.889863174152280223 -0.039479037393232864483 -0.79190071446220289264 0.055689336726124638588 8.5414047544434676951 -0.069825345179402503737 -2.1806164830027334744 0.085585414098594811416 10.996600280634444502 -0.069001608098479647047 -3.8929497819522334012 0.11803171415781946174 13.421055319215223989 0.0020303533933054280884 -5.6466872472290159379 0.15396357018644252213 15.993502758767572658 0.1238147442774336221 -7.1708044055158373098 0.19439017006520301067 18.80014322949200789 0.31203397697252516219 -8.1898529280247380768 0.24041256089341564439 21.770459607712783878 0.49541562492408958152 -8.4932254424104041135 0.2932433395326109471 24.715891541597880376 0.6490881339927784266 -7.9936567548536228145 0.35423487680959436785 27.464806223742577629 0.68301614290612311375 -6.8130434631902003773 0.42489656906182715623 29.977512500636752435 0.60198657849099412864 -5.1901139636412310097 0.50679493832506006257 32.391410154541475208 0.40543402466642836091 -3.4328258078730726766 0.60113482640829773995 34.900934798909894141 0.188885321516518212 -1.8189782120901154538 0.70790352483809892981 37.635680782156356372 0.034452180017752180585 -0.61867582295485246124 0.82498561580063145549 40.565942021996455935 -6.7474936091648991175e-09 4.1355879529456777939e-09 0.94789742177776803445 43.565942021996455935 0 -1.7763568394002504647e-15 0 
1 0 0 0 1 0 0 0 1 1.0000000000000004441 2.1396862595986329085e-13 2.6380112406980430519e-09 2.3503880597211100896e-09 0.45399019783670768735 -0.89100667801548338876 -1.1978216616463543829e-09 0.89100667801548383284 0.45399019783670735428 0 0 0 0 3 0 0 0.034644187258572427257 5.8897449160540791269 -0.044486610182837685312 -0.79222257041930688182 0.070223550988155317154 8.5367959165275841826 -0.073960159207996339914 -2.1895116949931110462 0.10774336854998708968 10.983049582747774764 -0.057805565053024532407 -3.9142724576268372871 0.14823709390424000265 13.399897956114346087 0.046957654313103246169 -5.6764408927549494521 0.19275098478822505488 15.970971282543448666 0.21830296610653512901 -7.1978953281626880667 0.24235804576329991744 18.781629443747238639 0.46082579491416192363 -8.1944254612484996869 0.29813128137771160997 21.753472641167935109 0.68425486831095772011 -8.4553861919164727823 0.36108276625938273696 24.688816221169194165 0.8426909896738239425 -7.8999680354977117602 0.43205868062369673366 27.41701093707010628 0.83758734489627140185 -6.6719836045836578009 0.51159267052444246104 29.9122127552392989 0.68489206876766262067 -5.028059280365677175 0.59974046153803317605 32.331413794187518818 0.41662847180667295088 -3.2884633522081747614 0.69594063890500801328 34.867782265269141817 0.16101744573674897643 -1.7235645616377091027 0.79895438698160348157 37.627926256964983054 0.011355118867306945862 -0.58214079181514710726 0.90700261785489966204 40.565942021996455935 -7.0511783923653127339e-09 3.5934743878464914336e-09 1.0178220957829606785 43.565942021996455935 0 -1.7763568394002504647e-15 0 
1 0 0 0 1 0 0 0 1 1 2.3210041884851833172e-13 2.6379640066322409809e-09 2.4370723386908119627e-09 0.38268311932378057394 -0.92387966217718020534 -1.0097186700421051204e-09 0.92387966217718087147 0.38268311932378029638 0 0 0 0 3 0 0 0.035824867530071621835 5.8895303779492795826 -0.047768728845645813674 -0.79304279032795199633 0.072601074682324212572 8.5361988546732288086 -0.078822804443151664455 -2.1912290273708876498 0.1113471894393226469 10.981446362151020324 -0.060674588874061366472 -3.9174573116767712477 0.15310030268715330015 13.397465553412242656 0.049488940632529350439 -5.680376628917732873 0.19889197066000041669 15.968418818867856857 0.22805633379775552827 -7.2010457537809680062 0.24975263216363344232 18.77949476357145997 0.47819510096469652893 -8.1942344577188013233 0.30667569309426667701 21.751359146995671523 0.70667248631934664882 -8.4497086486243251358 0.37055276567128558884 24.685259085897484965 0.86630209583101602799 -7.887232328964896233 0.44208390671107344883 27.411127184921902256 0.85712823226443490832 -6.6541088990925683078 0.52173236956674418074 29.904834616408805914 0.69786758519480085461 -5.0084885507656329295 0.61001222967749202386 32.325469734859865412 0.42188479233486930742 -3.2720188821542817159 0.70856767387619912224 34.864229125297541145 0.15912937768701676533 -1.7120685780579951718 0.82121348286537565464 37.62686509792752787 0.0050022802587840779417 -0.57707691422887619215 0.95125883531705546226 40.565942021996455935 -7.3112164407973778852e-09 3.0291700516629798367e-09 1.0943971180849085822 43.565942021996455935 0 -1.7763568394002504647e-15 0 
1 0 0 0 1 0 0 0 1 1.000000000000000222 2.0372564323235102983e-13 2.6380202129347001842e-09 2.5088435213254586608e-09 0.30901667212517508476 -0.95105662100039156659 -8.1538595991826391408e-10 0.95105662100039189966 0.30901667212517497374 0 0 0 0 3 0 0 0.040276452788113974168 5.8887714311884815643 -0.054871799505240716199 -0.79539241523651904586 0.081511143837830757342 8.5323051189944099093 -0.089610851999777488275 -2.1994452844706859906 0.12472138801555930632 10.97256118855850282 -0.064302968375384073063 -3.9326378533496897383 0.17092030322924942065 13.384627467373125143 0.066769128057866944381 -5.6995531560067371757 0.22109882942799038985 15.955271279344781732 0.27616193320977844294 -7.2169123284737404234 0.27627020070345881253 18.768902501891442824 0.55902442053773748754 -8.1942906064859322157 0.33751494330809950206 21.741271110319690507 0.81024387521162744008 -8.4228580048860681728 0.40603891192287094869 24.668854295078084249 0.97206691180101290062 -7.8283018980382292895 0.4832035672290854178 27.383741192784473384 0.94145940565987129567 -6.5713686944341747065 0.57044908755456491534 29.86980792545010388 0.74182410255093700346 -4.9186410509222149301 0.66901868556834331869 32.294515426639144096 0.42294433131359204792 -3.1953829083076197293 0.77945696284797605369 34.848178775599663481 0.13410002920167124474 -1.6648171790096066847 0.90100887210626590118 37.623965605419734004 -0.014066261790700520726 -0.56176852654025966061 1.0313186048718188115 40.565942021996455935 -7.5265069323897443005e-09 2.4461622573528486371e-09 1.1664940257286497971 43.565942021996455935 0 -1.7763568394002504647e-15 0 
1 0 0 0 1 0 0 0 1 1 2.0177508450079735317e-13 2.6380534960183808903e-09 2.5651168933770847199e-09 0.23344503438444003107 -0.97236999949671809595 -6.1603669475950451159e-10 0.97236999949671820698 0.23344503438443992005 0 0 0 0 3 0 0 0.048137472395656313862 5.8870845096717516753 -0.058570269192651104595 -0.80081799754295723837 0.097268193184968376741 8.5228351127120021147 -0.087244965329595178249 -2.2190532833000844448 0.14846977577883796462 10.95066952801710336 -0.038162049732522990153 -3.9686135538844831139 0.2028343177796550767 13.353836224956790346 0.13661654621001481646 -5.7433328907237521932 0.26144209427004133639 15.924507969644162486 0.4012841363823231311 -7.2514039195403849902 0.32538205341978737595 18.744139606135945542 0.7360312357306173503 -8.1937124485841454913 0.39572699896446533741 21.717787577772163843 1.0125901323074593119 -8.3670490544324760407 0.47347775464748337315 24.632984796585166265 1.1559877752186193955 -7.7110529077828600109 0.55946601812260887687 27.32747616200403229 1.0630374767610579756 -6.4144405713009682302 0.65421725757383131228 29.802564277533644344 0.78017305666126923747 -4.7578186172850251978 0.75779384281209838381 32.241418142289148818 0.39463723945314282959 -3.0688633928148232322 0.86965926540652516152 34.82408321713099042 0.083686481313019492334 -1.5925652514694244033 0.98861482757639751462 37.620130158065293813 -0.043499480166051582297 -0.53948859517289449172 1.11293628846320658 40.565942021996455935 -7.6953424518012267052e-09 1.848115888162996589e-09 1.2403324027541995367 43.565942021996455935 0 -1.7763568394002504647e-15 0 
1 0 0 0 1 0 0 0 1 1 1.6696806607791979447e-13 2.6381314208188198701e-09 2.6056258564044563848e-09 0.15643413037837305968 -0.98768839360031079888 -4.1285862021575782433e-10 0.9876883936003109099 0.15643413037837300417 0 0 0 0 3 0 0 0.056772949044186588052 5.88452391152653842 -0.05690615056860164056 -0.80961191051500491778 0.11450893654556160151 8.5096598070274431791 -0.069940117135134899362 -2.2469985955263656052 0.17425761213650978187 10.921839228251332798 0.015724256733062838554 -4.0160866516647528712 0.23705409620498515966 13.314750824749443936 0.24321098135067109602 -5.7980749017206925089 0.30387570627945592605 15.887331476332537505 0.56644526668284922444 -7.2908649191099712539 0.37566158302411084557 18.715857707657782782 0.94309384400298124085 -8.1892303578189391544 0.4532887517908770203 21.69179736788295898 1.2269727688040423796 -8.2986304061002496013 0.53752904827127268028 24.594075216512493398 1.3293202100954664147 -7.5809061122228884599 0.62898011083772698004 27.268708176494097728 1.1611660434915023199 -6.2515610549698905629 0.72797229809636798681 29.737237461366078151 0.79428314759092155661 -4.6021092606598177355 0.83446588497355433933 32.193266620965175662 0.35184044873897346584 -2.9528895877423400051 0.94796609510337703774 34.804111413251519025 0.02786381238617361214 -1.5301938287475684852 1.0674899583050589946 37.617418387403397162 -0.073906777560494449353 -0.52123261041859469955 1.1916867920992186836 40.565942021996455935 -7.8168794067318648784e-09 1.2385689748733059966e-09 1.3186802445875027701 43.565942021996455935 0 -1.7763568394002504647e-15 0 
1 0 0 0 1 0 0 0 1 1.000000000000000222 2.3666906881796341679e-13 2.6381840455910385494e-09 2.6300332717739783178e-09 0.078458757938895312689 -0.99691736031763755754 -2.072246552217545481e-10 0.99691736031763755754 0.078458757938895257178 0 0 0 0 3 0 0 0.089992304845242579447 5.8527872574184529597 0.074678601788419271545 -0.91270055769034263982 0.1801246791900081301 8.3896900886155734156 0.31282315899080070931 -2.481300798055053658 0.27069847242219119421 10.70547103413804102 0.72308376091371973082 -4.3305839472029603598 0.3619987110850822476 13.06627022644946301 1.2723806752198958403 -6.0837526032129591869 0.45422967055992102825 15.692741230789248874 1.8189964647298613176 -7.4064462188982487234 0.54756674724627518724 18.597274827984175971 2.2182731061112459514 -7.9976006858251986742 0.64215232941984445869 21.577674305621972195 2.2866412322144720193 -7.7582544323394770913 0.73809014703334152596 24.392057724023310072 1.9913761333343360516 -6.7900042451939475185 0.83543738790584254339 26.97240350877040882 1.3888343761682930833 -5.4023306232053398546 0.93419726136010883266 29.442120542280825646 0.6860965969126872066 -3.8678367589172082397 1.0343153922318939486 32.000875741645515404 0.094201106102955400878 -2.4360523871018324726 1.1356831903910493686 34.732113642262675057 -0.19908634725142806965 -1.2530595092352658781 1.2381489036359925038 37.607338539982663406 -0.17460106562720220658 -0.4317794350147278748 1.341605652219235445 40.565942021996455935 -7.8900994784744759175e-09 6.2167998436824639385e-10 1.4458156163164830321 43.565942021996455935 0 -1.7763568394002504647e-15 0 
1 0 0 0 1 0 0 0 1 1.000000000000000222 2.5655896908458191558e-13 2.6381911474644667609e-09 2.638191247112949774e-09 -3.3883345457175195747e-07 -0.99999999999994237943 -2.556200301913956113e-13 0.99999999999994249045 -3.3883345449542412453e-07 0 0 0 0 3 0 0 0.090428552944349233078 5.8525651647702865432 0.072513848574510625378 -0.914085155545489636 0.18098571484212921945 8.3883780396200524621 0.31092552893755981414 -2.4849516751207438858 0.27195566608119270402 10.702571240907362338 0.72467729156886429021 -4.335834467346113108 0.36360862650401543084 13.06277437388099294 1.2798813601634881909 -6.0883769325837393538 0.45613858978302057601 15.689949764912636709 1.8319600350850948622 -7.4081623269310608038 0.54971178462757663841 18.595533358676270552 2.2349907335726602042 -7.9937146004985493164 0.64446230602240839325 21.575852658891570002 2.3032368283999367087 -7.7482993655031071611 0.74049101569308528603 24.388465500570443822 2.0053080372355949201 -6.77490306614075255 0.83789866837060500426 26.966996369795534605 1.3982111443399378725 -5.3857034730623114527 0.9370020122345724678 29.436358262675330622 0.69055200125123994415 -3.8530816655394590775 1.0389975458411919718 31.997246587252089256 0.093197996024870166654 -2.4276497795427078863 1.1466961864263769399 34.731574807788128112 -0.20412244812445437536 -1.2529256920852269719 1.263412555982427854 37.608247562309237821 -0.1794681083916110087 -0.43644445451676205927 1.3897452194868442632 40.565942021996455935 -7.9145652537792852697e-09 7.6521552931536994005e-13 1.5222070212469198669 43.565942021996455935 0 -1.7763568394002504647e-15 0 
1 0 0 0 1 0 0 0 1 1.000000000000000222 2.6863657266414695958e-13 2.638202822609088537e-09 2.630091111546535901e-09 -0.078459433516785234697 -0.99691730714850446127 2.0672411957708505293e-10 0.99691730714850457229 -0.078459433516785179186 0 0 0 0 3 0 0 0.090931037672439832265 5.8522715615831506497 0.06915145806699442288 -0.91581735899563632142 0.18197794384319068706 8.3870892447754048504 0.30606272748027196773 -2.4891671225745608531 0.27340646705310961417 10.699804172154841808 0.72222123429182516485 -4.3419102612694944199 0.36547125403214292261 13.059282904219012167 1.283494494114050255 -6.0940585539135465609 0.45836174535176410494 15.686891752448557824 1.8425739043263300587 -7.4107254338429973117 0.55226684777222134759 18.593172352605456865 2.251506143942182181 -7.9901146203668007573 0.64741879294004966994 21.573080481840367639 2.3221586336030899389 -7.7374651211770411052 0.74419386184443037102 24.383567063360249705 2.0230038374499197396 -6.7576589174004579874 0.84331580155027352497 26.959895231608275168 1.4109227159070545365 -5.3661780172080355555 0.94622144445561395809 29.429234275860423509 0.69529176516055346546 -3.8369654389677205764 1.0554522873252325521 31.993526168996194059 0.089803816553836790515 -2.4209350291247648812 1.1743715629647686338 34.732054702394847823 -0.21168129950571876186 -1.2569934303316323554 1.3054630931308244257 37.6096084767421317 -0.18418357564853105046 -0.44365757919117770891 1.4480683962343652293 40.565942021996455935 -7.8902778786331512862e-09 -6.2017179157456688711e-10 1.597470163020924927 43.565942021996455935 0 -1.7763568394002504647e-15 0 
1 0 0 0 1 0 0 0 1 1 2.6431675388092460924e-13 2.6381715254202626246e-09 2.6057324750808240446e-09 -0.1564347997020750225 -0.98768828758985083294 4.124406136988631711e-10 0.98768828758985094396 -0.1564347997020750225 0 0 0 0 3 0 0 0.092142792829210631855 5.8484861874765794454 0.063656089583813968424 -0.92766663337058152816 0.18442983615912073025 8.3774792490615315188 0.29877179578584905917 -2.5103572978269785843 0.27719197250158694734 10.686185625621469342 0.72270641630390752841 -4.366114924764350036 0.37081859954045331973 13.044411930368751129 1.3043782561583414648 -6.1129929548465771205 0.46574993696348226946 15.673811044687234073 1.8915196373002629571 -7.4131980404868960122 0.56259025262949957646 18.581791089326991084 2.3259852431637999537 -7.9631277735639161008 0.6621664014909532936 21.558136480370087895 2.4060443972084644138 -7.6768998655704541179 0.76555612432622288654 24.358869468236299838 2.0927812697417524923 -6.6743510124323073285 0.87404004683591884906 26.928720512873404402 1.4476805443547904328 -5.2858378404083250501 0.98892977741824750204 29.40419193286151156 0.69446430632598110666 -3.7846480095229408924 1.1112527580407383088 31.98483316529953413 0.066330715956746555406 -2.4084935960508575548 1.2413440253865417606 34.735070435721205229 -0.23490413974348187121 -1.2722960098692668307 1.3784815653629420851 37.612689737134395784 -0.19288205221046433868 -0.45994268545852379226 1.5208766099226191937 40.565942021996455935 -7.8171940778266763574e-09 -1.2373160791831814119e-09 1.6659621161086886065 43.565942021996455935 0 -1.7763568394002504647e-15 0 
1 0 0 0 1 0 0 0 1 1.000000000000000222 2.5180999064362793071e-13 2.6381848737151845943e-09 2.5653503718017509875e-09 -0.2334456933273588719 -0.97236984129851977698 6.1562803921758053819e-10 0.97236984129851977698 -0.2334456933273588719 0 0 0 0 3 0 0 0.094610486067728760684 5.8434795033508386553 0.061848237757663702963 -0.94259741748442604781 0.18957802072635998591 8.3611659482665583454 0.2946698759114406152 -2.5430220171844344357 0.28545908618652837685 10.662117724506297023 0.74696022458596811333 -4.4012232163599298573 0.38286725349971378884 13.01876843335739764 1.3497476335465055097 -6.1425471054142022354 0.48243898629553921831 15.654235533523277013 1.9898857643610941004 -7.404285184735311276 0.58490549735858132774 18.566311406964622677 2.4376400504619417653 -7.919719916479856181 0.69108775871082661624 21.536062902003820341 2.5290714590524978611 -7.5757453743361793386 0.80185851532122298657 24.327912279218978142 2.1696683842936885789 -6.5642839785447160139 0.91805681213362833049 26.886785343684053373 1.4826978088958071567 -5.1757930540484009541 1.0403485078837348965 29.376806845611195484 0.67835879572527013615 -3.7262400001703266383 1.1690457546154844337 31.97264284514244892 0.035577875940505092334 -2.3860079247129259983 1.3039273528557975279 34.738719377115820919 -0.26092490821679864554 -1.287680453005547232 1.444126235676704173 37.615137747196982332 -0.20120719602993616948 -0.47208576439684563075 1.5882666029898782067 40.565942021996455935 -7.696037631318074068e-09 -1.8468925600530742325e-09 1.7345539550938846585 43.565942021996455935 0 -1.7763568394002504647e-15 0 
1 0 0 0 1 0 0 0 1 1 2.475553514996897081e-13 2.6382021566371807183e-09 2.5091554759547763787e-09 -0.30901731662470049988 -0.95105641158980125383 8.150145956000831981e-10 0.95105641158980147587 -0.30901731662470049988 0 0 0 0 3 0 0 0.09554824208998730084 5.8428433227308120834 0.056148928145759946506 -0.94531749080988314304 0.19150702675892689042 8.3590845840841225822 0.29414326760996850618 -2.5477550537688689047 0.28847646903335344426 10.657398686981059299 0.740750975362066022 -4.4109887525998159319 0.38710302199471141593 13.014536230663289018 1.3627264748582850196 -6.1453216465923095058 0.48803565170474744184 15.650194308250512165 1.9978622269068684325 -7.4098529480510464396 0.59197901475873437871 18.5628886377431499 2.4650927184802831071 -7.905855933279132941 0.69966951554188561158 21.533723899063385687 2.5444154606976905342 -7.5660913351206842137 0.81183007293985209873 24.319865272405383649 2.1908040151413081809 -6.5366095116374225427 0.92914457434062791563 26.881617606473287907 1.4867238186259990051 -5.1620912788614381483 1.0524066652891199691 29.368048972863448398 0.68052272257030366198 -3.707661223742568346 1.1830217867617127681 31.971943075404929857 0.028698972961556122596 -2.3879336366488388421 1.3233938521040984337 34.738786176002157902 -0.26595392815490276339 -1.2914028809593252056 1.4757259055893969801 37.617068627537904035 -0.20304585630919291805 -0.48299620055382208594 1.6394015206683434371 40.565942021996455935 -7.5274768283529273597e-09 -2.4450591770707109829e-09 1.8098715359934933744 43.565942021996455935 0 -1.7763568394002504647e-15 0 
