% Intrinsic and Extrinsic Camera Parameters
%
% This script file can be directly excecuted under Matlab to recover the camera intrinsic and extrinsic parameters.
% IMPORTANT: This file contains neither the structure of the calibration objects nor the image coordinates of the calibration points.
%            All those complementary variables are saved in the complete matlab data file Calib_Results.mat.
% For more information regarding the calibration model visit http://www.vision.caltech.edu/bouguetj/calib_doc/


%-- Focal length:
fc = [ 2028.213505420973661 ; 2027.825372267160446 ];

%-- Principal point:
cc = [ 617.143068112239575 ; 421.975416541700781 ];

%-- Skew coefficient:
alpha_c = 0.000000000000000;

%-- Distortion coefficients:
kc = [ -0.341294017117012 ; 0.181922202339848 ; 0.000688995568528 ; 0.000284477586775 ; 0.000000000000000 ];

%-- Focal length uncertainty:
fc_error = [ 1.121227791694930 ; 1.288143710274493 ];

%-- Principal point uncertainty:
cc_error = [ 2.675395705013201 ; 2.408748386860607 ];

%-- Skew coefficient uncertainty:
alpha_c_error = 0.000000000000000;

%-- Distortion coefficients uncertainty:
kc_error = [ 0.003268397700516 ; 0.033744679559973 ; 0.000208953608590 ; 0.000136360808501 ; 0.000000000000000 ];

%-- Image size:
nx = 1280;
ny = 960;


%-- Various other variables (may be ignored if you do not use the Matlab Calibration Toolbox):
%-- Those variables are used to control which intrinsic parameters should be optimized

n_ima = 33;						% Number of calibration images
est_fc = [ 1 ; 1 ];					% Estimation indicator of the two focal variables
est_aspect_ratio = 1;				% Estimation indicator of the aspect ratio fc(2)/fc(1)
center_optim = 1;					% Estimation indicator of the principal point
est_alpha = 0;						% Estimation indicator of the skew coefficient
est_dist = [ 1 ; 1 ; 1 ; 1 ; 0 ];	% Estimation indicator of the distortion coefficients


%-- Extrinsic parameters:
%-- The rotation (omc_kk) and the translation (Tc_kk) vectors for every calibration image and their uncertainties

%-- Image #1:
omc_1 = [ 2.556152e+00 ; 4.795421e-01 ; -8.626900e-01 ];
Tc_1  = [ -7.809811e+01 ; 2.659019e+01 ; 3.482669e+02 ];
omc_error_1 = [ 1.147289e-03 ; 8.517581e-04 ; 1.842165e-03 ];
Tc_error_1  = [ 4.609354e-01 ; 4.187528e-01 ; 2.273291e-01 ];

%-- Image #2:
omc_2 = [ 2.537267e+00 ; 4.586247e-01 ; -8.956708e-01 ];
Tc_2  = [ -2.505263e+01 ; 1.213721e+01 ; 3.337950e+02 ];
omc_error_2 = [ 1.189335e-03 ; 7.870315e-04 ; 1.766903e-03 ];
Tc_error_2  = [ 4.394708e-01 ; 3.956427e-01 ; 1.827925e-01 ];

%-- Image #3:
omc_3 = [ 2.147632e+00 ; 2.807860e-01 ; 1.679918e-01 ];
Tc_3  = [ -4.365015e+00 ; -1.831387e+00 ; 3.312727e+02 ];
omc_error_3 = [ 1.200047e-03 ; 7.992125e-04 ; 1.485142e-03 ];
Tc_error_3  = [ 4.372867e-01 ; 3.924430e-01 ; 2.136826e-01 ];

%-- Image #4:
omc_4 = [ 2.028419e+00 ; 1.346786e-01 ; -7.792874e-02 ];
Tc_4  = [ -9.925937e+01 ; 4.135446e+01 ; 3.718316e+02 ];
omc_error_4 = [ 1.142166e-03 ; 8.483311e-04 ; 1.387424e-03 ];
Tc_error_4  = [ 4.916852e-01 ; 4.552557e-01 ; 2.945546e-01 ];

%-- Image #5:
omc_5 = [ 2.476935e+00 ; 2.040735e-03 ; -9.195151e-02 ];
Tc_5  = [ -4.007589e+01 ; -1.179005e+01 ; 3.821935e+02 ];
omc_error_5 = [ 1.259602e-03 ; 6.849614e-04 ; 1.756685e-03 ];
Tc_error_5  = [ 5.038871e-01 ; 4.539971e-01 ; 2.459181e-01 ];

%-- Image #6:
omc_6 = [ -1.770409e+00 ; 2.388227e-01 ; 4.602189e-01 ];
Tc_6  = [ 3.591947e+01 ; -4.012691e+01 ; 4.652627e+02 ];
omc_error_6 = [ 1.255976e-03 ; 9.205195e-04 ; 1.208860e-03 ];
Tc_error_6  = [ 6.152878e-01 ; 5.527948e-01 ; 2.462442e-01 ];

%-- Image #7:
omc_7 = [ 2.229284e+00 ; 7.669360e-01 ; -1.079467e-01 ];
Tc_7  = [ 2.245252e+01 ; -3.673249e+01 ; 3.995385e+02 ];
omc_error_7 = [ 1.223514e-03 ; 8.058405e-04 ; 1.667599e-03 ];
Tc_error_7  = [ 5.299307e-01 ; 4.722938e-01 ; 2.576071e-01 ];

%-- Image #8:
omc_8 = [ 2.205611e+00 ; 9.642517e-01 ; -2.114638e-04 ];
Tc_8  = [ -4.360732e+01 ; -5.125977e+01 ; 4.198592e+02 ];
omc_error_8 = [ 1.173901e-03 ; 8.745216e-04 ; 1.679420e-03 ];
Tc_error_8  = [ 5.561341e-01 ; 4.964305e-01 ; 2.812308e-01 ];

%-- Image #9:
omc_9 = [ -1.809802e+00 ; 1.645652e-01 ; 7.684411e-02 ];
Tc_9  = [ -8.901652e+01 ; -1.224262e+01 ; 4.413941e+02 ];
omc_error_9 = [ 1.214159e-03 ; 9.479005e-04 ; 1.254288e-03 ];
Tc_error_9  = [ 5.822713e-01 ; 5.307689e-01 ; 2.751168e-01 ];

%-- Image #10:
omc_10 = [ -1.840915e+00 ; 1.468064e-01 ; 1.482935e-01 ];
Tc_10  = [ -5.244010e+01 ; -5.802168e+01 ; 5.189913e+02 ];
omc_error_10 = [ 1.243355e-03 ; 8.859061e-04 ; 1.274458e-03 ];
Tc_error_10  = [ 6.874933e-01 ; 6.175448e-01 ; 2.988942e-01 ];

%-- Image #11:
omc_11 = [ 2.376823e+00 ; -1.913654e-01 ; 7.343454e-03 ];
Tc_11  = [ -9.153533e+01 ; -2.196418e+01 ; 4.836320e+02 ];
omc_error_11 = [ 1.261271e-03 ; 7.573492e-04 ; 1.716591e-03 ];
Tc_error_11  = [ 6.379754e-01 ; 5.792873e-01 ; 3.536788e-01 ];

%-- Image #12:
omc_12 = [ 2.267742e+00 ; 1.770004e-02 ; -2.242281e-01 ];
Tc_12  = [ -3.625029e+01 ; -2.820299e+01 ; 5.017060e+02 ];
omc_error_12 = [ 1.236317e-03 ; 8.231298e-04 ; 1.586108e-03 ];
Tc_error_12  = [ 6.626016e-01 ; 5.947712e-01 ; 3.270462e-01 ];

%-- Image #13:
omc_13 = [ 2.739552e+00 ; 2.796090e-01 ; -7.064259e-01 ];
Tc_13  = [ -7.231081e+01 ; 1.795672e+01 ; 3.524412e+02 ];
omc_error_13 = [ 1.232302e-03 ; 6.926320e-04 ; 2.015307e-03 ];
Tc_error_13  = [ 4.660725e-01 ; 4.225397e-01 ; 2.245816e-01 ];

%-- Image #14:
omc_14 = [ 2.401015e+00 ; 7.973143e-01 ; -1.320250e+00 ];
Tc_14  = [ -1.062790e+02 ; 1.489519e+01 ; 3.758407e+02 ];
omc_error_14 = [ 1.063643e-03 ; 1.212081e-03 ; 1.823225e-03 ];
Tc_error_14  = [ 5.014053e-01 ; 4.562369e-01 ; 2.558704e-01 ];

%-- Image #15:
omc_15 = [ 2.728317e+00 ; -5.583246e-01 ; 4.855017e-01 ];
Tc_15  = [ -3.835596e+00 ; 3.905127e+01 ; 2.856431e+02 ];
omc_error_15 = [ 1.211020e-03 ; 6.232874e-04 ; 2.055308e-03 ];
Tc_error_15  = [ 3.764809e-01 ; 3.422652e-01 ; 1.775508e-01 ];

%-- Image #16:
omc_16 = [ 2.675852e+00 ; -6.478051e-01 ; 6.294703e-01 ];
Tc_16  = [ 2.274629e+01 ; 4.018758e+01 ; 2.761450e+02 ];
omc_error_16 = [ 1.147102e-03 ; 7.610764e-04 ; 2.043125e-03 ];
Tc_error_16  = [ 3.649869e-01 ; 3.308749e-01 ; 1.759884e-01 ];

%-- Image #17:
omc_17 = [ 2.676540e+00 ; 2.433709e-02 ; -3.123822e-01 ];
Tc_17  = [ -8.193075e+01 ; 5.118340e+01 ; 2.959998e+02 ];
omc_error_17 = [ 1.237913e-03 ; 5.121302e-04 ; 1.942552e-03 ];
Tc_error_17  = [ 3.926368e-01 ; 3.615346e-01 ; 2.290500e-01 ];

%-- Image #18:
omc_18 = [ -2.170810e+00 ; 1.601900e-01 ; 3.590231e-01 ];
Tc_18  = [ 5.949285e+00 ; 1.321649e+01 ; 3.246003e+02 ];
omc_error_18 = [ 1.301454e-03 ; 7.271630e-04 ; 1.421921e-03 ];
Tc_error_18  = [ 4.275306e-01 ; 3.862014e-01 ; 1.487305e-01 ];

%-- Image #19:
omc_19 = [ -2.165222e+00 ; 1.621879e-01 ; 1.569786e-01 ];
Tc_19  = [ -4.993651e+01 ; 2.009141e+01 ; 3.280204e+02 ];
omc_error_19 = [ 1.275823e-03 ; 7.615329e-04 ; 1.456736e-03 ];
Tc_error_19  = [ 4.323923e-01 ; 3.941442e-01 ; 1.735842e-01 ];

%-- Image #20:
omc_20 = [ NaN ; NaN ; NaN ];
Tc_20  = [ NaN ; NaN ; NaN ];
omc_error_20 = [ NaN ; NaN ; NaN ];
Tc_error_20  = [ NaN ; NaN ; NaN ];

%-- Image #21:
omc_21 = [ 2.404439e+00 ; 7.727041e-02 ; -3.305198e-01 ];
Tc_21  = [ -1.095349e+02 ; 1.907688e+01 ; 4.022299e+02 ];
omc_error_21 = [ 1.210147e-03 ; 7.450055e-04 ; 1.722302e-03 ];
Tc_error_21  = [ 5.309301e-01 ; 4.882716e-01 ; 3.082155e-01 ];

%-- Image #22:
omc_22 = [ 2.495557e+00 ; 6.873565e-02 ; -3.100180e-01 ];
Tc_22  = [ -1.533319e+01 ; 5.242809e+00 ; 3.938141e+02 ];
omc_error_22 = [ 1.244416e-03 ; 6.550161e-04 ; 1.761282e-03 ];
Tc_error_22  = [ 5.187668e-01 ; 4.673611e-01 ; 2.382635e-01 ];

%-- Image #23:
omc_23 = [ 2.098672e+00 ; 8.455168e-01 ; -7.941383e-05 ];
Tc_23  = [ -2.759797e+01 ; 4.595620e+00 ; 3.358766e+02 ];
omc_error_23 = [ 1.148564e-03 ; 7.885502e-04 ; 1.530510e-03 ];
Tc_error_23  = [ 4.434075e-01 ; 3.979958e-01 ; 2.140739e-01 ];

%-- Image #24:
omc_24 = [ 2.114689e+00 ; 9.842641e-01 ; -5.862162e-02 ];
Tc_24  = [ -9.765540e+01 ; 2.690415e+00 ; 3.539927e+02 ];
