11
-0.22808690694690264555 0.059814058665380344382 -0.97180174998060664393 -0.25366501252361478569 -0.96729212827428423527 6.9388939039072283776e-18 -0.94001618299941480661 0.24651210307930146448 0.23579940359261003513 0.75172500109586426476 0.42153887498403719292 -0.50716318833745688277 0.088787193732924318823 0.69734553342037752799 0.71121448329437253477 0.65347253726262677365 -0.5796673044909822492 0.48678481811546253644 4.5085672517655650537 2.5943683636611805099 -6.3905752640443225232 0 3.1400458100841492914 1.0723782885194919068 -12.030672362040810697 0.13277132757361020943 3.4906820221661338799 1.9684100512362603386 -17.953018293141767003 0.26554265514722041885 6.5401541631653445918 5.1647444735817575889 -22.013087987388317401 0.39831398272083062828 11.417715599023754436 8.6587399345386089067 -22.050372818660303409 0.53108531029444083771 15.98454152364241132 10.164204531079949589 -18.461824738588212824 0.66385663786805104714 19.136746389998627649 9.1475470830054366189 -13.458824427387847678 0.79662796544166125656 21.393957135529348079 6.4849109154188679938 -8.5787252184180999848 0.92939929301527146599 23.880878695817830959 3.3754384809157396141 -4.0902508303759912422 1.0621706205888816754 27.465103147338545853 1.2247373025195349427 0.21414454921411252286 1.1949419497911564214 31.975453153913733217 1.7574604649170739723 4.1349797727898689459 0 
0.77035044244749173448 0.23017681245800089562 0.59462494971841539648 0.28628842305977653115 -0.95814348550827532769 0 0.56973602189338534707 0.17023423916688404378 -0.80400321465300883528 0.4820876595031293177 -0.53372191582437322754 -0.69478946820137954532 -0.21387243531302260746 -0.84072701361862389735 0.49743006542144968529 -0.84961760219999671317 -0.091208580411446416036 -0.51945252419374843278 14.261551926080464625 7.1086520737422516092 3.6623348488640488085 0 18.883654580765416142 8.8263826121009110182 7.0807509802243604469 -0.50310210739022331872 22.927999996267079297 13.079419393691896545 5.8338234375901105722 -1.0062042147804466374 25.288011619701940447 15.475787227772249466 0.86514388650965390326 -1.5093063221706699562 26.923446164070828246 14.750762925134594639 -4.8619617871996378966 -2.0124084295608932749 28.984720246648400632 12.034625366817875758 -9.798942240267630055 -2.5155105369511163715 31.918926927057764686 8.6966464213329217614 -13.829865419058053888 -3.0186126443413399123 35.640670642814562541 5.6123190604907859935 -17.384518110847984929 -3.5217147517315634531 39.784807322755987968 3.2097159385122755459 -20.997499874629369288 -4.0248168591217865497 43.753438243651622486 1.5614707344157379154 -25.18477253940701388 -4.5279189663335781546 46.645964200670398725 0.27823612253760332536 -30.28247815260698772 0 
-0.46536096941918725367 0.16912880333218352491 -0.86881218685321037754 -0.34157651320567639086 -0.9398539703731917383 0 -0.8165565833226051673 0.29676583741591822108 0.49514178169019645859 0.67878637654975937377 0.73031264024645115018 -0.076762637439750786017 0.68826113730488636122 -0.5962670499851686623 0.41323384660234263599 0.25601887017607238839 -0.3333302455497287875 -0.90738375867960352483 9.7896586964174900913 -2.0867402707630673397 2.3080296959612209839 0 6.9974928799023663473 -4.136199349997125907 -2.5913098039744100198 0.36927476028961703225 2.5545179148326773166 -0.35972875260414993726 -4.004902138494966124 0.7385495205792340645 2.5736946586781477286 5.1371016481120665986 -1.5998059243136268925 1.1078242808688512078 6.3782821853233189202 8.977259549951908113 1.003711127919567625 1.477099041158468129 11.562418645516407523 11.623543305207610032 2.4603893521015587353 1.8463738014480850502 17.058970951498363178 13.963405205014126409 3.01981677138507143 2.2156485617377024155 22.528292785787868979 16.429203741439572184 3.0995428695527653673 2.5849233220273193368 27.815239808968875934 19.265258460970581922 3.0289397399646360576 2.954198082316936258 32.714354878476939348 22.721309337574396636 3.2621432434845978321 3.3234728426065647255 36.787073137775493592 26.850876161403718356 4.7982564645410228366 0 
-0.52842679377570966892 -0.10842197337306716531 0.84202719630057898392 0.20099170093938725778 -0.97959294411173269967 0 0.82484390024623177595 0.16924047842167672107 0.53943507550972857878 0.69725986641816017908 -0.38435973430054642952 -0.60505890071210666203 0.71488415396622495557 0.43483133921600480853 0.54759688900103398179 0.052624377340965977634 -0.81436435401116957777 0.57796312497030977173 0.47941353834758615449 -20.800279452061559482 2.8787496623512254246 0 -2.691147224306671859 -19.59432924642523588 7.8278130638286160803 0.31261783051087788099 -1.6352682316109496963 -18.289809054335400162 13.588311880880361571 0.62523566102175576198 2.5513237875745629069 -16.215998489879225986 17.352851295956323696 0.93785349153263364297 7.572739131164753168 -13.114245297482831631 18.431978295258172551 1.250471322043511524 11.930423200200129585 -9.0536046660983569012 17.709629890935687513 1.5630891525543892939 15.255387070161663843 -4.2439095737843466338 16.363729306783149298 1.8757069830652672859 17.860910159390730456 1.0455232479910283594 15.253256499632783516 2.1883248135761452779 20.355899257133891922 6.4834050149553039688 14.801071481458782486 2.5009426440870230479 23.423206345945459361 11.63675537252844272 14.987101787882952664 2.8135604721374338766 27.606765544454404449 15.926060296325804444 15.302848051928753748 0 
-0.42396499264279730035 -0.89422376432045813655 0.14358810653373471622 0.90358715228644570505 -0.42840431629813319203 0 0.061513764608128206068 0.12974436828502020069 0.98963753751666916347 0.90822735567851220484 -0.21265425759151879159 -0.3604181420592141305 -0.29740092742512336255 0.27792026489933674416 -0.91340736515804310525 0.29440747063193295485 0.93677024562401767227 0.18917121385037738435 13.998733016536931473 2.5786208270925783381 -16.496728139109876565 0 11.454943060680147227 8.0001437408112536787 -16.127645551461107232 0.36894645397169523182 6.9612719153979210063 8.7542374508422113877 -12.224023859252122648 0.73789290794339046364 6.5175996953338755091 4.6031077942665152847 -7.9145833460296310946 1.1068393619150858065 10.869651003320113247 0.8451574415628823056 -6.2006817853442806054 1.4757858158867809273 16.819183612476738432 0.069606511935663625823 -6.1609012847963118276 1.8447322698584760481 22.657484803953956032 1.4527685546438107167 -6.1277054834650810378 2.213678723830171613 28.165772038159534674 3.7037026789630478341 -5.358246378983265501 2.5826251778018667338 33.541255327341751524 5.7811961418901418597 -3.6884558773859947856 2.9515716317735618546 39.017926361069079633 6.581386839008136036 -1.3720427701978152868 3.3205180859690202055 44.46729049514015486 4.7969812744573907537 0.39440205359378910366 0 
0.80720100905986058581 0.58883304783598289234 0.041257396293636165729 0.58933483630877347981 -0.80788888512772027983 3.4694469519536141888e-18 0.033331391894938271203 0.024314420891236279004 -0.99914855114295675342 -0.97296962773381168166 -0.21845220536273915468 -0.07489150472305619588 -0.22946973579673490828 0.87810179634286134043 0.41985816130309544514 -0.025956576448070246138 0.42569457270629529333 -0.90449454774890680753 26.604853646282894175 10.356093569435738999 19.607261579482798908 0 31.4480597006420588 13.892102587288380988 19.807249930852428577 -0.022061648163338987844 31.2596409817030505 19.848702305996102524 20.502446435415713211 -0.044123296326677975687 26.564522059184959346 23.542984566266802915 21.057495168922336859 -0.066184944490016967 20.567048097920519467 23.676080257140270646 21.16980508858813792 -0.088246592653355951374 14.998397064213017771 21.456009122744582385 20.921945446517096201 -0.11030824081669493575 10.03792987771138101 18.111327026078797076 20.467106958075504508 -0.132369888980033934 5.3747175010858061484 14.375879587897937739 19.918574531238164127 -0.1544315371433729045 0.62697326866653491084 10.749149272193191607 19.365620190409476464 -0.17649318530671190275 -4.5734587680747029736 7.790383189748936843 18.917063688745827221 -0.19855483445516655672 -10.411276534477590161 6.4135647749685977814 18.761324230057415008 0 
-0.27430928172704222012 0.71992449670132208084 0.63754461569975040547 -0.93446513609808434797 -0.35605464386409668709 2.7755575615628913511e-17 0.22700072109044702739 -0.59576321607846816075 0.77041343640428394668 0.12031162451041085837 -0.84228549361026539 -0.52543340230839707949 0.77702052098592977458 -0.24952097756190372291 0.57790863613836596091 -0.61787071703910667608 -0.47780166283748315426 0.62445283890404090776 37.565407327437384311 -17.420974642922320896 -4.922747295976881432 0 35.919551637075130657 -23.027765459510828094 -3.5607429694341989901 -0.32472131157495476295 32.617243661543795952 -25.230409332513332288 0.93849274382496317148 -0.64944262314990952589 31.968500071396270812 -21.765745504591400561 5.7939264333867788181 -0.97416393472486428884 35.893071417606790874 -17.254526230534111164 6.2905554799369713947 -1.2988852462998190518 41.164847833477416827 -16.685711153426684206 3.4825628109427153589 -1.6236065578747738147 45.811397990370863909 -19.368547740539238333 0.79705364389008093173 -1.9483278694497285777 50.494852129138294572 -22.831494681153085224 -0.64282684300994230586 -2.2730491810246835627 56.104478316668000559 -24.779624567377645405 -1.5012463107409892427 -2.5977704925996381036 61.487848559305227525 -22.977518719502377564 -3.4433431360818991251 -2.9224918075037651377 62.209718306367690843 -18.315395593586799805 -7.1505674383165374053 0 
0.92673505470229200487 0.37378954016123971948 -0.037993658049585578296 0.37405961856816410949 -0.92740465911954506062 1.7347234759768070944e-18 -0.035235495492180468613 -0.014211893238037237239 -0.99927798031779491161 -0.74970003171011256882 0.63952503895198231643 0.17016928926020408186 0.30628811427507951493 0.10737217648268521097 0.94586405300718956468 0.5866322983843228478 0.76123514124798374869 -0.27637584232615214352 40.830501049652085044 -4.534609478969337637 13.706342076359618432 0 46.390911377865833742 -2.2902517675603530911 13.494929103406535731 -0.46640705146979993811 49.531242559568340766 -3.7524136940750105751 18.393949675923693121 -0.93281410293959987623 46.811698615265861179 -5.3126023407900042628 23.509601356963671037 -1.3992211544093997588 41.644874990738195208 -4.5493951361220910101 26.462811203178127073 -1.8656282058791997525 36.589458636654477175 -1.8880045592873040405 28.295777565226305938 -2.3320352573489997461 32.130172855590430459 1.7273626279247811244 30.040452441651911641 -2.7984423088187995177 28.11608211420324821 5.6720377850531198405 32.12050374502027239 -3.2648493602885997333 24.328100379125917385 9.5350089111605011993 34.714467594726244215 -3.7312564117583995049 20.463919422223320055 12.818205109808452846 37.922072298844405225 -4.197663464895313723 15.965719231962641089 14.655933795458928159 41.441866089150337871 0 
-0.31960741465573222486 0.43323294912522347655 0.84271009979075284235 -0.8047158445809157179 -0.59366018013710752932 0 0.50028342964513849989 -0.6781421696899838647 0.53836761391326226622 0.91079843000967664057 0.11642151882894072323 0.39609626335711622946 0.35626152487306766981 -0.70645097874752471601 -0.61155926983554231846 0.20862393387869981876 0.6981210816042068279 -0.68491095014808189845 0.079724816387539476636 -0.316863635635030505 -11.598487158786696227 0 -1.8379196715468539836 -5.1451587031205248124 -8.5967865809158645618 0.39378960523684025663 0.48958975488881312232 -10.65533836699532344 -8.1270846097113995654 0.78757921047368051326 5.7454419133361902539 -13.50504020416437001 -8.6322751953511964729 1.1813688157105208809 11.741747684973052657 -13.629479379871272116 -8.4624753584980307863 1.5751584209473610265 17.446349625989238774 -12.376753832456135029 -7.0883591343701093379 1.9689480261842011721 22.758798139049343234 -10.853602319270306609 -4.752144190498981402 2.3627376314210417618 27.91723787745287666 -9.5729885548102338078 -1.9681672057637167317 2.7565272366578819074 33.183319416303689309 -8.5446107644872490994 0.71713060761679503496 3.150316841894722053 38.673333493969813901 -7.3568231644403656588 2.8263736102610508283 3.5441064471315586459 44.138124074027864197 -5.2192540152019475386 4.0781172135332539597 0 
0.82735436536287920717 0.1730308627034806146 0.53436417794148294291 0.20470863190093294137 -0.97882295438207234106 -1.3877787807814456755e-17 0.52304792336862959701 0.10938895980326765467 -0.84525435540606563833 -0.99877203705085781937 -0.021431566850696012749 0.044666608866174004056 0.027607647073048642572 -0.98939531298088589928 0.142599903487150792 0.041136794094455392257 0.14365793606264459781 0.98877204732832735257 46.939676580710390397 -3.0658331480856131357 -3.0035411218639009867 0 51.90380277288766564 -1.8375813566800154319 0.13474641834787659533 -0.055078432025379313319 54.923240760859307841 -0.27216135998423290898 5.0776660485727358463 -0.11015686405075862664 54.235691462534020957 1.4855097324309392004 10.77309125599275319 -0.16523529607613793302 49.789232025093362211 2.8881905190843797371 14.549529403508559611 -0.22031372810151725328 43.8309764345799735 3.567878159244969094 14.742441378146018849 -0.27539216012689654578 38.478055204318131644 3.6997321542381271797 12.035256710150646242 -0.33047059215227586604 34.026537554981430844 3.6850778454977226595 8.0123503144094954109 -0.3855490241776551863 29.569232382923029689 3.7911808075428430342 3.997232288173575121 -0.44062745620303450655 24.204033945077046752 4.0442009718899747384 1.3231666456050332759 -0.49570588561815126516 18.211401722771899614 4.2098468543282354659 1.5699874101717428143 0 
-0.18426029444237565502 0.19604100572496158117 -0.96312827181344573546 -0.7286615214906230209 -0.68487399359223022355 0 -0.65962150585845746864 0.70179451193021991084 0.26904262122133248969 0.56265339594593499761 -0.42178682901158148777 -0.71099720597401905309 0.82669171547208708528 0.28852869694389882138 0.48304450996742803737 0.0014012852398219335232 -0.85956213382873658535 0.51102932840245662849 3.5796594626543249973 -33.890995395911780008 2.8619705218449040807 0 2.4740976960000713447 -38.262964524855519244 -1.0957585133058409532 -0.33505996084400851975 8.3463304374826279286 -38.927114722292550653 -2.1329022571227618243 -0.67011992168801703951 12.529593394706111553 -35.024973995520745973 -0.3235695955481937558 -1.0051798825320255037 15.155134901626265531 -29.969439507181554916 1.5600775459594145023 -1.340239843376034079 17.416353133289000255 -24.66435758004862322 3.2162779142972395263 -1.6752998042200426543 19.628684468024488297 -19.301880940602515579 4.7490644213312354083 -2.0103597650640510075 21.846803981514700155 -13.921601529556639321 6.2093860836770726763 -2.3454197259080595828 24.087916691210214282 -8.5224391814536701872 7.5608522398743769344 -2.680479686752068158 26.495912892080546897 -3.1217796099176471358 8.577921411348166103 -3.0155396475960962732 29.871833267756144892 1.8383706829148867001 8.586329122787004664 0 
0.02387228420443824467 -0.068973170506074779618 0.99733285105685864913 -0.94499896477379297099 -0.32707331987867660494 0 0.32620096661923281278 -0.94247851178362729296 -0.072987561973239883928 0.78442373919860530762 -0.53849749724067907941 0.30773339572949021115 -0.48663177548296893127 -0.22674277862136513195 0.84366890865632582219 -0.38453727058891362667 -0.81154676871304676222 -0.43991241141781967094 -8.8147570954313039238 15.095269543289377978 -2.4713052468864757927 0 -8.6715233902046744419 9.4252757546466199301 -0.51409944717107891599 -0.00072900272473083867989 -8.2208231142427479199 3.8913089647874032906 1.7601371590200360906 -0.0014580054494616773598 -6.4064813959342217231 -1.4118870611214828781 3.9012230362246440585 -0.0021870081741925161481 -2.7179906538927935955 -5.9362980407597598642 5.2885321926184847285 -0.0029160108989233547196 2.4592980798007983978 -8.9666534290811643615 5.4003695390715558133 -0.003645013623654193291 8.1731279268244687586 -10.31011107265770832 4.1564918141171061094 -0.0043740163483850322962 13.718759664200659287 -10.55247035766107544 1.8789314502933760487 -0.005103019073115870434 18.988128605284355643 -10.729999435416470277 -0.98503541621772106041 -0.0058320217978467094391 24.085157070194490814 -11.918459026460535455 -3.9189418096059260854 -0.0065610225297530640198 28.791699505386112889 -14.838249679358362698 -6.226165433139415839 0 
-0.89354879064451875337 -0.42902843693471609532 0.13230706345117201894 0.43283357310099473958 -0.90147384764985050154 0 0.1192713575605809373 0.057266939020070808941 0.99120877768557302812 0.90915734570033635009 -0.39422451826996335322 -0.13423840714912402272 0.41618446132224101719 0.8716454981752681519 0.25889113477425990117 0.014947070383006112737 -0.29124071608482843265 0.95653302628887915127 21.273189378845145825 -2.616817326072446992 17.793163049682828358 0 15.911896634978033305 -0.019815887466478443457 18.50879119504631376 0.41111938753330629082 14.891578307897434641 1.9477477710460517901 24.084420644843916648 0.82223877506661258163 19.261750737538484657 2.9824734336244502764 28.063231489640205751 1.2333581625999188169 25.127086429120428335 4.2078655926533636844 28.373475396432603191 1.6444775501332251633 30.487434462413993685 6.2949325722704800867 26.667362743478882692 2.0555969376665315096 35.2209469574596028 9.2058556457557347841 24.404535679936259385 2.4667163251998376339 39.62764483384429326 12.683412193929834544 22.286136690010316386 2.8778357127331442022 44.015089857711927834 16.445017479529102644 20.673483026667774709 3.2889551002664503265 48.735213146011986396 20.056931365236916776 19.852195036871989942 3.7000744893631760668 54.190157220214004496 22.55403813317037276 19.941877459170008535 0 
0.054534374120691460341 -0.48017847958040660306 0.87547394580713466805 -0.99361253330294763142 -0.11284561871556458845 0 0.098793399083964353324 -0.86988188513415454217 -0.48326532072236100257 0.34606635496138415942 0.32330804791087996986 0.8807439946544041165 0.9321666754325711457 -0.012108220597553343012 -0.36182686496022997691 -0.10631729481476129284 0.94621630568809012019 -0.30556723592894335928 24.877184960934428659 -18.516320157277601055 -10.088699428688192583 0 25.204391205658577491 -24.477995357095288398 -9.4959390341844063244 0.10942728648105469469 24.883388752242307618 -30.44389582728571142 -10.048197132710155799 0.21885457296210938938 24.274615977182058657 -35.088115345450823668 -13.797946561397841592 0.32828185944316407019 24.41076993729480904 -35.309345333206692885 -19.792320540330106127 0.43770914592421877876 25.886412042553988755 -30.736689401883321437 -23.385828313851714455 0.54713643240527343181 28.099340385596633496 -25.28849932823764135 -22.194118167716812451 0.65656371888632814038 30.514029272358524025 -21.502619478668897557 -18.214621799321371043 0.76599100536738284895 33.337706520286076284 -18.512587176300790759 -13.845805754688891298 0.87541829184843755751 36.568001361296332163 -14.398020989329394226 -10.907176773342314391 0.98484557798023064645 38.644399491064639562 -8.8050209367339675737 -11.54508054223088287 0 
-0.55010487504281635474 0.10703021531155824941 0.82820840340127510615 -0.19098206756542171481 -0.98159352578775549425 2.7755575615628913511e-17 0.81296400678170510634 -0.15817295325663235928 0.56042023565848442246 0.87175569331461033595 -0.29112492111531140804 -0.39406635415773066944 -0.015630671116902639106 0.78737888092538943496 -0.61627119029946275663 0.48969142660863235195 0.54339744034940506978 0.68185154434650752098 3.953174945298638665 8.9792060738828745059 -13.935652972133532046 0 0.65254569504174053662 7.8333136684903443836 -9.0578689314433020741 -0.19584794765268964678 -2.3391487692346220051 8.3377986473400440559 -3.8814551981133416092 -0.39169589530537929356 -3.0854769801782628846 10.552279883241114433 1.6447611437814246838 -0.58754384295806894034 -0.36342494538273673044 13.048484400265232708 6.3733334155256562426 -0.78339179061075858712 4.9189059950518689845 13.869517974911365954 9.097830379200356532 -0.9792397382634482339 10.61661490185721668 12.220451688126066969 10.001541392257990992 -1.1750876859161378807 15.500110926683035473 8.7604021956753062028 10.425244218924936135 -1.3709356335688274164 19.834681518185465876 4.8055064853612696751 11.678359420272734326 -1.5667835812215171742 24.47451432947099903 1.9701050219193054769 14.214586927926834647 -1.7626315278379161011 29.705048489358667041 1.8763209952178829809 17.152735487578624429 0 
-0.23238526755896593556 -0.31821199743730316234 0.91909641067110570134 0.8075775887107063955 -0.58976134004544633616 0 0.54204753078835143931 0.74224166312243700094 0.39403272439163011809 0.88647220791447611798 -0.29834197882295487858 0.35377830383905323197 0.31291134639623907621 0.94963448676218931155 0.016758008485689090961 -0.34095969540654924579 0.095845736597497177556 0.93517917047181753354 25.13932295034350517 -24.702820610775191312 -13.642160288212703989 0 23.745011344989709556 -19.857355078510952495 -10.389875103482594909 -0.11029792485374738387 21.538080362615783514 -15.977486835358153172 -6.3803754079744461336 -0.22059584970749476773 19.248631957773582712 -11.882804427577186246 -2.6397795859058961199 -0.33089377456124213772 18.045351823081475118 -6.6595029520856741101 0.056367362171488008538 -0.44119169941498953547 19.182390599002527409 -0.84341454025413198359 0.99452428305201312497 -0.55148962426873693321 22.887240316749736024 3.7929537285568422078 0.11244710405571800571 -0.66178754912248427544 28.103450697559694049 6.0940973311222261799 -1.7572752056460139158 -0.7720854739762317287 33.746664995472791304 6.6369530329073267438 -3.7218357362579301828 -0.88238339882997907093 39.443097913522194631 7.0343793640554430624 -5.5637670543189656769 -0.99268132368372563601 44.761931161009066216 8.9118474424328724126 -7.6095252267582296213 0 
0.70129721981900761119 0.64730942187420847933 -0.29861801993015857359 0.67825642125212326494 -0.73482530374930754569 2.7755575615628913511e-17 -0.21943207720019552998 -0.20253958951922465537 -0.95437271449522864675 0.27410376269581737674 -0.64846797936732758494 0.71018054536241059793 -0.94260052618723455531 -0.034712416677334378967 0.33211337847182131888 -0.19071280845172222662 -0.76045008242729195125 -0.62076106259073815519 16.67836799429407435 13.710211833642386381 16.028998861722374869 0 20.886151313208120683 17.779750361155127081 14.712406398521201467 -0.35007766018393238205 23.408827681971665413 21.403766062504431034 10.650065431188963316 -0.70015532036786476411 24.510075394877524957 21.547098827606017579 4.7537352849644438635 -1.0502329805517971462 25.42713590766927112 17.396572262740253478 0.51910079657807906006 -1.4003106407357295282 27.548624454169569731 11.791937109979837572 0.22354851437459713481 -1.7503883009196619103 31.366120924608107856 7.7987201330778370689 2.56468902138679411 -2.1004659611035942923 36.555010258752858476 5.801939414654441407 4.8204137919501324205 -2.4505436212875268964 42.296171590781625582 4.1138003311776145665 5.2554459682972103352 -2.8006212814714590564 47.025975116123575503 0.67610287625231357822 3.9096395045649394717 -3.1506989438134485049 48.670597692298478876 -4.9795002808710915332 2.7653626538545994507 0 
0.071421145859071652473 -0.84224914388450011771 -0.53433641046629443139 -0.99642391369762173259 -0.08449487683589952669 0 -0.045148689191287623423 0.53242557734796414071 -0.84527190918070604919 0.84861250494557138868 -0.52814164080479042429 0.030384596394044057627 0.3805586877216250441 0.64935712513928089962 0.65841507366587648242 -0.36746687149945517215 -0.54717614282685278493 0.75204146632451707166 1.3769733957693404136 -10.832186169427501454 16.3031181810416399 0 1.8055002709237704117 -16.81072965161323296 16.03222604589391409 0.20311778073659969568 4.0200747811051744662 -21.190041014366741479 12.580082982965382854 0.40623556147319939136 7.7178194267496591507 -22.507685168206048587 8.0424075406860193738 0.60935334220979908704 12.202096937185100245 -21.137923189118474454 4.2987452522242746156 0.81247112294639878272 16.989048257783935014 -18.278446441652029364 2.0832340730792835437 1.0155889036829983674 21.929458767601413882 -14.983766911371485975 1.2244961693882321363 1.2187066844195981741 27.056704290518034384 -11.868689678574884994 1.1370480050622167045 1.4218244651561979808 32.411326459984145743 -9.1619868315434853656 1.0948446860646614542 1.6249422458927975654 37.875752353792066174 -6.805808249490549855 0.32772530776895214544 1.8280600266293987044 42.967427383465491175 -4.5224561231607953715 -1.8770759212277821071 0 
0.79690152336334907357 0.47286446626231098955 -0.37596164512837382254 0.51030270939350896864 -0.85999485160415001239 0 -0.32332507921102793258 -0.19185424613705009955 -0.92663522563755729156 0.67410791940724112958 0.47609691355648003919 -0.56472138430772655937 -0.73797405987744291167 0.4664029445098338833 -0.4877115749093531849 0.031189740948680010069 0.74551996771015471843 0.66575309072133004307 4.0231021055695750377 15.130309043281846115 15.577106930736823287 0 8.8045112457496692571 18.192125299642899705 13.637156455470655914 0.33480625825237725346 13.377712565702498893 19.52526449719307422 9.9890652330448332918 0.66961251650475450692 17.150348290909356308 21.086205731580996314 5.5923980694202848341 1.0044187747571318159 21.064685901056613204 24.050035623598599699 2.1436775175371893809 1.3392250330095090138 25.960194162361201364 27.464397080641280269 1.5303792995567568891 1.6740312912618862118 31.250904783762429417 28.74717587153153886 4.0528502496889924345 2.0088375495142636318 35.583547604352332883 26.453855079163769659 7.5124580211715832334 2.3436438077666408297 38.734429193747104136 21.747829127514581415 9.4936861635187561603 2.6784500660190180277 41.835391623066271904 16.616897603601010758 9.7336313982793765121 3.0132563241565701873 45.880039139509719348 12.189053244336355064 9.9207698439714597782 0 
-0.031088132600358992647 -0.0161973974758341209 -0.99938539729497377628 0.46206146215534588118 -0.88684790420390791077 0 -0.88630284508303724955 -0.46177747793081702632 0.035054638403036783578 0.87349794958823090418 0.060385278171156686611 0.48306826665115232267 0.35679671809308399766 -0.7544888858161113987 -0.55085626359148087694 0.33120602956945283113 0.65352898892103872264 -0.68058976382008884443 -15.421092873490401587 -2.8439548700740542309 10.123615233832145677 0 -15.60762166909255555 -0.071586097141978832781 4.8057981633339217353 0.36723554753793696825 -15.697713860545695397 5.5800616384584653673 2.7931478534856171159 0.73447109507587393651 -14.155319285900484161 11.103155102418499567 4.5584969873605540869 1.1017066426138109048 -10.643230875025462723 14.412175208086360101 8.124393920039004513 1.468942190151747873 -5.7166110182168310416 15.527300855739806451 11.36243523794173349 1.8361777376896848413 -0.047363740330614995111 15.561542202567345328 13.326732270558638405 2.2034132852276218095 5.8999851349204011086 15.631032235398789609 14.116803464431583848 2.5706488327655589998 11.840031649265981173 16.429642001744387159 14.396213286214180727 2.937884380303495746 17.555710568195749488 18.124655905693259683 15.072927672881197836 3.3051199278414373772 22.796698265725137134 20.265436214251764113 17.060163850297911381 0 
-0.87349208383876097983 0.48660759178820711668 0.014987697791878019232 -0.48666225459328421588 -0.87359020710753243488 0 0.013093106018071825475 -0.0072939467985581440262 0.99988767814935064493 0.758807619898174468 -0.064681886895896170686 -0.64809509293934142171 0.30007843051559912606 -0.84843531845369157818 0.43601656612986311456 -0.57806914078141413693 -0.52533205109527536525 -0.6243895455308875464 16.809324458054337725 1.0066135183849438395 6.1456495133963979782 0 11.568371955021770958 -1.9133600091747615668 6.2242081495048289241 0.068060706497678022386 7.0523097588632603916 -5.2092290408369539279 8.4019213054090648995 0.13612141299535604477 2.3524509849272954298 -8.3537881214528617591 10.407692372125769253 0.20418211949303405328 -2.9675851731385334276 -11.069828373909226471 9.8417279275730056298 0.27224282599071208955 -6.8282111852938225383 -12.366811190926302544 5.435676785873448047 0.34030353248839012581 -6.4620950753080332873 -11.613062325387101481 -0.50551010264025486585 0.40836423898606810656 -2.3289561660213431438 -9.7534278057521177629 -4.4372898169230730048 0.47642494548374614283 3.1880824481572438422 -7.9711267493173876275 -5.9818711052618196433 0.54448565198142417909 8.8159448204474415434 -6.3913717870394419762 -7.335216684815846655 0.61254635847910532398 13.368790539836474807 -4.5909012039458474419 -10.803631529504350794 0 
-0.14502440929512611101 0.17665000339694331144 0.97353104573426907375 -0.77289994607420731132 -0.63452791377408090945 1.3877787807814456755e-17 0.61773262344406509872 -0.75244209274958318012 0.22855481397586083214 0.52764018423772296451 0.53304367525615636847 0.66140779874975086372 0.077233485813328561775 0.74528614256694136753 -0.66225641134443624658 -0.84594965845888503431 0.4005159247359550978 0.35207409644306197904 -0.48646126477978551828 1.8754665125795382252 -0.53314666354398809744 0 -1.3566077205505422398 -2.7619331638657058647 3.1732490771204027169 0.096895417597079605554 -1.14865722633882128 -8.7388953157968796148 2.6908798964990019442 0.19379083519415921111 0.37665771081367921402 -12.978300454278075549 -1.2715509753711013996 0.29068625279123883054 2.8264779116410920778 -14.344013467667435791 -6.5756257249090426242 0.38758167038831842222 5.7794267750486678636 -13.417593251278498556 -11.715843482238842199 0.48447708798539801389 9.0359535009026501484 -11.201056471184807961 -16.241547669024797074 0.58137250558247766108 12.538881337408863459 -8.5123358405484914613 -20.303601083570388397 0.67826792317955719724 16.235792948998156504 -5.9730166281243501913 -24.289162834881093289 0.77516334077663684443 19.934134468033384735 -4.1555252803814095586 -28.650240166642834794 0.87205875690733380967 23.099975573459708755 -3.6921243655014479579 -33.725938117396154325 0 
-0.27144438802938380961 0.95331993530219194533 0.13228395655852789869 -0.96177212169039771883 -0.27385102873487643382 0 0.036226097588672713512 -0.12722702156489582026 0.9912118617314975566 0.047939873178088815431 0.92192898738550077553 -0.38438094486851726028 0.85279901979832162251 0.16257358678027519772 0.49628989583953653231 0.52003423001826598604 -0.35159176767913891126 -0.77842637963366101417 12.309603980856870464 8.6879411317531491932 -2.6870915235889070161 0 10.680937652680567496 2.9173084016107626582 -2.4697349380568707211 0.067948685414416509776 9.1850506930052695509 -2.8878181927407302609 -2.7203889374894445474 0.13589737082883301955 8.1544690290247778819 -8.5612050129699373002 -1.0619006433123032718 0.20384605624324952933 7.7928236386295459681 -12.193678188570745036 3.699858615634124881 0.2717947416576660391 8.0164880581749304866 -11.381880525726669973 9.6404780094391622214 0.33974342707208254888 8.3100760380307807651 -6.6870949399820940329 13.365098044017107881 0.40769211248649905865 8.2212680008368472784 -0.72673855620464733462 14.04793397665276089 0.47564079790091556843 7.7286360008767829299 5.2205674828660528775 13.425949579535904732 0.54358948331533207821 7.2331342256578112782 11.189381044512161978 13.783361385331669879 0.61153816732764576525 7.5207734647263499994 16.306175163302089715 16.903566765441269126 0 
-0.25272410650484727901 0.17157581390444481828 0.95220389942194316735 -0.56169071725642527593 -0.82734728992603978615 -2.7755575615628913511e-17 0.78780331564375183362 -0.53484409124067655572 0.30546314659160778149 0.76452012492812526645 0.64408908715323354155 0.025655923097749944173 -0.56009589246662849771 0.6834696324532449907 -0.46814725541888724258 -0.31906358272591051062 0.34353822105311726531 0.88327794088484146151 -13.562428453500393388 19.883413323357618907 30.264537244052590381 0 -15.078773092529477395 16.513269019819066585 34.991357137915102271 -0.37902470900186341352 -12.121213750445937407 13.991563539609137123 39.562335611852489592 -0.75804941800372682703 -6.6704311360654839902 12.051752080442051707 41.151706680446778819 -1.137074127005590185 -1.2501886774292441107 9.9166033618411599804 39.715701235100219435 -1.5160988360074536541 3.0168346230086156012 7.0233364078530033936 36.646252019608198225 -1.8951235450093171231 6.2147288939233771288 3.2414569941740456471 33.259386162736419124 -2.2741482540111803701 8.9346001203721634454 -1.2283480665597819037 30.322867266053560087 -2.6531729630130440611 11.852986653747919377 -5.966306562597154084 28.079038098839717463 -3.0321976720149073081 15.514727303557160454 -10.380902873923954388 26.317506236770647376 -3.4112223828368453127 20.101848053125912941 -13.741478228723730481 24.40312474041519053 0 
0.67180321060360370655 0.18280958094321442253 -0.71781690098384864918 0.2625699479754400878 -0.96491296105927326643 -2.7755575615628913511e-17 -0.69263083142671655335 -0.18847714634722081972 -0.69623192735032168876 0.90968041270298594103 0.15356869933803421469 -0.38587329698768979558 0.39288573574426366442 -0.017042666566294328856 0.91942935898577804466 0.13461926085525080521 -0.9879909929244981015 -0.075838331382299006833 4.7931983890754565891 -11.972319497216489026 7.4667422414646864581 0 8.8240176526970799387 -10.396899809363848277 3.3109572529043873601 0.11541728429025405189 11.573273507812402272 -9.3534062328820173349 -1.9190249075775023258 0.23083456858050810379 14.336963049960619543 -7.6591370931181437243 -6.9679329278028179218 0.34625185287076215568 18.485985202841415997 -5.0076723979010688836 -10.396540538035235812 0.46166913716101620757 23.902997471313039313 -2.4498107401938238326 -10.733173607255764637 0.57708642145127031498 29.186892747256386826 -1.3898952144892491312 -8.0955554030321312808 0.69250370574152431136 33.660389572716248097 -2.0528660200099126953 -4.1524226556264549615 0.80792099003177830774 38.162517633847933496 -3.3658451433963176846 -0.40983949118235257769 0.92333827432203241514 43.560452166335679181 -3.5866532033974669602 2.2004376217005501282 1.0387555583994636521 49.01853464255358972 -1.2293387889318871942 3.0081531868320583456 0 
-0.52035026348147206399 0.32301578497105770671 0.79050389369964135788 -0.52740972438341460204 -0.84961107727348439411 0 0.67162086471503623653 -0.41691944070014413937 0.61245701403911279037 0.94817076347682716086 -0.24751855583692713991 -0.1992655710457095497 0.018172579302723479433 -0.58382724298766097704 0.81167450847424882365 -0.31724117111317190476 -0.77322720778683773357 -0.54906987213733948749 -6.0680584205915408802 5.0314764621753340634 2.4558168603385013284 0 -9.1901600014803737082 1.8670181158748464512 6.4855420486287185255 -0.03701995283067668896 -7.8976589220048527551 -2.1339763192940992553 10.765888353552346857 -0.074039905661353377919 -3.1519593228569777743 -5.0150208239990865522 13.041375851013732756 -0.11105985849203006688 2.7529925928222014342 -6.0420151820112675267 12.764190771200999208 -0.14807981132270675584 8.3430666727778053371 -5.611416893524665106 10.627444601518964973 -0.1850997641533834448 13.293070622626197874 -4.3835762671817493086 7.4667660871493621855 -0.22211971698406013376 17.857385915942696641 -2.8787784701328651416 3.8747439952312459077 -0.25913966981473679496 22.460723387260266293 -1.4797939346025279495 0.289755897490251213 -0.29615962264541351168 27.510910483657745829 -0.53419189971204672496 -2.8088619498337066283 -0.33317957547608684221 33.199935064518712124 -0.42515642389572438908 -4.7123089765127277317 0 
-0.23688070149816403687 -0.61621086036762307003 0.75111364574392580629 0.93340825841012831088 -0.35881614112490900492 2.7755575615628913511e-17 0.26951169991209761312 0.70109567994192012463 0.66017292520768244835 0.96716187633839756366 0.0071938461022544031298 -0.25405935042003019442 -0.13161188219931779786 -0.84096629715058968113 -0.52483711713328629056 -0.21743094862862444305 0.54103968027778037708 -0.81240374626374878275 1.2200352546423403055 -8.9427491014508575518 10.721713469108095751 0 -0.20124895434664402671 -3.3422995509900879085 12.338783668580681763 -0.37298101165176472671 0.89774398593773463428 1.6542459100565900521 9.2040192479273947868 -0.74596202330352945342 4.757719792810828352 3.107665983606756388 4.8464790174516760857 -1.1189430349552942356 9.9899131433940802083 1.8766949586602055255 2.1802338903356170974 -1.4919240466070589068 15.611682725239864666 -0.14136112288542873605 1.6117654036325193001 -1.864905058258823578 21.318771698435071471 -1.8185376147016005799 2.3967586948996957297 -2.2378860699105884713 27.099922131510194134 -2.7905715521899558951 3.6748235189704772097 -2.6108670815623531425 33.000976253971600727 -3.1347674957594948708 4.70394420976064076 -2.9838480932141178137 38.998265699378784177 -3.2695469896228446238 4.8237530280676237382 -3.3568291014797484451 44.80123695740916645 -4.0592182828187599597 3.5191673362958835192 0 
-0.23264347556487566249 0.40823937447404634593 0.88273304368089389182 -0.86882576384339471609 -0.49511795774536504489 -2.7755575615628913511e-17 0.43705698182163466026 -0.76694121094585776532 0.46987484886282793184 0.83549637569147028326 0.21367967232667062216 -0.50624776922055081396 0.53069727033247426906 -0.074862421174734739004 0.84424879340009595374 0.14249987181776158085 -0.97403111630492777984 -0.17594650039628101368 8.3181634809530180519 -9.5696564342315184604 -17.535056171298009531 0 6.9223026275637637994 -14.782611017291886313 -14.912714280368202679 -0.31936513928632875858 3.741469826528718734 -15.710996973943961663 -9.9106744757020077685 -0.63873027857265751717 2.726617135551186788 -11.497790171999868747 -5.7611007072552986585 -0.95809541785898622024 5.6903638520292272318 -6.3581039253436140157 -4.8667681703614222855 -1.2774605571453150343 11.003998530813754897 -3.8430697159305284849 -6.0667220969407740228 -1.5968256964316438484 16.8806280272641267 -3.9997047719625915541 -7.2670100710014864376 -1.9161908357179724405 22.711157720219684819 -5.4099159943475818579 -7.3943984842283478898 -2.2355559750043014766 28.491370656255785576 -6.5840587867365041319 -6.2941589116064529108 -2.5549211142906300687 34.208452220759340889 -6.1034208990579763565 -4.5380364052226749294 -2.8742862564139253223 39.221430474908160591 -2.9192372770631318524 -3.6830371743161105513 0 
0.38769700641783921835 -0.23510763906162873704 0.8912998537358304274 -0.51852712697984126855 -0.8550611782709067743 2.7755575615628913511e-17 0.76211590312804611269 -0.46216315243519318079 -0.45341434773338074038 -0.21449865409363805258 -0.93121457724356571095 0.29466886248992318897 0.97672125319585101355 -0.20525522027024123428 0.062336892025034375264 0.0024332997233801750836 0.3011805200887038847 0.9535640373732402475 33.625479315114553458 13.496862324739701933 -10.051852088930518292 0 35.951661353621588546 10.385699562860654765 -5.4791566701622418378 0.1789004436150689048 38.201024069149717377 5.1808602995987902418 -3.517012137608015454 0.3578008872301378096 40.487183492843691113 -0.25420245585875267391 -2.4063486852154238882 0.53670133084520665889 42.81988026022656868 -5.7072622960038170703 -1.499340141799545556 0.71560177446027561921 45.178508768766008075 -11.15954054792248229 -0.65700199918077972772 0.89450221807534457952 47.592305192485717669 -16.603585589651867593 0.07509245804457988227 1.0734026616904133178 50.300996168193186975 -21.947138405677900863 0.40594174593711890298 1.2523031053054822781 54.290881123411438125 -26.315229975798299478 -0.59438724314932323001 1.4312035489205512384 59.40630105214410861 -25.213600126812991675 -3.5301615241729207284 1.6101039925356182003 58.119309127582290841 -19.353272607637887148 -3.5155617258326516961 0 
