11
0.46081325397528211107 -0.7818127243291311812 0.42002381960761947521 -0.86148920745974355562 -0.50777588110344751282 2.7755575615628913511e-17 0.21327796508569457634 -0.36184598746798257718 -0.90751308032569177886 0.77525180234772106402 0.55571657696279541661 0.30027275774762379745 0.52528888616682900548 -0.83120717887930950507 0.18211592969620099547 0.35079371292288274997 0.016544239730280713152 -0.93630660528777920337 -2.7629968010569143644 3.7002542881214424142 -21.08730023065342607 0 0.001882722794778413089 -1.4686809566370193636 -19.807632440139258279 0 2.7667622466464720787 -6.6376162013954829177 -18.527964649625090487 0 5.5316417704981653003 -11.806551446153946472 -17.248296859110922696 0 8.2965212943498585219 -16.97548669091240825 -15.968629068596753129 0 12.948031972011794011 -13.82375330089716492 -13.863866598896187554 0 17.5995426496737295 -10.672019910881921589 -11.759104129195623756 0 22.251053327335664989 -7.5202865208666782593 -9.6543416594950581811 0 26.902564004997600478 -4.3685531308514358173 -7.5495791897944934945 0 31.554074555450604578 -1.2168196703905826972 -5.4448165444503704435 -6.0704295241698114083 36.20558536032146435 1.9349136491790601688 -3.3400542503933530192 0 
-0.19794717030250019718 -0.34214568670085093727 0.91856042089850364896 0.86557672255700268682 -0.50077633467195392658 -2.7755575615628913511e-17 0.45999332075228061001 0.79508451859190809596 0.39528060053430869036 0.86606357614585216531 0.12982138656095737472 -0.48278389540750837883 -0.43442291847908165447 -0.28247779001467698823 -0.85526780954771186583 -0.24740778074582614465 0.95044868653695036009 -0.18824633937107626558 5.7151331663007738371 0.59543229220204807461 12.42934566744858671 0 4.527450144485772654 5.7888926275440644176 15.18930559196227037 0 3.339767122670771915 10.982352962886080761 17.94926551647595403 0 8.5361482352225852566 8.3758152504887117829 16.464817980533684505 0 13.732529347774399042 5.7692775380913428052 14.980370444591416756 0 18.928910460326211052 3.1627398256939742716 13.495922908649149008 0 24.125291572878023061 0.55620211329660573796 12.011475372706879483 0 29.32167268542983507 -2.0503355991007627956 10.527027836764611735 0 34.518053797981650632 -4.6568733114981313292 9.0425803008223439861 0 39.714434600110394058 -7.2634112069867651229 7.5581319997182303538 -6.1316485855557258944 44.910816023085274651 -9.8699487362928675083 6.073685228937808489 0 
-0.45812076582486882526 -0.2258817367514076857 0.85971088449676114074 0.44222817969372713032 -0.89690257948384366493 -2.7755575615628913511e-17 0.77107690991548183401 0.38018837951388695373 0.51078096585307142252 0.64169603459974411397 0.2898689046782410017 0.7100719803510068262 -0.65150095655229367519 -0.28249962934478106691 0.70408839149037771854 0.40468840209525430707 -0.91442330324675014097 0.0075709767461960009172 19.89814433498718671 2.1274444554580043132 -26.268740908475084694 0 17.14941974003797398 4.7808135336203676502 -21.642279448982193912 0 14.400695145088761251 7.4341826117827292109 -17.015817989489299578 0 11.651970550139548521 10.087551689945090772 -12.389356529996407019 0 8.9032459551903357919 12.740920768107454109 -7.7628950705035144608 0 12.75342289244093763 8.8319156529533220379 -5.3347648100845219687 0 16.603599829691539469 4.9229105377991890791 -2.9066345496655290326 0 20.453776766942141307 1.0139054226450561202 -0.4785042892465365405 0 24.303953704192743146 -2.8950996925090759504 1.9496259711724555075 0 28.154131308718298499 -6.8041042270655509583 4.3777561082179152763 0.89856698185285610592 32.004307578693946823 -10.713109922817341868 6.8058864920104404916 0 
0.7297430492716222572 0.68080577814374088064 0.063075942211356525458 0.68216415103043381851 -0.73119906390047273437 -6.9388939039072283776e-18 0.046121069899584192509 0.043028146569054723236 -0.99800873017932567599 -0.9599197514320552127 -0.27830834769209628066 0.033144146021837933569 0.2134831564857926911 -0.64940991732051944751 0.7298573156327329281 -0.18160124643703379199 0.70768016991480786615 0.68279555095347888027 34.312712625354159002 -27.864366867790014481 -27.7181932389708372 0 38.691170920983893211 -23.77138196160741046 -27.441466819573332003 0 43.06962921661362742 -19.678397055424809992 -27.164740400175826807 0 47.44808751224336163 -15.585412149242207747 -26.88801398077832161 0 51.826545807873095839 -11.492427243059605502 -26.611287561380816413 0 56.205004103502830048 -7.3994423368770032567 -26.334561141983311217 0 60.583462399132564258 -3.3064574306944010118 -26.05783472258580602 0 64.961920694762298467 0.78652747548820123313 -25.781108303188300823 0 59.202402208549784746 2.0674264092636711609 -26.870715906148749497 0 53.442883722337299446 3.3483253430392077021 -27.960323509109304752 -2.5540639264602078562 47.683365236124757303 4.6292242768146136811 -29.049931112069650396 0 
0.13226745505908790723 -0.17039731726624773867 -0.97645792259608299446 -0.78994449123463295059 -0.61317835967037881417 1.3877787807814456755e-17 -0.59874286726461212194 0.77134755687718981054 -0.21570796322653948418 -0.55984827215740440298 -0.25748313466739136679 0.78757370926423264645 -0.14211205729076326065 -0.90657111007516832935 -0.39740783277341573676 0.81631738639756701303 -0.33441180861167346672 0.47095081157814577821 18.708017260646844449 -1.5960066896050022489 -9.2571559244232783925 0 19.501621991001371725 -6.3356736370128006186 -12.849613128010950902 0 20.295226721355899002 -11.075340584420597878 -16.442070331598625188 0 21.088831451710426279 -15.815007531828396026 -20.034527535186299474 0 25.445083284540611857 -18.47691716308802512 -23.186876989794853898 0 24.317163546063067514 -21.814588802325435068 -28.043598630179754849 0 20.958074397271552414 -22.667261742316096473 -23.145694083551799025 0 17.598985248480040866 -23.519934682306754326 -18.247789536923843201 0 14.239896099688527542 -24.37260762229741573 -13.349884990295889153 0 10.880807387483311999 -25.225281059806277995 -8.4519802308601459373 4.3198894142868971002 7.5217178021055017823 -26.077953502278734987 -3.5540758970399810579 0 
-0.61096648450865376212 -0.78948082087175297517 0.058651413306078190035 0.79084223670792508365 -0.61202006228456728998 0 0.035895841624663894776 0.046384014885059859923 0.99827852411899531404 0.89080383011658303971 -0.35025696548819995613 -0.28946259581614869338 -0.23726739555199297116 -0.90184571899755749946 0.36107960636645319852 -0.38752125007230181497 -0.25297106010920811237 -0.8864721786325977515 3.7132137657847974488 12.050824710046793342 23.115915615756321699 0 0.047414858732874876068 16.795878130294344288 23.331290665504305082 0 -3.6183840483190485848 21.540931550541895234 23.546665715252288464 0 -7.2841829553709711575 26.28598497078944618 23.762040765000271847 0 -1.9393599790536661942 24.86238049350495416 21.436913318152214458 0 3.4054629972636387691 23.438776016220462139 19.11178587130415707 0 8.7502859735809437325 22.015171538935970119 16.786658424456099681 0 14.095108949898246919 20.591567061651474546 14.461530977608040516 0 19.439931926215553659 19.167962584366982526 12.136403530759981351 0 24.784754889279504653 17.744357992347268294 9.8112761236949950217 4.3706483068507058221 30.129577878850163586 16.320753629797994932 7.4861486370638630206 0 
0.16549910272917614518 -0.13691307274704192509 0.97666005217107176861 -0.63742484100503371547 -0.77051253855450485553 1.3877787807814456755e-17 0.75252881610310773386 -0.62254737847111363269 -0.21479092739964411596 -0.17296398553527267405 -0.84011097040210458431 -0.51409825628744165726 0.43907016220628747316 -0.53299933282113920452 0.72327664408051017819 -0.88164667093337245607 -0.10062439377335472002 0.46105734893811917141 22.62263776797949788 24.554016572450613864 -0.056391854148608894226 0 23.615632384354555029 20.729467526420410906 4.4587810424700373702 0 24.608627000729612178 16.904918480390207947 8.9739539390886857717 0 25.601621617104669326 13.080369434360004988 13.489126835707333285 0 29.045907030821531691 8.3097290822149751932 14.662961840868963037 0 28.00812611786172468 10.944150430773323279 9.373081413585531152 0 26.970345204901917668 13.578571779331669589 4.0832009863021010432 0 25.932564291942110657 16.212993127890015899 -1.2066794409813281774 0 24.894783378982300093 18.847414476448363985 -6.4965598682647582862 0 23.857005118107494468 21.481836141867695744 -11.786440658040596929 5.4919967256388542154 22.819221553062682517 24.116257173565056604 -17.076320722831621168 0 
-0.34701402573968442855 -0.38582066961695343776 -0.85482376946143889818 0.74350930169266438163 -0.66872559267347220224 0 -0.57164253186447222532 -0.63556942390256565556 0.51891841667427529572 -0.3604929743086315308 0.28301251144405664695 -0.88879060179563362798 0.35105613351789977106 -0.84163197076449502987 -0.4103842308209899592 -0.86417845760790590326 -0.45995602415144110076 0.20404913440938737823 19.672844803387221191 2.6252899156501428024 3.6953538540582542282 0 17.590760648949114398 7.0863457258061295363 0.26549866287142087629 0 22.830631220668646364 5.5157614362758620175 2.7306601953289479923 0 28.07050179238817833 3.9451771467455944986 5.1958217277864751082 0 33.310372364107706744 2.3745928572153269798 7.6609832602440022242 0 38.550242935827242263 0.80400856768505946093 10.12614479270152934 0 43.790113507546777782 -0.76657572184520805791 12.591306325159056456 0 49.029984079266313302 -2.3371600113754755768 15.056467857616583572 0 46.867026226219167029 -0.23082342116463649973 9.8713970292979702492 0 44.704068351085908262 1.8755129530877785449 4.6863261224635834878 4.4162858858394926642 42.541110520124881589 3.9818497592570412102 -0.49874462733925728486 0 
0.047685990084983607973 -0.81567030932360717888 0.57654834388587605787 -0.99829544593284991194 -0.058362681824366026417 3.4694469519536141888e-18 0.033648907550578151249 -0.57556558606139673895 -0.81706303744720587545 0.66468716948949424506 0.46295611919809820378 0.58639798636513074115 0.74650481524812706269 -0.44342583210762104295 -0.49608879470416006319 0.030356671876289660628 0.76749277724073827756 -0.64033843345210406106 22.689647676900499107 -12.40647112770884064 12.468124838629051965 0 22.975763617410400741 -18.396243803305939224 12.670018283932520831 0 23.261879557920302375 -24.386016478903037807 12.871911729235989696 0 23.547995498430204009 -30.375789154500136391 13.073805174539458562 0 27.480473915773146132 -29.016021988598296844 17.39661060061026987 0 29.406735280950947242 -31.437396036932053534 22.537278346251799377 0 33.394858297887914489 -26.958367145443290269 22.719418377509537521 0 37.382981314824881736 -22.479338253954530558 22.901558408767275665 0 41.371104331761841877 -18.000309362465770846 23.083698440025013809 0 45.359227348698802018 -13.521280470977011134 23.265838471282751954 6.0251219880555559882 49.347350365635769265 -9.0422515794882478701 23.447978502540490098 0 
-0.74015803510792044229 -0.30470509612840218638 0.59943380573551541257 0.38067945168753142271 -0.92470706446035133563 0 0.55430067483998490818 0.22819213249036635061 0.80042433280194347223 0.006007637734607405855 0.55479912110615114962 0.83196264550080123445 -0.9977839776890343737 -0.051806177762054282654 0.041752291107611520793 0.066264939114874285564 -0.83036983035604616799 0.5532584411272667424 26.686791395857078157 -0.92443762898231507386 9.7818780359557138127 0 22.24584318520955506 1.3596390811428735734 13.107682084995623484 0 24.619731660208678647 6.0756864681842905895 10.257497783683486858 0 27.584562649966869685 11.190437012302272279 9.2332399676946188549 0 30.549393639725060723 16.305187556420253969 8.2089821517057508515 0 33.514224629483251761 21.419938100538235659 7.18472433571688196 0 36.479055619241442798 26.534688644656217349 6.1604665197280130684 0 39.443886608999633836 31.649439188774199039 5.1362087037391441768 0 39.479932538257372698 25.662735320067710632 5.5337982903717639616 0 39.515978564048644728 19.676031445927790742 5.9313877864387212213 -0.96359505775329101773 39.552024396772836212 13.689327582654732041 6.3289774636370017546 0 
-0.51821939379094739131 -0.48669686771694309346 -0.70326013597633951768 0.68458931039954007414 -0.72892899248601872308 2.7755575615628913511e-17 -0.51262670237281360297 -0.48144437151952901299 0.71093261364670889968 -0.4807786981469064358 0.18405306049804370794 -0.85730759609924678255 0.11138813797004903927 0.9826207330630016834 0.14848965510867997986 0.86973819401457286293 -0.024103233725639772178 -0.49292444451075467793 29.816754876390135109 11.802804500022652689 -11.080854292172892528 0 26.707438513644451206 15.910340362419892912 -14.156614506409773924 0 28.467749372767013227 17.126066041615981561 -19.762264937198192882 0 30.228060231889575249 18.341791720812068434 -25.367915367986611841 0 31.988371091012137271 19.557517400008155306 -30.9735657987750308 0 33.74868195013469574 20.773243079204242179 -36.579216229563449758 0 35.508992809257257761 21.988968758400329051 -42.18486666035187227 0 32.624320608749805217 22.657297444288193589 -36.966437484513718914 0 29.739648408242352673 23.325626130176058126 -31.748008308675565559 0 26.854976215322455602 23.993954670442057875 -26.529579109993193242 4.4264040574737490985 23.970304007227447585 24.662283501951790754 -21.311149956999251742 0 
-0.49047094534595347959 0.71163082640556396541 0.50301075404088646525 -0.82337980882006800432 -0.56749069633556781245 0 0.28545392307494193984 -0.41416889849662358314 0.86428015210301967208 0.75431285788608315457 0.36847299071320177566 -0.54335970364262109467 0.59161329474277057905 -0.74031273375763295697 0.31926597958426922164 -0.2846152172870101138 -0.56228525798847739381 -0.77642093398973899276 -10.215076346093763249 -18.749275758173432394 -15.755617803615194816 0 -13.157902018169483682 -23.689554611093839753 -14.042894265165543288 0 -16.100727690245204116 -28.629833464014247113 -12.33017072671589176 0 -11.574850583676742133 -25.080154014499214554 -14.037862801397434254 0 -7.0489734771082792619 -21.530474564984181995 -15.745554876078976747 0 -2.5230963705398172792 -17.980795115469149437 -17.45324695076051924 0 2.0027807360286447036 -14.431115665954116878 -19.160939025442061734 0 6.5286578425971066864 -10.881436216439084319 -20.868631100123604227 0 11.054534949165569557 -7.3317567669240526484 -22.576323174805146721 0 15.580411996221810611 -3.7820775645258479791 -24.284015920878680106 -2.0630348264502345046 20.106289162302495299 -0.23239786789398708677 -25.991707324168224602 0 
0.85683576534662142521 -0.17138156769728951634 0.48627238197998556846 -0.19613199698440822449 -0.98057750318825298574 -1.3877787807814456755e-17 0.47682775819133860207 -0.09537357335609952802 -0.87380728454477385458 -0.034886605695452987952 0.38609654853640296146 -0.92179844865964455369 0.50779493845900236515 0.8012726487739348924 0.31639602210239636815 0.86077129669759944175 -0.45704660324203194577 -0.22401155605560360562 -1.5921759322252055924 16.97635260584447181 -12.385312118141250437 0 3.5488386598545229589 15.79956062393802263 -9.5243455689932190467 0 8.6898532519342488456 14.622768642031573449 -6.6633790198451867681 0 13.523538497819901139 11.148667709097539458 -5.910976433795521956 0 18.357223743705553431 7.674566776163505466 -5.1585738477458571438 0 23.190908989591207501 4.2004658432294714743 -4.4061712616961923317 0 28.02459423547686157 0.72636491029543748255 -3.6537686756465279636 0 27.815274720586142365 3.7731344745831778553 1.5108591485839659718 0 27.60595520569542316 6.8199040388709191163 6.6754869728144594632 0 27.396635787938734552 9.8666735610098896814 11.840114825846576707 2.7112364849455650173 27.187316175913977645 12.91344316744640075 17.004742621275447334 0 
-0.39186707838205830923 0.41053235483124989047 -0.82334888019418506211 -0.72335969344648520796 -0.69047139976758387103 -2.7755575615628913511e-17 -0.56849885380475184693 0.59557739357677275116 0.56753556847388986206 0.61611650265442619023 0.78763059700733495383 0.0062046607277841947514 0.20707266325546225261 -0.1695708456859637836 0.96351784644895754894 0.75994826619261912626 -0.59235443017775768482 -0.2675721617799881602 24.489353191716876523 -8.9334513007105602611 -2.0078686527851403731 0 22.138150721424526779 -13.273609461389471065 -5.4188617756136512327 0 19.786948251132177035 -17.613767622068380092 -8.8298548984421625363 0 23.483647221779079928 -16.371332495193414047 -4.2701650322423434503 0 27.180346192425982821 -15.128897368318448002 0.28952483395747652395 0 30.877045163072885714 -13.886462241443481958 4.8492147001572964982 0 34.573744133719785054 -12.644027114568515913 9.4089045663571155842 0 38.270443104366684395 -11.401591987693549868 13.968594432556935558 0 41.967142075013583735 -10.159156860818582047 18.52828429875675198 0 45.663841011720769814 -8.9167224712741841586 23.087974393382324934 -1.9738587039279922308 49.360540016307396627 -7.6742866070686526214 27.64766403115638127 0 
0.95806794464389744004 0.18967763798606621095 -0.21477478225770474385 0.19420979491302542419 -0.98096001730949300423 0 -0.21068547412116059303 -0.041711366414758553611 -0.97666360273440899764 0.23383835160425084365 -0.51858338557202110497 -0.82242987392705213523 0.53405021573929323253 -0.63834433755736663674 0.55435266191952348169 -0.81247153327844068293 -0.56884776427187211389 0.12768018129322836196 27.953529711926744739 4.6948624308234281344 8.4629743141783873028 0 33.701937379790130933 5.8601212003015810126 7.1988614694514234671 0 39.450345047653513575 7.025379969779734779 5.9347486247244596314 0 44.671837995164416668 5.0277514771979303632 8.113163600049233537 0 49.893330942675319761 3.0301229846161259474 10.291578575374007443 0 55.114823890186222854 1.0324944920343215315 12.469993550698781348 0 56.717431065072950958 -3.4834107284743049959 16.08084528988505113 0 60.422425428558462102 -2.1492282511643212572 20.607761887722872984 0 61.825455436043270652 1.0550731274629896461 15.732932713995417373 0 63.22848532154265655 4.2593745899447359449 10.858103560278028255 2.3961967310331631076 64.631515451012887752 7.4636758847176141174 5.9832743665405070388 0 
0.85088297389849121277 0.49433596594044959538 -0.17784858027935515623 0.50234440810049774129 -0.86466762148825759837 1.3877787807814456755e-17 -0.1537799088952134241 -0.089341239791946525095 -0.98405786541880657659 0.23012836936088434947 -0.23847481951910676212 0.94348857654485140944 -0.73428512349752927957 -0.67879943704199519061 0.007528723775537080054 0.63864410357061796031 -0.69452219887257715669 -0.33131951987119884206 0.28063009949732414805 -5.587890529973679854 13.31131204780380628 0 5.3859279428882720353 -2.5738240813706934063 12.388632594432525735 0 10.491225786279219534 0.44024236723229304147 11.465953141061245191 0 15.596523629670166144 3.4543088158352794892 10.543273687689964646 0 20.701821473061112755 6.4683752644382659369 9.6205942343186841015 0 22.082591655652510809 2.0626644660931416908 13.452458801890413653 0 23.463361838243912416 -2.3430463322519825553 17.284323369462143205 0 24.84413202083531047 -6.7487571305971068014 21.116187937033874533 0 26.224902203426712077 -11.154467928942231936 24.948052504605605861 0 27.605672348077789025 -15.560178791479653881 28.779917012043206626 -5.9528529702830752512 28.986442568609511738 -19.965889525632480428 32.611781639749061412 0 
0.55570900071206730253 -0.082043411962631346279 0.82731879289734833183 -0.14605418811406659096 -0.98927659132031475764 -1.3877787807814456755e-17 0.81844711537272607504 -0.12083337460813182995 -0.5617326899147623287 0.25909973645905104433 -0.71857456797299257278 0.64538199295400033861 0.82463801082470555848 0.51245392289054358947 0.23950600831120030798 -0.50283146050135107963 0.47015057925788017457 0.72534057873081758672 8.1197143398655438062 -32.35205314110808672 -37.480316291446527543 0 11.453968344137948066 -33.228378269792486321 -32.569633599210170871 0 14.788222348410352325 -34.104703398476885923 -27.658950906973814199 0 18.122476352682756584 -34.981028527161285524 -22.748268214737457527 0 21.45673035695516262 -35.857353655845685125 -17.837585522501100854 0 23.01132857745917093 -30.909525599967970777 -20.854574402539462596 0 24.56592679796317924 -25.961697544090256429 -23.871563282577824339 0 26.12052501846718755 -21.01386948821254208 -26.888552162616186081 0 27.67512323897119586 -16.066041432334827732 -29.905541042654547823 0 29.229721282188865672 -11.118213394503897007 -32.922530043641785369 -2.2372176712713547353 30.784319679979212481 -6.1703853205794017001 -35.939518802731271307 0 
0.7867872421571808772 -0.26390976033965296565 -0.55795830845697125255 -0.31801376639648326616 -0.9480860954482577263 2.7755575615628913511e-17 -0.52899251408788450224 0.17743842316461219677 -0.82986898123971064578 0.077859931454759528924 -0.94655992861629145718 -0.31298902953902585367 0.34854101005074522579 0.31997557685291133645 -0.88098512730377731561 0.93405406448806016506 -0.040496070865800246064 0.35482823007444863617 11.175026893549709683 6.1833765047477919907 20.217111417555514663 0 15.895750346492794947 4.2752939063688923937 17.043156333028207428 0 20.61647379943588021 2.3672113079899932409 13.869201248500900192 0 24.45895896900490385 3.4100740902377761898 9.380577301337968521 0 28.301444138573927489 4.4529368724855595829 4.8919533541750377381 0 32.143929308142951129 5.495799654733342976 0.40332940701210695522 0 35.986414477711974769 6.5386624369811263691 -4.0852945401508238277 0 39.828899647280998408 7.5815252192289097621 -8.5739184873137546106 0 40.296059159859616727 9.6727712947889905593 -2.9695940997303704734 0 40.763218598365895673 11.764017385336485333 2.6347302884349268481 -3.0653382899677774631 41.230378185016860471 13.855263445909148601 8.239054675436397801 0 
0.39393015099276762481 -0.2753678126977578966 0.87692166347335032128 -0.57292700395149709358 -0.81960639830540682471 0 0.71873060619537865179 -0.50241210135394953618 -0.48063332815269077525 0.95251939644545713382 0.29825720547012063433 -0.061232661058751296224 5.3989367920406761137e-05 0.20094161930712678421 0.97960321697888341763 0.30447790803329205511 -0.93309437090542113324 0.19138468722519638709 13.287937788691550622 9.2813194416739577264 -3.2166860286002076919 0 15.651518694648157037 5.8437574179649747208 1.0956976085720642189 0 16.851635359415261917 0.0096840048804018863393 1.8190974991498933822 0 20.078605928708814332 -2.6491246706715729786 -2.4840870625117155157 0 23.305576498002366748 -5.3079333462235478436 -6.7872716241733241915 0 26.532547067295919163 -7.9667420217755227085 -11.090456185834932867 0 32.247663445968662188 -7.9664180855680006843 -9.2635887376351799816 0 37.962779824641408766 -7.9660941493604786601 -7.4367212894354270958 0 43.677896203314148238 -7.9657702131529566358 -5.60985384123567421 0 49.393012581986894816 -7.9654462769454337234 -3.7829863930359191038 -5.9734814335580193045 55.108128960659641393 -7.9651223407379116992 -1.9561189448361671062 0 
-0.4498652694603350044 0.81079968714531314156 0.37446642928097434444 -0.8744222361166313906 -0.48516569642214968372 0 0.18167826594881975044 -0.32744177244248018344 0.92724047223013128516 0.77411075605439849667 -0.42766846237494182681 -0.46674642328650017831 0.6211978153382280432 0.371169704247359733 0.69017847319946135087 -0.12192543450773486724 -0.82421643816341139122 0.55299317489578347917 1.9486666936653191939 6.1636091560905068576 10.476152555187063342 0 -0.75052492309669105452 0.9170757393907180699 11.566222150879982067 0 -3.4497165398587021912 -4.3294576773090724942 12.656291746572900792 0 -6.1489081566207133278 -9.5759910940088630582 13.746361342265819516 0 -8.8480997733827244645 -14.822524510708653622 14.836430937958738241 0 -4.2034354723911100393 -11.095337184450738022 14.104879049111172407 0 0.44122882860050527398 -7.3681498581928206448 13.373327160263606572 0 5.0858931295921196991 -3.6409625319349041561 12.641775271416040738 0 9.7305574305837332361 0.086224794323012332598 11.910223382568474904 0 14.375221533689021669 3.8134124883728484079 11.178672111193897365 -0.3549473378997986539 19.019886032566962086 7.5405994468388479746 10.447119604873339682 0 
0.83953293763289615903 -0.54016493776472973565 -0.058363401538168560578 -0.54108727304368886557 -0.8409664457932579662 0 -0.049081662355958365074 0.031579693783841455978 -0.99829540385644111034 -0.38099604834377753804 0.88467205389784453473 0.26869567953094308788 -0.37103917179108936164 0.11988934754031307928 -0.92084552306178957259 -0.84686004991557428667 -0.45053512781860538539 0.28257061853360510018 23.641477088759931036 12.082477567054541012 36.036484271954073222 0 28.67867471455731021 8.8359539287924082629 35.741994297818322934 0 33.715872340354685832 5.5894302905302719608 35.447504323682572647 0 38.753069966152061454 2.3429066522681374352 35.153014349546822359 0 43.790267591949437076 -0.90361698599399709053 34.858524375411072072 0 48.827465217746812698 -4.1501406242561316162 34.564034401275321784 0 53.86466284354418832 -7.3966642625182661419 34.269544427139571496 0 51.578685963173882101 -9.622899551044268307 29.188384506163458809 0 49.292709082803575882 -11.849134839570270472 24.107224585187346122 0 47.006731724317141641 -14.075370375415941382 19.026064987671627904 -2.878338707517063888 44.720755322062970549 -16.301605416622276579 13.944904743235115419 0 
0.22654122777067231542 0.0055768503762415825437 0.97398561121817284203 0.024609919222376906017 -0.99969713007283778072 8.6736173798840354721e-19 0.97369062026704589208 0.023969707215836633107 -0.22660986108279276841 0.62852090247260961053 -0.7340554647897177265 0.25714596976691561636 0.38798834959918848675 0.58243538467484745613 0.71430670111231708841 -0.67411164930619194013 -0.34918705200939759159 0.65087778190584477667 11.007223892209543337 -16.877076548779317733 -23.700723499355085266 0 12.366471258833577451 -16.729417033445056262 -17.858579777752808582 0 10.946482635354595203 -20.723137591910504085 -13.611954245629604543 0 9.526494011875612955 -24.716858150375951908 -9.3653287135064005042 0 14.341662435532541053 -22.949296667650973092 -12.478185834641951857 0 18.112788290985058381 -20.621366286564725812 -16.52285515649672476 0 21.88391414643757571 -18.293435905478478531 -20.567524478351497663 0 25.655040001890093038 -15.965505524392233028 -24.612193800206270566 0 29.426165857342613918 -13.637575143305987524 -28.65686312206104347 0 33.197292076361136992 -11.309644512410496731 -32.701531961159055584 -4.9532283840974677958 36.968417568247872396 -8.9817143811332407211 -36.746201765770237557 0 
-0.13801770507778240993 0.083693960150059296121 0.98688724488639656407 -0.51851405340743039751 -0.85506910622416731904 -1.3877787807814456755e-17 0.84385679442904204528 -0.51171490560213717114 0.16141117024709730754 0.91683194315934324337 0.058521583223128115225 0.3949612794942319316 -0.21230825432747230108 0.90921827794940235368 0.35811636123911477769 -0.33814847796061969776 -0.4121860591283756925 0.84602497570292500839 -12.734692244779562742 31.821663839824502418 11.342326161840372123 0 -13.562798475246257368 28.710579519379919589 16.405466928414625727 0 -14.390904705712951994 25.599495198935336759 21.468607694988879331 0 -8.889913016186289596 24.325645837416953299 19.439716806863597043 0 -3.3889213266596263097 23.051796475898569838 17.410825918738314755 0 2.1120703628670369767 21.777947114380186378 15.381935030613032467 0 7.6130620523937002631 20.504097752861802917 13.353044142487750179 0 13.114053741920361773 19.230248391343419456 11.324153254362466114 0 18.615045431447025948 17.956399029825035996 9.2952623662371820501 0 24.116037161393151678 16.68254982654632812 7.2663714883508010445 -4.6618305575073666347 29.617028810500350744 15.408700306788269074 5.2374805899866228032 0 
0.011850312778209765724 -0.01998486233520779462 0.99973005124608604888 -0.8601512224487161129 -0.51003909116849011074 1.7347234759768070944e-18 0.50990140675138162507 -0.8599190256980384639 -0.023234126527558743996 0.92740571061137244691 -0.33249340064820864793 0.17136740194916055824 0.31099357535149796394 0.43080818077105909047 -0.84716427419410389454 0.20785005175728826776 0.83895914674441707248 0.50293727847354119387 2.2653483035821011526 -12.92896173492894718 0.67614803678421253608 0 2.3364501802513597539 -18.08986906962124408 3.7355564772925022865 0 2.4075520569206183552 -23.250776404313540979 6.7949649178007920369 0 7.9719863205888525926 -21.384814952204553862 8.0420652283445210884 0 13.53642058425708683 -19.518853500095563192 9.2891655388882519162 0 19.100854847925319291 -17.652892047986576074 10.536265849431980968 0 24.665289111593555305 -15.78693059587758718 11.783366159975711795 0 30.229723375261791318 -13.920969143768598286 13.030466470519440847 0 35.794157638930023779 -12.055007691659609392 14.277566781063171675 0 41.35859190259825624 -10.189046239550622275 15.524667091606900726 3.5637751605716099235 46.923026166266488701 -8.3230847874416351573 16.771767402150629778 0 
0.7355432878834204935 -0.3008392414875293297 0.60701879907532996228 -0.37856295993901462049 -0.92557554276364295553 2.7755575615628913511e-17 0.56184175442188299954 -0.2297948333165830137 -0.79468747163217845486 0.34743037787948077844 -0.86103994652106286001 0.37135204728333903734 0.67267588620691354251 0.50476488504504457566 0.54103563925235742538 -0.65329877134605496281 0.061827350909358813613 0.75457146383710183013 17.969988795496334433 -23.433483285917503736 -1.9841227383672446205 0 22.383248522796858282 -25.704861045551592014 1.3869277881640533767 0 24.908049920814065104 -28.867345934170216992 -3.0429782187202008004 0 27.432851318831271925 -32.029830822788838418 -7.4728842256044556436 0 29.517433586108150934 -27.993775505547358051 -11.392676853680786309 0 31.602015853385029942 -23.957720188305877684 -15.312469481757119638 0 33.686598120661905398 -19.921664871064397317 -19.232262109833449415 0 35.771180387938784406 -15.885609553822916951 -23.152054737909782745 0 37.855762655215663415 -11.849554236581434807 -27.071847365986116074 0 39.940344922492535318 -7.8134989193399508878 -30.991639994062442298 -4.9200800647700422275 42.024927189769421432 -3.7774436020984731854 -34.911432622138775628 0 
-0.10357149733935658298 -0.038049769709168394793 -0.99389393798531810997 0.34484219492669565543 -0.93866067383167772764 6.9388939039072283776e-18 -0.93292915354651795301 -0.34273656709919420038 0.11033965758528119228 0.37542827849554460951 -0.53037221537531542559 0.7601045460091340189 -0.56008994086536045831 -0.78324024879075970773 -0.26987769603215849834 0.73848010524814367006 -0.32440719140005025434 -0.59110668099812768705 6.6674690690955848993 -12.440845656677339548 -23.265359521161354195 0 6.0460400850594453459 -10.371792487117165393 -28.862934442440462135 0 3.098248438239632474 -7.8931593896511440533 -33.463684639428485923 0 0.15045679141981960214 -5.4145262921851227134 -38.064434836416509711 0 2.4030259848988166915 -8.7750664100328421569 -33.633554320658333836 0 4.6555951783778155573 -12.135606527880563377 -29.202673804900161514 0 6.9081643718568130907 -15.496146645728284597 -24.771793289141989192 0 9.1607335653358106242 -18.85668676357600404 -20.340912773383816869 0 11.413302758814808158 -22.217226881423723484 -15.910032257625644547 0 13.665871554480808925 -25.577767386984017861 -11.479151833682676553 -2.3438761057596004811 15.918441145772803225 -28.938307117119165923 -7.0482712261093016792 0 
-0.07304005948531067105 -0.079109683592820126408 -0.99418650547682752006 0.73473059908028981457 -0.67835901024097733369 6.9388939039072283776e-18 -0.67441537385019656448 -0.73045924676652951302 0.10767168767960236253 0.47383527259116109409 -0.87519107593188349981 0.097574151585612944881 -0.15747521105379869155 -0.19322802074865236266 -0.9684340400363461443 0.86641888965558777613 0.4435126972328419237 -0.22937915127846267294 11.092576724481835626 -17.852904201622646241 10.627539439059722426 0 10.6543363675699716 -13.444520607140907131 6.5810471959585434831 0 10.216096010658107573 -9.0361370126591680219 2.534554952857362764 0 9.7778556537462435472 -4.6277534181774289124 -1.5119372902438170669 0 9.3396152968343795209 -0.21936982369568980289 -5.5584295333449968979 0 12.182626967953794406 -1.1642210932814236468 -0.35991621545871765875 0 15.025638639073211067 -2.1090723628671579348 4.8385971024275615804 0 17.868650310192627728 -3.0539236324528920008 10.03711042031384082 0 20.711661981312044389 -3.9987749020386260668 15.235623738200120059 0 23.554673620364617648 -4.9436262031714424126 20.434137067889604822 -3.5323667812909658181 26.397685323550874159 -5.8884774412100941987 25.632650373972680313 0 
0.20205260709587113954 0.3367733008730324773 -0.91965128596922174342 0.85750570168886297573 -0.51447446153438003424 2.7755575615628913511e-17 -0.47313710014841564577 -0.78860622128410307052 -0.39273593191247024858 0.8356662701023461759 0.5330271452312115299 0.1324535671844958018 -0.50857059415567529292 0.65988507294335718711 0.55308918021118780306 0.2074074149430917835 -0.52955996162210539069 0.82252562955413033308 6.8567299663104392948 3.4788209383242869599 3.0597606142730624512 0 8.0690456088856663541 8.6238551484574639261 0.2209380133825686876 0 9.2813612514608934134 13.768889358590644889 -2.6178845875079268524 0 10.493676894036120473 18.913923568723824076 -5.4567071883984219482 0 11.705992536611347532 24.058957778857003262 -8.2955297892889170441 0 16.719989865252099293 21.007533976997365244 -7.051084704189584329 0 21.733987193892851053 17.956110175137730778 -5.8066396190902516139 0 26.747984522533602814 14.904686373278096312 -4.5621945339909188988 0 31.761981851174354574 11.85326257141846007 -3.3177494488915852955 0 36.775978946492216437 8.8018385891542010313 -2.0733038660687501675 1.8702611386251755121 41.789976508455858095 5.7504149676991884732 -0.82885927869291853298 0 
-0.11286919429035315032 -0.41700613219585169755 -0.90186830008117180313 0.96526722553252530812 -0.26126458488042397788 0 -0.23562624703752182986 -0.87054391181508805619 0.4320110754467962888 0.77707588762199331089 -0.27826656991507031647 0.56455361210800181215 -0.6289942771054235493 -0.37580118905045362121 0.68054365449755827022 0.022787370298412622238 -0.8839350555193336012 -0.46705412253711681148 45.416561753656964129 18.714677070415465465 9.6501028107159019243 0 44.739346587914845088 24.506280423610618868 8.236345328490770612 0 44.062131422172726047 30.297883776805772271 6.8225878462656384116 0 43.384916256430607007 36.089487130000925674 5.4088303640405062112 0 48.04737158216256887 32.315521467368384378 5.5455545858309811535 0 52.709826907894530734 28.541555804735846635 5.6822788076214560959 0 57.372282233626492598 24.767590142103308892 5.8190030294119310383 0 62.034737559358454462 20.993624479470767596 5.9557272512024059807 0 66.697192885090416326 17.219658816838226301 6.0924514729928809231 0 71.359648210822385295 13.445693154205688558 6.2291756947833549773 -0.42746648416129889858 76.022103536554340053 9.6717274915731472618 6.3658999165738308079 0 
0.75799171959379663122 -0.39335473684255706228 -0.52030818178341364799 -0.46061429550324389792 -0.88760040039313303772 0 -0.46182575047878110519 0.23966138659674096623 -0.8539785687997315522 0.20112934269785776031 -0.64738116591557104407 0.7351493817746994619 0.68596084212824037785 -0.4426719395909703425 -0.57749396270912090046 0.69928871760714328421 0.62043467014389463987 0.35504381350868946532 -6.5667024149287094303 -24.175092664436629519 -7.2856464970051604269 0 -2.018752097365929643 -26.938778437456093684 -10.056600999877847613 0 2.5291982201968519206 -29.702464210475554296 -12.827555502750534799 0 3.7359742763839918211 -25.586699157706107144 -8.6318231971076802012 0 4.9427503325711317217 -21.470934104936659992 -4.436090891464825603 0 6.1495263887582716222 -17.355169052167209287 -0.24035858582197100475 0 7.3563024449454115228 -13.239403999397758582 3.9553737198208835935 0 8.5630785011325514233 -9.1236389466283078775 8.1511060254637364153 0 9.7698545573196913239 -5.0078738938588571727 12.346838331106591014 0 10.976630613506829448 -0.89210884108939936255 16.542570636749442059 4.929369954607358828 12.183406669693971125 3.2236562116800415723 20.738302942392301986 0 
-0.3282877949786683347 -0.81117564693542065779 -0.48396404152265903864 0.92696477784584518922 -0.3751483714921369228 2.7755575615628913511e-17 -0.18155832203797855895 -0.44861762023542922639 0.87508788502244394536 0.9619965854338653477 -0.26176887691084699261 -0.07771502232141574984 -0.21979482335877797983 -0.91119239256930528725 0.34845180348006499216 -0.16202717438216360235 -0.31812808553263527411 -0.93409941438643051548 -2.9919655059777423567 3.7792990645019641782 -7.8215659444626277619 0 -4.9616922758497521428 9.3410877315770353135 -8.9109158766904990046 0 -6.9314190457217623731 14.902876398652107781 -10.000265808918369359 0 -1.1594394864310748616 13.584107545232630088 -10.972428695672007848 0 4.6125400728596108735 12.265338691813152394 -11.944591582425646337 0 10.384519632150297497 10.946569838393674701 -12.916754469179284825 0 16.156499191440982344 9.6278009849741970072 -13.888917355932925091 0 21.928478750731670743 8.3090321315547193137 -14.861080242686565356 0 27.700458310022359143 6.9902632781352407321 -15.833243129440203845 0 33.472437916440235028 5.6714945169503261369 -16.805405861506663712 -1.7341478500895564085 39.24441742860382476 4.3527255712968955237 -17.777568902947713525 0 
-0.10362038151494684657 0.26916646089259060881 -0.95750312420652416989 -0.93323541336578264005 -0.35926544954948874677 0 -0.34399779036309729996 0.89357582391790435494 0.28842289634275847243 0.96811148794770707227 -0.25025077825102715057 -0.011605812700216128208 -0.24740422819248114594 -0.94776183327877461249 -0.20134213481668222778 0.039386479611150861102 0.19779296085758962809 -0.97945221928332371064 -7.2603183857865865036 -13.372671499883772128 6.4414899474962732384 0 -7.8820406748762676941 -18.97208398007846597 4.3775032053176889946 0 -8.5037629639659488845 -24.571496460273166917 2.3135164631391047507 0 -9.3538651454082870629 -30.070239917584153488 4.5587662647840332397 0 -8.3696996749474035227 -33.655388374562996034 9.2681323440111249568 0 -7.3855342044865208706 -37.240536831541838581 13.977498423238216674 0 -1.5768652322798413223 -38.72496203592885422 14.213817241583168283 0 4.2318037399268382259 -40.20938724031586986 14.450136059928119892 0 10.040472712133519551 -41.6938124447028855 14.6864548782730715 0 15.849141733230002416 -43.178237471129136793 14.922773612768571283 2.5117389567438088704 21.6578106565468822 -44.66266285347691678 15.159092514962974718 0 
0.35096701571780847262 0.91502164142389685875 -0.19889079818848751091 0.93367491813767178321 -0.35812169333986360042 0 -0.071227109436978325308 -0.18569934971697235615 -0.98002165812595509742 0.70655782076687401183 -0.54953953802448407551 -0.44585013408207241348 -0.17242711221465203963 0.47735668813475939931 -0.86162606928198837153 0.68632713547293244805 0.68566528892809730511 0.24252458570765209056 8.3468086627231787844 -17.254001153476490771 -1.5040982038152093114 0 10.452610757030029731 -11.651951644650459627 -1.9314608604370793188 0 12.558412851336878902 -6.0499021358244275959 -2.3588235170589495482 0 13.454434682292783165 -1.488304830305471782 1.4344567126014728942 0 13.371102290462131279 4.511097116344338076 1.4496880948843040571 0 13.287769898631479393 10.510499062994147934 1.46491947716713522 0 17.527116806444940522 9.4759365698247250975 5.5828823525388306948 0 21.766463714258399875 8.4413740766553040373 9.700845227910523505 0 26.005810622071862781 7.406811583485882089 13.818808103282217203 0 30.245157512049534176 6.3722492741080802858 17.936771043189718711 -2.9202489720632520687 34.484504437698788593 5.3376865971470390804 22.054733854025606377 0 
