19
0.98225545412553350033 -0.13995783206086054307 -0.12484401501660370715 -0.14106144298234676859 -0.99000084308233715635 0 -0.12359568012022160988 0.017610676905951888616 -0.99217638145368813873 -0.48185048840699562511 -0.094766020858579005925 -0.87111394668698238775 -0.86195565015159436584 0.23011639164002350988 0.45175093079075900881 0.15764695998870861815 0.96853799491254177756 -0.19256580282363672252 13.005493400607733179 -4.3172607213300722151 2.2276843216220498789 0 15.952259762984333236 -4.7404450502771124931 1.8568972812613850909 0.098471390087689861237 18.768253457716358668 -5.3415695365605495581 1.0149775325798686687 0.19694278017537972247 21.441576044890883423 -5.9862426794011822651 -0.18408163351765696736 0.29541417026306959759 23.994006914440596745 -6.5797903913301514223 -1.6444917710590158944 0.39388556035075944495 26.459843542000268002 -7.0515360626707623837 -3.2867785145226982024 0.49235695043844929231 28.876587395098777478 -7.341971875576285278 -5.0403452190117183918 0.59082834052613919518 31.281243313162296005 -7.3940053093365687431 -6.8333656978387766756 0.68929973061382898702 33.70784113548620553 -7.1486634459912634654 -8.5802000857482667584 0.78777112070151888989 36.182388639276219067 -6.5467797406088310552 -10.165870498123327437 0.88624251078920879277 38.710847374239669705 -5.5406648699735283614 -11.428656819190184279 0.98471390087689858461 41.255075087660152633 -4.1229659950079078357 -12.147708446115798253 1.0831852909645884875 43.695141480091990616 -2.3800674577408194033 -12.05616234124551589 1.1816566810522783904 45.793238000361832007 -0.56239308545562716191 -10.918598774683539787 1.2801280711399682932 47.209581052541622626 0.88182798168386422599 -8.7031534768319982476 1.378599461227657974 47.63667801101612298 1.4119304948312159098 -5.7814109293756539287 1.4770708513153478769 47.026054428594669332 0.67405280798596367564 -2.9384062934584536109 1.5755422414030377798 45.712421470877835361 -1.2387801643932121465 -1.0369756783523154109 1.6740136316441709408 44.266870005656848264 -3.8246471148479974644 -0.5640347983861950798 0 
0.70412111520163567224 -0.28091696905987317834 0.65214960831194190849 -0.37055872185960936349 -0.92880904046729251267 -5.5511151231257827021e-17 0.60572245193733542656 -0.24165972531731805262 -0.75809029038669317746 0.68442269057357374429 0.12120382952756274253 0.71894033990024763803 -0.23287196091628292738 0.97077442296884197681 0.058031625244483797665 -0.69089523840234667862 -0.20713920782257649877 0.69264501596099026237 0.26395715758586391075 -2.1003387734950509369 0.10694239447262532394 0 2.3763205031907710385 -3.2120149390738790274 1.9241097502846316036 -0.059197786451812922648 4.5436478829884352493 -3.7447506706228042006 3.9288253583224461707 -0.1183955729036258453 6.8441683829303556763 -3.546564579236461956 5.8441132485697533383 -0.17759335935543876794 9.2650013018529353559 -2.5484003982705787372 7.3080928408105370053 -0.23679114580725169059 11.658181790424393398 -0.84495098216771857835 7.9171472192528087319 -0.29598893225906464099 13.746069807347176095 1.2361787865653861562 7.3607098782312494478 -0.35518671871087753589 15.217752373404470845 3.1694354115065119792 5.6009743165958472133 -0.41438450516269043078 15.886811581185950715 4.411992310232104586 2.9536337397315377551 -0.47358229161450338118 15.797549666086899478 4.6266578755881209162 -0.037344529257261248334 -0.53278007806631633159 15.195889807701355778 3.7783225881510924538 -2.8512977369166607744 -0.59197786451812928199 14.407219960864003028 2.0573535161114651082 -5.178584854092496137 -0.65117565096994212137 13.727419031124457049 -0.26490358980913997211 -6.9519975612552995514 -0.71037343742175507177 13.38028264402748313 -2.9339439345626074918 -8.2770333973108947134 -0.76957122387356802218 13.521933608756189216 -5.7319410266555346212 -9.3499487140209094349 -0.82876901032538086156 14.250108592349878478 -8.4453562283006924361 -10.402155507740328488 -0.88796679677719381196 15.587575536900613926 -10.817111286576404083 -11.661504591901543648 -0.94716458322900676237 17.429773231366446851 -12.5233946396132243 -13.303121109706360414 -1.0063623696052428347 19.483041303087169638 -13.222010522362074525 -15.375806824913397008 0 
0.80357190158872704444 0.23589261213510798187 -0.54646763354946537028 0.28166947158063354584 -0.95951149486573983349 -1.3877787807814456755e-17 -0.52434197596279086273 -0.15392324957779721095 -0.83748022393537591146 -0.44325187057277359859 -0.67274477403653032415 -0.59240378817178063198 -0.72201081295099089896 0.65961091594492493595 -0.20883923373769303078 0.53125150843605806195 0.33515355968993587599 -0.77810277355345391914 39.017583759151342804 20.684551271663767835 31.993602134595320763 0 41.428299463917525713 21.529559686405669083 30.420576206706947175 0.10959241895578460124 44.029641864987716815 20.682281788901100583 29.189666836852858012 0.21918483791156920248 46.031937802348835476 18.615860860590967008 28.340717176231532193 0.3287772568673538176 47.19691254623172938 15.92419034522964516 27.710047942124230502 0.43836967582313840497 47.621673259637923081 13.020707581523979002 27.086055812998573344 0.54796209477892299233 47.518090689100411339 10.133693496359223118 26.27709331501664991 0.65755451373470763521 47.123302264896651081 7.3951631622828761792 25.117527142062989753 0.76714693269049216706 46.698512262720285548 4.9252193991739110501 23.468608932711738646 0.87673935164627680994 46.559967547514169439 2.9006031749936007635 21.259144177013130417 0.98633177060206145281 47.082033267929581655 1.5966761710450652068 18.608253430124278793 1.0959241895578459847 48.570411708326915345 1.3300748078316435574 16.01718158023413352 1.2055166085136306275 50.944200637964399903 2.1978283062586112528 14.400973059189189129 1.3151090274694152704 53.502769478564857764 3.7520362368342929926 14.596327087671060241 1.4247014464251999133 55.278156769084752398 5.0999391210439553035 16.604101423446795849 1.5342938653809843341 55.763876460731047757 5.5069924909129568391 19.536401533467138592 1.643886284336768977 55.153748919106199367 4.8022963877410900224 22.387918285149517317 1.7534787032925536199 53.960487152867905536 3.2156949119717781471 24.637100825786106384 1.8630711224538969439 52.6307315411495793 1.0496624731188051172 26.230855351094270134 0 
-0.13412359279180516292 -0.0084054275077071419903 0.99092896347065695384 0.06254656544221369463 -0.9980420467852959554 1.7347234759768070944e-18 0.98898877092108616882 0.061979203262302454136 0.13438671569381138715 0.91868725067610013113 0.35378249293563329703 -0.17564647203242433893 0.097804900082001336448 -0.63459415504378369199 -0.76663189335183312689 -0.38268516689981429968 0.6871158607371210536 -0.6175952209646274893 2.8331750779673114948 1.9281205196375452715 -1.4016542608299147332 0 2.4308042995918959228 2.115760215964186397 1.5653120519333438843 0.18657873649689360462 2.3230187121123826444 0.51318367854774438186 4.0991097371669908966 0.37315747299378720925 2.9497655040871024745 -2.1829333349562118904 5.2558904028924153806 0.55973620949068081387 4.3815423584565582615 -4.7808553481393261109 4.8077651381396266927 0.7463149459875744185 6.3754892498269830625 -6.4054510545073677363 3.2634644597330502158 0.93289368248446802312 8.6372654770745569408 -6.8365053081200395368 1.3403002628093245718 1.1194724189813616277 10.983065732765938449 -6.2884756613930061775 -0.44768314503221134926 1.3060511554782552324 13.34451109635829269 -5.0965547163178896994 -1.8629217310887107306 1.492629891975148837 15.717454673622951233 -3.5523608719766297526 -2.8551939468735443306 1.6792086284720424416 18.121082067310151587 -1.8644989236949025546 -3.4665018855262408337 1.8657873649689360462 20.578087701164960777 -0.17067586563320005788 -3.773237542378552245 2.0523661014658296509 23.108128788464323833 1.4390928640383822135 -3.8600519049509012248 2.2389448379627232555 25.726598036938735703 2.9024548121742044238 -3.8132480211143988669 2.4255235744596168601 28.443538831461150806 4.1715074191313670227 -3.7252809827684272292 2.6121023109565104647 31.259025280145579018 5.2071887634495928054 -3.7052757258130286644 2.7986810474534040694 34.151247250093938135 5.9820507977728487603 -3.8913963971877385539 2.985259783950297674 37.052496425804228863 6.4930683454570035096 -4.4585070010416414377 3.1718385172486778245 39.808558177832523484 6.7864830457030160815 -5.6065625017410907205 0 
0.019916003552751394834 0.033493759809030909658 0.99924047198676935189 0.85952692555002774277 -0.51109046582235961864 -3.4694469519536141888e-18 0.51070227829627268257 0.85887409077194698526 -0.038967667926862903371 0.99329270193942298395 -0.10621882769979695826 0.045685543840040629404 -0.045141020219438943162 0.0075262731882423383745 0.99895227288666998966 -0.10645138123776340389 -0.99431429430234852251 0.0026809659818017861355 2.1112181422536737685 -8.1273934706945425432 -7.9339653846014162042 0 2.1709661529119279599 -5.5488126940444590929 -6.4018585497125979344 -0.1372862364528643353 2.1399029744226591987 -2.710155599362448875 -5.4317755750379408397 -0.2745724729057286706 2.2619296579692669269 0.27682541960458234565 -5.1806702568280504906 -0.41185870935859303366 2.7934265259453652241 3.1848143400502784139 -5.6916609787562224554 -0.5491449458114573412 3.9347421851447244023 5.708113206667993822 -6.845073912528028437 -0.68643118226432164874 5.758763615679419523 7.5514866376105134194 -8.3533577767410527315 -0.82371741871718606731 8.1778126919806588546 8.5397875166488912413 -9.8269462331759189766 -0.96100365517005037486 10.978201466452331303 8.688167930767237479 -10.892688211573650747 -1.0982898916229146824 13.907888567426544668 8.1903664260834645461 -11.303938928679261977 -1.235576128075779101 16.766904456446152238 7.3382922104474870295 -10.987714835065631291 -1.3728623645286432975 19.457050839005525233 6.4257945611886464476 -10.023111040495134461 -1.5101486009815077161 21.982926112138940766 5.6811605065679176008 -8.5859352581802870219 -1.6474348374343721346 24.422730927688871105 5.2386081750101203269 -6.8972967841864800675 -1.7847210738872363311 26.889200484399552238 5.134777729363285026 -5.192671557230070789 -1.9220073103401007497 29.489734428841146041 5.313037846073301651 -3.7075969683297103074 -2.0592935467929649462 32.285393932115383109 5.6278640480432002846 -2.665880882101966165 -2.1965797832458293648 35.248365370204211899 5.8544375219650497399 -2.2542199561145190856 -2.3338660196986964479 38.228243476022484515 5.7190144613067417367 -2.5735740998278102687 0 
-0.17596316497696706804 -0.082627388543603380588 0.98092287119515853 0.42504385114357379205 -0.90517275953546005862 1.3877787807814456755e-17 0.88790466221116792767 0.4169352348476019765 0.19439732705530429757 0.92913188337369723158 -0.28370555793328156025 -0.2371183242522862944 -0.36953513305088658836 -0.69072285343240313882 -0.6215671525967748634 0.01255901029182028561 0.66514141063683940303 -0.74661179679705447221 -1.6945822120391285104 -0.063332799975748352295 -2.8289990192971319338 0 -2.2224717069700297145 1.21179875345497301 -0.16528503266362815083 0.11675001256261112459 -3.6588646800125870229 1.3776203726052635989 2.4632682548010693679 0.23350002512522224918 -5.5185289527473573301 0.083544982726313762877 4.4297295775671488016 0.35025003768783335989 -6.9741693849218915346 -2.437207346242943995 5.1555798575792932681 0.46700005025044449836 -7.2953955661463636417 -5.356575875432343814 4.5439826554175501983 0.58375006281305563682 -6.276538489973615853 -7.7586969647494878899 3.0635372644630192163 0.70050007537566671978 -4.2151331668027607336 -9.1539526168762179736 1.3890627406338162952 0.81725008793827791376 -1.5726929070339554784 -9.5462878049963286742 0.023929813016401808162 0.93400010050088899671 1.2890834465863296732 -9.1979373899313916496 -0.80606727493588259392 1.0507501130635001907 4.1718372241809342782 -8.4115193507394767636 -1.0730557300784471231 1.1675001256261112736 6.9995673835027574228 -7.4360135013121624326 -0.84428924570900409918 1.2842501381887223566 9.7648775060118548907 -6.4547369542677452969 -0.2196624603807862397 1.4010001507513334396 12.492661567368939401 -5.6026348594289414606 0.69309049757264185043 1.5177501633139445225 15.219966356426212428 -4.9868731730734605634 1.7805867675835183039 1.6345001758765558275 17.983328918135036645 -4.7017365438436886649 2.9130740286687268892 1.7512501884391669105 20.804274277722857533 -4.8336792045361480774 3.925429269725075887 1.8680002010017779934 23.662906715970521532 -5.4499876408685565821 4.5950382198782202536 1.9847502128312668468 26.450302366091612782 -6.5585930400212113511 4.6327152507536881743 0 
0.98243252068004938149 0.18093154201555911031 -0.04571782381212403934 0.18112092320359104991 -0.98346083357593816476 1.7347234759768070944e-18 -0.044961689115549367812 -0.0082804544557110240643 -0.99895439364661886561 0.16441696241011560797 0.9863802224903039928 -0.0045955578344051839501 -0.87098880812004630947 0.14299279776524725927 -0.47003356892554837287 -0.46297468462266022637 0.081284171074359673481 0.88263657579510212958 29.924684483332992357 -6.1890675131396024611 22.532429176710106589 0 32.871982045373137282 -5.645704743528829006 22.397544109363458631 0.15120452688336621927 35.732332955528583796 -5.6388960379552353075 21.492919152654152981 0.30240905376673243854 38.284867222437128476 -5.8462691273004434578 19.930368283698811638 0.45361358065009865781 40.507419708747562481 -5.9736317283170619064 17.919388618595856855 0.60481810753346487708 42.525125168207352999 -5.8210432457023300046 15.704533897888538263 0.75602263441683104084 44.537036988804594273 -5.3096675253564313834 13.538730190536044873 0.90722716130019731562 46.745935099822951031 -4.4948408423977159742 11.679475874451767936 1.0584316881835635904 49.284576582823824253 -3.5726358898649368534 10.373781635239861743 1.2096362150669297542 52.144707403671340273 -2.8633644308485282082 9.8111221600127525022 1.3608407419502959179 55.133264655833109202 -2.7335133566111089465 10.038419870231530595 1.5120452688336620817 57.913201743911720598 -3.4660349563580519217 10.895952314066269295 1.6632497957170284675 60.138287082082165114 -5.1275731822189349884 12.030979169194374379 1.8144543226003946312 61.609899088139080447 -7.5470317221743483671 13.021220794791865671 1.965658849483760795 62.361643062813641336 -10.40656502750847956 13.529108845670551275 2.1168633763671271808 62.615496213517175761 -13.39289053403634 13.397129502820989799 2.2680679032504933446 62.680498517111388423 -16.298450452112710707 12.653156208276433503 2.4192724301338595083 62.850415996418789177 -19.046204791460500161 11.461110020612848004 2.5704769570784624655 63.343666883649135002 -21.659171215820638423 10.072185966744866548 0 
0.21605503668353043256 -0.097627112952907268983 0.97148812032888942625 -0.41177543957366935512 -0.91128534903394087241 0 0.88530289081623891878 -0.40003494778902642937 -0.23708823686518359919 -0.51521510223674538143 0.17743344400724153642 -0.83849315523438217035 -0.13671434041748825594 0.94879408230242701094 0.28477882384774916291 0.84608663123310878795 0.261356389506025244 -0.46457534384961041152 32.863856166900490052 7.6357280526069564175 -16.561168056170217255 0 33.512021276951081461 6.4004017338859480191 -13.905259383721499944 0.041297319394133544246 35.071805824211288893 5.5295230385756743985 -11.495146841910965918 0.082594638788267088492 37.310873692950863756 4.9489976402547242174 -9.584763283281091617 0.12389195818240063274 39.993206525350458946 4.5153994852064283094 -8.3131174142710158037 0.16518927757653417698 42.903184058036579529 4.0535984694287661156 -7.7485196981145643136 0.20648659697066773511 45.822846128638069274 3.3865332360687210311 -7.9234407315375667835 0.24778391636480126548 48.49267664859235083 2.3658546730933878166 -8.8346049679978282398 0.28908123575893479584 50.594840420999823039 0.91361376208981415203 -10.406833898652390502 0.33037855515306835397 51.795356963498846881 -0.9313867018055828062 -12.445150193886235002 0.37167587454720191209 51.85147355580441797 -2.9938574897709573364 -14.623008127008370494 0.41297319394133547021 50.729201458792132939 -5.0045610911829623291 -16.545916436715884856 0.45427051333546897283 48.63934590061847274 -6.7005097368326786977 -17.871156768615705346 0.49556783272960253095 45.953184374183877026 -7.9246737890913392377 -18.405907763998417437 0.53686515212373608907 43.060093425699342617 -8.6657680691384744165 -18.121647263964444363 0.57816247151786959169 40.264577333718300167 -9.0331706495072552343 -17.096900893678583344 0.61945979091200320532 37.764682690348742256 -9.2061853869262364469 -15.447478972917096485 0.66075711030613670793 35.688173936756214744 -9.3926116448362613198 -13.290314944239995043 0.70205442970026787908 34.14252863004598737 -9.8027546660887310281 -10.752055050540665349 0 
-0.56724413321627997764 -0.65775312016273479454 -0.49557534870885022737 0.75728720064005128343 -0.65308199772061870103 0 -0.3236513387558682675 -0.37529286852994259149 0.86856495079648565749 0.99297930282544766278 0.072309291131934391728 0.093613410237445751627 0.028385206853077979416 0.62261610373622156001 -0.78201244708779105164 -0.11483198244476609806 0.77917941052386907597 0.61619239042971085674 18.946250539791154921 8.7035425213192336713 18.921927427146322032 0 17.244518140142314877 10.975404123239387744 17.950973410878717118 0.077026798696967463398 16.163867098733838645 13.699809031210989474 17.310808413088480506 0.1540535973939349268 15.903468770673207189 16.673113991398878397 17.008070367107404053 0.23108039609090239019 16.568389928451132675 19.598481968175335055 16.997968168756457885 0.30810719478786985359 18.12308478882776086 22.157398100843479938 17.184708943921553015 0.38513399348483734475 20.397226712943766103 24.097062441219648576 17.441576138530834328 0.46216079218180478039 23.142397582214389473 25.290379431793390097 17.641654769388701141 0.53918759087877221603 26.107563981110143203 25.744220152138744595 17.684279027997348521 0.61621438957573970718 29.096994428482041428 25.565096709285139553 17.507586095060474918 0.69324118827270719834 31.994348058977852389 24.910077033029185856 17.08771568222688586 0.77026798696967468949 34.758451720222758752 23.946294091133943027 16.431321447938710634 0.84729478566664206962 37.404889307071705673 22.827802108263803404 15.567988497582451402 0.92432158436360956077 39.984680970740626549 21.687445398765728299 14.54609733548653594 1.0013483830605769409 42.56499783502732015 20.637428772601992932 13.432800445766527986 1.0783751817575444321 45.212090130042270175 19.772660025864922773 12.316970083954124959 1.1554019804545119232 47.974565868852678818 19.172505407832957758 11.312708052937125558 1.2324287791514794144 50.865513820304173009 18.898013267965971806 10.55966495701169805 1.3094555786826707067 53.844451728780512667 18.983168888525217 10.215169009677403267 0 
0.059519213069958588902 -0.00029280036861148206516 0.99822711721505397175 -0.00491936654701656019 -0.99998789984318126045 0 0.99821503851039472544 -0.0049106450867525174367 -0.059519933270485013421 0.8303968807724985135 -0.21336679042672840323 0.5146995561940002073 -0.34365326032309040372 0.53099778061710256605 0.77456038734821808234 -0.43856978586379447016 -0.8200707101968147672 0.36761470754674219208 4.4243298737400067466 -4.433988273534296809 -0.71473835858400036614 0 4.6028875129498825203 -4.4487463731753464913 2.2799067569471835881 0.073358170638145273057 4.6956248856795186342 -4.676436810653692433 5.2698159268685920154 0.14671634127629054611 4.9609425660514432366 -5.2839946052136452792 8.1956457330520464666 0.22007451191443583305 5.6666559273041814393 -6.3494866818205801806 10.909811403462974511 0.29343268255258109223 7.0239109732486060267 -7.8119233118271234062 13.150154645797394792 0.36679085319072635141 9.0884989550712180773 -9.4378424561248159819 14.59717344371257397 0.4401490238288716661 11.693490470870772313 -10.86527784660617435 15.017229878746814364 0.51350719446701686977 14.49689920326075665 -11.739292083926056165 14.403227767902135881 0.58686536510516218446 17.141528387103786457 -11.857303303578021314 12.991841983645397107 0.66022353574330749915 19.413947135326633742 -11.2193383362475263 11.140055350908159681 0.73358170638145270281 21.299056238722272383 -9.9708048512847380351 9.1683738844380933131 0.8069398770195980175 22.934079010509368146 -8.314649517805177581 7.275267958419992631 0.88029804765774333219 24.529262932933594499 -6.4626397929545902343 5.5358863922597318918 0.95365621829588853586 26.298667871767491988 -4.6379507808723134943 3.9422376945799650905 1.0270143889340337395 28.398934696462507787 -3.1019919678089284965 2.4490164150442006452 1.1003725595721791652 30.859807481125663742 -2.1629669181919024545 1.0129324711551421778 1.1737307302103243689 33.517616754266775558 -2.1224750946615627001 -0.3778983597647203041 1.247088899015611263 36.008807396584273874 -3.1534348756308343553 -1.6936077173561001619 0 
-0.32993050915436128445 -0.17595592339715623864 0.92746179012970575428 0.47057362944783215353 -0.88236073080588450779 0 0.81835586293338080655 0.43643906075551913704 0.37391794266844435857 0.65209089474597714542 0.084873837742056201794 0.75337500400287160662 0.63747872825816986886 0.47649080142272615124 -0.60545634621983623891 -0.41036366311813832208 0.87507310998936760349 0.2566100468917767996 36.041749799887270456 -20.999715716012342881 -23.472644777285065487 0 35.051958272424187157 -19.587994827668847364 -21.01757718848492118 0.20195024759628821265 35.035873758384603605 -18.785176712510928354 -18.127036691902596033 0.4039004951925764253 36.293598440558092477 -18.47137048064699627 -15.42155073320775216 0.60585074278886463794 38.700814984926061868 -18.353520620411501341 -13.635096166485270786 0.80780099038515285059 41.661786804398772688 -18.046738288511011916 -13.262899329956312044 1.0097512379814410632 44.362642877760876559 -17.232980747217837347 -14.284258784297202638 1.2117014855777292759 46.16463570009621975 -15.78259033772147113 -16.194543979835522407 1.4136517331740174885 46.842324612385375815 -13.755694335461386757 -18.299877761966619971 1.6156019807703057012 46.553646710385493179 -11.314574315563096008 -20.01964464074662331 1.8175522283665939138 45.663666321429836614 -8.6318620969704280554 -21.025124655211321567 2.0195024759628821265 44.579935067744870025 -5.841894730404024294 -21.229106672264155264 2.2214527235591701171 43.661545975374046691 -3.0320812389450813029 -20.717726560967683724 2.4234029711554585518 43.186997420306255435 -0.25423967578579104165 -19.688940908429788834 2.6253532187517469865 43.345647941742981857 2.4583041714979754211 -18.417352968643147193 2.8273034663480349771 44.224646023763057201 5.0731579995966216146 -17.238411990696040021 3.0292537139443229677 45.775479739052805428 7.5419118398791562541 -16.531185532190118437 3.2312039615406114024 47.76117414743422529 9.7865145075923294371 -16.668213925625707361 3.4331542072256571174 49.717446831672155838 11.698950692366842929 -17.899304914980117331 0 
-0.46526845618055767684 0.13818055050987315679 -0.87431767633060508693 -0.28470049178298972858 -0.95861651872817410514 1.3877787807814456755e-17 -0.83813536714655123561 0.24891867242588425202 0.485354098422843383 0.59877469362038759915 -0.33398627435204586433 0.72795744025612496575 0.77664599324568805994 0.46418599380857722414 -0.42585486298428110175 -0.19567796875281662228 0.82035634433847270941 0.53733192800017781643 10.42393971179432377 -32.248635653621100516 9.5948143851721088282 0 9.0281343432526508508 -33.102737128970069591 7.0804082837324546773 -0.085156620135325433729 8.2220381970765927804 -34.215485199337159372 4.4135748177668112646 -0.17031324027065086746 8.2560971336075006377 -35.408383056526488986 1.6611513962761823571 -0.25546986040597630119 9.2869845836376683224 -36.398672876430381962 -0.97638479077334083822 -0.34062648054130173492 11.260638782821557058 -36.853240489868355212 -3.1895403178236167996 -0.42578310067662716865 13.847867332371967208 -36.505970194517658456 -4.6679353172850204245 -0.51093972081195260238 16.522024093561078928 -35.276310676543666034 -5.2482999324297390231 -0.5960963409472780361 18.761436835943673174 -33.295876314198643797 -4.9974806633432820036 -0.68125296108260346983 20.238937023802243687 -30.819946047022600766 -4.1687693101052873956 -0.76640958121792890356 20.881033917872205308 -28.099079963843450969 -3.080376303859131415 -0.85156620135325433729 20.807275618040470988 -25.297343678787271415 -2.0104073780412754502 -0.93672282148857977102 20.236449564857476702 -22.479586442482645481 -1.1534349314188523383 -1.0218794416239052048 19.422595855423423927 -19.64113752137311053 -0.6234822336212908489 -1.1070360617592305275 18.631312881770028866 -16.751414153720997291 -0.47060936466251901411 -1.1921926818945560722 18.137452566358884809 -13.800416821135980783 -0.68905096315902958359 -1.277349302029881617 18.216691728151687357 -10.846972047840893083 -1.2095172217752705457 -1.3625059221652069397 19.103118003867319175 -8.0608652516052821113 -1.8817204222976140482 -1.4476625424757698646 20.899442084728487856 -5.7309272718682198189 -2.4687543285560633599 0 
-0.070438914873308347553 -0.21296543002140785883 -0.97451735997224198105 0.94941573177953919593 -0.31402192319887889393 -1.3877787807814456755e-17 -0.30601981556917723371 -0.92522211244991037216 0.22431209310407759783 0.97137979158583376282 -0.17283284263945886128 -0.16294204185484725822 0.11943493923990000649 0.94834521144650185676 -0.29389905616597528093 0.2053207144625790459 0.26602663105721935377 0.94184565390562924314 26.365639663434283335 -21.187257999374246253 -22.981068433476142587 0 26.154322918814358445 -18.339010804035627444 -23.899127880183673511 0.047855230797180167701 25.881029186546886223 -15.443810353980389038 -24.636122145668238659 0.095710461594360335402 25.719849377216309705 -12.474710343980344618 -25.034219336341209328 0.14356569239154048923 25.860789762386684032 -9.47877477156855619 -24.967099148643814743 0.1914209231887206708 26.481166800603233469 -6.605760611889611944 -24.366350989683443373 0.23927615398590085238 27.696644710905438558 -4.0967751520958382017 -23.258398575289053412 0.28713138478308097845 29.512652890365480118 -2.2182464705022191254 -21.784226168573660232 0.33498661558026116003 31.812853089453653865 -1.1628078860719004428 -20.173303339562512093 0.38284184637744134161 34.404170331854224685 -0.97428157099884082903 -18.67347157385165346 0.43069707717462152319 37.095175688285237925 -1.5425890565683633149 -17.475346767391496172 0.47855230797180170477 39.760794319181506751 -2.6602741873614297319 -16.672064060724196111 0.52640753876898183083 42.364569236687522391 -4.0929877999633665908 -16.262545594703400553 0.5742627695661619569 44.942819890711476205 -5.6244500389917240213 -16.177285581397850223 0.62211800036334219399 47.569673977533092568 -7.0680091377854248336 -16.302972519685663855 0.66997323116052232006 50.316417449614270652 -8.2588330637024842673 -16.496252810587293425 0.71782846195770255715 53.209751946141146561 -9.0460194610555380024 -16.590922681893474078 0.76568369275488268322 56.193493127565041334 -9.3000978906052917949 -16.410148506023134019 0.81353892355205914555 59.107632502322545065 -8.9417930728856109823 -15.794186362635411314 0 
0.53434698139674285944 0.62951446473029359918 0.56407875528823214761 0.76238156747131158308 -0.64712776604004984549 0 0.36503102478032578571 0.43004324563390905478 -0.82572099272846322116 0.21514228612499633475 -0.22600029851582215112 0.95007245081186786351 -0.88437289409681751895 -0.45774981955503835085 0.091376621102717464629 0.41424434927676384577 -0.85987729808856372404 -0.29834988071755758066 10.84358068792828611 8.5482055924276920678 0.98316536223622108537 0 12.446621632118514356 10.835350294841626706 2.0782584365771983315 0.038878385320487200694 14.26958814545344012 12.870083080157247224 3.3178775650280494247 0.077756770640974401387 16.336246169939300898 14.498987061266795706 4.7585706031710284236 0.11663515596146159514 18.617927406425959447 15.552553950931558902 6.3968402830671191595 0.15551354128194880277 21.021722147969725825 15.881101246167553143 8.1614443506470539802 0.19439192660243601041 23.401125835710981704 15.402020656195293924 9.9246572927147838072 0.23327031192292319028 25.591351622964118917 14.133763469319758244 11.53538219436308232 0.27214869724341039792 27.455695267878361676 12.194210362498681732 12.862919960111613094 0.31102708256389760555 28.920577016912663026 9.7620073188583500468 13.831687122980431681 0.34990546788438481318 29.984620821439690985 7.0223233191489535798 14.433303582017233069 0.38878385320487202081 30.70410732772537088 4.1237728683454033529 14.7174592636766981 0.42766223852535922845 31.168234277732757675 1.1604184008159623698 14.773284652615281232 0.46654062384584638057 31.476767216830491947 -1.8230563702714566165 14.712574556448439367 0.50541900916633364371 31.725377873131321849 -4.8122676113154829736 14.659575518818455109 0.54429739448682079583 31.997615131848831993 -7.7986497934196767901 14.745647217863893985 0.58317577980730805898 32.359853521300379953 -10.755094670916166777 15.103721282175051499 0.6220541651277952111 32.856040192463851213 -13.61626008239777974 15.857067950990982652 0.66093255334801559453 33.501467050838833472 -16.26937876468824129 17.099800998821258702 0 
0.56849415380119994179 0.74812002921046916182 0.34224380051066677355 0.79620170586656424661 -0.60503127487359897874 -2.7755575615628913511e-17 0.20706820294055452991 0.2724950977888491721 -0.93961118608284721621 -0.23863164592959662524 0.9330052116235894033 0.26936260439072301498 -0.69962392305672471693 -0.35753907747970126163 0.61862118809630461946 0.67348444959601705406 -0.040829929686269972322 0.73807290493159549705 6.7901032339626885559 4.8504776658487092078 -22.101723961492556469 0 8.4955856953662873821 7.2390827834484019476 -21.48051935267089263 -0.016011843091354820839 9.737985239429175266 9.6677854609855895518 -20.232382069742435249 -0.032023686182709641679 10.640801708264397973 12.101531066336654874 -18.728452300094176053 -0.048035529274064459049 11.372055305252583679 14.615076106499172326 -17.263065147166237523 -0.064047372365419283358 12.09854115831877408 17.294785457193963651 -16.126677844749679025 -0.080059215456774107667 12.967079544067969366 20.130844080165012144 -15.676775011293663908 -0.096071058548128918098 14.055511438888739661 22.85064172464718979 -16.323317185792792117 -0.11208290163948374241 15.265026410597474893 24.776450977144509835 -18.27992962984197689 -0.12809474473083856672 16.252904279091669792 25.059990238165720911 -21.098387152033666325 -0.14410658782219337715 16.620138985228312123 23.437234218024478594 -23.594744812647242327 -0.16011843091354821533 16.263408808655668736 20.654754303308880736 -24.658017639971788526 -0.17613027400490302576 15.436232057229322123 17.83374650082624413 -24.0599427280821061 -0.1921421170962578362 14.467575782283224939 15.618060075307830914 -22.284431904465140661 -0.20815396018761267438 13.546167568768328948 14.045323389108533618 -19.901680087772909644 -0.22416580327896748481 12.718846328617486208 12.849605523597876555 -17.277599610406806363 -0.240177646370322323 11.961942640445203168 11.684394155698333506 -14.618769176748264371 -0.25618948946167713343 11.234879033192701314 10.1991474959026025 -12.115686894186136868 -0.27220133201095803033 10.518984095403917323 8.1002757267324323465 -10.095233545398077268 0 
0.98715471599676318792 -0.14984007072702498764 -0.055439335222113056423 -0.15007087110951525255 -0.98867524174747667409 -1.7347234759768070944e-18 -0.054811498153042016723 0.0083198293305149408766 -0.99846205742137761341 -0.57096911187867771531 0.46085627184899369269 0.67941575635094064722 -0.40055128911980719675 -0.87877006558151060656 0.2594645190046760419 0.71662607967121483288 -0.12399463107454983257 0.68634713767870569878 8.5457759983044496721 9.1990865778758657001 -22.05290747616773217 0 11.507240146294739347 8.7488739645473199147 -22.217341970626858227 -0.018685879713613819803 14.463321609219452313 8.4622374514314593341 -22.640924186853204958 -0.037371759427227639605 17.350137191213793386 8.3034241333636273907 -23.441595233887579042 -0.056057639140841455938 20.060742056545439738 8.2329261902109998061 -24.72520393752428447 -0.07474351885445527921 22.432811309960602131 8.2052584193952604608 -26.561646681380175039 -0.093429398568069102482 24.251374098065223706 8.1682193534510822985 -28.947324256685764254 -0.11211527828168291188 25.280439823259683862 8.0661698761882760778 -31.76345806696927454 -0.13080115799529673515 25.32949598197989971 7.8489560304120695733 -34.755181924295882823 -0.14948703770891055842 24.33602451805651512 7.4844519376071403371 -37.562342628050046756 -0.16817291742252438169 22.417686663179065221 6.9679716486536724673 -39.81028123612411207 -0.18685879713613820496 19.851383528057517935 6.3211951021670147455 -41.222997880601212728 -0.20554467684975202824 16.983106155726638065 5.5796495019742566868 -41.695327255308122005 -0.22423055656336582375 14.121534405918799493 4.7758639038935699617 -41.288712163334594152 -0.24291643627697964702 11.470511017478621341 3.9270061123237569589 -40.170000652874968239 -0.2616023159905934703 9.1166506237632791709 3.0306803704824498702 -38.540294724981457364 -0.28028819570420732132 7.0531709401796316428 2.0670344161380880266 -36.58749210563827603 -0.29897407541782111684 5.2137170879846568283 1.0037539572794551557 -34.469510946266098017 -0.31765995513143069351 3.5008097523486108038 -0.19789991007995633154 -32.319632707252459625 0 
-0.097312875631127504494 0.16675920773814495446 0.98118375999144380462 -0.86369622510274268734 -0.50401272875124081274 -1.3877787807814456755e-17 0.49452910427969054563 -0.84744470963672591246 0.19307622621403458529 0.59053299596993391596 -0.80406534729501932812 0.068918052425434223052 -0.30306232294948942663 -0.14180766929476179561 0.94236076602204055241 -0.7479465282219266431 -0.57738159150472379011 -0.32742401975456569829 6.2643315488439128558 4.4130060072390477899 5.9322292244573162634 0 5.9723929219505302868 1.8219173319308197279 7.4158165372963882334 0.028876176224646697005 6.2472697687086338192 -0.7762476667843390965 8.8902592654548371343 0.05775235244929339401 7.2125911986888242566 -3.2633044531935482269 10.262375542596846145 0.086628528673940094484 8.9077689027221076401 -5.4539071093689130976 11.414604927098213949 0.11550470489858678802 11.25253593201682456 -7.1385556629252944205 12.229483340934645952 0.14438088112323349543 14.049930753252869664 -8.1483556510265096051 12.623039179611314609 0.17325705734788018897 17.037959374196475437 -8.4105698288887147385 12.568921850104592508 0.2021332335725268825 19.967208523784709229 -7.9653021434587669702 12.098564424362978187 0.23100940979717357604 22.664488768780866934 -6.9395132955377425432 11.278542156716866884 0.25988558602182026958 25.05699770632504908 -5.5011279269574906436 10.179930070843735024 0.28876176224646699087 27.159698073188881295 -3.8208671746833844374 8.8550244245581719582 0.31763793847111365665 29.044596905787525287 -2.0556075135134115328 7.3282583260622988774 0.34651411469576037794 30.808349623598132894 -0.35143801227749077443 5.6005480895134924779 0.37539029092040704372 32.544691545197686366 1.1434321170053303174 3.6639324777110586773 0.40426646714505376501 34.32102537193663494 2.2678098012829295271 1.5237425424284103403 0.43314264336970043079 36.157723477767760301 2.8504187641966303168 -0.77562842902747086704 0.46201881959434715208 38.013372957549584896 2.7351047907507077817 -3.1300429643030565074 0.49089499654786988847 39.784971945459389531 1.8259178219022362821 -5.3738825489688348824 0 
-0.21882585040566240875 0.45712758461940278254 0.86206126149727291264 -0.90198085885654188942 -0.43177601862124581622 2.7755575615628913511e-17 0.37221737929690168478 -0.77756275703226451768 0.5068040858415907568 0.47141161166592987497 0.88146882649782476449 0.0279964336849840012 -0.69185831460440638807 0.34994840753854683513 0.63156011952464585768 0.54690325003539719262 -0.31709433923326840743 0.77482127947478129926 24.492458868372953162 33.059913196984894057 0.53342720899197215711 0 23.835981317155965797 30.353970620415267945 1.6500793468826771004 -0.16465232032054266664 23.065440591066693088 28.345327731196103827 3.7409214579217811014 -0.32930464064108533329 22.579421838796914557 27.36410359271689785 6.5339457976938142281 -0.49395696096162799993 22.733314062704000236 27.501081207056589761 9.5268631564989600946 -0.65860928128217066657 23.713358840407209982 28.549696026610980937 12.161235794138324451 -0.82326160160271333321 25.491605493907318447 30.090343194551063988 14.022484069693339492 -0.98791392192325599986 27.879054689122018118 31.654177282799320636 14.946880783617670474 -1.1525662422437985555 30.624557966089341221 32.862095881230402483 15.002955873742592985 -1.3172185625643413331 33.497061721139786528 33.484008915929507566 14.401336098057251789 -1.4818708828848841108 36.325159827243375332 33.430010905447666403 13.401863578615701655 -1.6465232032054266664 39.001622738498383569 32.711343512712289794 12.252923430785488179 -1.811175523525969222 41.47093145896769073 31.400431478076303193 11.164794724950954929 -1.9758278438465119997 43.713388082632896214 29.602543998922367763 10.305150087160551919 -2.1404801641670547774 45.732262084595483032 27.440717027901591507 9.8044986000292038142 -2.305132484487597111 47.545706920624532188 25.051218172086016978 9.7631096554215535122 -2.4697848048081398886 49.182972881395393472 22.585828167785319209 10.254243344344832423 -2.6344371251286826663 50.683595437598128797 20.217014789396380081 11.320477428485361315 -2.7990894454492289967 52.097830272595928136 18.14143984558316447 12.961187178591545788 0 
-0.32219348113030837899 -0.17414979063082502986 -0.93051771135232763665 0.47549833872545871349 -0.87971661907078302356 2.7755575615628913511e-17 -0.8185918950163522112 -0.44245962590264770187 0.36624689604094473605 0.6383707214427870591 0.42280784247776792562 -0.64320785936111768422 -0.71122689521344173436 0.6435479594804691672 -0.28284682669878608019 0.29434524886545071487 0.63802786160779900726 0.71153448425393706067 33.962868171267231787 18.655606705079105012 8.3215312196431430181 0 32.996287727876307372 20.082101721255479987 5.8657555345940863845 0.13201883066070016493 33.929134764708834382 22.217329243504725156 3.9761524455064019001 0.26403766132140032985 36.359313115421784346 23.850870796111657057 3.323637940139131608 0.39605649198210046702 39.287918738532063401 24.274594803886550665 3.8173251584800289571 0.5280753226428006597 41.959469696321541221 23.499480710161225971 4.9407189548186432049 0.66009415330350085238 44.117528136493355362 21.864137295301894426 6.2323983594242697848 0.79211298396420093404 45.805563115872928392 19.699095129196599885 7.4419976018918188032 0.92413181462490112672 47.157160397584377165 17.229609877456088185 8.4787364212222691151 1.0561506452856013194 48.300012549761170533 14.590872548753221594 9.3336950566983318822 1.1881694759463015121 49.331301947327446555 11.86127377123567328 10.0306403144066838 1.3201883066070017048 50.320139454431298986 9.0871782580197937307 10.602124756977254094 1.4522071372677018974 51.31690936786572621 6.2982833402595677086 11.080157054383123594 1.5842259679284018681 52.362702977550853234 3.5171889159556095628 11.494680309517514516 1.7162447985891020608 53.496930287952807248 0.76626210033056640913 11.876688245840096414 1.8482636292498022534 54.762377030988233173 -1.9259402730090278144 12.264877531531654498 1.9802824599105024461 56.206388911967103184 -4.5166099203078902136 12.715721702123166992 2.1123012905712026388 57.874697141691065383 -6.9364378453580810557 13.31670461684158191 2.2443201212319028315 59.789809306019421342 -9.0701185309984300176 14.199740363437889812 0 
