11
-0.42441413267904815054 0.21532475038412943191 0.87949297658042946413 -0.4524466940056360853 -0.89179144932174048144 0 0.78432431625295262467 -0.39792368965499164135 0.47591186594336598592 0.99742322009068928867 -0.026695379168260771618 -0.066590365331503531543 0.026825452981654368534 -0.72208702967215088186 0.69128193716571251226 -0.06653807253181724668 -0.69128697247258563685 -0.7195102546826119827 8.3117952952444227321 5.3264275700244922973 -1.8116758191371502562 0 5.7653104991701340509 2.6117474059906760075 2.8942700783805657139 0.50159633290585603493 6.617487637442516224 -3.3223386591985333283 3.1400681580229421463 1.0031926658117120699 11.174099222562068334 -6.2590250671099161295 0.56846091663457476439 1.5047889987175682158 16.873265578918079655 -5.6221190663993398928 -1.1961505388543514083 2.0063853316234241397 22.527192109124307251 -3.613857686717480977 -1.1971614341631573453 2.5079816645292800636 28.051965339797174437 -1.6196059883434243964 0.027518488581117852426 3.0095779974351364316 33.580236913281041211 -0.12087099189079178463 1.8141373120066519586 3.5111743303409923556 39.235143611902657312 0.75000924254731482499 3.6206803774079348024 4.0127706632468482795 45.110600946772002828 1.0237362672896153093 4.8056169276128670731 4.5143669962893273606 51.095140267316139671 1.1846889851795405768 4.4063884924219740569 0 
0.31134317730098892696 -0.79146803559104517145 -0.52596936658495363481 -0.93058761499382980364 -0.36606924320419892416 -5.5511151231257827021e-17 -0.19254120797434617907 0.48946057841010753853 -0.85050351287588599192 0.91123640069117362028 0.23233366792089488184 -0.34010188003864089135 0.099765247084795852239 -0.92563579042354615645 -0.36502777834171296067 -0.39961871518924718671 0.29869625079233963483 -0.86665185180272663601 10.735122228036715342 4.2288089189209756569 12.766892910365612579 0 12.603181291842648903 -1.354716771042003387 11.611645662519535449 -0.0047429703176930411435 16.571685514468690315 -5.6029334878784302632 10.127185108632573929 -0.0094859406353860822869 22.064350579071913216 -7.4390072890853256027 8.5589556964296580333 -0.01422891095307912343 27.836698878263316459 -6.5134046311722197942 7.2087046738185565076 -0.018971881270772164574 32.881608687327137375 -3.4253578776148745355 6.2023022335859101517 -0.023714851588465205717 37.02416585441382324 0.84295810779965563153 5.414430863144344741 -0.028457821906158246861 40.778089664583241358 5.4444843287373787533 4.5576522841683200227 -0.033200792223851291474 44.876497025626768789 9.643837473353425338 3.3052427812201443658 -0.037943762541544329148 49.784148701569279183 12.54639748323823234 1.4370836602859617948 -0.042686735614740636824 55.251567105716318906 13.144988965747018028 -0.96062863084952754278 0 
0.96454927380800292713 -0.19631209911837851911 -0.17636966331030418109 -0.19943849649425138271 -0.97991034595829862308 6.9388939039072283776e-18 -0.1728264577909488231 0.035174900477804395271 -0.98432400248282581057 -0.33344168040262167629 -0.90685978524618948704 0.25772461208334751515 -0.71046024523315054466 0.42140479076717096696 0.56361710607621684499 -0.61972807400788987309 0.0048303438503626283662 -0.78480174698121041299 19.672852793722430675 9.7613099805758611893 2.5246927677155155401 0 25.460148436570449348 8.564679001610352671 1.487734020969822657 -0.17647671081145743788 30.51800970471283847 5.4080568178878252183 2.1613628367624300175 -0.35295342162291487575 34.809132260567359651 1.8071081287476036259 4.3106501020714116379 -0.52943013243437231363 38.718893418026290476 -1.2614136399002664479 7.6718912191240784537 -0.70590684324582975151 42.637627446911309903 -2.8187770686724995528 11.940162855466333269 -0.88238355405728718939 46.703134185072585183 -1.5952060410477486574 16.179800682266144207 -1.0588602648687446273 50.13792873286502072 2.9769420264433015255 17.995743540359693924 -1.2353369756802021762 51.166545276183953206 8.0966667304086250567 15.041024101296104121 -1.411813686491659503 49.49560337719728409 8.8473358512290882771 9.3274918958298940197 -1.5882903960301275603 47.494953294781559805 4.5845743798301974437 5.6091234517825458994 0 
0.87358140567861908288 -0.29802034511431035879 -0.38475888755234105565 -0.32287629296888864516 -0.94644117589983811634 0 -0.36415165397295123917 0.12422952329973338537 -0.92301711709452316512 -0.61490435916122532234 -0.62292310791860061592 -0.48359014744466521929 0.31646532838856994418 -0.75659979079390049517 0.57219441844406326858 -0.72231732985747731934 0.19880532737242412322 0.6623700754079295816 21.251929011312430617 5.8509148875020677849 -12.929979736273224944 0 26.493417445384146447 3.9136571296887359139 -15.114889660110932823 -0.32483868348880445831 28.403057756750655471 3.2945857005587013688 -20.769093799230695652 -0.64967736697760891662 26.845000763592249626 1.8695854632635084958 -26.385305398679115285 -0.97451605046641343044 24.812571355988499278 -1.7436824799826817767 -30.72276150490279889 -1.2993547339552178332 25.724039099547699294 -6.7389764795153590526 -33.919050667460595605 -1.624193417444022236 30.707621832847234344 -9.2839796838361952069 -36.083966792939065726 -1.9490321009328268609 35.745884217779767766 -6.2958077901077844629 -37.38271267805565401 -2.2738707844216312637 36.166017211465131709 -0.45629952503156151478 -38.695584145383705277 -2.5987094679104356665 32.70166619001207664 3.759792942075558031 -41.190145410175105667 -2.9235481505903280208 29.01224003504472293 5.6585849124069742544 -45.524049389319969805 0 
0.64028770305811066876 -0.65717146896623512831 -0.39768997685298701494 -0.71624768245501002628 -0.69784615595260468535 -2.7755575615628913511e-17 -0.27752642160773727253 0.28484452425653866703 -0.91751985390544577026 0.44621831460704453054 -0.84082805983586450527 0.30642680937200150737 0.88862242820210401995 0.45685589268622106562 -0.040408828417469622174 -0.10601601674013445831 0.29032889472205974934 0.95103613868455227909 13.517124356168022103 5.4724080312471583554 3.876454508317254799 0 17.358850574516687004 1.1749219365170979756 2.2112959786708312748 -0.23741660525392171976 20.950885450368389229 -3.4815548246376017971 1.0219643918151781747 -0.47483321050784343953 25.578780207687469073 -7.2747483509301549276 1.4627284866231540228 -0.71224981576176515929 31.252594509829059177 -8.0590771039697592926 3.2495300066502479375 -0.94966642101568687906 36.161618400165728815 -4.8899172936669224043 4.6125819282100160024 -1.1870830262696085988 38.756671559878348887 0.47450285577099399204 3.9135142930191064714 -1.4244996315235303186 39.58923537095368772 5.7078991914266374863 1.0995490667885325919 -1.6619162367774520384 40.36734622966283581 10.255316921905588856 -2.7365342842462281325 -1.8993328420313737581 42.270577940230531055 14.941136770385455179 -5.9646608948259194349 -2.1367494472859855925 44.947887827872797573 20.27287133959807619 -6.6007569952667273228 0 
0.019448459658040807146 -0.31901800742822544743 -0.94754908493093614741 -0.9981468885987697659 -0.060850544620369532989 3.4694469519536141888e-18 -0.057658877872578791213 0.94579317091842496357 -0.31961028088368154121 0.94033239020488934568 -0.32396373343996720529 0.10403122294386933644 0.0052941213906484985152 0.31963603034685239557 0.94752560935460050651 -0.34021606107040436306 -0.89043826710207374386 0.30227921574265698146 16.363029566043639562 23.045406603619227326 22.642040819455409917 0 16.479720323991884356 17.056525272026608064 22.296087552219937322 -0.29930138529262323432 16.393532058415786423 11.099092479670973788 23.004300872871347394 -0.59860277058524646865 17.989109269579842021 5.7204223700457843549 25.131280236924524729 -0.89790415587786975848 22.303816542610316986 2.1298898323270187838 27.250567202807886247 -1.1972055411704929373 28.196420719606106076 0.99977008246581577922 27.257302508902569116 -1.4965069264631161161 33.475231517706440343 1.369832846555145478 24.429368614950131899 -1.795808311755739517 37.298366594868006985 1.5265750079450128851 19.807781217022032649 -2.0951096970483624737 40.664200128789993016 0.60273589821935269484 14.927444556365140116 -2.3944110823409858746 45.03976423531823059 -0.75129397907203765428 11.051745745763877693 -2.6937124690943776706 50.681758576547558448 -0.71952925072814455376 9.0104493793414377478 0 
-0.057371955935806656646 0.045835247158306273441 -0.99730014979946579601 -0.624177452158266588 -0.7812826045786598339 6.9388939039072283776e-18 -0.77917325858201436084 0.62249226653888845018 0.07343303895361516509 0.85490047168095562036 0.39048781841216045896 0.34156177653740815714 0.036328755168458182201 -0.70182234674668364516 0.71142505940885181204 0.51751850698075418933 -0.5957891046995484885 -0.6141741916213359076 8.2057748515058790417 6.9692018255337586652 9.7739192067325291191 0 7.8615431158910391574 3.2241371125841591372 5.0988796552404433982 0.12619326791689586265 8.2771591690444132894 0.083967972500609888709 0.0031362288080880704362 0.25238653583379172529 10.656032896247477737 -2.0770038152995824454 -5.0635353337026254295 0.37857980375068756018 15.351529550378975486 -2.9926420598883556323 -8.6848497050444066758 0.50477307166758345058 21.300714050995573245 -2.83888932493719226 -9.4487632303327941941 0.63096633958447934099 26.85249815825498132 -2.2761676892107769454 -7.2439871448612178639 0.75715960750137512036 31.243251372568757063 -1.9646592803839402208 -3.1667026659189478899 0.88335287541827101077 34.957259428684501756 -2.129842605652993992 1.5427408923117467143 1.0095461433351669012 39.031307288231396058 -2.4755881783739446256 5.9339358863593183457 1.1357394124589443862 44.160710118317133777 -2.2576156473631892041 9.0390469282438381526 0 
0.92533892710176401941 -0.060926290603664723378 -0.37421365167967046705 -0.065699878437622899474 -0.99783942895301636078 0 -0.37340513649846529542 0.024585791425053318132 -0.92734251649353705016 0.4195415338319813392 0.61493836300704884934 -0.66770930133713080057 0.89192806279950165305 -0.41594491563277952162 0.1773532011269269848 -0.16866900183684260806 -0.66995569768563889568 -0.72298695075216390382 9.6644628086096133757 -18.393372317837684449 19.422302754013042403 0 15.216496371220197048 -18.78757158846342179 17.181871935022250852 0.072628627372476758928 20.582402617428293468 -20.354892510749326817 15.002295076209069435 0.14525725474495351786 26.110702287677977296 -21.201937523850929779 12.829642894722685043 0.21788588211743026291 31.660246307927181419 -19.707614588011843182 11.106401724497844796 0.29051450948990703571 35.93559670324001587 -15.522128011983744145 10.655756499059220843 0.36314313686238380852 37.8565031317961882 -9.9514285766073964368 11.785989348271868948 0.43577176423486052581 37.899112708148201989 -4.3561974946754213889 13.951993402702736802 0.50840039160733729862 37.558244717493508347 1.1832173553398670496 16.232057465931063689 0.58102901897981407142 38.302853936582074823 7.0075262727460012613 17.466149611739901104 0.65365764528933001376 40.820103139573959083 12.359094649543012068 16.45413560071884973 0 
-0.098913542387890462937 0.052236296110135957416 0.993724046454031118 -0.46698183935863263327 -0.88426690637455607202 6.9388939039072283776e-18 0.87871728834791185125 -0.46405108302800696096 0.11185937376468188531 0.48773142110349698708 -0.86964218939132353903 0.076423316461853463277 0.41497080779871386991 0.3079685212185808707 0.85612768826462060101 -0.76806073297835397717 -0.38584692867652276016 0.51108204633664056082 3.3311149109759807807 -1.3252877871285759781 26.075710576607804114 0 2.7376336566486378921 -4.1271788232803716667 31.348014306695276332 -0.20201700327167113058 2.7634868422267100385 0.036697341306224526281 35.667906308477505206 -0.40403400654334226116 4.1766731550678679596 5.652127085726450062 34.096329635989448548 -0.60605100981501336399 6.4303729519526369174 8.6064563067290187348 29.385408698349074541 -0.80806801308668452233 9.1606927781928799703 9.5614619821531494637 24.128668472073599105 -1.0100850163583556807 12.233846538064961251 9.6676825644405468552 18.976538509027147228 -1.212102019630026728 15.563850493054083302 9.559450682457219628 13.98661270602219453 -1.4141190229016979973 19.081068813123280847 9.6575028106474753997 9.1266167112551332963 -1.6161360261733690447 22.628872895044018776 10.499704653521419573 4.3617680800403419994 -1.8181530283502382872 25.555261421665004917 12.989529500313690136 -0.24659631782978852499 0 
0.84659580782290444478 0.33778554614995814909 0.41131066481293487858 0.37058400148412340425 -0.92879895448047056217 0 0.38202491544492117592 0.15242515201947245962 -0.91149522050921449878 -0.72185305280403488926 -0.0064160068752301888106 0.69201662191978552396 0.69168557176536560327 -0.038973859604119205635 0.72114638463988534056 0.02234367850452167667 0.99921963207461805823 0.032571258918733761445 32.134953308523137139 -18.10008231365779352 14.560345988797990913 0 37.214528155460563141 -15.876578304753053317 16.852495481467517635 0.0063394259568438984798 42.727910144816249272 -17.971671002128047689 15.751052215681411894 0.01267885191368779696 46.712615410640729863 -21.777259505101444148 13.376254387715391658 0.019018277870531695439 51.667857799338491986 -24.961491809589649193 12.233341806388544626 0.025357703827375593919 57.205773629099034849 -24.554632137033514994 14.506197272921253827 0.031697129784219492399 58.032731812089956236 -20.191722916271817923 18.541174756779913224 0.038036555741063390879 53.434219605579748702 -16.596057738185837849 19.928558023295092738 0.044375981697907289358 47.700860701054303092 -15.574210710484413411 18.48479318922355219 0.050715407654751187838 42.13080621838445694 -14.393608911028342945 16.592526222988581708 0.057054833982012845284 37.799687901560247383 -10.243495480436150658 16.726588294015705571 0 
-0.22929987331613208013 0.1210453827948133193 -0.96579997069852052682 -0.46683706176676315058 -0.884343348344394653 0 -0.85409877991844773693 0.45087122057532347252 0.25928828858769753518 0.7929400027001292095 -0.25437079878171353631 0.55366203485977993903 0.2040888300275147671 -0.74531139730562379064 -0.63471148603466975846 0.57410269253498447117 0.6162843643753198597 -0.53907298267543402037 34.860392717116731376 0.27573329129275520044 -11.465904730378831289 0 33.484593477219938507 -2.5252890793078237586 -16.590497409889518821 0.025056934617103076429 31.152917799682136035 -5.0710567824517349678 -21.497877853300327189 0.050113869234206152858 29.829877435138385522 -7.9222526148334146967 -26.608677366957387278 0.075170803851309225818 31.344865504357219521 -11.18560627612547087 -31.410268831198798978 0.10022773846841230572 36.087045207658867696 -13.855597981366360116 -33.936680507422202879 0.12528467308551538562 41.921506648531945416 -14.707075915030674906 -32.825846630469889931 0.15034160770261845164 46.451206422947556973 -13.747971504229280271 -29.00983669652307384 0.17539854231972154541 49.530656248088632765 -11.897709965483912242 -24.204259795786587262 0.20045547693682461143 52.705693650208822021 -9.9885438311318051063 -19.484702635417765038 0.22551241145551362277 57.463333666409603495 -8.7640108509667093983 -16.040086480207872199 0 
0.78236278478314980056 -0.40852044695692940612 0.47012712898158265373 -0.46286091561940234662 -0.88643091822880859532 2.7755575615628913511e-17 0.41673522262741768962 -0.21760347337793620182 -0.88259870983110699783 -0.52502273993084180859 -0.6475731138935009179 0.55226821809496406956 0.71347676385010483369 0.018886753586589255516 0.70042429853977838938 -0.46400649780093994323 0.76176922535715163587 0.45211239454064061638 4.5002510426989656978 -25.40872311752438506 10.354170973065247807 0 9.194427751397864057 -28.185888611240798696 12.854582308829753501 -0.044541218576824387343 13.657154849720184231 -32.012664046319933675 14.054529484664627148 -0.089082437153648774686 18.090043963213581435 -35.466679157470622386 16.156743084887814632 -0.13362365573047316203 22.069445392539204676 -36.563893126587103666 20.511102053118971611 -0.17816487430729754937 23.583843046286578016 -33.644248150162106015 25.529284289753043424 -0.22270609288412193671 21.626344641207687403 -28.358330427447594246 27.585292912994042069 -0.26724731146094632406 17.975760305598651456 -24.001000728587719379 25.665163894672108569 -0.31178853003777073916 14.460406909802964392 -21.291526187348335242 21.627704954072161314 -0.35632974861459509874 11.258248589707015697 -18.63051240623687832 17.307381810846717229 -0.40087096719141723788 8.1081121501219559633 -14.349651823136257534 14.523342824041076682 0 
0.70794129406044370434 -0.169538597064962826 0.68562073208827967186 -0.23289582530569979957 -0.97250168871584841135 0 0.66676731977444825272 -0.15967820624639797455 -0.72795893547007950453 -0.1024878910278305133 0.73748879947822421066 -0.66753764151307226626 0.73718634518669157174 -0.3942513317116482785 -0.54874600674071416506 -0.66787163786386039011 -0.54833945516236504147 -0.503260685181432188 -7.1760386606626695993 4.5121474504146874551 10.100067175945042663 0 -2.9283908963000069292 3.1147724985804887687 14.100671094591731958 -0.091610866669732005096 0.61535109723534986426 0.20107314857504532402 17.967485275864440553 -0.18322173333946401019 4.3983301189319261582 -3.1719351506444724009 21.178705072863600378 -0.27483260000919601529 9.3288130878836845739 -6.0524236304407939002 23.020745966925147741 -0.36644346667892802039 15.161599398413596163 -7.3700912435103660414 22.528541422799165161 -0.45805433334866002548 20.224721693257560418 -6.4736774058958284073 19.436436174824528678 -0.54966520001839203058 22.889891827820694203 -3.7965622759869308567 14.774906455208691725 -0.64127606668812409119 23.111447730861733874 -0.31165607115294713392 9.895730326049909209 -0.73288693335785604077 22.132021316844483039 3.5347418710437432665 5.3961764279119988075 -0.82449780074174994215 21.517093970677493076 7.957859942163892697 1.3889466007288389093 0 
0.32083643711823306433 0.068164061682774779172 -0.94467859153904043534 0.2078188464864952345 -0.978167330800320034 0 -0.92405373634994880661 -0.19632201519413042257 -0.32799749799017535734 0.69562014785256587324 -0.1915384372556520054 0.69240568813033087636 -0.33015554379206435431 -0.94122843671209222016 0.071318628897904912112 0.63805166468315088757 -0.27821225166799079531 -0.71797494121792737598 -2.6366615927825876042 -1.1258224363112674382 -1.7070578909041103088 0 -0.71164297007318921828 0.12109064260770407984 -7.2513803090038031485 -0.34339347090531668893 -0.52206396268243693282 -2.1726221223985282549 -12.792403820267495007 -0.68678694181063337787 -0.56118570716271165555 -7.9003907357950255985 -14.578778977208829204 -1.0301804127159499558 1.0771859340635239199 -12.572783124851985903 -11.189901917057072822 -1.3735738836212667557 4.6338435357285296945 -12.700733197505821082 -6.3593930945996639537 -1.7169673545265835557 9.1785246803963822515 -9.691208413271992228 -3.8516782251405130566 -2.0603608254318999116 14.283546669746172597 -6.5422439374016931879 -4.0025862037530384185 -2.4037542963372167115 20.011517790193266819 -5.1416992076203138495 -5.1111083294846286762 -2.7471477672425335115 25.932015632211189882 -6.0428374821879398127 -4.7427963100484715753 -3.0905412387393647045 30.105736519326590894 -8.0237707449403288251 -0.91448632194956935848 0 
-0.73131630556553750555 0.65224850239492626613 0.19936988824180354452 -0.66561110655517130574 -0.74629877048699511111 -1.3877787807814456755e-17 0.14878950246698754989 -0.1327028119264077044 0.97992430710869249388 0.78628697651179102479 0.61519045180403741924 0.057389010943648066654 -0.12685179138175489699 0.069828353437945481219 0.98946077440158552996 0.60469944070685621718 -0.78528001952506765182 0.13294313575181224141 11.718364132918480891 -8.5460506348565150603 -12.59355661364489265 0 7.3304662995252556357 -12.539717274187543339 -11.700819598842967295 -0.51162419452123375496 4.5985702203600213878 -12.618666952227801659 -6.3594236426305368326 -1.0232483890424675099 6.7927482555394140817 -10.822297061256554329 -1.0718308098949282936 -1.5348725835637013759 11.837743032580895886 -10.175906552375518999 2.1109678029086884621 -2.0464967780849350198 17.38213218722976805 -11.360188232754053317 4.07494993198587796 -2.5581209726061686638 22.552755799486046584 -13.784980754442488049 5.9147957644246993425 -3.0697451671274027518 27.256599532726905721 -16.741918992048763215 8.1798278596129669893 -3.5813693616486363958 31.638796728142057901 -19.641875137322138301 11.075790928436036964 -4.0929935561698700397 35.966621056194114203 -21.861161903477210444 14.589293898944891481 -4.6046177499398543986 40.684342915264863905 -22.622272651767737273 18.217490543186031005 0 
0.078707684464304455974 0.076441469522538635362 0.99396267643382985035 0.69670397585038856825 -0.71735874570138269402 -6.9388939039072283776e-18 0.71302781884056143369 0.69249774851834278167 -0.10971872154057261961 0.86398202539005586331 0.06716309529504974063 0.49902322434259982487 0.29329782993602715457 0.73844474294184625496 -0.60718674604800793038 -0.40928161790839578948 0.67096086342791938506 0.61830419454371088328 -5.9877787250978995459 -23.123266913956097568 -5.3413693262492358826 0 -5.5155326183120729766 -18.943043058853767491 -1.0632024132058672805 0.41189077145308677919 -2.4206592997314300142 -17.411469387418929244 3.8435318603177308638 0.82378154290617355837 3.0537658576207520333 -17.962737764052825185 6.2365994259160677515 1.235672314359260282 8.844386875540816817 -18.470267426991469506 4.7496152739865173942 1.6475630858123471167 13.188757091102354835 -17.076758001022895428 0.85287575101440815661 2.0594538572654337294 16.019619953667099566 -13.457398239310919053 -3.0054205528818802584 2.4713446287185205641 18.484921125219351268 -8.5294798018821538221 -5.3798489067385970586 2.8832354001716073988 21.831137745500296177 -3.6477493480391531833 -6.3655172618070512414 3.2951261716246942335 26.532312192225091962 -0.023873659538291791549 -7.2410076363048645476 3.7070169462117497083 31.716204344565429807 1.7359133200778691375 -9.6966973437552361759 0 
-0.080339945719236777188 -0.0036721220676359397038 -0.99676075797623087116 0.045659630637951899301 -0.99895705519807298511 0 -0.99572119152493476779 -0.045511728043599687654 0.080423823327727531063 0.81910174908421340412 -0.14029593492396252863 0.55622780880768041278 -0.21094198395538271695 -0.97536025942663973076 0.064620768613236678757 0.53345646875087138206 -0.17026278211931575313 -0.82851359733732854451 -4.5125921182787749331 16.480309268418071866 -1.5624326966237673808 0 -4.9946317925941956517 16.754267052245783276 -7.5367598457733766537 -0.43901931645168318363 -4.5224520564625176888 11.418922781867308913 -10.240673271439845848 -0.87803863290336636727 -1.9231822711516555202 6.65163340572890327 -7.6878809595844606051 -1.3170579493550496064 2.1026058773951481484 5.1877825726999615696 -3.486670357663758768 -1.7560772658067327345 6.888785341229302972 5.73618404934450421 0.089884124011629304429 -2.1950965822584160847 12.128148959949376362 6.8842388725764633861 2.7789432519758627826 -2.6341158987100992128 17.649613442888202997 7.9168050774457050522 4.8877905665549841174 -3.0731352151617823409 23.321649293635957179 8.4533578327977547673 6.7693113473482906528 -3.5121545316134654691 28.925602036492470859 8.1686614911893080659 8.8940846209139081679 -3.951173849597519272 33.840212530997760609 6.9030095874570065462 12.09482343341912447 0 
0.47007938997173687179 -0.85720667403038131038 -0.2102904779622015996 -0.87681313718439279903 -0.48083128273944830688 0 -0.10111424026645703111 0.18438545370204340035 -0.9776389491414654298 0.39297133542775397608 0.91396298918065910222 0.10121849603744585699 -0.33820358352992030415 0.041294969723223634572 0.94016650736083851037 0.85509757666575547663 -0.40369094600140909002 0.32533329755320067322 7.2473026796597252996 15.838295575962302308 -14.380823547209153901 0 10.067779019490146197 10.577416752855945958 -14.98750898880789606 0.17403281349113858267 11.561434517549155743 5.1272684411074216371 -17.003666188092157796 0.34806562698227716535 13.742739323256779826 0.34389752709695575739 -19.89525983098663886 0.52209844047341569251 18.012807133860111009 -3.2685087802988448402 -22.067125273940554564 0.69613125396455433069 23.684603786612967724 -5.1386732190904442774 -21.489987766288464854 0.87016406745569296888 28.259276071113013984 -5.3996385764780825411 -17.6164663810968527 1.044196880946831385 30.136967141281623128 -5.2126630046574211619 -11.920915095649922577 1.2182296944379700232 30.116251801783189279 -5.7902685318128002123 -5.9488135228011493894 1.3922625079291086614 30.299479170795756033 -7.5008158796098456378 -0.20073115578460676289 1.566295319743803871 32.657307183362277669 -9.5300373807893699052 4.9298543042099272071 0 
0.59146832577905661399 -0.79694776734797978524 -0.12263554019610337087 -0.80300906099179281128 -0.59596681783894578377 0 -0.073086712644631859903 0.098477449977094233535 -0.99245177428468034364 0.18837324218704287748 0.54210888225035214205 0.81892214612453551048 0.98174189206036843736 -0.081504929433337550138 -0.17187147480543132905 -0.026426861366214499105 0.83634616413500706411 -0.54756434757477634445 7.9655597698953952701 -16.124316961471041765 10.294887297417977479 0 11.514369724569736064 -20.942371327421799521 9.8563670215501861804 -0.0063815211590051920676 16.602433663183870038 -24.002235460385993093 10.721732450868080022 -0.012763042318010384135 22.213789598326272312 -24.057538975809176662 12.84529221997420656 -0.019144563477015576203 26.577109898802124377 -20.912667339978384007 15.50444786208581327 -0.02552608463602076827 28.542663382467377886 -15.716261822519026481 17.770264101242798205 -0.031907605795025960338 28.282291144155561113 -9.8834283696610807368 19.152390179100361678 -0.038289126954031152406 26.757234635156773805 -4.1054658854431451687 19.690338942788216059 -0.044670648113036344473 25.058854728136036982 1.6490961487659516749 19.666649235562264408 -0.051052169272041536541 24.256273506768863513 7.5895264538074522775 19.407568658661205063 -0.057433688426003812189 25.386512959891121 13.479977806169664234 19.249007490463927894 0 
0.014469294295010353552 0.0027671198163496226255 0.99989148539755379197 0.18783678962993052841 -0.98220025476555516963 -8.6736173798840354721e-19 0.98209367169538641651 0.1878164065953791817 -0.014731511445661439261 0.82236908945321940401 0.49235792854356141834 -0.28511883647380575901 -0.46976664859135169872 0.30487543974392367074 -0.82847465990952251502 -0.32098033675465614811 0.81525127196542501729 0.48201347177814912737 23.109551443938737947 8.9120794632293769411 -22.501556055943279233 0 23.196367209708800061 10.039100201008960056 -16.6089940257709614 0.25601593680508288875 21.957327379003071854 10.081911298290288315 -10.738478928429641357 0.5120318736101657775 20.663469590109578178 7.05708595355224233 -5.7208735577249116844 0.76804781041524861074 21.535212880937958602 1.5739302652742224176 -3.4459961251219914935 1.024063747220331555 25.39095967377869556 -2.9037649654837593971 -4.4868909758502866225 1.2800796840254144993 30.811451820630669118 -3.9180311997753878295 -6.8511094285389511072 1.5360956208304972215 36.405308108899895103 -2.3362393336064939398 -8.3366081052193923284 1.7921115576355801657 42.129541814398365318 -0.54560275995203744159 -8.5002208982563125517 2.04812749444066311 48.127887495785834915 -0.67283629043671888681 -8.5607183580100922882 2.3041434356348853285 53.062102032505144678 -3.4914361819848305224 -10.486600378538030398 0 
0.076969081541190434437 0.12875988419348660674 -0.98868430386508387997 0.85833538370553319474 -0.51308904595506088508 0 -0.50728308622087969759 -0.84862272132167526628 -0.15001115722110303086 0.90858272871140743909 -0.25895576740519854475 0.32774889109639770979 -0.2559778116302635631 -0.96522804375256654463 -0.05301116398058280943 0.33007996764468328088 -0.035731415885455530823 -0.94327646047089785952 -4.3867760201800081177 6.3887269143621381318 -6.42486071336119835 0 -3.9249615309328653723 11.538739216595336856 -9.4685592306864769796 -0.087826440198491007028 -0.28429516826826006781 15.349443541686110137 -12.336304160524781182 -0.17565288039698201406 5.2923180321978726681 16.967526195637525177 -13.847300883106983704 -0.26347932059547302108 11.270928808449452774 16.543225945964987744 -13.57130921905339882 -0.35130576079396402811 16.71356170265336516 14.802105167183279733 -11.742027919954603377 -0.43913220099245503514 21.428817318904492595 12.478626050109381751 -8.8493060273991250853 -0.52695864119094604217 25.691931614664419214 10.070170843303248631 -5.3815649305040489381 -0.6147850813894371047 29.962716646554827804 7.847063653780878667 -1.801310768448636912 -0.70261152158792805622 34.697327564193322758 5.9376834303565129147 1.3511008930643315651 -0.7904379617864163432 40.148823936461766948 4.4018165605749057789 3.33158069893240949 0 
0.066604752962847818543 -0.19524281762661996331 -0.97849069952042788678 -0.94644398760832237905 -0.32286805094350379264 -1.3877787807814456755e-17 -0.31592338502050709703 0.92608663949177105756 -0.20629093763911088288 0.96622128183151134717 0.17711668152606652171 0.18720607805588168615 -0.026095686461447276105 -0.65543671927799485033 0.75479912703328222445 0.2563892542287550258 -0.73418825116402719466 -0.62867492567202820641 -8.0549041129222977986 20.107770373091355509 10.932900898761550579 0 -7.6552755951452109429 14.429106447441421679 9.0373605886385082187 0.15138901959861950086 -7.093962932826748613 9.1658900747750564619 6.2118422782714972641 0.30277803919723900172 -5.199956148507347109 4.830095230124008765 2.5221821432958746456 0.45416705879585850258 -1.307445352968002128 2.0431924831283909683 -1.0946437344927166802 0.60555607839447800345 4.2034349560947097402 1.0912146648503406876 -3.2680779879360266627 0.75694509799309750431 10.187631533455871136 1.5190191241749748663 -3.1886182065101369432 0.90833411759171700517 15.754144272225161671 2.3985609093944262327 -1.1294043166125393718 1.059723137190336395 20.880957989828033305 2.9685410644519873991 1.9350645553732384041 1.2111121567889560069 26.133168867497829524 3.0013664890755675785 4.8356148931802955815 1.3625011771322985688 31.930496558486893832 2.8447923703068753731 6.3739504185528348401 0 
-0.52577592219109858807 0.22756466448625672916 0.81961820570394672281 -0.39720832215189300074 -0.9177284722690464136 -2.7755575615628913511e-17 0.75218696376458016317 -0.32555917229280983971 0.5729101123899305037 0.21838764182779213385 -0.44788738293344443342 0.86700849482915998134 0.34996614122371949573 -0.79341069309033918078 -0.49801924871121822092 0.91095034875336367008 0.41218486665443831996 -0.016525671156945309637 20.280943503029394748 -11.560116357549992117 -10.040428809469135629 0 17.126287969882802997 -13.943366290461350232 -5.5273070268816546502 0.24957494738326582717 13.763027016521936829 -18.176062722904521962 -2.9248549772981511374 0.49914989476653165434 11.694814497381457841 -23.805372984144778314 -2.7421996779885779993 0.74872484214979750927 12.335835513023514665 -29.460556932775606498 -4.6416697526814294505 0.99829978953306330869 16.043599365112974908 -33.389862480442666026 -7.2518508058292425744 1.2478747369163292191 21.715654712172131724 -34.560763149513668679 -8.8192626097489696946 1.4974496842995950185 27.544714780411581501 -33.26783225734880034 -8.2273264400970731458 1.747024631682860818 32.154433580658846381 -30.673435773051327402 -5.3954367062070245353 1.9965995790661266174 35.05160946594800464 -27.954948189805556069 -0.89919415535067681589 2.2461745266775441365 36.361935316914760108 -25.855151342463244646 4.5665079371695078692 0 
-0.26088419092772868746 -0.88592682511439790893 0.38350110751692406685 0.95927239293648858265 -0.28248270062059205321 -1.3877787807814456755e-17 0.10833242854236874164 0.3678820251015533227 0.92354041629659744395 0.73449294276685872518 -0.52494065893703534265 -0.43006676414300015754 -0.67369757427859511267 -0.64021025157331912236 -0.3691373893167199105 -0.081557926879097616957 0.56086374314549725106 -0.8238811602336867379 16.919718970517436674 7.2401931400887349355 2.8402540090874879297 0 15.354413824951064882 12.995827497707665543 3.4902485803417002685 0.093631953303233816932 15.581772063028399344 18.451558523684639113 5.9768742465566333522 0.18726390660646763386 18.609362923705699444 21.847738583704430226 9.8883515352952660038 0.2808958599097014508 23.625648490231370147 21.486682602161973676 13.160433088882639296 0.37452781321293526773 28.380888626399553232 17.899797966428856455 13.882894061775322925 0.46815976651616908466 31.5416855448107043 13.160899126526912184 11.99816579866888766 0.56179171981940290159 33.529890228505379923 8.6347474803222272755 8.5980197119092984792 0.65542367312263671852 35.546407687187731028 4.4412770323008290418 4.8100832102746666763 0.74905562642587053546 38.66554882508150115 0.2539827945148127597 1.8541526653802358204 0.84268758033927082529 43.072506481682651724 -3.7882026511567650218 1.3648051041056503685 0 
0.23648232521201367762 0.94005028697348125277 -0.24572661195604114659 0.96978468757433766712 -0.24396241461820364349 0 -0.059948057588746106461 -0.23830190560448985537 -0.96933917292999416393 0.54394324546775829621 -0.5719858015419201358 0.61396904526567874782 -0.6567845094565881725 -0.74560255707071609876 -0.11274278259595205132 0.52226416098356853723 -0.34191968314804077611 -0.78123688880394781542 8.9296414663937007106 -12.769821012796903403 -3.9741919865078614293 0 10.348535417665782887 -6.9511128873508774006 -4.3338803320403380681 -0.059703755671049796305 9.9870123132028005841 -1.0471068459765300318 -5.3398730737514723543 -0.11940751134209959261 9.9297560653671332886 4.8469548990389057508 -6.4609469981122433779 -0.17911126701314938892 12.043089686434340635 10.450386177685803801 -6.8288442463168390617 -0.23881502268419918522 16.732430060325860666 13.97388174281525508 -5.5659325846626419576 -0.29851877835524898153 22.038282226016914223 13.689247266068742093 -2.7790348254877716982 -0.35822253402629877783 25.66532009214871124 10.204193022390109391 0.49189277671451675511 -0.41792628969734857414 27.47294945385910836 5.4135286514151426118 3.6195213151714726862 -0.47763004536839837044 29.078749113980208563 0.56089138747456157574 6.7617061494348185136 -0.53733380103945038719 32.342408586786767444 -3.3798156692649881094 9.8952911153361942098 0 
-0.8640763025141542375 0.47188827441821307174 0.17519589007756089516 -0.47930134300483401288 -0.87765039884555540173 -1.3877787807814456755e-17 0.15376074280267337802 -0.083971625403102254093 0.98453359521142336241 0.98778373582018474952 0.066254069653351926883 -0.14104499106132220576 -0.090006292390999442787 0.98144201981686995939 -0.16932344512148544968 0.12720911358525202606 0.17994988188979629817 0.97541574799092845005 8.0738989172619142209 -20.064573282253665099 6.68283065046719571 0 2.8894411021769883519 -22.940381340282669953 7.6053951072832362001 0.051955118473978163796 -1.0209759062753578363 -27.454181332978631502 8.1835373440611913765 0.10391023694795632759 -1.945752426288912984 -33.368563837430478713 8.5895767252377979162 0.15586535542193449833 1.0158836136125812821 -38.56999262312415766 9.0065306249856984522 0.20782047389591265518 6.5511428822777562075 -40.814508771056331682 9.5749073401392674754 0.25977559236989083979 12.422197971765296387 -39.862560075323365538 10.365164144535826907 0.31173071084386899665 17.625608555057283411 -37.064861902650115155 11.412734302714275358 0.36368582931784715351 22.587108288758113162 -33.948164325108621142 12.704909446661124761 0.41564094779182531036 28.080739848161133665 -31.932225549505591999 14.030051881539781888 0.46759606758827521045 34.00744226308223972 -32.472263303851576666 14.793306563051315194 0 
0.39237191317871583651 -0.80664000595341489586 0.44201378094347865133 -0.89925594049805224195 -0.43742285431715016708 0 0.19334692970781236498 -0.39748351829542816205 -0.89700825941350759152 0.15472490609275824092 0.53273768502355323129 -0.83201608301182061744 0.86512712815289249946 -0.47974234070612975511 -0.14629538156665733428 -0.47709040607469388462 -0.69716414529832915203 -0.53511391211772263432 -14.365521335228679689 -0.13373428271592616157 -9.5352061233664642259 0 -12.011289856156384559 -5.5292699257042396965 -8.375124545119589925 -0.02929130046935802395 -10.068943332920566647 -11.063044890118376884 -7.1083724510331958157 -0.0585826009387160479 -6.6213127695454856436 -15.946902061398974482 -6.5967206642686759821 -0.087873901408074078789 -1.2333478018414238964 -18.324056016793800694 -7.745152196031439118 -0.1171652018774320958 3.7956975203346052794 -16.509844323780473729 -10.468609388827799123 -0.14645650234679011281 5.6649271943255339323 -11.607829956230323987 -13.37999552770352274 -0.17574780281614815758 4.3149774257840318725 -6.152523717333064468 -15.481729233679097035 -0.20503910328550617459 1.6279526880212915607 -1.0446766562275184853 -17.121804277133819028 -0.2343304037548641916 -0.30684923604161395971 4.2379382520570665349 -19.20759002820362582 -0.26362170547324698111 0.62150020051493770623 9.4287010209744206435 -22.070132464651791793 0 
-0.66603383582116981732 -0.67954002278314484808 -0.30761060933788059168 0.71416838413767891325 -0.69997394172795923684 -5.5511151231257827021e-17 -0.21531941073557564481 -0.2196857718144410998 0.95151232941185681646 0.34647516306774506223 -0.3934111421370219408 0.85157655828446954249 -0.91658646928454068359 0.051142751721383286623 0.39655222010583168757 -0.1995600303208998616 -0.91793904600948772465 -0.3428756365061721989 19.825302183307044857 11.946368540078690756 21.789141010491601236 0 15.829099168380025731 16.231378844904764236 20.497224546078147256 0.23491557856328468268 16.716215218141510235 20.615964476433628505 16.498670563193059024 0.46983115712656936536 20.064218064616859749 22.609656760052409652 11.936207629838762045 0.70474673568985402028 23.593956568210145974 23.869553403975107386 7.250740039204571552 0.93966231425313873071 26.586250203141048587 26.990964615100590862 3.0910560544033032215 1.1745778928164234411 28.304707612765628966 32.699727508821020194 2.4150898166464402905 1.4094934713797080406 28.072046742063754721 36.402396877579690226 7.1306076529927935326 1.644409049942992862 27.226141680768016329 33.860455571169730149 12.499311316079547041 1.8793246285062774614 27.699669307439357624 28.064867757367888856 13.978139915528753789 2.1142402004053444386 29.778520285845836213 22.565348941660644755 12.780779733603353066 0 
0.092396983429128290433 -0.011293324985523005635 -0.99565820353370726448 -0.12132324413463614621 -0.99261305171383262813 -1.7347234759768070944e-18 -0.98830332787350516632 0.12079648330197322037 -0.093084594515049842722 0.43860462029539021289 -0.1230747269500538088 -0.89021267045673246887 -0.48071590942594788487 0.80481547114905205298 -0.34811531397500111717 0.75930112701109597761 0.58062437856612580944 0.29383180483803983396 13.812893616823934906 3.8756093959343216326 2.2851694178751187359 0 14.367275517398704565 3.1476699311265048387 -3.644650549365911818 0.073097178309586535727 14.754444798121172155 0.21594614191695424288 -8.8652918482732445682 0.14619435661917307145 14.587305287290902811 -3.0110244486211206194 -13.920855634025755876 0.21929153492875960718 13.843193558474331084 -4.6763624799823961808 -19.636881086772472571 0.29238871323834614291 13.009273116034368201 -2.7716490516831222557 -25.265081816318964769 0.36548589154793265088 13.076520608803246404 2.6880994659777970313 -27.752374300010036023 0.43858306985751921436 14.515367006378022907 7.9308510092931978619 -25.214013155498200547 0.51168024816710577785 16.702439340491380904 9.543224801710783467 -19.864530436663979884 0.58477742647669228582 19.045857639814691709 7.8977391950080892968 -14.591887068425016594 0.6578746037844883654 21.677485361587031321 5.0134437384524073167 -10.036080306358437397 0 
