11
-0.30891363083310507953 0.087768018114175852529 -0.94703175431546005036 -0.27330147764636986141 -0.96192842889495211445 0 -0.91097676754230061391 0.25882517783244929355 0.32113993261222162356 0.36528607020971526342 -0.71139605360867019801 -0.60040131730431189894 0.92312601313899367295 0.35997906560457931802 0.13510527818172102243 0.1200185434707867066 -0.60359815045812104106 0.78820354096304745539 4.932123045657540672 5.8631679212425353853 -7.0714303393776347662 0 3.0786412606589101948 4.2233590553643161059 -12.53729094463143845 -0.23943675514579590424 3.9595934586962946433 0.062217052223316512971 -16.769158199097734752 -0.47887351029159180849 7.3514292787378501259 -4.4017402150404976169 -18.906573838885616823 -0.71831026543738774048 12.292061222632659323 -7.785495695049067244 -19.281257346926164331 -0.95774702058318361697 17.935848134220371719 -9.6839246178205442561 -18.543920351632749544 -1.1971837757289796045 23.756911355105625461 -10.141902779168093574 -17.163521220297585756 -1.436620530874775481 29.412308516694572802 -9.2205059826524351507 -15.383764475950323813 -1.6760572860205713575 34.541724487956933842 -6.820786726976908021 -13.401223196502510149 -1.9154940411663672339 38.594696489481393087 -2.7678529935792210992 -11.627214880248850193 -2.1549307963840362845 40.786412910739684889 2.7709030852547398283 -10.907103619424136198 0 
-0.7030040505156837094 0.66269755898666049543 -0.25810317756987011251 -0.6859389839058881444 -0.7276590618951690459 2.7755575615628913511e-17 -0.18781111606265393776 0.17704303136515781025 0.96611735815496868618 0.53542759776429194041 0.5722581483446074202 0.62115851375116837296 -0.14491303041324229972 -0.6623097949305930543 0.73508227373229895196 0.83205618870891684402 -0.48359729857826638799 -0.27169128002016074142 1.4197960740382937761 -9.4337085885080167458 -17.469512888426816488 0 -2.7982282290558089244 -13.549342491943345834 -18.596379584802740226 0.44985544387946091449 -0.54778372649580453491 -19.109392986855361585 -18.74204371406504066 0.89971088775892182898 4.4470282451617224595 -21.420163313549775097 -16.352013425764933885 1.349566331638382799 8.8410789560164246836 -21.664177424095697688 -12.273678547168469066 1.799421775517843658 12.326881986582902684 -21.483330484325204424 -7.3934652291166162996 2.2492772193973045169 15.323074415235010903 -21.478548574948657546 -2.1951183574527552977 2.699132663276765598 18.145956920428869097 -21.74154840960156676 3.0928080745740742508 3.1489881071562262349 20.956281822650080215 -22.233863144210651797 8.371036988890248054 3.5988435510356873159 23.864966789929873414 -22.930052348058630685 13.572466842617329164 4.0486989946722840017 27.077532376515613066 -23.799530530538071105 18.564803974870844883 0 
-0.56359401078194015788 -0.3234082074048685862 0.76011112502968658511 0.49770951025359205788 -0.86734378616735907652 -2.7755575615628913511e-17 0.65927766109117913462 0.37831453577683227252 0.64979310369232456956 0.76190594702431391205 0.3572329154074271873 0.54026287308910403429 -0.34122983074130142089 -0.48759323435609791542 0.80362618201650370953 0.55051024559152950122 -0.79664137600282192153 -0.24960165772503284387 6.6292125638145016353 11.830285410409572933 -8.9787061906403380362 0 3.247648499122860688 14.816542471931125391 -5.0230402240932630065 0.1063277837007201021 3.9654483287504915801 14.588194160930454402 0.92948028896214962558 0.2126555674014402042 7.7851432968430405168 12.285457875040950881 4.9428791024689573419 0.3189833511021603063 12.804058826477030308 9.521454831278264308 6.7235562243271971283 0.4253111348028804084 18.186272288284364151 6.9176187928434504926 7.2253831760545041973 0.53163891850360056601 23.708147056104827755 4.5705550864332975536 7.2114044419147536047 0.6379667022043206126 29.31647848608039908 2.4383549401865569628 7.1928501148478583005 0.74429448590504065919 34.960478439567197029 0.44894535007954672334 7.6258888785964238366 0.8506222696057608168 40.43935062773982736 -1.5011636139701773907 9.1020410652127097251 0.9569500533327673919 45.010786309885702394 -3.5485425984179754799 12.405102538761898501 0 
0.55569055120702381956 -0.17853612957823689067 0.8119931414331384989 -0.30588698192410701537 -0.95206783071867362445 0 0.77307254872268926782 -0.24837813137605740943 -0.58366697547963342085 -0.50234695933790340927 -0.82968563056645683318 0.2434528432273980747 0.16184328752256113559 0.18635845014671170716 0.96905999728747693744 -0.84938464945385705462 0.52620555155799764169 0.040662449282979670762 28.392748184798659139 0.2645996755208613882 -28.586502462432832772 0 31.726891492040802945 -1.570722216023780593 -23.948067170096699385 0.023142632275958380933 35.787835385175249314 -5.0208000794530622812 -21.190225030446740107 0.046285264551916761866 39.956695290091538197 -8.9135056378583978898 -19.328114683799608287 0.069427896827875146268 44.153886597115509005 -12.882217854324236939 -17.705490372385860098 0.092570529103833523732 48.373237089619479434 -16.732283226594212522 -15.868622980023605606 0.1157131613797919012 52.536702771408982926 -20.132178313891714083 -13.202861353270931133 0.13885579365575029254 56.030303048827860835 -22.087305813686676004 -8.73382752331414558 0.16199842593170865612 56.527861755150489387 -20.496915212996928091 -2.9698863445217105195 0.18514105820766704746 52.609276217293874822 -16.160980864860697181 -1.611858585647400588 0.20828368050186060745 49.595194461266466135 -15.189921139725345967 -6.7081664823705517975 0 
-0.27011261469767694487 -0.21766208305949660828 0.93790318955603591 0.62745429376879269245 -0.77865339479842099468 0 0.73030150254007419885 0.58849138342638063204 0.34689711301856474002 0.58872482743317966492 -0.22340286848844739809 -0.77684891447108750384 -0.7768578570799252736 -0.42194574617325730781 -0.46739026217870627278 -0.22337176960609730902 0.87866543441598232711 -0.42196221028145886045 26.348191989672301361 17.135582897489125997 -6.1246228800117421542 0 24.727516301486240025 20.900308660101881486 -1.7428138647712971832 -0.084309967090260534706 27.798833643235109747 22.662288613811973903 3.1009900566405472766 -0.16861993418052106941 33.082695332727929838 21.152675968403180207 5.5096982803939926754 -0.25292990127078163187 37.751939224134119399 17.40196727717407299 5.1486639383761341193 -0.33723986836104213882 40.910063412907540226 12.70744936292927818 3.1517279952066830084 -0.42154983545130264577 42.880360690654555356 7.6898449824309169642 0.51704112233022092582 -0.50585980254156326374 44.270461779354931764 2.523831267400199696 -2.1995599266479466394 -0.59016976963182377069 45.701510344209459902 -2.7416425490432856371 -4.6949327431578558034 -0.67447973672208427764 47.833284054691034726 -7.9629953648433957625 -6.7426180861722375681 -0.75878970432522629963 51.365633019290122263 -12.624142507322947182 -8.0828487038087999395 0 
0.75485979337351005736 0.59598250584531375917 0.27384584180601001524 0.61967027034765176374 -0.78486225291274425153 -2.7755575615628913511e-17 0.21493126435065190716 0.16969412682551052174 -0.96177359858001820747 -0.22996842085314808668 -0.7888916403749750561 -0.56988113248009053535 -0.82213881111140962865 0.47083012735721319064 -0.32001057238333202593 0.52077087156889545483 0.39492907074469840722 -0.75685449619203704064 23.560076778932675268 6.6294870917713577541 -10.580439955596368407 0 28.08923553917373539 10.347508713857267892 -9.2908523694924571856 0.30728690300853572781 33.820886682314274196 12.121494528819564351 -9.2569480681410336587 0.61457380601707145562 39.316262905662753724 14.471415393776483782 -9.784879969354825846 0.92186070902560723894 43.443141811913015715 18.615157845574859863 -8.4438844487285944496 1.2291476120341429112 44.433328399185732849 22.207400072296707094 -3.7411909325598164955 1.5364345150426785835 42.494099251885693036 21.613015480139850411 1.905586668066996614 1.8437214180512144779 40.504501385656119794 17.046470449100556976 5.2504583861172928749 2.1510083210597499281 40.227799420896346305 11.215596248740490992 6.6376649613230060964 2.4582952240682858225 40.686628479662338975 5.4882637355272159141 8.3659988925768793422 2.7655821270768230491 39.306817954543447513 0.55543086885876036263 11.490624121990254736 0 
0.86630640011987258831 -0.29054366409538223692 0.40632204021610374145 -0.31797542359711983284 -0.94809895579956859901 0 0.38523350204723821877 -0.12920042285456154185 -0.91372993802032298483 0.62657313335814535105 -0.77722569541149755246 -0.057674317905546196306 0.62676257251655287384 0.45852402198485392448 0.63001936395262159163 -0.46322217805950138825 -0.43090131080671745245 0.77443480945710629904 -4.2258953295326193711 -2.8212587277702425581 16.634669828797626678 0 0.97194307118661615874 -4.7291112693529617772 18.946070841081056102 -0.25826723851952837485 6.5720547678539622538 -2.7060106499382938772 19.684862333031002635 -0.5165344770390567497 10.145911734535754789 1.3926104564447554512 17.149344356755918284 -0.77480171555858512455 10.82171355204067531 4.3161949346734118649 11.953582073691105592 -1.0330689540781134994 9.9039906326834614703 4.1488777867400763455 6.0265432164459102893 -1.2913361925976418743 9.4854690782267194749 1.1530552140087788615 0.84485557426127910752 -1.5496034311171702491 11.145380283829485535 -3.0225700727227802211 -3.1311786628049054215 -1.807870669636698624 15.304352892659867535 -6.1145505436497202822 -6.15485252193806609 -2.0661379081562269988 20.690853934634784395 -6.0137786220853310937 -8.7959605365083977091 -2.3244051466757582602 24.450292734783655391 -2.2532031869860085216 -11.575293604865404262 0 
0.35027547209864984268 0.078235153276102212261 -0.9333736413880202587 0.2179821852660897008 -0.97595274829605360711 1.3877787807814456755e-17 -0.91092857049973352535 -0.20345882601952830493 -0.35890617933112717308 -0.70781727771130920068 -0.50043566940871830884 0.49855675921282899266 0.70634698345585000823 -0.50968604288360030985 0.49121693441134273161 0.0082849463590200338181 0.6998458962322382515 0.7142458128618768276 8.5536562568199929757 -11.351889991554145354 -6.1709380774490281141 0 10.655309089411892032 -10.043996879957607149 -11.636509500447429488 -0.1522259639129614206 15.10449595431990133 -12.685045755062077433 -14.674527352088704291 -0.3044519278259228412 19.67150883248924842 -16.576372185277552518 -14.676028886197736156 -0.45667789173888428955 23.955846423942414702 -20.474339064510093777 -13.110679489944226717 -0.6089038556518456824 28.059828515534778859 -24.370011513788575996 -11.115416332678819344 -0.76112981956480707524 31.83094824146406765 -28.748262091726555667 -9.4999914328251957585 -0.9133557834777685791 34.326456010785825868 -34.190052424928026653 -9.1007521092184866518 -1.0655817473907298609 33.327619674696542518 -39.909154472645177236 -10.615399574452785814 -1.2178077113036913648 28.09226832315357214 -41.751693847457154618 -12.894878619880412174 -1.3700336745997099275 23.845364656885713828 -37.513611946722058121 -12.845168941726297973 0 
0.16069059505384450381 0.83670560148691819347 -0.52354777155638432262 0.98205306868230524131 -0.18860479922755768456 0 -0.098743622340427453232 -0.5141516956587297571 -0.85199632094178912034 0.7787266587946855001 -0.56242294595133968116 0.27796622231825157678 -0.62589277988821667709 -0.66616243428903398893 0.40556853825945182734 -0.042930396763406701577 -0.48980408431282473902 -0.8707749077828392803 9.971730545344115626 -4.2902311552093408409 7.5848046525734105217 0 10.935874115667182593 1.602087256884490607 6.9923429185308458855 -0.32839241875256219849 10.384623531461755874 5.9584949336627452965 2.9035980075328966521 -0.65678483750512439698 10.314323010881498277 5.4433417904014307354 -3.0738324668344381152 -0.98517725625768659548 12.54386924805957193 0.71987845105266234924 -6.0264614069860940049 -1.313569675010248794 16.569670330003503977 -3.3034964238266026904 -4.1276775159506966517 -1.6419620937628109925 21.065726850808545123 -3.8714658200255023246 -0.19538981961906048967 -1.970354512515373191 25.798035209637063758 -1.9177595088629251219 2.9332343583048667846 -2.2987469312679351674 31.198564733988877862 0.36186076848405518414 4.2129266055722522921 -2.6271393500204975879 37.190105557083057874 0.50226026393433365058 3.9270463270164515102 -2.9555317685601929512 41.862465509851176648 -3.2530964153949701867 3.6694639464360063741 0 
-0.10943139212880304001 -0.0045910788137936862571 0.99398374856537663469 0.041917073285631302471 -0.99912109324504172481 -8.6736173798840354721e-19 0.99311012953444344209 0.041664889633341424535 0.10952765672615444315 0.82630091585179943348 -0.56146587290587124386 -0.044529428746893848223 -0.32191063988662099726 -0.5356649481830141335 0.78066420643953882141 -0.46216916425726889406 -0.6307290518520114464 -0.62336227569496061029 13.831524457662071725 -0.98307101611528080465 -10.659926822861068629 0 13.174936104889253485 -0.73156857640149297595 -4.7012660456544077547 -0.44708344265863014799 16.668299718309601332 3.3146092732723397845 -1.9764072468780269354 -0.89416688531726029598 21.73001133886261016 5.5451080724424279822 -4.3010471280817608175 -1.3412503279758904995 26.119206430002670061 4.2835140203650050594 -8.1924924764940989519 -1.788333770634520592 29.932286234397416536 0.95602734970442393436 -11.415574055029482636 -2.2354172132931506844 33.722542103727413121 -3.1117113843417074648 -13.671114353173262401 -2.682500655951780999 37.795011578828287213 -7.2207956940326250006 -15.26184327735350621 -3.1295840986104108694 42.288950833096890847 -10.972885123477226443 -16.575743917582425269 -3.5766675412690411839 47.2229858038753747 -14.000312788947715248 -18.153711062772234897 -4.0237509854009649857 52.180791298986179072 -15.931776628267421358 -20.926726048315853035 0 
-0.92713031901904241483 -0.24168024734094806227 -0.28639139233026339459 0.25224615446191828161 -0.96766310126984500517 1.3877787807814456755e-17 -0.2771303828792914814 -0.072241127386303449764 0.95811271278442677879 0.78445674540704224409 0.29804690014451151736 -0.54387099564109742111 -0.28362300163656017915 0.95228146834402049858 0.11277410159794837297 0.55153024171667930364 0.065787919581063059038 0.83155657781604808143 11.607013330854822897 1.2980512776528654317 11.322230362998123354 0 6.0442314167405681857 2.8115282044243752324 9.6594480657223744657 -0.086753443422741993718 0.54045073046695146779 1.4231420034519817186 7.7150247799247440028 -0.17350688684548398744 -1.4330241428161070161 -4.060141419745986191 6.2870892682843502186 -0.26026033026822598115 2.8359819159950490075 -8.2599929891217165334 6.6570001562676468509 -0.34701377369096797487 8.3147388800298234202 -6.2348548655014299769 8.0288739512287747857 -0.43376721711370996859 10.54979132576476708 -0.72333574596841176962 8.8211476159661721397 -0.52052066053645196231 10.881057490530828602 5.2646621693204105341 9.0059277409201463627 -0.60727410395919401154 11.948792665091858112 11.144558555715159187 9.5414275843068239169 -0.69402754738193594974 15.777770773851365504 15.208574082382943615 11.737493507795786485 -0.78078099377622478539 20.484511246293617859 13.506836072563579876 15.046674958095861641 0 
0.31924485796507529045 -0.14166482822116366336 0.93702390423506654038 -0.40560815932600036149 -0.91404705627673998869 2.7755575615628913511e-17 0.85648394132700034209 -0.38006454104124798299 -0.34926523287048327759 0.61429565488427484432 -0.7784772639629657931 -0.12889529814169159438 0.23323473711246742179 0.02308349982004677392 0.97214644444144138191 -0.7538185496486395909 -0.62724819770868478486 0.19574803364741172329 9.3780300978264961032 12.486483368466934962 1.3731943635143863958 0 11.293499245616947846 10.052834412510932793 6.5120980114763886704 -0.26057923028423524148 15.784137447192392756 6.6955664002220238729 8.648197268597995091 -0.52115846056847048295 19.989164446570740097 2.4192436000816734953 8.4726659506921322418 -0.78173769085270572443 22.866632093515107726 -2.8449428835524552817 8.3803588199212271093 -1.0423169211369409659 24.517292173443895109 -8.0912434087272995242 10.778619043547534417 -1.3028961514211760964 25.593718004424129475 -10.395906928488203746 16.212754990643521325 -1.5634753817054114489 26.958693036515896324 -7.5439403805332965192 21.312081413987392864 -1.8240546119896468014 29.074675386301763069 -1.973583301758671027 22.014748270159657295 -2.0846338422738819318 31.928167155548152323 2.0828143276053796562 18.637882492437572779 -2.3452130741727850172 35.613941084853806274 3.4822227502801830212 14.114971194545738342 0 
0.70082340219211181065 -0.066916001758175081005 0.71018927593182745728 -0.095049682070800195488 -0.99547252997671409336 6.9388939039072283776e-18 0.7069739152741868482 -0.06750326488741202613 -0.70401078993963339681 0.41977275485907056263 -0.10373928664449941217 0.90168120457538536439 -0.81231213886457487305 -0.48611824514193879843 0.32223910500338454055 0.40489482996364256628 -0.86771378469320925575 -0.28832787676896698414 5.4516087281285248167 14.597338914352206984 -19.86138836900841298 0 9.6565491412811965688 14.027040821927405645 -15.619544877363292557 0.026047251271410800516 13.924669657295698499 15.730110421111971775 -11.761736748954927378 0.052094502542821601032 17.848804682135039457 17.917145847294943195 -7.7845380018737646566 0.078141753814232398079 21.502215251044592748 18.622278557946277289 -3.0775905280593147673 0.10418900508564320206 24.416021459649019931 16.420280629660897631 1.6827475379942382627 0.13023625635705399217 25.936569461156924632 11.591088162681979057 4.9024891160433732296 0.15628350762846479616 26.254889764492865822 5.6954295032989792347 5.9701466520808805782 0.18233075889987560014 26.394006880110140401 -0.30246719395568461008 5.8929824609944407854 0.20837801017128640413 27.474347939001773966 -6.1842922548492511581 6.3797671293668489767 0.23442526144267808452 29.992984468156194566 -11.058165088036695067 8.8091361091487101476 0 
0.98353372571646946465 0.12146001381484010373 -0.13382404650278570402 0.12256244978325364636 -0.99246080320742524616 3.4694469519536141888e-18 -0.13281512068062248377 -0.016401802979289472478 -0.99100510825001331128 -0.93387684004359805545 -0.30888846807913439285 0.18017203422815070146 -0.24662596513776827156 0.19150873911730686983 -0.95000001903240205436 0.25893953145483350475 -0.93161811764768953648 -0.25502549268754748368 10.513631144409810503 -8.3617076990622241084 15.760464346094050114 0 16.414833498708627957 -7.6263330003627025633 14.963573622010315489 -0.0070956976146644328354 21.165011187345044164 -4.9222517782274275433 12.488950484596267998 -0.014191395229328865671 26.030356042506372916 -2.4047354247614984857 10.041386701917417668 -0.021287092843993299374 31.994160295321179888 -2.2232909821270552264 9.408860583924250065 -0.028382790458657731342 36.202894611027829797 -5.649400521643712203 11.967807414778992126 -0.03547848807332216331 34.873769401416033986 -10.033380848909265737 15.84260091632218348 -0.042574185687986598747 29.540000764519234622 -11.842209724344206379 17.9111814023164726 -0.049669883302651027246 23.566491686977776965 -11.29449799630727469 18.042473944659509044 -0.056765580917315462683 17.606598754857124334 -10.60385736887044672 17.990559480590448516 -0.063861278531979898121 12.003337714595526009 -12.083613159697037531 19.544196669319422455 0 
0.91709270280276822263 0.18188321892990214068 -0.35476678133332995024 0.19453690535073656087 -0.98089519952773684963 0 -0.34798903276176962329 -0.069015231761827486312 -0.93495482824700648639 -0.94982928945406353005 0.0077438004018798092809 0.31267291927911589067 0.11907894109294162033 0.93335819436925182568 0.33861879273299855253 -0.28921363502326880024 0.35886280743357273915 -0.88745307411576557222 36.16325900140152072 -3.7399996092930734015 -0.90535094861818943279 0 41.66581521821812828 -2.5727781771886539808 -2.9932851451888069505 0.04834677703701836804 46.930354560184476043 0.20976723298050181654 -3.7295368394045711469 0.096693554074036736079 52.621127505598913388 2.0217346875367767645 -4.3056247036853747545 0.14504033111105510412 58.158423923385647925 0.41677006897487700599 -5.9676827516303907473 0.19338710814807347216 59.840056688746969371 -4.7076073500192627819 -8.5969159687850460472 0.2417338851850918402 55.885931849081465828 -8.8847813118328016202 -10.304579414873641596 0.29008066222211020824 49.886216389230639834 -8.8645918770602865067 -10.249745232502846193 0.33842743925912854852 44.641232317585362921 -6.0351802903336855266 -9.5536330568525436036 0.38677421629614694432 39.516237681420960826 -2.9154166050000664967 -9.5924212890874596127 0.43512099333316794914 33.817261944696582532 -2.2009429584424267112 -11.32770309922707419 0 
-0.097986074030507921973 0.057538324308851494793 0.99352305988930988967 -0.50636261875905097529 -0.86232064704695310375 -6.9388939039072283776e-18 0.85673544785981836647 -0.50308293840305662314 0.11363067133561584321 -0.56977116359651136523 -0.80867349780808983617 -0.14631471244105143104 0.77810594714796066373 -0.58813905500203655929 0.22055291200590959599 -0.26440869151155316219 0.011816341402580171627 0.96433833167048033097 24.581389306328517819 -14.821522412248185674 -1.5201555658449876773 0 23.993472862145470259 -17.859698124802491748 3.6202571213139229656 0.33939712071324373843 27.629342947873862357 -17.55447440648105939 8.3833745040962650563 0.67879424142648747686 31.481411893580453665 -13.093659937193958598 9.5070733555409905335 1.0181913621397311598 31.801041577044408371 -7.4435296825379602126 7.5136178202744163812 1.3575884828529749537 28.696335505267079213 -2.9130139190569437346 5.0979963423162786285 1.6969856035662187477 23.912288359850350616 0.46553776170074062657 3.7948150614136966219 2.0363827242794623196 18.744447632272141391 3.5126909493243276827 3.7038223938717229622 2.3757798449927061135 13.862449070428048969 6.961160115916417368 4.2274161765141595737 2.7151769657059499075 9.6059644316698413746 11.18753939425226207 4.3690365146322722723 3.0545740878355687187 6.1873374500907614149 15.85617507714001917 2.7825843655629496354 0 
0.35389379561809214403 0.30382134576261138337 -0.88456303974449213001 0.65138913037567924835 -0.75874383083384366877 0 -0.67115674938976521702 -0.57619474922163227415 -0.46642065640147656325 -0.73482605073569062792 0.63129087483778367762 0.24799698890658661288 -0.53911162594453732044 -0.76550526096702664614 0.35122692123930543406 0.41156935008771577955 0.12439263152755503095 0.90284945771154168082 3.8733742086356013345 6.0716454907074925984 -7.337941192860756523 0 5.9967369823441547538 9.9799802729615691987 -11.364881689199346937 -0.027783209196471994606 7.7410369549946462797 13.511461317420392803 -15.891036802391319327 -0.055566418392943989213 10.220283199561663423 17.194074254514358557 -19.927338096036670834 -0.083349627589415983819 14.124246617837275863 21.194148391333371251 -22.108728217224904 -0.11113283678588797843 18.859092143447348633 24.67539703308059984 -20.899571275078152155 -0.13891604598235995915 22.360490576379422833 26.159864943323025699 -16.258833829586475161 -0.16669925517883196764 22.878513344865652357 25.083292751957145583 -10.378989627165129406 -0.19448246437530397612 20.57701484727045127 22.336089908941151094 -5.5669242577789619375 -0.22226567357177595685 16.707544125319547135 19.069776097337150844 -2.3484717389876452742 -0.25004888681157916297 12.298587820905403589 15.835106341669927588 0.12094436153865073535 0 
0.19274770262469331783 0.078616688516024282873 0.97809393179779902106 0.37766703047119420944 -0.92594147444375252132 1.3877787807814456755e-17 0.90565773735334076378 0.36939383074396942019 -0.20816402326128019551 0.58722038772548978969 0.80461376651053062581 -0.088141380640785971234 -0.63902487681423048027 0.39400419995906421633 -0.6606117598311243011 -0.49680924211621013686 0.44424922865026506003 0.74553551209285895407 33.006931697696181516 14.895960751005333123 -14.116530581543536016 0 34.163417913444341423 17.161962933832498379 -8.6825841574234914333 0.26171650909640242766 35.737898334983995596 14.188333429628748661 -3.7148342669796767801 0.52343301819280485532 37.777079779043688745 8.6543392408035213492 -2.6118168798540191133 0.78514952728920728298 40.287398624768940181 3.7377470419989715644 -4.9624381686762566446 1.0468660363856097106 43.336775352569972597 0.42909208782832203299 -8.9315821527351779707 1.3085825454820121383 46.959773788209915324 -1.6486171128861712987 -13.239366596346327398 1.570299054578414566 51.098912770388444926 -3.1942944693021528835 -17.298727382981798684 1.8320155636748169936 55.573000744806762441 -4.8982376418036155385 -20.915233219013561694 2.0937320727712194213 59.983161688719469851 -7.4110791766876307207 -24.114625080471508767 2.3554485793732173882 63.506484015072409477 -11.245228437573015157 -27.095480533168768034 0 
-0.1516818917270586764 -0.94136515003887233366 0.30137063230247340684 0.98726603584475713937 -0.15907788805292250034 0 0.047941403707851534821 0.29753298947329098745 0.95350707495309505735 0.74127101423056396268 -0.40089498709627569006 0.53833121104266978829 -0.60151150165994460295 -0.04089178943407889566 0.79781688057327859731 -0.29782746151486649833 -0.91521094337751252024 -0.27145484392372731808 10.630525399467369851 9.8715531824107358716 -9.8540216526923529727 0 9.7204340491050178485 15.795149397479278264 -9.5663732304452437916 -0.096662953668741280477 11.972589715840305402 20.437136690098480329 -12.629010791103855382 -0.19332590733748256095 16.214517953453650989 21.404100286650795226 -16.760720634483771363 -0.28998886100622384143 20.761079018076756597 19.103826027666986676 -19.928925302605776437 -0.38665181467496512191 24.853556350507869155 15.03473105859061576 -21.570295284107505296 -0.48331476834370640239 28.521841060745224183 10.306329419547841653 -22.001462565492040824 -0.57997772201244768286 32.067212987478278308 5.4713687389639344971 -21.770176771849708786 -0.67664067568118890783 35.804231000379814986 0.78691827946034764718 -21.469144774038657175 -0.77330362934993024382 39.943725181983126049 -3.5447389048573225701 -21.78747555282037851 -0.86996658048813668707 44.391351267366509603 -7.1538079148169808619 -23.574440321909584384 0 
0.41141862577236121279 0.4151136954753023578 0.81142795995480698767 0.71026085318596376972 -0.70393857717243102368 2.7755575615628913511e-17 0.57119544360851515208 0.57632551513644747487 -0.58445244956589936791 0.84224356819689183418 0.53341119690452765134 0.078091400601132676673 -0.30558387368229711356 0.59172099115369714006 -0.74597906456777152151 -0.44412190666109774284 0.60443259644476987624 0.66137505878188762587 -1.2535489718787573565 -2.0374688063528481052 -1.491253963431830698 0 1.2149627827554096982 2.2240963127629349572 1.9359186982192602144 0.39988932761884382616 5.918437976675915202 2.427608700141964615 5.6555831734610046979 0.79977865523768765232 11.162115771427476574 -0.28964220139611035476 6.7140682810222989119 1.199667982856531534 15.895068393453989586 -3.434552301563870369 4.7882697610524083132 1.5995573104753753046 20.130776212579725382 -5.5038427277616062128 1.0765563557576747211 1.9994466380942190753 24.305024689996930221 -6.2508440857666061063 -3.1681625536542719068 2.399335965713063068 28.798520927102703837 -6.132542100033735899 -7.1423915615611210939 2.7992252933319066166 33.765958312154680243 -5.8929431384193282639 -10.499050341237955664 3.1991146209507506093 39.057704241647421384 -6.3488606081613756515 -13.290029473763034673 3.5990039487044023225 44.111165650828780826 -8.1823638502551592211 -15.95476091372961136 0 
0.82626063629965795787 -0.033306527848329707531 -0.56230244184457611745 -0.040277243713888452592 -0.9991885425878401783 3.4694469519536141888e-18 -0.56184615736026566335 0.02264799249108857479 -0.82693165612136732001 -0.22983494145481361826 -0.0518321123943072809 -0.97184840989282184065 -0.077914838377114215007 0.99635550575611586677 -0.034712881040668830401 0.9701057559086693205 0.067743178802144671247 -0.23303579999358497998 23.480071583637041499 26.203492923117906344 -40.688900016790675807 0 28.43763540143498858 25.961829460834575656 -44.059976960952269565 -0.22484128221529170455 33.440842624282183237 22.680931135893228401 -43.608730169568161728 -0.4496825644305834091 35.907064741197586955 19.302453497445405617 -39.307144727362590686 -0.67452384664587516916 35.686270112758421647 18.070251146196508074 -33.439187067525168118 -0.8993651288611668182 34.176939822188813878 19.158898471922011453 -27.735085992494628471 -1.1242064110764584672 32.574823796982229851 21.739802923846834659 -22.560904274404997238 -1.3490476932917503383 31.410619185847881596 24.896723380665957137 -17.593160233823613936 -1.5738889755070419874 30.70378415810853312 27.778721986891124374 -12.378328666334757813 -1.7987302577223336364 30.060628596868973261 29.47448854687405273 -6.6589994690015323897 -2.0235715382752474945 28.681618948140094716 29.006999516611376322 -0.83836493354951890922 0 
-0.41267574239414583914 0.86116869542835527973 0.29679489492520905181 -0.9018028027526613366 -0.43214778137512616096 0 0.12825925536539301008 -0.26765046808623527141 0.95494124968310689638 0.82143973075651965932 -0.53427709709130055682 -0.19946115476039194547 -0.56980830637720725207 -0.7544513914699984003 -0.32576309166711980847 0.023564013202205351394 0.3812493690915115252 -0.92417187570772263427 -4.0382956556756708366 27.819718198174626878 8.5172192285327525951 0 -6.5143501100405458715 22.408901381658658636 9.2867747607251107667 0.23247928584104046723 -7.4957064543032068116 16.750476992201139836 7.5491979554092747406 0.46495857168208093446 -5.6721945699644971128 11.995155807666662895 4.3771757550464451825 0.69743785752312137394 -1.1453802640478651931 9.0729232175826144413 1.73738240533126298 0.92991714336416186892 4.7059021047606837129 7.8751707460707347508 1.1647711432536136389 1.1623964292052022529 10.428650245346791081 7.3880500858532665021 2.9005324119216320256 1.3948757150462427479 15.394959454188494874 6.4505372068410951059 6.1342365486448402478 1.6273550008872832429 19.809116931950498497 4.345473523357842538 9.6104299624234972299 1.8598342867283237378 24.261231019633786588 1.0992021911957108316 11.985383260897995328 2.0923135692978580558 29.189869404172902989 -2.3196476470675397863 12.126767340111229032 0 
0.33329523906683505841 0.13371762356576352704 0.93329195901566941451 0.37234955052353357896 -0.92809256662518446745 -2.7755575615628913511e-17 0.86618132965349903252 0.34751084144671273712 -0.35911853090128048605 0.79652236204563209299 -0.59673402224310212461 -0.097265787709840678676 0.23519321891027572535 0.15760878012091339428 0.95908478363876692452 -0.55698857846446936382 -0.78680873096729553318 0.2658867133456720433 -14.386685442758384568 -31.302469715869715827 -9.1531952391803823588 0 -12.386914008357374328 -29.068372412728514576 -3.9561072612593886078 -0.18989500142293741503 -11.869536817978444176 -25.260722472057793198 0.65194251845221051767 -0.37979000284587483005 -11.991154119196540506 -19.538496770309627948 2.4523153271696305211 -0.56968500426881218957 -11.333194235567850328 -14.106490626025117052 -0.0094722428979195569254 -0.7595800056917496601 -8.9877793648373813795 -11.983934178986215713 -5.1078821139675438801 -0.94947500711468713064 -5.2273254154032091634 -13.568074184482579625 -9.5066872400474018434 -1.1393700085376243791 -0.61899329068965847078 -16.758411771348278307 -11.647953479961898893 -1.3292650099605618497 4.7275344387452875594 -19.392952081551754873 -12.336312828214628823 -1.5191600113834993202 10.570137516876169315 -20.158493694795527773 -13.466770578564592142 -1.7090550118468921248 15.349271689149960096 -18.747334381333878639 -16.808702049351410324 0 
0.046591586458831699136 0.027376754995672065301 0.99853880112750592613 0.50660679772033823109 -0.86217721641408773259 3.4694469519536141888e-18 0.86091740403757299749 0.5058665444387113741 -0.054039454501723510615 0.81285487636293463076 0.34781006662945312957 0.46722061975496581576 -0.26891099976763355173 0.93562853501452813987 -0.22866158109866266401 -0.51667574374744040799 0.060227917262545026256 0.85406016989744126811 17.204964812998611023 -6.0350145926782658989 0.99602553577997809953 0 17.48451433175160119 -2.9953738063562367344 6.1615299600054163065 0.22875074813796869577 17.080488226757243098 -1.2025394735976828731 11.873141638139532716 0.45750149627593739154 17.716072356665037546 -2.4366556919263024916 17.710349016115156218 0.68625224441390608732 20.849212421538695139 -6.3384447081536370305 21.020858917443153047 0.91500299255187478309 25.680512901290558858 -9.6996000490002192151 19.854166820485644962 1.1437537406898434789 30.161250957008299167 -9.8716218086152469624 15.867514717494469068 1.3725044888278121746 33.79284612637359686 -7.2669180145658849312 11.864136809886582924 1.6012552369657808704 37.689083762052177917 -3.8622450233741929537 8.8264511596935015803 1.8300059851037495662 42.708809178898611947 -1.9437814404190767448 6.1577709202585024784 2.058756733241718262 47.58593843707622284 -3.5572474390248762788 3.0577164577738606965 0 
-0.7412925698329059232 -0.37765106795791114624 -0.5548558342315375036 0.45393671505672261723 -0.89103392680835213913 -2.7755575615628913511e-17 -0.49439537278785095076 -0.25186943472112155451 0.8319465146385460752 -0.029055484282314192335 0.83128865188982947743 0.55508103559057908605 -0.84977086450844208088 -0.31295653597582140382 0.42420240973218048541 0.52635088739898061583 -0.45936628503755422281 0.71549798008457121679 19.392422411714068886 36.211375874332603075 7.6233946719502618805 0 14.944666992716634013 38.934996164672938335 4.6570224352231566201 -0.13564386846803397346 10.48162613314750935 41.631108623561189575 1.6884800493961313883 -0.27128773693606794692 5.0638144417687138699 41.54752677530227345 -0.888403834892613542 -0.40693160540410189263 1.2694364912154485481 37.06632189501682717 -2.1218943271959593844 -0.54257547387213589385 2.4467302502458139202 31.210332240624151012 -1.5550040577462693747 -0.67821934234016989507 7.4358689635320738276 28.096819921857910884 -0.36566140652725626081 -0.81386321080820378526 13.354071737729187319 27.46645812284954502 0.39428591239697402537 -0.94950707927623778648 19.229727051415480332 26.473883261897661612 1.0953349704043278123 -1.0851509477442717877 23.646975310768262091 22.85319113691242876 2.9334062885168283863 -1.2207948072311551879 23.472642405074463312 17.754565949861756735 6.0915116129106881004 0 
0.11529043519686495156 0.014059600780813630988 0.99323232084845169965 0.12105260737804941773 -0.992646093150512554 0 0.98592818288103178936 0.12023336217085645039 -0.11614455140900228902 0.58122977010558984912 -0.19477303186288205672 -0.79008570446625858708 -0.71555109607508993186 0.3400243121134994273 -0.61022135006690769732 0.38750301063184178219 0.92002550683700223821 0.058262196324686876814 4.7584912637363059318 2.4940304133414255006 2.8377928394533054046 0 5.4502338749174956689 3.2203460576097220347 8.7533619367394965849 0.32297231409983279127 8.3562441219473075904 0.21315438274193629353 13.055894060558392411 0.64594462819966558254 12.937046923021297218 -3.6105147169889306724 13.684996577825014441 0.96891694229949831829 18.134406836899458426 -5.6900600216422283495 11.52560595001452981 1.2918892563993311651 23.363108313937626548 -5.2768332970748330624 8.6118524881758116152 1.6148615704991640118 28.539514871920481198 -2.9493620178452921721 6.6656451627529085258 1.9378338845989966366 33.756868566107918639 0.013038878346270725908 6.7242198833220037102 2.2608061986988294834 38.98031939036957283 1.898048577421554084 8.9962948796338810808 2.5837785127986623301 43.776020404215032045 0.97411541075902796649 12.481626457140478692 2.9067508254907643561 47.26339902484857447 -3.3191911656915094042 14.806644520931529385 0 
0.3528258186524002582 0.73945386982812877363 0.57334275620126984307 0.90252627006496555229 -0.43063480101197143535 -2.7755575615628913511e-17 0.24690134372838939969 0.51745689922309923148 -0.81931561922834794665 0.81584782177624570743 0.36910397335996553148 0.44514558130216425047 -0.57820966922748584516 0.53150662440845897194 0.61901073223472202756 -0.0081185044679575411181 -0.76240603687261798704 0.64704800813030272089 16.009581558361304587 2.7480058481014282279 -8.209851207734146783 0 18.126536470275706137 8.1631634684912217637 -6.7284431453638102738 -0.31794685870411143469 22.727163823588327318 11.602989458350290164 -8.4610207382762752104 -0.63589371740822286938 28.074781800790230335 11.317791281666892189 -11.166874387299664306 -0.95384057611233430407 32.927501356333344518 8.2034321714874156584 -12.825753601737746479 -1.2717874348164457388 37.120758011824129596 3.9121685437997966162 -12.785070695392962037 -1.5897342935205571735 41.033054953492154482 -0.4028349792605712687 -11.344696703614388866 -1.9076811522246686081 45.096265281505878875 -4.2421856236691724007 -9.1653141168246730075 -2.2256280109287800428 49.586910559640877239 -7.5766835159664172039 -6.9938563594115876754 -2.5435748696328914775 54.509099176461049296 -10.706486022829992066 -5.5880131412163498439 -2.8615217292484080858 59.40418610711852665 -14.175744038194910246 -5.6367241680241004786 0 
-0.4284062158673188625 -0.4876356491600344345 -0.76070992360722899939 0.75125815184954503057 -0.66000847667253936812 0 -0.50207499786969100875 -0.57148953130277535539 0.64909199049555676986 0.99516339010711263313 0.073863549613032666863 -0.064761122821356958967 -0.095466180468580186247 0.88257992824214204219 -0.46036819900036085595 0.023152437825428369422 0.46432407465331615448 0.8853627043873500968 -2.8855221142698663783 -10.333289644063192725 1.7589888619474491893 0 -5.4559594094737793313 -5.8257407329659223194 -1.2534611252706968632 -0.31915081989533955475 -4.529277842806989085 -4.3533563336006695366 -6.9957033227606109094 -0.63830163979067910951 -0.21694257661365026757 -5.5907981182014250265 -10.979734244044468738 -0.95745245968601866426 5.4547188706718525708 -7.3802844743373077208 -11.773456493070597162 -1.276603279581358219 11.215079531670307134 -8.3555568163410143256 -10.407041872924294168 -1.5957540994766978848 16.784721440964318617 -8.259418481153907976 -8.1777266366364269601 -1.9149049193720373285 22.282289141060704907 -7.3627355098062938765 -5.9477694550400501683 -2.2340557392673767723 27.900990081047211788 -6.1528059602147537888 -4.2254831164711337266 -2.553206559162716438 33.770465578086394487 -5.3277724182466501546 -3.2935085431783304166 -2.8723573796407912972 39.741445918729070286 -5.9005695010581344917 -3.1545939162257576882 0 
-0.0046325953945138085427 0.0065952638439890206787 -0.99996752024990231966 -0.8183034144445860969 -0.57478650115354257277 4.336808689942017736e-19 -0.57476783223162597469 0.81827683615418123075 0.008059680220771749462 0.37493529995367547158 0.88033928947641837404 0.29056196628740316168 -0.24166939377799795396 -0.20977337376058569074 0.94741281169935487316 0.8949968854468837165 -0.42543844098207306281 0.13409961959349947502 14.103036531083869676 1.1351701179178406154 -11.992488993187162549 0 14.075240958716786821 -3.7746503687496764101 -15.441095986576918619 -0.1810942404208200629 13.045988336933310947 -9.2858993359408881219 -17.578097124200489532 -0.3621884808416401258 11.5416563945179238 -15.062781028882293199 -16.974256654545424539 -0.5432827212624602442 10.795126550439437807 -19.734810400487710069 -13.284428102598115018 -0.72437696168328025159 11.82718632767159761 -22.132569812275722398 -7.8820580283244296993 -0.90547120210410025898 14.708433158094507576 -22.452081508849055069 -2.6288372088714506702 -1.0865654425249204884 18.831750680790523944 -21.88884054120719469 1.6933164463566692248 -1.2676596829457404958 23.424084346572048076 -21.626298660692874876 5.5457888035722886499 -1.4487539233665605032 27.517321606715736237 -22.294388730524456577 9.8815776988146417636 -1.6298481597835410284 29.766933406437793508 -23.744405093192423095 15.251559011495942286 0 
