11
0.51602229583108372157 -0.84138766198946235431 0.16058577912481661332 -0.85245086472075703998 -0.52280734810906548393 0 0.083955425328273505792 -0.13689148627680641779 -0.98702188807689383854 -0.045058337348759636143 -0.53084162893588904275 0.84627236231845470726 -0.49793957154439238977 -0.7224626781682156329 -0.47969142346324727955 0.86604037395813904254 -0.44300659548442594682 -0.23177408619547212876 13.297367280960031621 5.8604731153106399688 -16.062420550230669392 0 16.393501055946533285 0.74576792698609750687 -15.55868799826102844 0.46816988061327374782 19.975753696249551439 -4.025313264483909137 -14.922860330596417811 0.93633976122654749563 24.054064318701140479 -8.4233373776994255877 -15.080362263142710333 1.404509641839821299 29.100747762230167126 -11.343603608226587198 -16.495654313001445246 1.8726795224530949913 34.858883495590305301 -11.089411485276201574 -18.162750666881670725 2.3408494030663686836 39.632346824782523242 -7.4683369111328632428 -17.843772965331918812 2.8090192836796425979 41.709116133902327306 -3.1070926353678207654 -14.284775157724364902 3.2771891642929160682 41.413129436757238011 -1.1169213025087574298 -8.6322028264249706098 3.7453590449061899825 40.528639626604800128 -2.2158562533650076887 -2.8003851342299883598 4.2135289253064858173 40.258289602512242311 -5.2034936826313664682 2.3958571095188414546 0 
-0.30323345066407597637 -0.57358998359719925997 -0.76094941035217456005 0.88406298913228653635 -0.46736776872874558064 -2.7755575615628913511e-17 -0.35564322803175046905 -0.67272721029439463969 0.64881121667606644898 0.51906011421486664137 -0.64160016545527853715 -0.564735181761334748 -0.41375920130173959866 0.3895296386064405203 -0.82284262406931829581 0.74791705500636573856 0.66076916418284414867 -0.063278673308705513101 -8.1911635574442414054 14.008306582296000897 -8.4998768247016123212 0 -10.010564261428697819 19.312684517089721226 -10.633736192892115469 0.067470845333063189653 -10.018523725312540762 24.784820742135543981 -8.1729107660325830409 0.13494169066612637931 -8.0451840520559514403 27.109759531647686259 -3.0056493870258420564 0.20241253599918956896 -5.0539534567744537341 25.88751713785799069 2.0499082534996313498 0.26988338133225275861 -1.8274378573073712939 22.504930905135431374 5.8112520910916511951 0.33735422666531594826 1.408181239481853364 18.200109871428914232 8.4568682628465197126 0.40482507199837913792 4.697250504666218518 13.656411112926146956 10.586850647938003789 0.47229591733144232757 8.1118170308231949406 9.2770836786817927333 12.858904050066366054 0.53976676266450551722 11.590375222542665057 5.4883316303199762842 15.948401012370819529 0.60723760882235744418 14.704735907831846475 3.0057764225095655597 20.435903342409041272 0 
-0.25968038240907448388 -0.28421777134142051091 -0.92292272560902555156 0.73825626176030267889 -0.67452034214818401558 2.7755575615628913511e-17 -0.6225301526541344721 -0.68135348130174899772 0.38498524978810177988 0.98072867713054967531 -0.03400173548039830268 -0.19239320112229219006 -0.17256682298207737247 0.31097177214525895117 -0.93462144664816537709 0.091607605904936190155 0.94981073847012187361 0.29911136325323334217 28.854849148035992101 -4.6080865513219748664 -24.126642415741496706 0 27.296766853581544865 -0.178548980760158571 -27.861823331666304426 0.10792065165573891394 26.176668863012718447 5.5277554292742641096 -29.339492603948691851 0.21584130331147782789 27.01045315812013925 11.200022306191719679 -27.570282500538635162 0.32376195496721671407 30.33578063213964171 14.068591172736182315 -23.482081202120372865 0.43168260662295565577 34.896016752056560506 12.801062463832980853 -19.794596326430625055 0.53960325827869459747 39.154646109234690243 8.8050118517113720173 -18.417769394448548326 0.64752390993443342815 42.868936094032463302 4.1699764302290160956 -19.266607895617916313 0.75544456159017236985 46.829258159735751121 0.10939707273771209772 -21.223027766822177398 0.86336521324591131155 51.869615886366702284 -2.7381937042071116117 -22.799731820856852238 0.97128586490165080836 57.753987949150001668 -3.7735946420995754025 -22.250086185427232266 0 
0.35659680680583027979 0.25312250889399234843 -0.8993151354598099001 0.57882883368658522016 -0.81544906725866561636 2.7755575615628913511e-17 -0.73334568838230229648 -0.52054953097489520264 -0.43730114010016474246 0.98219025474021104394 0.18635143194447217896 -0.023988482769943336725 -0.047320979269442647874 0.12178797793580881104 -0.99142746247584256913 -0.18183241849114847866 0.97490555042145088382 0.12843729732094205653 -1.2772001549290108446 12.443002699729861504 1.7383477310970589791 0 0.86238068590597083407 15.915975701849372825 -2.6617263991967550218 0.2324892548686461613 1.6898470658284170387 20.583585043457123476 -6.3398772944889811853 0.4649785097372923226 1.7033572774061225275 26.378723950703264478 -7.8942713388968837052 0.69746776460593851166 1.9199676223094179761 32.186666038952850499 -6.404040355496654513 0.9299570194745846452 3.4112356706345678958 36.338133868656044001 -2.3369388722834236738 1.1624462743432308898 6.6473124066831710266 37.823440207513115752 2.4923042265130210815 1.3949355292118770233 11.327664648247340651 37.017717459841456673 6.1590588470082909822 1.6274247840805231569 16.822314003592371279 35.219937670646430661 7.764310597937064351 1.8599140389491692904 22.637697177452231756 33.757763289025447762 7.5559526859829500012 2.0924032938178154239 28.530838705893497576 33.473837413408787711 6.4649581750360596288 0 
0.96154220480211505251 -0.10678305454382619466 -0.25304933836423576521 -0.11037540136674550695 -0.99388996914805916028 6.9388939039072283776e-18 -0.25150319909976703858 0.027930422287541927656 -0.96745337476977288915 -0.14259339168538931464 -0.92289639191389638562 0.35767216056043454886 0.90128788319410013674 0.028283456141211610335 0.43229642343675039884 -0.40908101429320198328 0.38400819770028393751 0.82776230153578811422 20.539348211637562969 -34.056382196584856104 13.821216511343566324 0 26.308601440450253506 -34.718634604785329145 12.312197316744963871 0.17430683280703504479 31.435235349975759078 -36.613109742342309971 9.836598659648036147 0.34861366561407008957 35.130952549148169339 -37.234352270123117989 5.1509042494718304539 0.5229204984211051066 36.272172732335278056 -34.352720139742451977 0.013413348361910779408 0.69722733122814017914 35.029539401232028695 -28.782145530651519039 -1.8371435757360570218 0.87153416403517525168 33.523003469685683342 -23.519836277402447422 0.62018237135982301478 1.0458409968422102132 33.502225425936131842 -19.551056295598751689 5.1199994486490876255 1.2201478296492453968 35.025664443839353623 -15.356972602796764349 9.1310835336109761329 1.3944546624562803583 36.565304432088908015 -9.7125978862831257032 10.461700971610728317 1.5687614952633157639 35.709744081976573682 -4.3048705871185237726 8.0072148858515177494 0 
0.75322018889015163179 0.65775211465685068379 0.0046371017592389610074 0.65775918649828157836 -0.75322828715942313771 4.336808689942017736e-19 0.0034927962154955123283 0.0030500962808667703499 -0.9999892485858405955 -0.73896432133148426402 -0.48122911920994815294 -0.47154031282968478234 -0.10663672984427818857 0.77459750618427403168 -0.62339980049822119046 0.66525208729264262431 -0.41038669354344509133 -0.62371662004091299458 16.564362751970218568 -7.1268662981199497608 -21.558175916075633438 0 21.083683885311128137 -3.1803111791302605127 -21.537219138782660366 -0.19673916165048604965 25.282777313686544574 1.1017284892988321587 -21.715406281343735628 -0.3934783233009720993 30.099041337813034147 4.6792648479977296816 -21.784936505652023442 -0.59021748495145809343 35.749211027336002644 6.4747387848069415384 -20.86197614797961819 -0.78695664660194419859 41.02783794162905906 5.7465985095775566904 -18.10409478010137363 -0.98369580825243030375 43.912268369516326061 2.973038633526940977 -13.633364781472485205 -1.1804349699029161869 43.415961343500526937 -0.21470464712850470534 -8.5745139126917617745 -1.377174131553402292 40.336066165082719692 -2.424002524397315117 -3.9233582950571173065 -1.5739132932038883972 36.101766991955983599 -3.4573691322386470581 0.20009463495519419496 -1.7706524516117581047 31.667981063967069133 -4.0971895113043110825 4.1916071587110419472 0 
0.80267731269554043472 -0.25889663364432535797 0.53729104289156126573 -0.30696891684330090966 -0.9517195406694404225 -2.7755575615628913511e-17 0.51135038454656123186 -0.16493164946603014465 -0.84339690254855603779 0.082667981344228341767 -0.39916390962175907209 -0.91314521195478115523 0.57073584678418742833 -0.73217526274314048695 0.3717256754954510467 -0.8169618094231864136 -0.55189451698896729859 0.16728970100250628583 15.631608150140522184 3.8380854573216254266 2.1286909022825000193 0 20.447672026313764349 1.9962719562618200797 5.1967932095618678545 -0.016328799326297101929 22.949033319511833895 -0.26327695613010210218 10.160422100751242525 -0.032657598652594203859 24.548909186850423225 -2.8920957297202876113 15.31112694317451961 -0.048986397978891302318 27.349366480753559472 -6.1986149238449099741 19.461353145883901306 -0.065315197305188407717 32.172062100205899071 -9.5550196636666608896 20.676291313385448234 -0.081643996631485513116 37.152634445477062286 -11.169001032825667252 17.745618479872014461 -0.097972795957782604637 39.635982985393269473 -10.125425348589249808 12.384287557754459996 -0.11430159528407971004 39.43554761888594129 -7.3186192793626192454 7.0850716615244451191 -0.13063039461037681543 38.437202530794166933 -3.8376601476323144446 2.3011137442493110328 -0.14695919485737846122 38.933210418859530932 -0.41324506692718721013 -2.6006571122898058945 0 
0.0074913379060464651074 -0.0063675768409818343102 -0.99995166574267557724 -0.64764485483388622988 -0.76194234821749751152 0 -0.76190552029997249406 0.64761355140081811044 -0.0098318959742450910688 0.46751269861155964058 -0.36774473324248246886 -0.80386297825522023963 0.44236225936243761536 0.88463619475524690738 -0.14742603033628781661 0.76534143238733420844 -0.28667510199068979571 0.57625504576526820344 -7.1569015413491507971 -44.905684753117078856 -33.642513124644359834 0 -7.1119535139128720047 -48.791553882120396679 -38.213946246444194799 0.14859660171532121375 -6.1097110308534343659 -48.785871122353974272 -44.129643814673585211 0.29719320343064242751 -3.8448692264918031825 -44.522780218807774588 -47.692865328281257575 0.44578980514596366902 -1.2073593495255627861 -39.320060259497843447 -46.28743063469377006 0.59438640686128485502 0.89601427693445123701 -36.603861406155068892 -41.368275912800690719 0.74298300857660604102 2.54694065994069474 -36.7691848784669304 -35.602245195936504274 0.89157961029192733804 4.3344830273284511435 -38.497527331078721602 -30.141702672382219674 1.040176212007248413 6.7401412698698299764 -40.30188112956039248 -24.949678424535935761 1.18877281372256971 9.8083996909759214589 -40.638250803079330353 -19.804520924099847434 1.3373694154378912291 12.613475882645280635 -37.984077246904710989 -15.212472329775842184 0 
-0.56983170525668669359 -0.014754941987824713237 -0.82162894263237373771 0.025884832200256429474 -0.99966493159556446546 0 -0.82135364073352790104 -0.021267727310913111388 0.57002270185388892454 -0.30854866523715884785 0.94295505497873888245 -0.12503393727469008789 0.74451148103476694207 0.32121843042748882135 0.58525325677104822475 0.59203072199657480468 0.087489909382419683848 -0.80115238248941755828 6.6133536252428086755 -12.363647798999835459 3.0608551108635140281 0 3.1943633937026882919 -12.208338805798296889 -1.8672667335376536002 0.089161509803603183899 4.5735058890773716556 -11.310009957478079912 -7.6370891973334247282 0.1783230196072063678 9.2595286714377387227 -10.494944686655269805 -11.29453007557323474 0.26748452941080957945 15.115151396528297312 -10.072108469554541088 -12.532644378962206844 0.3566460392144127356 21.095293674079645285 -9.8830690778597620749 -12.082995115418134091 0.44580754901801589174 26.881803460179298781 -9.5503547009445277638 -10.531988407579447653 0.53496905882161915891 32.278758384690007688 -8.5569915001612866234 -8.1058533480957759565 0.62413056862522231505 36.741416282854792996 -6.2905656298593424225 -4.7970717597126650844 0.71329207842882547119 38.932093584674738906 -2.4089972848566540975 -0.78032058638457924005 0.80245358663663002297 37.080801593251784709 2.0580716013519495533 2.7718637455948709203 0 
0.24107418293893859151 0.15978132176289044919 0.95726337417454077094 0.55246053491090485466 -0.83353905569322706004 0 0.79791640895915905141 0.52885023574708467375 -0.28921762128883699017 0.21045764498427516065 0.91198410759034920225 -0.35212578316605425144 -0.85766204844908444649 -0.00062091299031130642305 -0.51421340425661621332 -0.4691730920649563874 0.41022506258113106137 0.78204348198326856245 20.073038262744130833 22.568428082576275528 -9.3413362771258725559 0 21.519483360377762438 25.883191292041704656 -4.5538378233709178033 -0.12264953352541890785 20.632129346447573681 27.961719414524782934 1.004248510792145721 -0.24529906705083781571 16.265355249970454565 27.214812218852383552 5.0506560077441973178 -0.36794860057625672356 11.223201468378812606 24.175332941228262484 3.8938280327728724828 -0.49059813410167563141 9.8077542036922071844 21.963785618662715393 -1.5011295649237945682 -0.61324766762709459478 12.135084655497712092 22.182229433744659275 -7.027051684149812516 -0.73589720115251344712 15.956960755680102082 23.79133574059695988 -11.363414211441888568 -0.85854673467793229946 20.08306598475233784 24.984140823098904605 -15.552981214579618907 -0.98119626820335126283 23.710840250186674183 23.545321680037599066 -20.110288836445040062 -1.1038457977400553123 24.97358612009233525 18.399349389343090166 -22.925327388834773501 0 
