11
0.5858807682662796612 0.20866203445069275713 -0.78307335592178828332 0.33550761622825620023 -0.94203749365555145001 0 -0.73768446156100297983 -0.26272707497718011949 -0.62192935229444523682 0.026848973174978973955 -0.490149667221865315 0.87122467616668397561 -0.64192854571808388719 -0.67654995047962773747 -0.36084332708015937063 0.76629424820477076707 -0.5495757165562429325 -0.33280573453589540334 -9.5812624362688030288 -7.7702921222830410031 -3.29017509330620328 0 -6.0659778266711246175 -5.7572464249135038017 -7.716281862672221159 -0.50752498648214450228 -0.8473812241425674463 -7.1286454445607345676 -10.340308201907951968 -1.0150499729642890046 4.771249059473549714 -9.1437242222133683356 -9.7316611318467209912 -1.5225749594464335068 10.199494451839381526 -9.5830961332940294284 -7.2135061953866035367 -2.0300999459285780091 15.547843920173768595 -8.0175424153035930175 -4.9899505921555791232 -2.5376249324107225114 21.077293393123557763 -5.6933289199662793223 -4.8375689850075875853 -3.0451499188928670137 26.587348492749619311 -5.0361464706141454428 -7.1195426981273950418 -3.5526749053750115159 30.990038536240298583 -8.0909853548017114377 -9.818483188886309776 -4.0601998918571560182 33.035884624514515906 -13.718003300594221017 -9.4296608375587602779 -4.5677248783393009646 33.196978463564391859 -17.569574574902723896 -4.831895348330133011 0 
-0.3859007454084310007 0.38092365152439250364 0.84022484276682785076 -0.70250248907446577462 -0.71168128600110025506 2.7755575615628913511e-17 0.59797229663036832736 -0.59026004342589843965 0.54223815210427550593 0.95017918779872989621 -0.30656537045306175848 0.056366521208275760513 0.15372112370111090662 0.61818187958260106818 0.77085730189431966863 -0.27116291634774392083 -0.72378784004340646074 0.63450912948757987042 1.727814353109096146 6.6424487793585456075 -1.3305676574412075297 0 -0.58759011934149008027 2.4274338449117509597 2.2572661223410026565 0.049838512616891324225 1.1018288799677928846 -2.771548511842783391 4.7303868026173425676 0.09967702523378264845 5.8418397976973963637 -6.4117438197476985806 5.2606699977920206024 0.14951553785067397961 11.65159139888033657 -7.4622469055692155493 4.1914494337982972638 0.1993540504675652969 17.235640449487316772 -6.3345554070395131419 2.3081717706968030157 0.24919256308445661419 22.281246306892814601 -3.8684541241790912913 0.19624655383065880976 0.29903107570134795923 27.008161570330614154 -0.79921200722196739097 -1.8619178198809784863 0.34886958831823927651 31.800478143777784368 2.2616803948597099527 -3.7762468520559835383 0.3987081009351305938 37.004531295754517828 4.668706105911608617 -5.5437425844822687537 0.4485466135520229658 42.705606422546892986 5.5910328481182727245 -7.170720082568738718 0 
-0.50138200939493671182 0.0017004587036933177698 0.86522435766412209013 -0.0033915236129266421866 -0.99999424876725329092 -2.168404344971008868e-19 0.86521938155746280774 -0.0029344288394971581972 0.50138489297615207452 0.56993575245659566786 0.7344718066672697443 0.36840793053712972416 -0.76378037686681587992 0.63887261674746587126 -0.09209405780738560976 -0.3030062276338850169 -0.22889505189313963385 0.92509149884426022936 -13.478291225369394724 17.510091019053305672 8.0976583939912583077 0 -16.486583281739015661 17.489741877375745815 13.288974683336036264 -0.25894045236623103312 -17.268527902079792824 19.491546460822956277 18.890879807532176216 -0.51788090473246206624 -13.754021274927747953 21.678049500683808759 23.234547339061808913 -0.77682135709869304385 -7.8208163785370299337 21.022144594725091338 23.840243972627590097 -1.0357618094649241325 -4.2224392439027278456 16.939392940996061299 21.313819437639335064 -1.2947022618311552211 -4.6478082248805243637 11.504739765809889107 18.807107229290288331 -1.5536427141973860877 -7.0914697562316870716 6.064244476144117435 18.151722362717979564 -1.8125831665636171763 -8.9900578660021412958 0.44271455071193499542 19.042656976996276796 -2.071523618929848265 -8.4133861034048607053 -5.4847160852898220185 19.772736240904546179 -2.3304640712459616658 -4.9937715886652851438 -10.067398346490714189 17.954698875101236411 0 
0.29816035109732502706 -0.64764879093036398228 -0.70117861393510694246 -0.90836159444486830328 -0.41818562115115348599 2.7755575615628913511e-17 -0.29322281420635781801 0.63692372374473682495 -0.71298565999607754762 0.8537356147803517592 0.062299868062763663623 -0.51696636882390767376 0.451256468234952135 0.40685793907222189691 0.7942507269685193938 0.25981358688823852354 -0.9113645504699349198 0.31923589430858401172 11.081501342735627702 -13.464459510104205719 -2.5229183582576464318 0 12.870463449319577975 -18.914629076773415761 -4.2822552434957934508 0.19764514980625066953 15.562515924662044142 -23.295203549035473856 -7.3747333376736996513 0.39529029961250133907 19.853869593830161477 -25.436374727759698544 -10.980238804250973317 0.59293544941875198084 25.321875914422736997 -24.770761367915540063 -13.358865662998976376 0.79058059922500267813 30.701096970476630332 -22.120381407189789513 -13.160202898771879987 0.98822574903125337542 35.119261892532009028 -19.094124983917627247 -10.454359078052792853 1.1858708988375039617 38.790850139583042733 -16.776280286427891042 -6.3134611437351821905 1.38351604864375477 42.58371223210318135 -15.193566044854248887 -1.9420525862283166685 1.5811611984500053563 47.182869636352698706 -13.569735495381877399 1.5523608800930435159 1.778806348175494545 52.305283325034807262 -10.86219668597215815 3.1112424014224702162 0 
-0.46900936139205945397 0.64744510324689075187 0.60070380155966696112 -0.80984121359972049969 -0.58664913598788492877 0 0.35240236616961645444 -0.48647469566904638638 0.79947166478353981489 0.74382157675344928727 0.070014637623112496723 -0.66470099478977529017 -0.55498643338779007905 0.61887826060205708423 -0.55585947622548648184 0.37245069567865185522 0.78236030642708143112 0.49919217763884432548 -5.402612197433728447 34.355538315599609689 -22.369195145715121242 0 -8.2166683657860843937 29.496491034001287801 -20.254780948697423071 -0.35338309249923971489 -11.39998063186175159 25.796497454211081646 -16.765286640604518453 -0.70676618499847942978 -12.764784301691415536 23.210125625592443299 -11.526203542678015168 -1.0601492774977190336 -10.768153319680914493 21.006967902350151434 -6.3147199949501482408 -1.4135323699969588596 -6.2940133524324473058 18.210518459474542396 -3.4578087140479434325 -1.7669154624961986855 -1.8002332820356694576 14.235863541693596801 -3.3680369841646466966 -2.1202985549954380673 1.1831712510639342817 9.1246102129443418249 -4.3551473129777962257 -2.4736816474946778932 3.1133638758352586429 3.4437436003872630153 -4.4010925154743292254 -2.8270647399939177191 5.655810649638542742 -1.730244003386591789 -2.7380182069566236791 -3.1804478361511363538 10.118740110159233581 -5.0601626037133389246 -0.50331403288470655255 0 
-0.81772419976141030862 -0.39135088001404444435 0.42210380457512353125 0.43169373696620155778 -0.90202024226962673747 0 0.38074617606578403661 0.18221956878468631436 0.90654750463679834027 0.95055002402767319047 0.0095310685834191222199 0.31042520927374367412 -0.30086581051881772231 0.27618602573784778453 0.91279846803551722978 -0.077035160036468500189 -0.96105693791720292474 0.26539620607567943056 16.560429448849077971 22.664882920362430241 12.199980976686724432 0 11.654084250280615009 25.255045342159640143 14.484458033081429207 0.28041712948981589726 16.120753024435977352 25.594311805375689062 18.476155457737860388 0.56083425897963179452 21.832846963672526641 24.025253673499410212 17.522138459790269849 0.84125138846944769178 27.369235361758430969 22.485966822734958726 15.796158504075087592 1.121668517959263589 32.892286758382624612 20.98068390706036368 13.998930997727171643 1.4020856474490794863 38.41678365503366166 19.482072060922735801 12.200571585796099683 1.6825027769388953836 43.943527168561132612 17.985459995777539177 10.407457405093385461 1.9629199064287112808 49.476852113337578487 16.494386260895485208 8.6300957619857641134 2.2433370359185271781 55.051869370473085041 15.010175842506564337 6.9819749910563917439 2.523754165336782318 60.7551695146392845 13.204980979394049356 6.5197640308380320207 0 
0.69203406830679969897 -0.32931838357577591925 -0.64236924781762239078 -0.42969781439293330827 -0.90297275058881831811 -2.7755575615628913511e-17 -0.58004192659554865141 0.27602466182046503373 -0.76639529582208565373 0.39416400710677346186 0.088600885179626498456 0.9147593227985806319 0.59612408585042486742 -0.78220025365233369907 -0.18110449319445581784 0.69947895591684994265 0.61669493781902562368 -0.36113230802278195597 -2.0894129562286765101 18.562410118586232244 8.9335134076159583572 0 2.0627914536121214617 15.984223232228632838 5.4532618480426666707 -0.023227356827637265363 5.1292430783520623905 13.088467015683789896 1.1857711132707513535 -0.046454713655274530726 8.2944481780615895161 10.11187102802302995 -2.9520309836555087557 -0.069682070482911792619 12.669209569909614999 7.4359763963186136237 -6.0666800380095065037 -0.092909427310549061452 18.363417192811912315 5.8434271631471155217 -7.0863319105684494659 -0.11613678413818633028 24.136806849850252377 6.0661454846367934834 -5.4682316609787591233 -0.13936414096582358524 28.484039457311695287 8.0769507365376327357 -1.8546220421924279886 -0.16259149779346085407 31.076464545693454511 11.207090747372205897 2.559172446217593766 -0.1858188546210981229 32.851394728007875301 14.810414606925773384 7.0162699789908939962 -0.20904621144873430927 35.216378770648475438 18.387159122028307934 11.213143714492026959 0 
0.89107322961161250507 0.37403485032508032582 -0.25707281110966506699 0.38704256231645006725 -0.92206184985364025852 1.3877787807814456755e-17 -0.23703703175885312837 -0.099498119513777530387 -0.96639203731620992865 -0.40820843687614810635 0.88863443979838807607 -0.20903278323587631826 0.35625673206894253875 0.36589492021047692605 0.85976860155493395332 0.84050402314247740776 0.27649546066504265829 -0.46594339496653092159 31.550973055915886079 -32.443082694610261285 14.32244171519468523 0 36.897412433585557778 -30.120827320711562436 12.900219524641567403 -0.40068638965596009571 41.236291547067310148 -27.21178739998022067 15.851763998006223488 -0.80137277931192019143 42.332045710717878251 -23.055651578216941999 20.038153593343587033 -1.2020591689678803426 41.757678527681740377 -17.559923715844121261 22.376331858968814714 -1.6027455586238403829 42.695825628162609178 -11.635085218414261021 22.249175273151031718 -2.0034319482798004231 47.004407234345372046 -7.5044306262542388453 21.637769365975881186 -2.4041183379357606853 52.698334055956784994 -7.0485446654905716812 23.473897177771508638 -2.8048047275917205035 55.578472267492571746 -8.9537901132940209692 28.380509417019577967 -3.2054911172476807657 54.451923139379793781 -9.7412701823700373893 34.22095136973364049 -3.6061775069036401398 52.002672518122899703 -7.6037297899563887071 39.263975508588501384 0 
0.7896215830755044518 0.085062434075913212483 0.60766943139375928506 0.10710589018357660751 -0.99424761920156667916 6.9388939039072283776e-18 0.60417388542481498259 0.065084975386776447448 -0.79419006676587489135 0.23098583063064284659 0.24328493253325345069 -0.94204988596685346192 0.11351892924204062818 -0.96835970860292430729 -0.2222451967044515031 -0.96631206075036235603 -0.055605002983095362656 -0.25129481668279080031 -1.1156868815492373415 -3.5455889817254782059 -0.52047259460553618737 0 3.6220426169037889252 -2.9029536406240188384 3.1045707179433534861 0.0086515218012382377744 7.9961620228637437791 -2.3667908594118012289 7.1763819754268052264 0.017303043602476475549 13.080162826754808236 -1.6952028662528095815 10.291172734288943857 0.025954565403714713323 18.977045406845419961 -0.75595840409228076684 10.878136779263327227 0.034606087204952951097 24.163162038666765596 0.29789002561357680321 8.0508628679501317293 0.043257609006191188872 26.841048426979384089 1.1485988021812998383 2.7494346324377385571 0.051909130807429426646 26.850415495208498129 1.6645898979909867776 -3.2283304596098298944 0.06056065260866766442 25.557949671433533467 2.0035320146604793656 -9.0776646589169889268 0.069212174409905902195 24.76480530328959162 2.4305203087703644016 -15.009661335178995145 0.077863695931371226799 26.150720287073465187 3.1116338842226087813 -20.807533699681165729 0 
-0.41570763867140103631 -0.31290819142923897989 0.85397635967673646284 0.60138591296066512548 -0.79895868709994477541 -2.7755575615628913511e-17 0.68229183114171532143 0.51356935271101955554 0.52031180758586426105 0.80663241266921370531 -0.11604679795573852319 -0.57954921405836090642 -0.39581903074452773339 0.62213126403931018338 -0.67548499998542699263 0.43894355643055749105 0.77426470343744213665 0.45589771142113022506 6.2610866307214729787 -14.047620988913314122 -7.6396243087320554466 0 3.7668407986930665388 -10.439305511149322925 -3.5458733218817632959 0.29025206154555333038 -0.15378302433955823303 -8.3731369949607472591 0.49883389880267109406 0.58050412309110666076 -3.7041832430451715474 -9.6669719116805179482 5.1593756586573045197 0.87075618463666004665 -3.8720297216969625786 -13.679039852255472809 9.6175298058259368617 1.1610082461822133215 0.1314985414426009247 -17.084241028220713332 12.511725099431449948 1.4512603077277665964 5.9462310847165644745 -17.397940185973460814 13.957573739037792748 1.7415123692733200933 11.296902206128740076 -15.117530053373517518 15.430682077771484373 2.0317644308188733682 15.887153570396220559 -12.371426409018187798 18.148862937707761489 2.322016492364426643 20.483076179226834768 -11.488929658682183188 21.903685727064392097 2.6122685578212831992 25.322870655242113003 -13.863843843149350477 24.537347065647733046 0 
