11
0.19081179049823421279 -0.12620540928501353117 0.97347986896189087069 -0.55166291062006689305 -0.83406716339045272601 -2.7755575615628913511e-17 0.81194759292275386908 -0.537032737941558036 -0.22877269226448293526 0.72145717123968944318 -0.66262599146032763464 0.20106303864222227484 0.091531184677386023818 0.37906876913980469546 0.9208305547137257685 -0.68638297786176205584 -0.64593626907308054896 0.33413282388530585187 -3.0874231882865785792 -6.1083614193438222628 5.8737985018712208785 0 -1.9425524452971734135 -9.418338883064222955 10.745484059407743871 0.075329720985244971732 -0.043086048338982767258 -13.507127856118504639 14.70450314759846222 0.15065944197048994346 3.3699831789327623355 -18.037156720950150657 16.661489844958271789 0.22598916295573490132 8.0854091367234719456 -21.645069336363714996 15.796779144125808969 0.30131888394097988693 12.930359391542005199 -22.932686530428302518 12.500038482520199778 0.37664860492622487254 16.871595462563369949 -21.685839449248334176 8.1512420296342504855 0.45197832591146980263 19.897655446177839877 -18.786022403628791722 3.8577560243581108246 0.52730804689671484375 22.776835042691555344 -15.398551475158297919 -0.17155726202050031182 0.60263776788195977385 26.31964655660136998 -12.743171040516326542 -4.2209326941846647685 0.67796748885794078099 30.648389584039506417 -12.193983932452001184 -8.3392305613552366594 0 
-0.65607345943475492422 0.35081629780763901039 -0.66820321835341012218 -0.4715407166144590656 -0.88184429043608514309 2.7755575615628913511e-17 -0.58925119295597128133 0.31508502442645502928 0.74397880277743477784 0.94894994735747717485 -0.25811874981814880714 0.18129729287155960105 0.31542631062879533665 0.77743275334543948674 -0.54415490128164412109 -0.00048987074497518180109 0.57356170114299376284 0.81916221532038946407 -5.3978615835042944582 -3.3506563278759529112 2.0526109280641833266 0 -9.3343023401128242256 -6.1799006275627075269 -1.4828962296716445834 0.26797533073793056158 -10.867938244230115785 -3.5415684200755377375 -6.6488582966912819217 0.53595066147586112315 -8.0459198423051585536 1.0822714950008172075 -9.2288421299549057153 0.80392599221379168473 -2.8908790568917597241 4.1487280354137974214 -9.0791798879186824678 1.0719013229517222463 2.8786339190808494237 5.253389880485466179 -7.8575243602963578127 1.3398766536896529189 8.7405972402742015959 5.150155664557494184 -6.5820916032850211863 1.6078519844275833695 14.634175917520991561 4.5460769473687188125 -5.6329766057492793863 1.87582731516551382 20.589749951325671873 4.021236145608894752 -5.1273284467630180217 2.1438026459034444926 26.585154622857700701 4.2387603295857259056 -5.0389769717403440907 2.4117779780728634265 32.278854307002553981 6.1313181933585170214 -5.0419161962101837204 0 
0.38131699894353515701 -0.88090558906157356844 0.28036171185948166595 -0.91771091122568893006 -0.39724889353818848559 -1.3877787807814456755e-17 0.11137337982665171388 -0.25729100206335908663 -0.95989442675912084457 0.61404834081956960468 -0.78857719797323178046 -0.033024808453950782461 0.78913510371273909438 0.61417596716822253633 0.0073259430287793692038 0.014505972046603757969 -0.030559518806162144777 0.99942768251901004106 3.9853783559881605925 -17.821170005922539303 -12.748715989700230011 0 6.2732803496493714235 -23.32743547327667244 -12.080475710740319784 0.23250593023941298898 11.094483656012814166 -26.084433017720527914 -14.350930118705397476 0.46501186047882597796 16.179166109102339988 -24.684949342111771386 -17.212302131036476993 0.69751779071823893918 20.154642735175290369 -20.472321666812412388 -18.777343237477637672 0.93002372095765195592 23.054518963752673955 -15.222528060626007829 -18.60303043996558614 1.1625296511970648616 25.468187891202500595 -9.9462854471938566547 -17.074807225619590412 1.3950355814364778784 27.954452335093915138 -4.9786644099800705376 -14.80737909099824634 1.6275415116758908951 30.879252156562198905 -0.29229892408196195275 -12.465686426082079663 1.8600474419153039118 34.351213471537178634 4.3099727675085164336 -10.802983814222050896 2.0925533717111393095 38.035503516454603812 9.044783389784951666 -10.715947981942429479 0 
0.1844846534826672102 0.94584846402621125527 0.2670881796872291436 0.98150446626108367454 -0.19143924025534742039 -6.9388939039072283776e-18 0.051131158200507183242 0.26214824124855840015 -0.96367209374940510092 0.87917333014274501313 0.29171280054611681276 0.37677300535369873113 -0.39373645466532447568 -0.00060294652235465262535 0.91922317242499484991 0.26837633992827492069 -0.95650576498682593485 0.11432786936556438295 -0.53844071606700361077 15.302562118038615324 -2.2342560809981533154 0 0.56846720482899970595 21.191588915605116483 -1.9274691317951102576 0.12703312151655718476 2.2475727562265435111 26.820563793934130814 -0.70466646316438330544 0.25406624303311436952 5.3141577467615626063 31.31423200864668388 1.8257490110034850783 0.38109936454967152653 9.8816993341375791715 33.443011988136774448 5.0824128939539781058 0.50813248606622873904 15.163194240236961718 32.678243248860063375 7.8248461807036377991 0.63516560758278595156 20.22491001463058069 29.741895742809798975 9.1503259968335886043 0.76219872909934305305 24.827202652415195416 25.892707745529776275 9.0988067015168105911 0.88923185061590026557 29.406436351907181859 22.070497377963633312 8.4497099202059118284 1.0162649721324574781 34.432523960106088623 18.79513062227025344 8.3476503387251579369 1.1432980917169577317 39.707563940962558036 16.432711894278309472 9.9579083782948103476 0 
0.21710700877696348376 -0.7453321130778672865 0.63035274882782954542 -0.96009742069079950788 -0.27966576977326690345 2.7755575615628913511e-17 0.17628808672962972826 -0.60520004827495454958 -0.77630883805686456967 0.1028587156454504048 0.77720644564340890526 -0.6207819467946109615 0.8125738751030032736 0.29430370141583261923 0.5030994224137308457 0.57371053861320797651 -0.55617935253232764214 -0.60126595255416193098 21.418481525215753436 -11.909240304062171489 -1.2387113123954291982 0 22.721123577877534672 -17.669824828206969869 -0.18098279201765077318 0.16157278120484150352 27.252149892016873878 -20.286108941904316794 2.7558280594258919294 0.32314556240968300704 31.725675207222270302 -18.548480616275348609 6.3569694140896055856 0.48471834361452448281 34.065809954976437268 -14.105881591642697614 9.6413389530893631729 0.64629112481936601409 34.228367319342083874 -8.8339113819124381877 12.501392311160484994 0.80786390602420754536 32.981214427631023511 -3.6421399513508663226 15.238200502741346298 0.96943668722904896562 31.116669247674842325 1.2605882233582552665 18.151399383150515376 1.1310094684338904969 29.33346668240634969 5.9733138888652366205 21.408761108979149412 1.2925822496387320282 28.343832839268966239 10.697693363085203799 24.972588198725066633 1.4541550312162359049 28.960985133141672776 15.573136613703230324 28.414851430404304722 0 
0.52488232802520196074 0.57794463079901692293 0.62488282538203288041 0.74027270223142782601 -0.67230672042675554412 2.7755575615628913511e-17 0.42011292298359942388 0.46258369772356705552 -0.78071855014631719172 0.76164214304453914384 -0.01021131003859721692 -0.64791741378498068915 -0.57481291634622444509 -0.47224368310215164568 -0.66826343231667528766 -0.29915106073699726519 0.88140889087721974171 -0.36555028374017056736 9.7853859981500193044 -0.49175234846015314361 -0.78479267187375967296 0 12.934679966301231957 3.9498838649284140345 1.7358848660278369813 0.42286686516546967418 16.198769621665114471 4.9069405878464262827 6.678532046528530941 0.84573373033093934836 19.519234854562110826 1.5399044159515560271 10.371441205215054637 1.2686005954964090225 22.791925215338913802 -3.4834820756791500251 10.136737225270582741 1.6914674606618786967 26.237134769339611751 -6.9388732778739248275 6.6452042139951918998 2.114334325827348593 30.280351929211096973 -7.8076073681079041222 2.2980561743501364269 2.5372011909928180451 35.200504704312209014 -7.1056963866684759168 -1.0634044670678068911 2.9600680561582874972 40.882249166573970456 -6.6075303375654454996 -2.9260935052813912272 3.3829349213237573935 46.652385052207087313 -7.8601086967585285237 -3.9921982447007930972 3.8058017864892241811 51.222237910474326839 -11.308986194835874528 -5.7871046091227746899 0 
-0.3090653172714282193 0.38423883954685539299 -0.86996502449443180449 -0.77920984328454645507 -0.62676312920310850441 0 -0.54526200104938904456 0.67788531039934285527 0.4931134313283330739 0.78322966552888595437 -0.16879673369389175397 0.59838027518442038488 0.57018914196953340845 -0.18867621359049951968 -0.79955339334230779436 0.24786212581908631525 0.96742387251887973498 -0.051530742911563787167 -4.7491044931005887975 -17.321505391715476208 -5.545834191136549407 0 -6.6034963967291577802 -21.996764451422755826 -8.8174061974328843405 -0.027666661018228802527 -3.5381076420215671341 -25.917592863289939942 -12.168581565861414262 -0.055333322036457605053 2.2178555970763964567 -26.727662600021798056 -13.656066173146488296 -0.08299998305468640758 7.8132182402276084687 -24.634586887150049961 -13.098423740165593188 -0.11066664407291521011 12.147857121908815614 -20.904311866934190078 -11.282940239345894184 -0.13833330509114399876 15.405430465699314624 -16.463751363605890532 -8.9018366962109389817 -0.16599996610937281516 18.141345271556041041 -11.773879688032462099 -6.3484305862529035736 -0.19366662712760163156 20.950885327910828693 -7.0922443840690370109 -3.8607035247593057825 -0.22133328814583042021 24.4377559489428684 -2.7240772362277541063 -1.6787688572342240878 -0.24899994831478938773 29.137133942116214769 0.69705761558942214151 -0.19159610231974588679 0 
-0.99298195234861197367 0.11806011355038976973 -0.0069750912831152154028 -0.11806298557951259987 -0.99300610845857950615 0 -0.0069263082511895968443 0.0008235001015742160653 0.99997567375491314134 0.76980682764711660937 0.52711995588163018667 0.35991943573420853708 0.39364037035506871387 -0.83596271602592964189 0.38237886479416705043 0.50243875938725757191 -0.15267904088610226299 -0.85102550110998098631 14.473424676638483533 -12.164739473579350815 8.9513223336342946368 0 8.5155329625468105803 -12.873117387056426608 8.9097644841271570471 -0.24379115997977038321 2.8552399041717420047 -13.443708023738846435 10.816465514346999655 -0.48758231995954076643 -2.7791729817428092453 -14.133947991431123015 12.759905819077053124 -0.73137347993931112189 -8.7723208699257977372 -14.044284337835222232 13.03219026520023327 -0.97516463991908153286 -13.830945456275285821 -11.694738282005488372 10.820866990339935043 -1.2189557998988518328 -15.350589514363205623 -6.9519714188143080236 7.4746983726258582337 -1.4627469598786222438 -12.680026800682417942 -1.8664055918334372386 5.7411716172020534898 -1.7065381198583926547 -8.0403584441172348818 1.7862377332249499418 6.8049734225229325801 -1.9503292798381630657 -3.3966000004565195525 4.2661340323704566302 9.6834490431594257842 -2.1941204375264979909 1.2222409654261525702 6.6279762545008811259 12.698081599483000304 0 
0.92918896486347013486 -0.15785331755256432062 0.33420083439991871144 -0.16748329117270158162 -0.98587491456977449644 0 0.32948021906316715679 -0.055973055657961429121 -0.94250188450018390629 0.26942668933431584977 0.18790993318241860921 -0.94450998728744450794 0.90133189761749488156 -0.39458904085897861247 0.17860654851162896528 -0.33913134536871669678 -0.89943835021938545182 -0.27568203558272352804 2.926135708188911444 -6.8739975007505842441 -20.481745525946763564 0 8.5012694973697335854 -7.8788972477867940114 -18.504864211567760179 -0.33162055742429752403 12.749469431210714632 -8.9814973583339288155 -14.413767742605193334 -0.66324111484859504806 14.720165090662119312 -7.4647528676400698444 -8.9533790414421066117 -0.99486167227289257209 14.576187600501816277 -2.4527926832446325101 -5.6579996107240724257 -1.3264822296971900961 14.272955510227630427 3.362596490256906101 -7.1034403947690245573 -1.6581027871214875091 15.837946080806988292 6.9528188552461092087 -11.648889534726768247 -1.9897233445457851442 19.657705769364490322 8.3793923811360340181 -16.050516949321046667 -2.3213439019700827792 24.786956486446076298 9.8325859964632034149 -18.803518111270623336 -2.6529644593943801922 29.394144155517132333 13.322712482003794321 -20.413747398048371906 -2.9845850156908575457 31.010704291523026654 18.730703867708761834 -22.448535470260672753 0 
0.85197252709010906635 0.356650966869787589 0.38333132002816983075 0.38614850250455584613 -0.92243662872497045324 0 0.35359885053147771528 0.14802281519197252324 -0.92361090242886412227 -0.46774958658422011171 0.8804029550247444158 0.078108648906440203419 0.69144537861721855343 0.41953634790477067895 -0.58812629695977636235 -0.55055754707313087071 -0.22108796794585078294 -0.80498850786231201937 23.137304149417314392 -9.9189784798618969575 13.042165229246194258 0 28.249139311957968346 -7.6020874648345619917 15.163758332435060439 -0.34682006499046663661 30.079020903846203083 -5.7247823780670312743 20.560725904269538944 -0.69364012998093327322 26.618444878071009896 -4.0283960406164638357 25.159278607512000292 -1.0404601949713998543 20.900121522389639495 -2.2207970191072381461 24.976621065491546148 -1.3872802599618665464 17.227531620744855445 0.067295902393517875728 20.820094366788833185 -1.7341003249523332386 16.574546028285407573 3.1723756394911295509 15.727738365649658547 -2.0809203899427997086 17.560731111955227846 7.2602291238216629665 11.447914435695683011 -2.4277404549332666228 18.47428814894101734 12.23044874201111476 8.2133618411089717171 -2.7745605199237330929 17.902406747864681336 17.516650124947950928 5.4332491216361420427 -3.12138058283501163 15.095909228359369436 21.66532239665125914 2.1299038391973508233 0 
-0.24536913697840384563 0.19261379305024950437 -0.95010205417379722803 -0.61747215841961555771 -0.78659273679371166654 0 -0.74734337502589420765 0.58666156610960495943 0.31193923551668051308 0.92256205049328121603 0.33273638341322719914 0.19536059516370829492 -0.10666392589102927091 -0.26665615410123238993 0.95787123476668467603 0.37081271540111127027 -0.9045335784994522621 -0.21051587936264773426 36.783273785034886316 -0.11887055426006440384 30.567129466662827042 0 35.311058963164462909 -3.8237035047777578889 26.083069216507460908 0.19928711482899011398 32.921029342688790109 -8.8404393819130504539 23.82030109928465933 0.39857422965798022796 29.759833033059450713 -13.727547906842128 22.363246482058961817 0.59786134448697036969 26.652530951138313497 -18.151390724902967122 19.760500145437013941 0.79714845931596045592 25.43195005114207774 -21.789480227923366584 15.148072689681900016 0.99643557414495054214 27.79389923141382468 -23.916855895722306968 10.059313623079951583 1.1957226889739407394 33.111431609855529246 -24.377200869466793876 7.3185232426579283072 1.3950098038029308256 39.079342405209963829 -24.138207352892333546 7.8902949084009241787 1.5942969186319209118 44.556101553779221547 -24.267819412262163326 10.337397222093470006 1.7935840397164679594 50.091473856738907955 -24.907802967608340339 12.56227351450013785 0 
-0.29965279947608064459 -0.28288124141193854433 0.91114565412089199015 0.68646424022033680767 -0.72716356268635706783 2.7755575615628913511e-17 0.66255191997673901216 0.62546890918616004917 0.41208445369439938855 0.92862413807162458301 -0.37088475230905115776 0.01008517205533360217 -0.36980182783422460568 -0.9230260291375692594 0.1061581728601123098 -0.030063571331400664594 -0.10231055683156570213 -0.99429811004528001472 25.57783668528032095 -4.215830492330354673 15.739765402809148043 0 23.779919888423837193 -0.097045051008334048959 19.71507692266958145 0.05953582129709478199 21.470751168699461431 4.094972370931831307 23.333746314694153057 0.11907164259418956398 20.281034434334234362 7.9480471224633291172 27.776538172690305117 0.17860746389128434597 21.809825800128074036 10.6068837078953635 32.933408226778055905 0.23814328518837912796 26.293058196767621126 11.018157932731662996 36.899686178607531417 0.29767910648547390995 31.945928312354602951 9.2658315144929108698 37.886774196269520587 0.35721492778256869194 36.995214316634736917 6.5362279627480122102 36.139207359197641267 0.41675074907966347393 41.42130578610108671 3.7548849397819625828 33.194058992024160659 0.47628657037675825592 46.244894105385625949 1.1652577032688142822 30.739103152870217883 0.53582239078223503626 51.816638933815376333 -1.053553263736533907 30.558721724881813486 0 
0.26043947649310317249 0.39166621240322307962 -0.88247881399255789781 0.83270845963203976581 -0.55371167701000822969 5.5511151231257827021e-17 -0.48863882402162228669 -0.73484757385765220317 -0.47035214770880795498 0.74965596419892488456 0.58278479724496834447 0.31365237993855898946 -0.62329208102406985503 0.46233361621821866816 0.63067789643150640178 0.22253745094627386258 -0.66828849115836685968 0.70983630191165081325 25.352737218494034721 -29.766196274546693701 17.010777094927249209 0 26.915374077452653978 -24.769945516754454218 14.078944150797514823 -0.45564395869134727279 30.90365954002489346 -20.523031679779748515 12.644632960295933088 -0.91128791738269454559 35.273487601000780955 -16.411699613684188392 12.684922594634626236 -1.3669318760740418739 39.396681498761338958 -12.075282872925692246 12.243540792178164267 -1.8225758347653890912 43.88276638149166331 -8.8968642638639110487 9.8409046308177288154 -2.2782197934567363085 48.904004463213460951 -9.0136400045173790119 6.5586170819475508864 -2.7338637521480837478 53.704289597946193169 -12.307423725581323026 5.1066647835072638273 -3.189507710839430743 57.963389399855891781 -16.328571761953476482 6.4068430918847631972 -3.6451516695307781823 62.331395296237786852 -19.694984773101719355 8.7707033006427987942 -4.1007956282221256217 66.829331081431334383 -23.43473725924614115 10.105928006320443302 0 
-0.97046158616710886946 0.20484910062247924101 0.12744079310872380439 -0.20653313468176351386 -0.97843960686315467612 6.9388939039072283776e-18 0.12469311950762831942 -0.026320746487074810072 0.99184617973344013642 -0.89828178560099825045 0.26068892513048397275 0.35373877080664556383 0.28157899187784063422 0.95950528846351579304 0.0079292334815050727337 -0.33734715797015796257 0.1067280924820553506 -0.93531064854656664753 15.957357229296468049 -23.87479457798491822 -2.0199941714950169214 0 10.134587712293814832 -25.113993386075499359 -1.2718354544492469493 -0.18511981251150844141 5.33131035242840845 -22.684308146502285553 1.3786656757660735728 -0.37023962502301688282 4.6840498567069470681 -17.721599966345426225 4.6881341179215514359 -0.55535943753452532423 8.6358801543033365533 -13.673877407267022832 6.6878789476288584837 -0.74047925004603376564 14.542249057416990254 -12.623919166071058129 6.5765502804454234465 -0.92559906255754220705 20.030470163799819261 -14.043159718194177188 4.610542817927404613 -1.1107188750690506485 23.99959519338650793 -16.518080224869535755 0.85277553067338673909 -1.2958386875805589789 25.305427404805023173 -18.634193952706258557 -4.607706584170088604 -1.4809585000920675313 22.756029556430682703 -19.030586441793818864 -10.024665507412436227 -1.666078306173198964 17.366338842824696087 -17.34111249052677195 -12.048748455233381449 0 
0.78046993615961313129 0.10391404241130762498 -0.61649699962023341016 0.13197826214897928621 -0.99125261075072856887 0 -0.61110426039354726058 -0.081364202629938389699 -0.78735725656099064818 -0.41146771248587143965 0.087891938236576663823 0.90717656978928995493 0.18108603443574372571 -0.96761213363929321485 0.1758823668431606646 0.89325369840487145456 0.23664692270771955918 0.38222514864800022361 53.408038641118814382 0.82378233159266178731 10.265433870460633159 0 58.09085825807649428 1.6156519044865373935 6.5988083080993495955 0.13683244895393575913 60.4534739472291065 2.9820287293272591533 1.2554889766435413101 0.27366489790787151826 58.182353459574493115 5.6169108799186258096 -3.6332130784065563844 0.41049734686180727739 52.786418939276131823 8.2405297103093886335 -3.6105219904354970417 0.54732979581574303651 49.602302602989873037 9.0856496805805324612 1.404173951777210938 0.68416224476967879564 50.705796633806066609 8.5386188762032961819 7.2764016570876579593 0.82099469372361455477 54.196017221209551451 8.0046092969709157217 12.127504008157263371 0.9578271426775503139 57.940278463745144677 8.2703524256921916447 16.808303975810584774 1.094659591631486073 59.795285734373592845 9.4238416562403575227 22.396542573161756451 1.2314920405854214991 57.326479459458369092 10.510357862854815991 27.756064763590984512 0 
0.21679074702741199521 -0.89760585170773143915 0.38380399552810157138 -0.9720507643571761891 -0.23477076375185529367 -1.3877787807814456755e-17 0.090105957161146235657 -0.373076967216429356 -0.92341458349793525962 0.80112711483690501879 -0.57883491573982714939 -0.15213640653559576399 0.56655189822005547207 0.65152437395196138858 0.50451455555787161344 -0.19291006323245143972 -0.49037346019842054101 0.84989386221850049541 10.137362522232688633 -24.570108196144079926 19.032324395360483038 0 11.438107004397160438 -30.402412782287136395 19.572960138327360369 0.16222846709091387485 15.24679445435975822 -34.53471229769530737 17.471056091166836666 0.3244569341818277497 20.290929806857409545 -35.400870916069173688 14.339528062631034189 0.48668540127274162455 25.297437468850958453 -33.336178599118326815 11.756520771366478328 0.64891386836365549939 29.750393557187592819 -29.542517920644318252 10.422608955710540357 0.81114233545456937424 33.755286359565523924 -25.076796404141393992 10.287831440877269529 0.97337080254548324909 37.660958596106446805 -20.567369594721686354 10.928763754932742103 1.135599269636397235 41.811278864505034392 -16.312681678859703993 11.748807905169908139 1.2978277367273109988 46.386190309711160751 -12.439537643187149385 12.011373225531386311 1.4600562038182256508 51.192952998732579317 -9.0402262538667983449 10.853912846136676507 0 
-0.68314236477702117156 0.7224371885331662968 -0.10677554996886606808 -0.72659100045675129032 -0.68707024244632897148 6.9388939039072283776e-18 -0.073362303004448903287 0.077582153676198237213 0.99428314977618237336 0.99491037135181348283 -0.057831966944506596473 -0.082515553539476510503 -0.064183556432403018888 -0.99500009647897169618 -0.076519795416128230658 -0.07767769345368912004 0.081426479760376882511 -0.99364777679696325574 7.71538145850072965 0.61626346032826972987 -1.4177336127214346106 0 3.6165272698386026207 -3.7432825424122384561 -1.8579074307481280304 0.18620460064754840168 3.1950166934403294583 -8.4356169124943161108 -5.5733249030320184403 0.37240920129509680336 6.7230250503696211695 -11.22346254860048731 -9.5458648641515519984 0.55861380194264520505 12.275087429233384029 -11.923783658386186701 -11.710155437156284819 0.74481840259019360673 18.258399182267609717 -11.501180464658650848 -11.856398408456303883 0.93102300323774200841 24.087975719170028555 -10.833493605478668798 -10.603309561456413235 1.1172276038852904101 29.752216934885815647 -10.409276901115759983 -8.670329572443021604 1.3034322045328388118 35.433700826169989284 -10.416183905636877682 -6.7414197543418223901 1.4896368051803872135 41.303908664602886347 -10.798537655621840869 -5.5605447593939798523 1.6758414064795752463 47.273370892713771241 -11.183638994216261509 -6.0266109201161022213 0 
0.96927591283733982586 -0.19682504139139314625 0.14752663445838457013 -0.19900251028358512118 -0.97999898005091401476 -3.4694469519536141888e-18 0.14457595129956085644 -0.029358170590907388398 -0.9890580832920694565 0.50812559748321728392 0.85774737336576611924 0.0779603788244529472 0.60035362816438897493 -0.41763561758955780601 0.68202346885605236171 0.61756286994295439552 -0.29974978632972765213 -0.7271630953665787489 -8.8693621395406854191 5.6921084624672344532 -13.080189539076860328 0 -3.0537066625166460199 4.4980934007657236151 -12.212733831279495078 -0.43712164839521322479 2.4540543914901356004 2.1180665678856018808 -12.2063740555519189 -0.87424329679042644958 6.6042694789126681343 -1.9929732873792880277 -10.83704354885729515 -1.3113649451856397299 8.6236641072454567336 -5.6047018620172393 -6.4922234100915394706 -1.7484865935808528992 9.1149849503793909378 -5.6183508494174718706 -0.51238917039316611568 -2.1856082419760660684 9.9994394775057671154 -1.8272120866658965177 4.0532440902863431376 -2.6227298903712794598 12.692056849830665399 3.1116068562598022673 6.1407974752947973585 -3.059851538766492407 17.033583863090747457 7.0808497933403522495 7.322429270557419656 -3.4969731871617057983 21.6705225482862609 10.143577284754803358 9.5848396122324004409 -3.9340948330620553186 24.719276133185559274 13.745699053741137874 13.29021683189012748 0 
0.73335522965371668924 -0.54658525535276725194 -0.4042705353726571138 -0.59759641008968078513 -0.80179706325723476557 0 -0.32414292802322647313 0.24159062064373318379 -0.91463945586745021288 0.27412446093620446153 0.16365188008596318059 0.94766757993547756644 0.2812893619217635699 -0.95596420136817172875 0.083718221267300232946 0.91963692552337306108 0.24361959659855600413 -0.30808670430103690663 23.684225519392196446 16.660490471105450894 -28.751605933562501605 0 28.084356897314496138 13.074912010567366849 -30.69646350170186011 0.042829106855357089445 33.57340625916669552 10.773460181159524751 -29.939141521766611476 0.08565821371071417889 38.581203136846454527 10.162802426527706601 -26.691225715340440416 0.1284873205660712614 42.050662700776847203 11.019629259884789363 -21.871612452087006773 0.17131642742142835778 43.795884067677313567 12.789011156580261996 -16.410521499151251135 0.21414553427678545416 44.225299121573833361 14.956507859574848851 -10.832206477340687201 0.25697464113214252279 43.961787380484075527 17.196454843702511539 -5.2722392883455606594 0.29980374798749964693 43.662460565552265734 19.342128213055172381 0.32298413278579568564 0.34263285484285671556 43.997715634557337694 21.303486750744468736 5.9834298021401384204 0.38546196169821850264 45.642462400174579784 22.991222922275078133 11.501251355280363242 0 
0.8159822930682091302 -0.13852163996872005058 0.56123493535196400384 -0.1673660913210539003 -0.98589481765344144648 -1.3877787807814456755e-17 0.55331861424956563233 -0.093931697442682621224 -0.82765653947786599343 0.069520056056513929166 -0.65946864306208996531 0.7485105681443277037 -0.20523047517522965966 0.72482109038957165392 0.65765860367353334848 -0.976241473133183435 -0.19933764256737435128 -0.084953460143970149776 11.472701019825734647 24.998971640693767426 -14.109192983643724872 0 16.368594778234989207 23.994775092767444136 -10.789281298146331523 -0.26538197383289469089 21.094810799411142455 20.348172818143833496 -10.184985036433468863 -0.53076394766578938178 24.191826410008349768 15.209517887910090295 -10.237136889155234343 -0.79614592149868412818 26.585689924068759638 9.8713296492255704351 -8.9055349199228590606 -1.0615278953315787636 29.961045258117223966 6.1923959851590266723 -5.5780097938906108013 -1.3269098691644733989 34.873472276715830276 6.3671533545455520908 -2.1374399793160003824 -1.5922918429973682564 39.504109506415112207 10.17759647166338155 -1.943218203073536543 -1.8576738168302628917 41.766120346023193122 14.089075960860627745 -5.8908295273064341657 -2.1230557906631575271 42.099423977836103461 15.279643549035151651 -11.762069377132704062 -2.3884377597163695128 42.516544314175185093 14.048260697983771195 -17.619518215931805116 0 
0.20374934637029257223 -0.41638459924489656938 0.88606437089262612972 -0.89822807472294885489 -0.43952966427705886243 0 0.38945157546629960432 -0.79588789394748482575 -0.46356221873083491847 0.011947842452068258012 0.73258763936837645314 0.68056785091966420786 0.95813918378753293315 -0.20309418719081223648 0.20179706544016734471 0.28605341031300463017 0.64966768564703369915 -0.70434746018873872764 9.6416546379104772768 -1.3531324322171087715 -11.338254353560870413 0 10.864150716132233043 -6.7425008805548021229 -9.0015449007630721212 -0.071575595263650565458 11.533563158605774746 -12.70240065917148975 -8.8241352011684686119 -0.14315119052730113092 12.538470013605833131 -18.605743571668735825 -9.1993092323363843121 -0.21472678579095169638 15.047191859009348747 -24.021648745754216492 -8.5875216148101891633 -0.28630238105460226183 19.448469703299139155 -27.319026771367486361 -6.1883625402859356868 -0.35787797631825279954 24.311926321793311701 -26.695080431962733059 -2.7304208568625827347 -0.42945357158190339275 27.55398497598762475 -22.526535892875624967 0.11777716054167458593 -0.50102916684555398597 28.654393853086212118 -16.823909458574277664 1.6241540227585968825 -0.57260476210920452367 28.612235758993335821 -10.891344260191663906 2.5202149728712206489 -0.64418035913851601215 28.683922813705741817 -5.1425091574664660854 4.2365354347492516496 0 
-0.078382634343255888631 -0.075572112126066667837 0.99405483676818195971 0.69408254058592022684 -0.71989542772113401803 -6.9388939039072283776e-18 0.71561553189349225157 0.6899561065857818809 0.10888058365835182051 0.71474053985202701256 0.11378949314937450432 -0.69007094703431859362 -0.43742623277577619145 -0.69714532908779780485 -0.56801996532750387292 -0.5457144414175100211 0.70784203137414414275 -0.44850351954973555202 3.7913752651133503235 17.011307389288180758 8.3428811213418558879 0 3.321079459053815075 21.175802632803701897 12.636574312702808953 0.011561766459874819879 2.3107800790111174827 25.337697127239451333 16.838712575889367429 0.023123532919749639758 2.9755710433294568773 29.608928915238298174 20.999798796799002076 0.034685299379624459637 6.7879904302762641422 33.059309442802330636 24.091765047185365489 0.046247065839499279516 12.713155846169575725 33.944172833234325992 24.422388063463476016 0.057808832299374099395 17.709212398920442411 31.879362936130650752 21.819329906475182668 0.069370598759248919274 20.244116756814936053 28.247344230886017868 17.771773281893771923 0.080932365219123739153 21.416799607786085602 24.288927154649485374 13.41794740313654799 0.092494131678998559032 23.352408236435856281 20.546501380076836796 9.1462206442602553835 0.10405589813887337891 27.640851475548014804 17.92194398342217454 5.8719339957551914821 0 
0.54543085910136335226 0.67926285011087783605 0.49102663715851097015 0.77973608808564542905 -0.62610832364447499554 0 0.30743586465609912262 0.38287118920382695597 -0.8711445583832824191 -0.74252917314887223466 0.57325484372521440246 -0.34645246595807716039 -0.6503961319267941299 -0.49342649640570784841 0.57750771788734822643 0.16011027011880504811 0.65414767200561751981 0.73922630135305344989 15.901372850454919217 -2.4801663247372913723 -9.553830993854916187 0 19.173958005063099108 2.1982502037765816461 -7.7092158059183208962 -0.17510651655018485973 20.318185446765905766 6.5303173429123839711 -3.7187348995623370485 -0.35021303310036971945 20.024898606244935451 10.59455077783695387 0.68535290790271174988 -0.52531954965055460693 19.344299622775519509 14.903665938905389154 4.8046139523893227619 -0.70042606620073943891 19.491779501285332543 19.799004151834537879 8.2707232217422923526 -0.87553258275092427088 21.995370653007132233 24.766641936769861587 10.518968356334790215 -1.0506390993011092139 27.433956607910726433 27.294104530798911412 10.70258659600328599 -1.2257456158512940458 32.497408180494872454 24.539046828936385225 9.0379198854096696181 -1.4008521324014788778 32.492388418065175415 18.663670796600641211 7.8213959559173673597 -1.5759586455630489876 28.037213379171951999 14.761294005039866661 8.7820575766302138021 0 
-0.46058348305614910112 0.12028272001693347815 -0.87942874776822843597 -0.25267857673706067834 -0.96755027613976407608 0 -0.8508915277483960482 0.22221280432773152236 0.47603054271633249428 0.96170548831293634073 -0.11168332600452482439 0.25029859856048775058 -0.26836341147003056617 -0.56931193181967887362 0.77708751352206983931 0.055710260571498609883 -0.81450031244948783993 -0.57748212776391905088 -10.227978169212819992 8.81495266185585713 -18.244753968598871552 0 -12.991479067549715154 7.2988812014334936151 -23.350103135089248951 0.14251776024991541503 -11.907613180628974447 6.2501727399785638184 -29.157464437956857495 0.28503552049983083005 -7.645644320604102262 5.4438669304763385171 -33.303003290475530207 0.42755328074974624508 -1.9233644351077736623 4.5380915003797781537 -34.863478789250734735 0.57007104099966166011 3.9089614684372833153 3.2717523810971269604 -34.246745629925037235 0.71258880124957713065 9.3215699858382361498 1.5336729630995955542 -32.327696653454644604 0.85510656149949249016 14.363614377590804949 -0.64992826413292015264 -29.917370112915964597 0.99762432174940784968 19.348582952947605662 -3.113006052225079312 -27.66274462017615221 1.1401420819993233202 24.636650543256596535 -5.4884535407304833043 -26.115621357576433326 1.2826598422492361262 30.406883473134211471 -7.098634009550679913 -25.781359794147434172 0 
0.42774172648678887576 0.092166227974308970183 -0.89918985861890632361 0.21063741220549395128 -0.97756425905378352414 0 -0.87901586788946750595 -0.18940302490091048826 -0.43755867967269396202 -0.76671174806205755203 -0.63907564017755691399 0.061118094826887708892 -0.32971389329667999402 0.31029298384460657356 -0.89163165754921247519 0.55085555634010685555 -0.70377595178327567726 -0.44861739348890083967 38.688598370415746786 10.08979398466928501 14.294102525585838492 0 41.255048729336479596 11.353618457902248551 9.0200073182490339008 0.067007604909404230864 42.283420172461134712 14.767705127220207117 4.1944022381212588968 0.13401520981880846173 43.817694160744437681 18.173801473937611917 -0.50075601329942687201 0.20102281472821270647 47.319907599047027702 19.035675452971652533 -5.2957194414237847013 0.26803041963761692346 51.306062557322420048 15.271768507135261572 -7.7336638937087629486 0.33503802454702114044 51.91639138688265831 9.6719684105223056036 -5.6673295551905695788 0.40204562945642541294 48.619676768382561249 6.9474261603845546276 -1.459177674421618498 0.46905323436582962993 43.803557550498872786 7.1832357647620783681 2.1114510530915819864 0.53606083927523384691 38.62211145024962633 7.6745656514181455066 5.0966162499772806882 0.60306844418464122803 34.021840961877281018 5.6962822916380559946 8.4017495880179247081 0 
-0.11964471105460576517 0.012438462250726908809 -0.99273885174979270563 -0.10340435892824678676 -0.9946394012679360408 -1.7347234759768070944e-18 -0.98741717711983212347 0.1026535245483511799 0.12028953498331790284 0.87400842862007066536 -0.073003086815468826165 -0.48039547876357846512 0.48362327268781468703 0.034874677906459983223 0.87458120661013993846 -0.047093490163737830589 -0.99672177971404518626 0.065786754197666053035 20.186740388846413197 11.263323907556099357 35.554929311897502942 0 19.468872122518778411 10.642897753986618525 29.630426249178512421 -0.40355358461316931384 21.84721276791360367 7.2891389330082185793 25.260552389993488731 -0.80710716922633862769 26.910560421050995217 4.2947949937460307979 24.078852378619519214 -1.210660753839507997 32.78685113921909533 3.8820993453423295882 25.218540799796048901 -1.6142143384526772554 38.127409113330905654 6.1241073741663365482 26.784376207442985418 -2.0177679230658465137 42.713638252291552533 9.9245511728990081224 27.507652930159331106 -2.4213215076790159941 46.953233506432148658 14.150586416281949909 27.099660034689083687 -2.8248750922921850304 51.346176439440746719 18.071865495892684095 25.948303110387449522 -3.2284286769053545108 56.196929852239236425 21.410649169429444072 24.798209688506645421 -3.6319822616128085713 61.440980423959658197 24.312388805556331306 24.515648747524217299 0 
-0.014650499382100910795 0.021391793948870130998 0.99966382050142477134 -0.82505537819092078511 -0.56505187630715525415 -3.4694469519536141888e-18 0.56486191745070923886 -0.82477801148758378424 0.025927706811360237693 -0.44819947126875503418 -0.51257256730379729959 0.73238418688691209191 0.50749973153039507068 0.52855497646592242145 0.68049515747702837842 -0.73590845656982750711 0.67668234800436688481 0.023232379308026962494 40.986798881159110408 -5.7236461126019149148 1.2770454020237536064 0 40.898895884866504957 -10.673978381747438959 4.6662169067280085955 -0.14164298383151308069 39.720674370890428406 -16.185394082631844981 2.6080402776890077021 -0.28328596766302616139 37.789604617975939505 -18.070623439583513914 -2.7507730126979490493 -0.42492895149453924208 35.623093361695012504 -16.227381384234732309 -8.0336403876979751715 -0.56657193532605232278 33.340513789851748072 -12.371970522455843167 -12.024334260333434443 -0.70821491915756540347 30.862725021957373883 -7.7501254583633514272 -14.939657745853248016 -0.84985790298907848417 28.118533632411956802 -2.9779558640368430922 -17.326247568284426137 -0.99150088682059156486 25.108481352409850018 1.6085586167904788457 -19.755953350641064503 -1.1331438706521046456 21.986616091216859559 5.6906783067867161563 -22.852767210104250495 -1.2747868546282408175 19.297419263604322026 8.7356766959690972385 -27.268217949523204879 0 
-0.79131615098399299413 0.12797345748764721307 0.59786415126727210367 -0.15964803655872128463 -0.98717399906143465937 1.3877787807814456755e-17 0.59019594510198336579 -0.095447837878666355604 0.80159744050830428197 0.98024122247466338731 0.045835969581812484319 0.19242195730704114709 0.16132724809898685292 -0.74814404818949897802 -0.64362566929810760552 0.1144581355002149553 0.66195131773501636463 -0.74075622722100054052 2.1531625255023243426 -3.3369918662221209615 5.7990816739732906626 0 -2.5947343804016336222 -4.2948800855744488914 9.3402573445851899692 -0.090182833888264146704 -0.10441052997888579379 -4.315159365637390998 14.798989420009405649 -0.18036566777652829341 5.55130544749804411 -3.9315804672165270972 16.76516110139827731 -0.27054850166479244011 11.538505246918310476 -3.6289750446403248318 17.013944229833555255 -0.36073133555305658682 17.529415314828298733 -3.4174697414382966265 16.760439629538741002 -0.45091416944132073352 23.515097691399674318 -3.2489669284914093339 16.382004036269371738 -0.54109700332958488023 29.500751222981573818 -3.0901525218620680135 15.998950694400395633 -0.63127983721784897142 35.48983819728361766 -2.9007617094218165477 15.690780126474862755 -0.72146267110611317364 41.479615292555962469 -2.5562965444023255657 15.628223747754779183 -0.81164550476292851577 47.361062627403917702 -1.5883330558081565353 16.314972560755940378 0 
-0.29083067801728162971 0.75064440339875759811 -0.59325415832519201587 -0.93245989046407573575 -0.36127351504881144439 0 -0.21432701509546636665 0.55318570748926598757 0.80501521950200949362 0.56322755982444616674 0.59343208429670746273 -0.57498963223823851276 0.3245686401030678514 -0.79881505551694154121 -0.50650735921713019305 -0.75988809288989700441 0.098655300956060260065 -0.64252409906354834845 14.937886680103058978 23.642984520435533113 22.212562383461175841 0 13.192902611999368645 18.048225177651076478 20.926600292888377197 -0.34927771422541392665 12.495809336390671263 12.230768347437713572 22.219371345217382441 -0.6985554284508278533 14.02840833336780868 7.5356471665692197348 25.626272783685919876 -1.0478331426762417244 18.061884786644785805 5.147604838760563517 29.371712883523048987 -1.3971108569016557066 23.6536438359862764 5.0889938257540805466 31.546292264293029461 -1.7463885711270696888 29.514444786744473248 6.362415987352907365 31.374804031623334311 -2.0956662853524834489 34.900007741123829419 7.9311559163008169548 29.245304865212961687 -2.4449439995778976531 39.681138977002184731 9.3789095579480310505 25.921934061585098164 -2.7942217138033114132 43.88907080959103979 10.888872699869379446 21.920269279354233305 -3.1434994282020034539 47.26843616853772545 12.836284540487785222 17.360940722014856163 0 
