35
0.58494267867811500228 0.77290552540398083092 0.24588434570112108202 0.79738593223765108498 -0.60346969689412877091 1.3877787807814456755e-17 0.14838375157126676429 0.19606471821953341816 -0.96929917390820663492 -0.07270089781444449839 0.74345376121083683874 0.66482410034416883349 -0.11679359907371050786 -0.66834792777045604062 0.73462255795772279932 0.99049171358087739758 -0.024239479911867235773 0.13542013491803667202 12.203423483308498021 -5.4245688798537301523 1.937498287091365512 0 15.713079555377188257 -0.64025328642782319832 2.8278007965189662087 -0.11472893645645240723 18.983818943888962849 4.3469165413464585512 2.1717512851438938171 -0.22945787291290481447 22.077034716244497758 9.1161302714595464636 0.25169488437027082162 -0.34418680936935719394 25.085641212139265122 13.439114426863227436 -2.62234320601554316 -0.45891574582580962893 28.102114986624478377 17.2199687565640005 -6.1728398621787095024 -0.57364468228226206392 31.204101640121670869 20.440717824553850335 -10.173396603754540024 -0.68837361873871438789 34.45030636318965378 23.123874253182311378 -14.446899438133016247 -0.80310255519516682288 37.881763691731165977 25.308055594084059692 -18.857619614301004418 -0.91783149165161925787 41.524489787122845996 27.035610173142469392 -23.301278216210786098 -1.0325604281080715818 45.393325658600112149 28.343425722254789179 -27.696926915671522096 -1.1472893645645241278 49.494165997461443851 29.262064375763536361 -31.979357480134567027 -1.2620183010209764518 53.827226801790082789 29.811098789505031448 -36.093132544296238962 -1.3767472374774287758 58.387077315761395369 30.004332112187015014 -39.988055415578912744 -1.4914761739338813218 63.164876975733442066 29.845584159655938805 -43.613993845384108283 -1.6062051103903336458 68.145912175019091706 29.338603242214553291 -46.92039047809889496 -1.7209340468467861918 73.311015913614312467 28.481742699699015731 -49.850833001034573044 -1.8356629833032385157 78.63258130782428168 27.281415240599553584 -52.348863374364491108 -1.9503919197596908397 84.07580088424613507 25.744824839855969145 -54.351424380476530018 -2.0651208562161431637 89.595684364726707827 23.894364251583684933 -55.802865723820694654 -2.1798497926725959317 95.138713518737446861 21.757912485937360714 -56.64571900337399768 -2.2945787291290482557 100.64393741740815358 19.380093529448689793 -56.84189962338530222 -2.4093076655855005797 106.0444099402495084 16.810844195359976538 -56.358314688425458883 -2.5240366020419529036 111.27347163621112713 14.110287314801146508 -55.190450691765981617 -2.6387655384984052276 116.26340391406620256 11.338708619551603363 -53.341416511860444416 -2.7534944749548575516 120.9546129656944089 8.5553271827160397578 -50.842347603046448512 -2.8682234114113103196 125.2888746675981082 5.814324471978014941 -47.727691981771833696 -2.9829523478677626436 129.21780048566247956 3.1609393072250031587 -44.050316683598445877 -3.0976812843242149675 132.69124017109132296 0.6362456564867343678 -39.859715447306690805 -3.2124102207806672915 135.66332047442500652 -1.7258652620596572902 -35.213515852043933307 -3.3271391572371196155 138.08031558173624376 -3.8866048276925133642 -30.164819071612150481 -3.4418680936935723835 139.8853426785480849 -5.8024503192447829392 -24.773027789276209631 -3.5565970301500247075 141.01169458374414489 -7.4102137573793731562 -19.103245772949755121 -3.6713259666064770315 141.38997843474388105 -8.6241725113224845245 -13.239526325230663417 -3.7860549020075158211 140.95377304785722572 -9.3249341057647825437 -7.2965760437454019183 0 
-0.41214650930050339417 0.0042361048553777461492 -0.91110773802392019949 -0.010277610086589564903 -0.99994718397068760307 -4.336808689942017736e-19 -0.91105961693092185616 0.0093640100782844438998 0.41216827839237663023 0.18637013250101275297 -0.98070619747891563112 -0.059004473881237584632 0.73000190346588378354 0.1784208638852602391 -0.65974481147381813795 0.65754345456991780683 0.079883349684924442879 0.74916971094363848938 -45.743853545965492913 -32.589449212970947656 -47.501697130321616669 0 -48.216732601768512723 -32.651114873490485024 -52.968054831907146252 -0.042597690485848854758 -49.539711905885305043 -33.265760811144524212 -58.788014980602447679 -0.085195380971697709516 -49.804391281718160656 -34.301420693034195608 -64.692026619909299257 -0.12779307145754656427 -49.122850728577205359 -35.652402880014420816 -70.498088073674253451 -0.17039076194339541903 -47.603012682656391519 -37.237845023511390252 -76.081677020203187567 -0.21298845242924427379 -45.340310800932265067 -38.996056889924162192 -81.353192099120249736 -0.25558614291509312855 -42.416683488107771893 -40.87865023375233875 -86.242797976640645174 -0.29818383340094201106 -38.903876518256780059 -42.845247693531639754 -90.691694651520464276 -0.34078152388679083806 -34.866970974001027628 -44.859703676894561397 -94.647116337997275082 -0.38337921437263966506 -30.368843490766927573 -46.887338749218699263 -98.061138182985303047 -0.42597690485848854758 -25.472910849337974781 -48.893486437364671815 -100.89048705223724767 -0.46857459534433743009 -20.24578788464458512 -50.84296049671127804 -103.09882045186461141 -0.51117228583018625709 -14.757759081412475055 -52.700344224583815844 -104.65820031011890023 -0.5537699763160350841 -9.0827595804874867724 -54.431037887871525527 -105.55211311814713326 -0.59636766680188402212 -3.2965333238044158826 -56.002444653172446465 -105.77631500136388354 -0.63896535728773284912 2.5255717221494826674 -57.385610761768347743 -105.34048894671612118 -0.68156304777358167613 8.3115376021320681588 -58.556234324867588725 -104.26706484171651823 -0.72416073825943050313 13.995440125608501702 -59.495811998961841027 -102.59062638535677081 -0.76675842874527933013 19.519669459044269644 -60.191625949883786006 -100.35484168702147656 -0.80935611923112826815 24.836576169049198626 -60.636777623874863252 -97.610330250673015939 -0.85195380971697709516 29.908856005458453353 -60.828990177163923647 -94.411106658062735164 -0.89455150020282592216 34.709474366520602473 -60.769608980202441728 -90.812421172377668199 -0.93714919068867486018 39.220375797395604422 -60.461620896280848569 -86.868196074707384469 -0.97974688117452368719 43.431205692653897188 -59.908045950451018768 -82.629981076320845546 -1.0223445716603725142 47.337261989363270231 -59.109625704806113333 -78.146093330370746344 -1.0649422621462214522 50.937883448596913638 -58.062894481396355673 -73.46209089087037114 -1.1075399526320701682 54.234483199020317556 -56.757697362692248078 -68.621750968216687738 -1.1501376431179191062 57.229174702348785786 -55.17496293190119161 -63.669299603338771476 -1.1927353336037680442 59.923255190362837652 -53.284044885253052826 -58.652691260547491936 -1.2353330240896167602 62.316203065150027385 -51.040406913924620369 -53.628759620669605113 -1.2779307145754656982 64.404615016079034717 -48.383688720301606168 -48.670898795384957225 -1.3205284050613144142 66.181552922676559092 -45.237818192610383505 -43.880701482214405473 -1.3631260955471633523 67.636158576814310095 -41.515873654261646664 -39.405072895694758017 -1.4057237860330065171 68.754379371820377287 -37.135862233466397697 -35.459812168275192334 0 
0.43757433119956590239 0.48032562669183359594 0.76014209001893173756 0.73923900084494686968 -0.6734431673346789049 5.5511151231257827021e-17 0.51191249672675220861 0.56192667912578497802 -0.64975687990328345744 -0.52388593493213120311 0.82047628624301671696 0.22882786301749585833 -0.62444956370397364243 -0.1872353573474686006 -0.75829127869762724679 -0.57931534553315877645 -0.54014959471597567831 0.61043602921023865093 175.82568185105489533 67.501181665537814069 18.126158360580546969 0 178.4511278382522903 71.936615670607494621 21.197633340941059998 0.0073463974609697044182 181.41745349107890206 76.905117329915185564 22.783478031583715762 0.014692794921939408836 184.49202346668627683 82.052983539858985296 22.999100269797775553 0.022039192382909113255 187.51719540660704411 87.143762620186464574 22.033541835928406982 0.029385589843878817673 190.39504516935565448 92.033555250005349535 20.082155461983784761 0.036731987304848522091 193.06762516298718424 96.639451100678627427 17.317550681840497617 0.044078384765818226509 195.49816456309525847 100.91103511226083356 13.875741817810210321 0.051424782226787930928 197.66026646508993281 104.8131571521574017 9.8634159398256695539 0.058771179687757635346 199.52695023905903327 108.31028994899988049 5.3594672401567642339 0.066117577148727346703 201.06944123779760503 111.36371301501208109 0.43023513984386491105 0.073463974609697044182 202.25005698166245338 113.92199822134729459 -4.8670588172992390597 0.080810372070666741662 203.02822990605761788 115.92834387744083813 -10.467864474346523451 0.088156769531636453019 203.35483387218013718 117.31316972010127131 -16.296722615939341239 0.095503166992606164376 203.18591776194293175 118.01204601273911976 -22.25348677740243275 0.10284956445357586186 202.47805015315992705 117.95970602848068154 -28.211354178955076577 0.11019596191454555933 201.2094691203828063 117.11876861098484426 -34.015105243838341664 0.11754235937551527069 199.37434350233186819 115.47255289472782636 -39.485232096254243572 0.12488875683648498205 197.00422928468498185 113.05576802573860107 -44.439191067857940709 0.13223515429745469341 194.15522630608094801 109.93780589592097385 -48.700821528717789022 0.13958155175842437701 190.9171745213472775 106.23802421875021196 -52.139809196717564532 0.14692794921939408836 187.39144878863584154 102.09529240717576215 -54.671020605325210795 0.15427434668036379972 183.68513578392699515 97.662367778696832943 -56.287319819379050045 0.16162074414133348332 179.89029382660825718 93.075506161996031551 -57.035567791785418024 0.16896714160230319468 176.07581789032815323 88.444121601858469717 -57.028469365230442634 0.17631353906327290604 172.28062252606497395 83.838285936894550332 -56.409785298503742013 0.18365993652424261739 168.51360949016660129 79.288347608688567902 -55.357324374338929829 0.19100633398521232875 164.76022102616028064 74.790773769144266225 -54.059670878173264441 0.19835273144618201235 160.99048854048089652 70.317884933581723317 -52.724611909021170675 0.20569912890715172371 157.17352398649359202 65.834083280354661838 -51.572959041129635693 0.21304552636812143507 153.29383011917551016 61.314639866165400406 -50.850043609121286181 0.22039192382909111867 149.37454745163111625 56.771693487594482974 -50.820691039973539205 0.22773832129006083003 145.50383580334082012 52.284146512033956355 -51.758514838950347325 0.23508471875103054138 141.8594113205558358 48.02632196016890731 -53.900733383729416914 0.24243111429671426738 138.71609571096306013 44.279624577945050135 -57.376625456928380231 0 
0.89221627965839456209 -0.41624863519388538569 0.17517757850752835314 -0.42278624075383153258 -0.906229438182871605 0 0.15875107855311332283 -0.074062669881557102736 -0.98453685354497455506 -0.3791115190328509521 -0.70036216226163039433 0.60478698548234099963 -0.92401456501759460238 0.25140692736437908472 -0.28808269734322389244 0.049714583091382533175 -0.66804745231563822383 -0.74245610084545399232 109.00900262155224141 8.4844056849503033391 0.056114754554215551252 0 114.362300299502607 5.9476882404273139215 1.0086212258728954883 0.041678327832814318632 119.53449239686629824 3.2088667031901687565 -0.31322804508604606966 0.083356655665628637264 124.01151495118695323 0.71273772558195647164 -3.4318189408671435636 0.12503498349844294202 127.6001434511294832 -1.295863799394920246 -7.8007164451879669187 0.16671331133125727453 130.31739157920233652 -2.7287531435241922928 -12.954684890761283711 0.20839163916407160704 132.28100726766572848 -3.592594636326133628 -18.558075944697652204 0.25006996699688588404 133.64060977431643096 -3.9418432987496814235 -24.391557443400159855 0.29174829482970021655 134.54408754831248984 -3.8519443203949621513 -30.322463452231012582 0.33342662266251454906 135.12477447040339484 -3.4066335787342927333 -36.2776713446453698 0.37510495049532888157 135.49845723543279519 -2.6937867029988700196 -42.223443836330048384 0.41678327832814321408 135.76465759731473781 -1.805430979141541048 -48.151340720995285949 0.45846160616095749107 136.00895602957365327 -0.84064672829645692431 -54.068224159539354901 0.50013993399377176807 136.30459472432997359 0.091558906539152662418 -59.987986858883267871 0.54181826182658610058 136.71317812835266636 0.86799420275705918559 -65.923490867200015941 0.58349658965940043309 137.28325850800524677 1.3499471044515449769 -71.876870559549857376 0.6251749174922147656 138.04741637285718525 1.382019734042882364 -77.82792375239026228 0.66685324532502909811 139.0164658716451811 0.7996705958750853771 -83.7204455003496264 0.70853157315784343062 140.17269213733152355 -0.55967482390080247612 -89.448911337925281373 0.75020990099065776313 141.46247504088509572 -2.8293431005567843961 -94.851231763042832767 0.79188822882347209564 142.79281553200118537 -6.0847805089158155667 -99.712540378832784427 0.83356655665628642815 144.03577464074879799 -10.305700003220792382 -103.79162008834785524 0.87524488448910064964 145.04303179443692784 -15.361466546937810662 -106.8615806225853504 0.91692321232191498215 145.67159800626461674 -21.016002881545251313 -108.76713129311417561 0.95860154015472931466 145.80857348730131662 -26.974197812878465186 -109.46078169340957231 1.0002798679875435361 145.39164934014013397 -32.943547925351936101 -109.02142592614698913 1.0419581958203578687 144.41058956528567592 -38.696366939155979026 -107.62765581864103126 1.0836365236531722012 142.9000181644050258 -44.107730983648821166 -105.52163748519483022 1.1253148514859865337 140.9221539665477394 -49.161332266514662592 -102.96250339557563791 1.1669931793188008662 138.55613920341215817 -53.934394378637882994 -100.20209541586713442 1.2086715071516151987 135.89311762521143123 -58.567591463357722148 -97.474128984955470401 1.2503498349844295312 133.04426150155543951 -63.234161229118249992 -95.002865055708440423 1.2920281628172438637 130.15662077924417872 -68.103607882037664467 -93.015399243871257795 1.3337064906500581962 127.43540256285177747 -73.299474354955208355 -91.751301586233012131 1.3753848196281179828 125.16073344865448291 -78.843561745060696921 -91.453014087684664446 0 
0.75643547105670250197 -0.59497682598486467676 0.27167619451877067505 -0.61822921923375406816 -0.78599785781236242155 2.7755575615628913511e-17 0.21353690691036841809 -0.16795816162173718422 -0.96238871841465345458 0.4086854954280291774 0.71287579390632793697 -0.56989847191334885856 0.60122201490748994335 0.2595126788389310879 0.75576799238418368443 0.68666458669231222878 -0.65150692397262099931 -0.32253755346999513076 5.9460389363482875069 -4.1108595859702461439 4.4302685890459372331 0 10.484651762688502075 -7.8202349013727703309 5.7114900305081475196 0.15148799873671783822 15.30716406158634868 -11.390021312519566621 5.7111648064565079252 0.30297599747343567644 20.359222951867707252 -14.492527171548031717 4.7885823636238109557 0.45446399621015354242 25.616234040204481914 -16.97911839456773464 3.3118635323273601934 0.60595199494687135289 31.064204100486339399 -18.827918180342877008 1.6084664634117493698 0.75743999368358916335 36.687135281155121902 -20.101579977694910895 -0.052987888482625596087 0.90892799242030708484 42.460597213757900192 -20.917674684740148905 -1.4675997581908344358 1.0604159911570247843 48.349919063928233243 -21.428092440450981826 -2.4949078228731762508 1.2119039898937427058 54.311553119350179486 -21.803489730338231567 -3.0588193974826713983 1.3633919886304606273 60.29642315895113569 -22.220018212705760163 -3.147332856705008286 1.5148799873671783267 66.254150923646349725 -22.846857359762804407 -2.8118443092156653051 1.6663679861038962482 72.137083296362675355 -23.833619546821690705 -2.1657738144265330504 1.8178559848406141697 77.902997771326440102 -25.296685762253144247 -1.3824044783746538556 1.9693439835773318691 83.515359388631154047 -27.302794780535950991 -0.69180786430154006528 2.1208319823140495686 88.939725624853807062 -29.847483806379244697 -0.37430401065508228653 2.2723199810507677121 94.135286168160206444 -32.825258728041781353 -0.74714064613433295303 2.4238079797874854115 99.040231197942006247 -35.992228368055222631 -2.129825553859852505 2.575295978524203111 103.55403045319465605 -38.927774292974575587 -4.7771234981740153813 2.7267839772609212545 107.52468890227790155 -41.03405856278600794 -8.7517226044322455891 2.878271975997638954 110.76220892161332188 -41.616698534303445456 -13.769590158283440573 3.0297599747343566534 113.1039977373866634 -40.125741414534026319 -19.088713395183276589 3.1812479734710747969 114.51890832848421553 -36.449891550781906346 -23.614876869733603115 3.3327359722077924964 115.19972086956276769 -31.120474293714622149 -26.285795435318028979 3.4842239709445101958 115.5361045002535576 -25.134338802319472705 -26.516073379686638134 3.6357119696812283394 115.98637557905507833 -19.52856726875292992 -24.42500153275025454 3.7871999684179460388 116.91748835761393366 -14.973487631075828475 -20.632340397343632787 3.9386879671546637383 118.52793776520179847 -11.642043103665509207 -15.909213248262453533 4.0901759658913814377 120.85693062160791555 -9.3377370387435778554 -10.882687028896507186 4.2416639646280991371 123.83073073431708622 -7.677199594729568588 -5.9431396521950379253 4.3931519633648177248 127.300533670032749 -6.236434404568085732 -1.265034987470452954 4.5446399621015354242 131.05321855040105561 -4.6211821212880401788 3.1290879341162622929 4.6961279608382531237 134.7999166726392275 -2.5060293374785040932 7.3109992055278931744 4.8476159595749708231 138.15178711712451332 0.32962430262757669297 11.400502025813951334 4.9991039561681969161 140.60390008969267228 3.9369563920725250128 15.520489545967834033 0 
0.74791335346986065336 0.13591077445646271293 -0.64973369705450223499 0.17879187766882248534 -0.98388691651005144578 0 -0.63926448374763000793 -0.11616710768108036433 -0.76016190572264819014 0.37665064614598331438 0.84720429881182113263 0.37467207906725985556 -0.42613811679175667146 -0.2006619671362710744 0.88212305284590342147 0.82252087886872904399 -0.49191427202285165077 0.28544658485474982967 4.3125042577698593504 1.3213361157367842225 1.2873766993129436287 0 8.7999843785890234926 2.3940873817497192455 -2.5482102031728364189 0.04596925889760761913 13.010671818397005595 2.8818153058180109305 -6.7946478580103422118 0.09193851779521523826 16.974646517804188761 2.9390139328990794176 -11.298383296458416325 0.13790777669282286433 20.75554447036522987 2.6922642835102501557 -15.950686519900974858 0.18387703559043047652 24.431913439082638462 2.2416100027792631444 -20.67098544318063702 0.22984629448803808871 28.086677502194355327 1.6647643829144993521 -25.394326291968987164 0.27581555338564572866 31.802115809827416371 1.0219680684500604961 -30.061480786978254542 0.32178481228325334085 35.655586439231178986 0.3595624057441921817 -34.61252273870078966 0.36775407118086095304 39.717228502437734505 -0.2869716151256428982 -38.981167552627574935 0.41372333007846856523 44.045231089639450772 -0.89154934358552029305 -43.09247870303028094 0.45969258897607617742 48.682676633700353364 -1.4362037002352920911 -46.860429134982922506 0.50566184787368384512 53.65109013848496744 -1.9110428924961109232 -50.19050345652095757 0.55163110677129145731 58.947107866633992046 -2.3138538760255924487 -52.981549771915837255 0.5976003656688990695 64.537284665969977482 -2.6503634345392708127 -55.134846005413393755 0.6435696245665066817 70.358665728862263222 -2.9336141846294419011 -56.560079857513763102 0.68953888346411429389 76.32041472396653603 -3.1832820008766034015 -57.188741054744753001 0.73550814236172190608 82.311918708810779322 -3.4239957399897900103 -56.979129758775087566 0.78147740125932951827 88.213150194608800803 -3.6832324832476848187 -55.926388925534858743 0.82744666015693713046 93.907026962159861228 -3.9890090936275504063 -54.059233864891211851 0.87341591905454474265 99.292032280362562346 -4.3673861223217205207 -51.440350792456420947 0.91938517795215235484 104.28983758132537218 -4.8410294029538940563 -48.154379974512302454 0.96535443684975996703 108.85177201640071587 -5.4278038318603449852 -44.301530382372035888 1.0113236957473676902 112.95720956893045184 -6.1410663791104216358 -39.984513004486089471 1.0572929546449751914 116.61275822038490446 -6.9896857490486894449 -35.302973810821768552 1.1032622135425829146 119.84519945532314011 -7.979550009428920454 -30.346009779411716067 1.1492314724401904158 122.69804716269216271 -9.1143389748134655548 -25.19105934680803216 1.195200731337798139 125.22482865886809122 -10.39730583039791334 -19.902451654980737317 1.2411699902354056402 127.48696929062998606 -11.832137119591141783 -14.533654868578391728 1.2871392491330133634 129.55025523779727337 -13.424429966942513559 -9.1292627114069819783 1.3331085080306208646 131.48523972554360739 -15.182279321131410654 -3.7287256381003826 1.3790777669282285878 133.36711290408590003 -17.117046767585495815 1.6299335475565079889 1.4250470258258360889 135.27835108152751786 -19.243123437953435939 6.9050607138727162493 1.4710162847234438122 137.31114651667490989 -21.576905372573769171 12.045216814879747602 1.5169855427384721924 139.57105039355090526 -24.133734073324262681 16.980342088092108099 0 
0.054252523470627991853 -0.48222211969184647362 0.87436748051203960763 -0.99373073579413973011 -0.11179993174433032477 -6.9388939039072283776e-18 0.097754224640710443706 -0.86888583976369759831 -0.48526437023856222597 -0.6169680291644791259 -0.23956625214595933526 -0.74963888761298691499 0.37926056725030898864 0.74412596512651985048 -0.54994360633932037885 0.68957368940373053867 -0.62360609270377065361 -0.36824389747131763828 120.15511699878240393 -1.5790548780246638216 -6.1158033432257354889 0 120.4806321396061719 -7.5414392927895024243 -5.5292779953814727989 -0.049628344421715084311 122.12485517236068233 -13.305604389643274743 -5.7956074056468693811 -0.099256688843430168623 124.75389371307741726 -18.600360931331909597 -6.8221109446916328167 -0.14888503326514523906 128.05280069174617097 -23.329692886413457842 -8.4806138855196326887 -0.19851337768686033725 131.76357831907699847 -27.520340250021366302 -10.641309161209166589 -0.24814172210857543543 135.69352278226298836 -31.270261945107669987 -13.18956813489979929 -0.29777006653029047811 139.70285255478023601 -34.715736044327556442 -16.027522152640703013 -0.3473984109520055763 143.69195990795671491 -38.005449950783983581 -19.071336361573408169 -0.39702675537372067449 147.58325287050712404 -41.293171096346000581 -22.241309350201213135 -0.44665509979543577268 151.31225346330049319 -44.722631978906356665 -25.455862605932871645 -0.49628344421715087087 154.81361214657809455 -48.428680542638105067 -28.6190400297108134 -0.54591178863886591355 158.02051917419160532 -52.51719228197224254 -31.619009875154272748 -0.59554013306058095623 160.85490830508678073 -57.065838949449307904 -34.316425629003319386 -0.64516847748229610993 163.23931046750158202 -62.094722183368531887 -36.558067827811562722 -0.6947968219040111526 165.09145405264143847 -67.569163372933331857 -38.170537301017631648 -0.7444251663257263063 166.35204288544670703 -73.376256436816177597 -39.00034808789047247 -0.79405351074744134898 166.97887663730560348 -79.342735020448216687 -38.909723816358528836 -0.84368185516915639166 166.98072788840642033 -85.245483421181248218 -37.833825173124409957 -0.89331019959087154536 166.39755133870423265 -90.844618878982771548 -35.757870636756351246 -0.94293854401258658804 165.31968714004554499 -95.927594666765969578 -32.757609663097596808 -0.99256688843430174174 163.8519223717699731 -100.32386591315702162 -28.947299214700493053 -1.0421952328560166734 162.11444447603295771 -103.94482623718177194 -24.489741935913841075 -1.0918235772777318271 160.21118716644775759 -106.75692999253296023 -19.543057785631926748 -1.1414519216994469808 158.22752973133464138 -108.79815800388317371 -14.261155534946137635 -1.1910802661211619125 156.21767704320674852 -110.13191074548846871 -8.7673776184040530524 -1.2407086105428770662 154.20647742060884866 -110.85230520266344456 -3.1605863877504964954 -1.2903369549645922199 152.19047809067882326 -111.04737887198044177 2.4872178727795075659 -1.3399652993863073736 150.14105103661606222 -110.80405541036529371 8.1211012974789635877 -1.3895936438080223052 148.00935693469574517 -110.187160606334416 13.695625587191754491 -1.4392219882297374589 145.72860436300715037 -109.24455127102339702 19.164597643046519693 -1.4888503326514526126 143.2193878600809569 -107.99683287471695792 24.469975230453599124 -1.5384786770731675443 140.39360510854402264 -106.44138849258325763 29.529179181195761572 -1.588107021494882698 137.16446052871108918 -104.54963340466220245 34.21894335115788266 -1.6377353659165962974 133.46265235372422353 -102.27407000116036784 38.356385487580283211 0 
0.80515370748674830459 0.26350605125233056425 0.5313116489159143141 0.31104034147814091371 -0.95039670978658252753 2.7755575615628913511e-17 0.50495684300096876918 0.16525935671012018102 -0.84717644663095548196 0.85414842089394171776 0.51051701500622093111 -0.09900935548484320059 -0.049192008729141131762 -0.11021817537918629504 -0.99268932707734613974 -0.51769742259506934534 0.85277449024066220851 -0.069029322995382183525 4.2841867245552123222 4.253819274722928867 -11.315901155508043985 0 9.1151089694757025939 6.1200613235917744603 -8.2861600975022309257 -0.0039297626820874011558 14.422993664923653867 7.2169925204920453155 -5.7126212870126078514 -0.0078595253641748023116 19.97269715079004726 7.3923641332847340735 -3.4388499668511220975 -0.011789288046262204335 25.518350339225552403 6.5861347532634981761 -1.2950857773037516285 -0.015719050728349604623 30.826652382629191607 4.8341551150288477601 0.88493641597958816458 -0.019648813410437004912 35.703013240437833531 2.2590273023399740637 3.249216757383283749 -0.023578576092524408669 40.014154623661319476 -0.94942104602610843944 5.9175344239524010348 -0.027508338774611808958 43.702026023579293224 -4.560651706059783983 8.9767202074084870844 -0.031438101456699209246 46.785936665707659188 -8.3309060689307745662 12.480243746735666832 -0.035367864138786613004 49.353985863561419478 -12.025225734381065124 16.449768343821560279 -0.039297626820874009823 51.547379299216537163 -15.430760237007396185 20.875981170589682279 -0.043227389502961413581 53.54232627068378747 -18.361800704500577552 25.716351854633515472 -0.047157152185048817339 55.531472335606075319 -20.660690566720596451 30.889204388176903393 -0.051086914867136214158 57.70631807241039013 -22.19875406687478403 36.265486253053182963 -0.055016677549223617916 60.23818511946651455 -22.881866444770729174 41.66205986370620451 -0.058946440231311014735 63.259443226030953156 -22.660603024427548036 46.841156498481105075 -0.062876202913398418493 66.84313034380919305 -21.545134233802407664 51.522279869960605936 -0.06680596559548582225 70.988900273510040506 -19.6170138082287977 55.407501010960700683 -0.070735728277573226008 75.615981215785197378 -17.034819770354289403 58.222176108445211185 -0.074665490959660615888 80.573375382438328529 -14.023640367608827262 59.757442105240187402 -0.078595253641748019646 85.663679802256780249 -10.851036937186693265 59.910374727170356834 -0.082525016323835423404 90.680019414752024431 -7.7901656956450997527 58.69901015165446978 -0.086454779005922827162 95.444930885799777798 -5.0819063667613342261 56.257504452174835308 -0.09038454168801023092 99.840917061960794854 -2.9052888195333625987 52.802415221474625184 -0.094314304370097634678 103.82742488281998305 -1.3625956660343272464 48.591969493481485642 -0.098244067052185024558 107.43991855786796918 -0.48090955251563566319 43.883199054718666332 -0.10217382973427242832 110.77817784237149112 -0.22346004093231625065 38.904268979048637789 -0.10610359241635983207 113.98607671712774447 -0.50542412021909888242 33.841672701709356375 -0.11003335509844723583 117.23001937735742217 -1.2069496078310397724 28.843203135194745101 -0.11396311778053463959 120.6759578269952442 -2.1819159072830087709 24.029166480136886719 -0.11789288046262202947 124.46647873450270083 -3.262942836198139851 19.505525023444153732 -0.12182264314470943323 128.69753904259695787 -4.2669531156769711089 15.371508571134095078 -0.12575240582679683699 133.39862934627444702 -5.005450286854603803 11.717145187051848154 -0.12968217075640633973 138.52351987163808644 -5.300602339229451232 8.610960651481416761 0 
0.09676394355547472681 0.053578077205899334035 0.99386424066394107868 0.48440115838953529126 -0.8748459965907580127 6.9388939039072283776e-18 0.86947815209956225146 0.4814289894595488728 -0.11060683129666273872 0.26738130306877005982 0.12914224829990872401 -0.95489764816617517251 0.20303535836254699154 0.96117949629122734212 0.18684383630169615342 0.9419574735750231298 -0.2438365346156887159 0.23078098353801523857 -31.977332700855214398 -39.186577831252662918 -85.587107328460689359 0 -31.396749039522365621 -36.280170880915449061 -80.370238415863312298 -0.014693006370928407556 -32.476881347713757009 -33.18900976372599132 -75.342511579172878555 -0.029386012741856815111 -35.141966919447682471 -30.38555825600834126 -70.755793957691125229 -0.044079019112785222667 -39.15108001497200263 -28.299435456068927408 -66.809263348299083418 -0.058772025483713630223 -44.133228517816810665 -27.26442047266155555 -63.630121910784311012 -0.073465031854642037779 -49.642500681174794863 -27.507240141873630535 -61.266024019771208486 -0.088158038225570445334 -55.203229614888456922 -29.115712810241106467 -59.687699147992731241 -0.10285104459649885289 -60.352526916241970412 -32.066447024436264712 -58.805709976034535202 -0.11754405096742726045 -64.683276218993142948 -36.206069775204063887 -58.476872694015163745 -0.132237057338355668 -67.859583249542211547 -41.296092946844176197 -58.529196301032726524 -0.14693006370928407556 -69.662878623167244996 -47.013638272805458485 -58.769615187646913057 -0.16162307008021248311 -69.979239888164087802 -53.00049701559465376 -59.009277332964423124 -0.17631607645114089067 -68.832869654588606068 -58.889619903841754933 -59.073049542398898382 -0.19100908282206929822 -66.345366869694188949 -64.343723184398143644 -58.817927414455056123 -0.20570208919299770578 -62.738949546184372252 -69.090542226008111015 -58.138616679299630619 -0.22039509556392611334 -58.28148343222522243 -72.934009573826841688 -56.972960388124086251 -0.23508810193485452089 -53.267983874963775293 -75.772795436759352583 -55.29781352478529044 -0.24978110830578292845 -47.976843067758153438 -77.582728398140531567 -53.123423579621515955 -0.264474114676711336 -42.653610595042046327 -78.413356341309778941 -50.4827317646898166 -0.27916712104763974356 -37.492678231728518767 -78.358948034886523715 -47.423023138448556324 -0.29386012741856815111 -32.635099179001478831 -77.546506360603160601 -43.996090942971811444 -0.30855313378949655867 -28.17018751317752745 -76.112800903613432979 -40.253224063294268831 -0.32324614016042496623 -24.142881956912400909 -74.195905379884493414 -36.239955880430834156 -0.33793914653135337378 -20.562668701846202879 -71.923705930742656278 -31.995055091063914432 -0.35263215290228178134 -17.412477020728506005 -69.411692315886398319 -27.549149112414166751 -0.36732515927321018889 -14.656818364840081159 -66.760020748508893007 -22.925840419390421943 -0.38201816564413859645 -12.248165243915172695 -64.055334059025696547 -18.142216264548071791 -0.396711172015067004 -10.131940422409639879 -61.37212047602783116 -13.210486611286491154 -0.41140417838599541156 -8.2498953396666028226 -58.776195619410778193 -8.1390883380959007098 -0.42609718475692381912 -6.5423576781535075497 -56.327822500291524932 -2.9343035967171924305 -0.44079019112785222667 -4.9494507048736666732 -54.085850767081730339 2.3982577130067497251 -0.45548319749878063423 -3.4116514983363948055 -52.111782440682155482 7.8515345116920434165 -0.47017620386970904178 -1.869888850038506467 -50.47469466733482335 13.414169813934377018 -0.48486920999595961579 -0.2656010316258694548 -49.256482517159476231 19.065914655384496257 0 
0.45346710662345435239 0.61229829760742227052 0.64765606455711144385 0.80361192170055673056 -0.59515366024308236081 8.3266726846886740532e-17 0.38545487739979489294 0.52046413463976015645 -0.76193281990106898061 0.51583840953965842679 0.12128735426264336539 -0.84805666847184402179 -0.82816143818888077188 -0.18272129549284421568 -0.52986938057443944139 -0.21922446838918049905 0.97565480876659727016 0.0061908472842197026509 36.324617150099953733 57.088485583289099168 28.215831948782039262 0 39.045419789840678959 61.910157113492438441 30.528561213180807954 0.0030000233191256817089 41.294652849800250749 67.353717593363441551 31.672501746587784055 0.0060000466382513634178 43.046232646647901277 73.091017936901351959 31.796408902615770131 0.0090000699573770451267 44.339959756158933146 78.906110369457664433 31.081587129764237432 0.012000093276502726836 45.250518838788572396 84.673379314511890925 29.699743769446651953 0.015000116595628408545 45.868576898403055964 90.32896187014789291 27.793860721793610224 0.018000139914754090253 46.290143603530772509 95.846190382579564471 25.473845408322866035 0.021000163233879771962 46.61382972915257028 101.21682729433938164 22.818381898100412286 0.024000186553005453671 46.939059300616754911 106.43832613377676921 19.880665847220207354 0.02700020987213113538 47.368766639853497225 111.50383479173947876 16.693822010646002241 0.030000233191256817089 48.008024501639127379 116.39541676964809369 13.278595057785500089 0.033000256510382498798 48.966954361243359983 121.07640080665926519 9.6497051490660297191 0.036000279829508180507 50.354442522633270585 125.48693148114834628 5.8258202434505683698 0.039000303148633862216 52.277231786041760131 129.5366703713235097 1.8380268222809348355 0.042000326467759543925 54.822981812022902659 133.10618641179138422 -2.2580337292807257654 0.045000349786885225634 58.051888380396171385 136.04503510206441774 -6.3735325749124909223 0.048000373106010907343 61.968341976893974277 138.1909462492392322 -10.380583432452281656 0.051000396425136589051 66.511674371618639157 139.38198821055189569 -14.114154082304491311 0.05400041974426227076 71.537006293179175032 139.49976474447882424 -17.390152825619409782 0.057000443063387952469 76.830395109594761038 138.48547851091808525 -20.026676725502653653 0.060000466382513634178 82.131496424641866838 136.37733829002871744 -21.885189479474046692 0.063000489701639322826 87.179469184337918364 133.29308685131431389 -22.88786793249623841 0.066000513020764997596 91.761211480045190569 129.42221816841902182 -23.04282978427731976 0.069000536339890672366 95.739883443762849424 124.97368159205902316 -22.42582756879162531 0.072000559659016361014 99.074542328128472946 120.14588542632431256 -21.17186014216576595 0.075000582978142049662 101.80361599419573793 115.09064422261180027 -19.440764160579110609 0.078000606297267724432 104.03330782723620018 109.90527537029065286 -17.405960928064896365 0.081000629616393399202 105.90785223104082036 104.63358146006601146 -15.23909069774071412 0.084000652935519087849 107.59709059845498302 99.282121283647711607 -13.115803689758763539 0.087000676254644776497 109.27791635969698802 93.842886407457740461 -11.221193249065491315 0.090000699573770451267 111.12649041392485572 88.324002800482759312 -9.7635589675331306836 0.093000722892896126037 113.30071809643798986 82.787066446692506361 -8.9792951097215905065 0.096000746212021814685 115.91732841484794392 77.389656482798642401 -9.1252955318084687519 0.099000769531149723779 119.01235887208584074 72.420687853665327793 -10.440642342143584997 0 
0.54882480577778525177 -0.17439049345400658986 -0.81754467055681112608 -0.30283215222018133872 -0.95304390642912839571 0 -0.77915596650777785293 0.24757881212085824929 -0.57586518530308439257 0.54070195571073165208 0.81721787377405974429 0.19949020495953156962 -0.74795968041760585443 0.3585223550906679324 0.55858574755343859408 0.3849645588365038229 -0.45123903608225857109 0.80509975826314272851 25.280834361931766807 107.45550283550394965 38.742411658615338865 0 28.573783196598476763 105.63850992218286251 34.067475859568673968 -0.063180871435901189703 32.570194971130760564 104.85844865009138971 29.66064056196986698 -0.12636174287180237941 36.981938872089351378 105.03630957643488841 25.598020564574728297 -0.18954261430770358299 41.588724730325154155 106.05902237125289389 21.892405555473786194 -0.25272348574360475881 46.230542674386981616 107.80345084585705706 18.514463064670273695 -0.31590435717950593464 50.796347929704793955 110.14825092553230945 15.407159578226252705 -0.37908522861540716598 55.213368347471785569 112.9781800599669026 12.494869805022389642 -0.4422661000513083418 59.438452786656519322 116.18338524688154223 9.688569537493181727 -0.50544697148720951763 63.45157728780053219 119.65606009215423455 6.8893980248259127919 -0.56862784292311074896 67.251149032846768705 123.28411514091126833 3.9910414012485362356 -0.63180871435901186928 70.850155045497771766 126.94384472305323186 0.88402754442443953753 -0.69498958579491310061 74.273020640718087293 130.4891683195769474 -2.5386427162038347483 -0.75817045723081433195 77.551198307517481112 133.74259206081012508 -6.368627722033220806 -0.82135132866671545226 80.718421532712298472 136.48394179694827244 -10.664404562834187473 -0.8845322001026166836 83.801984854600163999 138.45309018579911253 -15.41983218425730584 -0.94771307153851780392 86.814047334880612539 139.35985112660367236 -20.529163276593955345 -1.0108939429744190353 89.7398217563232663 138.93637418694515873 -25.750323235492874829 -1.0740748144103202666 92.533187911745528709 136.99987373179973815 -30.694721228066189411 -1.1372556858462214979 95.121408630006314411 133.55596594926788612 -34.870917188384893848 -1.2004365572821225072 97.425554986950956504 128.84099666973804688 -37.779520677839663279 -1.2636174287180237386 99.393113319802708361 123.31954920038971579 -39.06105571444720681 -1.3267983001539249699 101.02125702972337251 117.56463971405592872 -38.581300710355442618 -1.3899791715898262012 102.36976338718199031 112.11338296497766009 -36.468167856150039086 -1.4531600430257274326 103.54332944014076645 107.34481082083705417 -33.020928029060975462 -1.5163409144616286639 104.67206806266047181 103.42925230527083613 -28.617026277976005844 -1.5795217858975296732 105.88481586032372661 100.3574107745014885 -23.607731678024482136 -1.6427026573334309045 107.29773198445252547 97.987899658811357995 -18.279590811005501649 -1.7058835287693321359 109.00587713036665605 96.106752230742756637 -12.844195285897797021 -1.7690644002052333672 111.08142715729347572 94.45827641173589484 -7.461387509293310849 -1.8322452716411345985 113.56740249230003315 92.767329287831699958 -2.269025382293772708 -1.8954261430770356078 116.46484899707682814 90.746533283620138377 2.5808392819334065038 -1.9586070145129368392 119.70662562161416531 88.111724900979837116 6.8876558676927288616 -2.0217878859488380705 123.11642296439505628 84.616315989040856493 10.374115066170938704 -2.0849687585346012852 126.36063469865942466 80.128557906535206712 12.683902419189944766 0 
