19
-0.12874146032758485014 0.14699951941832717361 -0.98072257936865181449 -0.75228019224376319052 -0.65884331396598860842 -1.3877787807814456755e-17 -0.64614251427251512272 0.73777817054524907903 0.1954052770948068174 0.91801942714175222005 -0.27098931964861444621 0.28949113980692109394 0.35798900527311511288 0.25240394386188597098 -0.89896391541959674854 0.1705409144278710043 0.92890098382946462152 0.32872292093305321981 3.4367408308463751609 0.026575388053831972002 2.2148871673012209271 0 3.0505164498636205828 -2.2302651886774578216 0.27645962448367544795 -0.040115138307160021214 3.3545485451271912503 -4.5875561781727141053 -1.5540440428015249719 -0.080230276614320042428 4.4188309162672121388 -6.8822909301454915365 -3.1669592459572442067 -0.12034541492148007058 6.2233861682385152037 -8.906862871561141759 -4.4494134543474324062 -0.16046055322864008486 8.6432643515287868041 -10.454512477720294683 -5.3148441416897940215 -0.20057569153580009913 11.469594273067679424 -11.371376675451728033 -5.7286305812145688066 -0.24069082984296014116 14.46147424803513637 -11.591641171075547589 -5.7168931471692516766 -0.28080596815012015544 17.405241756849942902 -11.140981071415973602 -5.3547628824548807458 -0.32092110645728016971 20.155904761166855366 -10.112209782794682411 -4.74199647313450523 -0.36103624476444018399 22.650013121084299428 -8.6302032760168927439 -3.9783995880840672399 -0.40115138307160019826 24.895629178034120343 -6.8227422247072295747 -3.1475608114442925611 -0.44126652137876021254 26.951935553425222736 -4.8050783969552970376 -2.3105203293240776929 -0.48138165968592028232 28.908475301773489008 -2.6777353311464322516 -1.5065528589067977983 -0.52149679799308024108 30.868088707739492094 -0.53330507331549459327 -0.75733048306731576282 -0.56161193630024031087 32.932847060534591321 1.5323138462518683944 -0.071771277973022878927 -0.60172707460740026963 35.189965062529203976 3.408245097922765865 0.54975930379894666356 -0.64184221291456033942 37.694601151325827004 4.9607842509796524766 1.1122717332672300561 -0.68195735116207722992 40.448659432751071563 6.0347512667990121926 1.6238944765508589452 0 
0.26836522964640718847 -0.054584593438255273046 -0.96176952835698170663 -0.1993155855041435498 -0.97993535367142481363 0 -0.9424719629208982985 0.19169565666451587882 -0.27386013642731665829 0.56841713602239785086 -0.53989966893718799312 0.62081422902315075429 -0.44160498680215298783 -0.83687258621758287003 -0.32346454221284343111 0.69418080865691300652 -0.090291870724936884596 -0.71411510484894924478 16.379383002445425888 5.1786744588900237574 -8.1253173169339643067 0 17.184478691384647675 4.5807277023775929692 -10.952733205696659979 -0.099323971141075925728 17.409932792566408466 3.8900526335994700666 -13.863427005743078624 -0.19864794228215185146 16.810567364022833914 2.8862663869009792528 -16.626246987936223576 -0.29797191342322776331 15.287522064513384024 1.4013780041638823626 -18.741770447143089484 -0.39729588456430370291 13.123049770777905465 -0.52017204826290763808 -19.530887096105761458 -0.49661985570537964252 11.088435828124550753 -2.5023966057407829311 -18.565935331460391211 -0.59594382684645552661 10.0974817691857357 -3.9969652392395236262 -16.160883429144266898 -0.69526779798753146622 10.6029849111992025 -4.6701700886274091218 -13.281428306351910962 -0.79459176912860740583 12.39813757338897382 -4.602679272449209158 -10.878748155111514606 -0.89391574026968334543 14.962927667063478765 -4.1284278980657829194 -9.3965412163595214423 -0.99323971141075928504 17.854222600145167377 -3.5854589341205191921 -8.8086651119562446866 -1.0925636825518352246 20.829749429054288612 -3.2085580712096239964 -8.8733631024894545902 -1.1918876536929110532 23.798044178362502521 -3.1386084177555066965 -9.3027036750084644012 -1.2912116248339871039 26.7372173764876635 -3.457755481986570345 -9.8120228900547807882 -1.3905355959750629324 29.627340926775165286 -4.2051408384681314701 -10.109682079381276054 -1.4898595671161389831 32.387487772590283441 -5.3578563878689111633 -9.8798207044038459657 -1.5891835382572148117 34.808046580040276297 -6.7705125620609276638 -8.8096349492778021073 -1.6885075083795377804 36.513297988107467518 -8.0953275224673877375 -6.7270925233070633098 0 
-0.38055734586479172954 -0.54906438601767271201 0.7441131678148034112 0.8218867433662097044 -0.56965092914774217991 -2.7755575615628913511e-17 0.42388475743677278551 0.6115767481912226522 0.66805358578830975613 0.67009353632287615987 0.6698072413719764473 0.31989515780012245383 -0.51466923090744998159 0.72980563871510184537 -0.44999923606243552587 -0.53487403688666368407 0.13690138459966372242 0.83376721904813411168 28.691313440258422673 -14.717461296705719676 1.412909531777827965 0 27.549641402664047263 -12.251801066607090007 2.6845638040881460995 0.12148122194053465051 27.732125100749112079 -9.3972078346092846601 3.5889957693379050951 0.24296244388106930101 28.787090885657427464 -6.6072042059095972277 3.909818063630805085 0.36444366582160392376 30.223949877380274387 -3.9811062374687611332 3.7122182203714624293 0.48592488776213860202 31.68536726326456332 -1.411536901877482153 3.2007764799707336678 0.60740610970267328028 32.933482368805492513 1.2618747174387654475 2.6575647376221001039 0.72888733164320784752 33.794513483421248168 4.1278574307644371189 2.4459790420234601704 0.85036855358374252578 34.139771172945032163 7.0565888325907097922 2.996732620115713619 0.97184977552427720404 33.943113562231033598 9.5519150673840922394 4.6504172230857436787 1.0933309974648117713 33.394873235101286468 10.825708196445594567 7.3106584918552481867 1.2148122194053465606 32.917666202948780096 10.307555711850785229 10.226784595296669167 1.3362934413458811278 32.949727331526581509 8.2052673247518459476 12.366727496755320459 1.457774663286415695 33.674970600164527923 5.3977123010144127946 13.135919923903466966 1.5792558852269504843 34.995328721384773019 2.7484658107795745252 12.647916372987962674 1.7007371071674850516 36.710568359635708191 0.63666600582175014722 11.38369544009969303 1.8222183291080198408 38.655670957753265782 -0.99712756200962027187 9.787670859928955025 1.9436995510485544081 40.706987512385126138 -2.4231811470487949478 8.1268061535894791092 2.0651807722854425009 42.717268121353754395 -3.967188839771147002 6.5221840429294850594 0 
0.90476101900494865227 0.22976119304550809974 0.35863253151301199839 0.2461343397719932824 -0.96923572302356086894 0 0.34759946098078425836 0.088271781364713836071 -0.93347881997427673006 -0.59500311885714463056 -0.67901374345860709969 -0.43001351693243211605 0.21666871214781957544 -0.65073176142030320079 0.72773816984890538073 -0.77396767227480245399 0.33983600585158435514 0.53430846091033046275 9.3964533846193862843 -12.4267918859581048 13.364087765402169694 0 12.110736441634232463 -11.688388866642124952 14.406886148344522525 -0.037605779040806787406 15.095849609024343252 -11.390164402097369134 14.41959624752503899 -0.075211558081613574811 18.001274673614275912 -11.540989433780827866 13.687642011339296033 -0.11281733712242036916 20.719672899519359532 -12.074148771619208631 12.536098609694422024 -0.15042311616322714962 23.297581605623953749 -12.903566502776724789 11.245186943378078226 -0.18802889520403393009 25.847709991255172213 -13.939324162293864617 10.051850742825401142 -0.22563467424484073831 28.484942201845257159 -15.074236607684468936 9.1818047620153944166 -0.26324045328564749102 31.266449165768268159 -16.155116843746490929 8.873718856887760964 -0.30084623232645429924 34.115990954964537707 -16.956129181724605814 9.3620740821397987474 -0.33845201136726110747 36.747822584808439217 -17.1908326442674948 10.78276988238119749 -0.37605779040806786018 38.673787684291923483 -16.611088125062259735 13.008652792154999034 -0.4136635694488746684 39.395791754151062491 -15.179260403507269572 15.544117147829020098 -0.45126934848968147662 38.72081564342229143 -13.169040360057325145 17.666244058939089001 -0.48887512753048822933 36.91715082732877562 -11.047760676800818302 18.782920259361365112 -0.52648090657129498204 34.540075947545723523 -9.2196018308288341103 18.697186661520294848 -0.56408668561210184578 32.1151693100833171 -7.860437631785746504 17.569135031660064072 -0.60169246465290859849 29.956800669627948963 -6.9325724716285197502 15.703522249380489129 -0.6392982433255667285 28.171791313056516515 -6.282566335185056694 13.381619232556083432 0 
0.27159643317561876774 0.56609456001091562616 -0.77831377131098589128 0.90160316583839961169 -0.43256413553388195492 -5.5511151231257827021e-17 -0.33667062366125266593 -0.70173016022960932325 -0.62787552380043476496 0.76355635186793968661 0.64550387324001956557 0.017505632072473562011 -0.57732184694917454415 0.67025866733888483928 0.46631835037053370741 0.28927699970325421175 -0.36616672225809354657 0.88444375115291928857 1.0274371738485541528 -2.9031183086676293215 2.4202989096641402966 0 1.842226473375410567 -0.1983088111524304864 1.4102870386803822988 0.081427133430893472443 2.4393160843875025812 2.3922879492723803097 0.020217824109430102691 0.16285426686178694489 2.9063326102299131826 4.9438875588809132466 -1.4868438855878427507 0.24428140029268041733 3.4007416519950242062 7.5497271882205989613 -2.8886853622119708085 0.32570853372357388977 4.122184547813224853 10.246647000007817141 -3.9869310892070926045 0.40713566715446736222 5.272347818483462234 12.948284024260061642 -4.6019772988455409646 0.48856280058536083466 6.9867955693894989722 15.410124800290212477 -4.6049610696969978108 0.5699899340162543071 9.2545679330590466805 17.272431683898318511 -3.9812451264644246329 0.65141706744714777955 11.885304157529841262 18.198555996299841553 -2.8760208617851010793 0.73284420087804125199 14.577459402160449997 18.036420693067324095 -1.5622429953808869563 0.81427133430893472443 17.058020026529334245 16.88117550348707141 -0.33251638316891446445 0.89569846773982819688 19.194426521803780616 14.998075696899954679 0.61072399201692761928 0.97712560117072166932 21.014500363814242689 12.687362233336612505 1.2005837202035378741 1.0585527346016152528 22.655634092649901135 10.192685078770047369 1.4891421693288917627 1.1399798680325086142 24.296868413309763213 7.684407631023280949 1.6111837598344667111 1.2214070014634019756 26.100831519657873514 5.2918097347085186755 1.7567599168281495814 1.3028341348942955591 28.161773539085828588 3.1476682028913787192 2.1506824933584915982 1.3842612681629087312 30.452442594689642874 1.4157026620438450948 3.0185134924682461843 0 
0.46683317911511951204 0.039505377777374534043 0.88346256740392670181 0.084322796180638689978 -0.99643849084842084363 6.9388939039072283776e-18 0.88031610738504006974 0.074496034004425087938 -0.46850175239380087433 -0.52876723631324473729 0.84179464269692938494 -0.10856790192502857595 0.73716527121956054724 0.39206701031706481242 -0.55033700795860607258 -0.42070485225326975653 -0.37103266560747472091 -0.82785396558980528514 2.8360218062687607699 -9.2288521816704385259 3.2414557817516622684 0 4.2365213436141191394 -8.9758837931285224698 5.8824041039067829217 0.087203744762529303292 6.4773800679647761669 -7.9371321190796404466 7.5852097702005591984 0.17440748952505860658 8.9226592614900699374 -6.3802778879458026395 8.3577475160181702307 0.26161123428758792375 11.275406963290866003 -4.5224786816602042805 8.4724661317510800984 0.34881497905011721317 13.471849858541895983 -2.4964783583932796951 8.206080512725590026 0.43601872381264650258 15.558489711601795946 -0.38576809320619037669 7.769232369710191044 0.5232224685751758475 17.628104221801272899 1.7377622227887650208 7.3139140456531182011 0.61042621333770508141 19.794577071230776255 3.781584670570664386 6.9544906259548353589 0.69762995810023442633 22.177253669851307194 5.5963005126162901348 6.7822737887560924364 0.78483370286276377126 24.863620393669556563 6.9291654512951863509 6.8653693987635140417 0.87203744762529300516 27.806657047904980828 7.3895727501079200294 7.2211226433400543812 0.95924119238782235009 30.633103463292311375 6.5332835614598385732 7.7483507593851923545 1.046444937150351695 32.525900559029352621 4.2427645585637199233 8.161680956372054041 1.1336486819128810399 32.614557561257420559 1.245109496966955831 8.0829150523319981403 1.2208524266754101628 30.831733711878918314 -1.0499110818451740101 7.3383214283221942509 1.3080561714379395077 28.147083201901292426 -1.6103404022421441422 6.1223565373338608708 1.3952599162004688527 25.723636160498521974 -0.46036929817814753463 4.7790506302203219491 1.4824636724650108732 24.137334451558853488 1.7511265154805761846 3.5169360734605064067 0 
0.8266135756017559677 -0.54318504063484440714 0.14717339522278602426 -0.54916505958628769601 -0.83571390878074369724 0 0.12299485339016770491 -0.080822486357037578997 -0.98911070752398466688 0.75875528215352772143 0.14371946841475524703 0.63532285981436276145 0.52737681442268136145 -0.70801094632824201902 -0.46967456338274499172 0.38231416062383155596 0.69142260179861647629 -0.61300136077216615949 -0.80575552838576247616 9.3118977944462226759 8.9291501542149127602 0 1.6740851984195053159 7.6644026156873596989 9.2981347143854158332 0.18636728512654138212 4.4161285590585972471 6.58284922787391924 9.8562032385689128944 0.37273457025308276425 7.1938328671892337596 5.8919548463663495852 10.75454823365364021 0.55910185537962409086 9.8458752601768502188 5.3494387598359356417 12.047740965481436248 0.74546914050616552849 12.267011656975862266 4.6918555693822545649 13.692636979133318675 0.93183642563270696613 14.396316266523403016 3.6704216034502787913 15.542700365344741087 1.1182037107592481817 16.209781747268820595 2.0947909450794406361 17.339567355009435801 1.3045709958857896194 17.719282380682297884 -0.10027303462738104689 18.719096971479473268 1.490938281012331057 18.976229021250546225 -2.7686069721532322596 19.266891769384663746 1.6773055661388724946 20.073203563515487957 -5.4938472261317246037 18.658851958420061834 1.8636728512654139323 21.132465962989950725 -7.6520250102634044254 16.864351520654700778 2.0500401363919551478 22.275600825811444849 -8.652133340039780407 14.277263193188089119 2.2364074215184963634 23.587475040366921775 -8.243327050218036689 11.610455464350739163 2.4227747066450380231 25.10071197913987362 -6.647817685184923775 9.569753665158927447 2.6091419917715792387 26.81142681602667821 -4.4057559346407035861 8.5467121930758302994 2.7955092768981208984 28.708312122288528911 -2.0815801388977761555 8.5409671629965657758 2.981876562024662114 30.790526751182476062 -0.055324802775032155822 9.2884104862763265942 3.1682438469040330453 33.066792597643058116 1.5268056404930119285 10.435352968147826758 0 
0.30649362302298521765 0.83499570648610788037 0.456994342630201833 0.93875687904925864125 -0.34458021132632543626 0 0.1574712071584502826 0.42900658283069603716 -0.88946960083186077384 0.28670083053840156317 -0.94782465788943759399 -0.13939530718557638367 -0.12448351567393015071 -0.18112691312651160724 0.97554953521936527139 -0.94989814616833978533 -0.26233844407183626313 -0.16991778208274477269 10.068130984926765947 -12.076625195174111482 0.47075485927208265968 0 10.987611853995721489 -9.2603545580263357806 0.94316848074743342423 0.10937121456132856134 11.867773447459054381 -6.4771776466175952081 1.6354414393363057023 0.21874242912265712269 12.970571989496386678 -3.8092117486888659172 2.4514030457674422792 0.32811364368398565627 14.504662285221455065 -1.3438371831282698299 3.2053892631806490954 0.43748485824531424537 16.562215354387561206 0.79688291693504498259 3.6340999123952952843 0.54685607280664283447 19.050730825029685178 2.4621415209535779667 3.4491552338639652753 0.65622728736797131255 21.667969138595015721 3.5248382363936956452 2.4388387977913335014 0.76559850192929990165 23.978119999711299926 3.9583761330875208984 0.57463712119784404742 0.87496971649062849075 25.581305809062669709 3.880829913348796012 -1.9598809482778163371 0.98434093105195707984 26.275456262151749343 3.5233196740581895767 -4.8564895820560485262 1.0937121456132856689 26.105645809347674202 3.1419343425837369388 -7.8272991752569653912 1.203083360174614258 25.296126299492730283 2.9342350907202878751 -10.708538350323758337 1.3124545747359426251 24.145352923661071998 2.9993019385978056945 -13.478283274100006039 1.4218257892972712142 22.954538613365919275 3.3337198673147465655 -16.211436384949990952 1.5311970038585998033 22.000486637916477406 3.8376942150278883226 -19.010685335112896155 1.6405682184199283924 21.523471087671396162 4.319939682731526176 -21.932995290217537132 1.7499394329812569815 21.694834348093252174 4.5154664620963629318 -24.921708043786932052 1.8593106483927579475 22.554936839708464191 4.1420159150745723409 -27.77140248229195052 0 
0.8782960829194494945 0.27938670760796813219 -0.38799363182961033036 0.30313356876937441742 -0.95294807806361792046 0 -0.36973778575295002113 -0.11761389427630052074 -0.92166205393282252256 -0.81868741464715699685 0.016513860730359417039 -0.57400192465019828081 0.24817823421786983085 0.91158675630915708687 -0.32774555646453873425 0.51784020813263753613 -0.41077594638139186545 -0.75040298554551210231 22.178444864012828219 -28.731321894197701994 4.4957976677981692504 0 24.813333112771175593 -27.82192118788957913 3.386584310539319187 -0.02799656138793202298 27.537327566706832016 -28.111905320539761988 2.1635702395904559125 -0.055993122775864045959 30.077739500608409173 -29.173201088703191175 0.97195012455008100716 -0.083989684163796068939 32.455915676595026298 -30.566394234412744169 -0.21265568951533800335 -0.11198624555172809192 34.805148565749739475 -31.906700749589454347 -1.5106091855577283845 -0.1399828069396601149 37.212542849828444957 -32.799675067994016331 -3.0620761132281448802 -0.16797936832759213788 39.56670116855562469 -32.800964332274467949 -4.921629002544616327 -0.19597592971552416086 41.439480677788864682 -31.554505609827440793 -6.9063298774957546655 -0.22397249110345618384 42.200071211665743931 -29.149110136632291557 -8.5297751821824157048 -0.25196905249138823457 41.474142950462393742 -26.327504939831101183 -9.2450179891863104586 -0.2799656138793202298 39.518177323571805459 -24.084786049517610707 -8.8650042454170634443 -0.30796217526725222502 36.997779081474128304 -22.988264267220081649 -7.6628259382687486934 -0.33595873665518427575 34.459234226915121724 -22.980610003927445462 -6.0641604217689852874 -0.36395529804311632649 32.092559546613870225 -23.676854816652429747 -4.357088625278130678 -0.39195185943104832171 29.828384600228858403 -24.646868751107174234 -2.6446094928137227065 -0.41994842081898031694 27.511692390154511401 -25.481220789820291373 -0.93090185168116912351 -0.44794498220691236767 25.054469715745220526 -25.747643931743105838 0.76941444778958811845 -0.4759415451485484172 22.598407471803739099 -25.003109229089510279 2.3229350721874930663 0 
-0.0029949421949666535023 -0.0040801812876148360262 0.99998719113892087229 0.80614022998959466992 -0.59172453860924423275 -4.336808689942017736e-19 0.59171695929183221185 0.80612990425137887041 0.0050613790700750650731 -0.87288476640085888025 -0.067220836408397099948 0.4832737772090200945 0.39530991428570594337 0.48315751053495553657 0.78120988964624116235 -0.28601093729566701152 0.87294912747892705607 -0.39516776763930783201 19.54969372420019269 -5.4359821029210682042 -0.79528049149075463742 0 19.540708897615292727 -3.0175614129522840834 0.97987038638474210916 0.081180149443735985515 19.908010959092887759 -0.65499398806523700944 2.7918760040652279564 0.16236029888747197103 20.735413007398278751 1.4915022408128861819 4.7174823474993266004 0.24354044833120797042 22.128049687598050355 3.2047466048605839362 6.7485797912534275511 0.32472059777494394206 24.142199293850914898 4.2049034395439601752 8.7342503756345521992 0.4059007472186799137 26.671716153476229039 4.2156864297833944732 10.347144725557884115 0.48708089666241594085 29.34957645010882743 3.1262199704651738585 11.1484730389116109 0.56826104610615191248 31.593803376755499102 1.1668549950484643496 10.795862212525090484 0.64944119554988788412 32.859314037803343922 -1.0911854594987338007 9.2793741405438350256 0.73062134499362385576 32.923922880770646771 -2.9913632677672765681 6.9587815450170618092 0.81180149443735982739 31.949067293439163961 -4.1010505278023519082 4.3476035026798705019 0.89298164388109579903 30.295684691156861135 -4.3211715889328772278 1.8540372434990419759 0.97416179332483188169 28.302881878757251144 -3.787384515856800693 -0.32399129431045076144 1.0553419427685677423 26.179471546564624163 -2.7224111848586520779 -2.1561922563782411899 1.136522092212303825 24.000657109333186412 -1.3465975607046998253 -3.6923903294487323556 1.2177022416560396856 21.74698986162986003 0.14641964756002437409 -4.993114570960307752 1.2988823910997757682 19.34853868560632506 1.5784385789357366914 -6.0870769998684020052 1.3800625415042109267 16.729884386403746532 2.7643683217928516349 -6.9451098117553975442 0 
0.91725351861158177513 -0.38156227936884867802 0.1142637718505800648 -0.38407781742927771251 -0.92330072574365629201 -6.9388939039072283776e-18 0.10549982347584814513 -0.043886180103607730363 -0.9934504468983235137 -0.087102211150869746081 0.13845573942217709318 -0.98653089816471917217 0.74939746292193443189 0.66158245596039833014 0.026685136903830508626 0.65636624485023442599 -0.73697941774955011418 -0.16138367462273336961 11.268008459825788137 -8.4714010662337013713 -18.096499820442030426 0 14.019769015660532574 -9.6236345185215341758 -17.780000350014486088 -0.014329858782426315583 16.184047874107776011 -11.673216170706989914 -17.44071864714350184 -0.028659717564852631166 17.68852009246999657 -14.25564324515536363 -17.180653752680083102 -0.04298957634727894328 18.657272453993087424 -17.093446337269543989 -17.089043314242974958 -0.057319435129705262333 19.306307283123974372 -20.017809464278435883 -17.252915496036603571 -0.071649293912131581386 19.875946583525376354 -22.917755914309591248 -17.768494446722055358 -0.08597915269455788656 20.598243238588040072 -25.663874401749179555 -18.736544442862648197 -0.10030901147698420561 21.667272137307509894 -28.038265559680162653 -20.226324239625174783 -0.11463887025941052467 23.184027839839700391 -29.709884067936897623 -22.202467883617082123 -0.12896872904183684372 25.082270583721012258 -30.310257982431902946 -24.446621543261599641 -0.14329858782426316277 27.09905263416920107 -29.618974437311877068 -26.557241646746895469 -0.15762844660668948182 28.864061826828493196 -27.73819087594414512 -28.089362968678390331 -0.17195830538911577312 30.079068831299160536 -25.078004667049302867 -28.758068668588968819 -0.18628816417154209217 30.648781066394068517 -22.140936746513748545 -28.536573749134525713 -0.20061802295396841123 30.67472452271032779 -19.295112015896009439 -27.587569776709312208 -0.21494788173639473028 30.365318265834368106 -16.692219780101854809 -26.128385149238027907 -0.22927774051882104933 29.9590994992519839 -14.315150571585023798 -24.34386048098671651 -0.24360759930123818129 29.697792865799375051 -12.066958182819220724 -22.374761746436014676 0 
0.019047173559631348783 6.9915816857414240073e-05 -0.99981858368964493522 0.0036706415063500288411 -0.9999932631727734833 1.3552527156068805425e-20 -0.99981184808458878344 -0.0036699755921113120377 -0.019047301878013230686 0.93559772905113069985 -0.23866732712560681517 -0.26018223682081903503 0.017031344856208940897 0.76656876798748319057 -0.64193633425639640144 0.35265680581374725389 0.59616292312493746053 0.72126482404479830279 0.23544920510268241287 3.8135319491182286811 2.5438177282308203075 0 0.29259072578157646616 3.824543873637278768 -0.45561781602294626481 -0.085313250536072859909 0.55768356883122616185 3.4006676362956334003 -3.4136669569248510037 -0.17062650107214571982 1.1843619687473911917 2.4883738468631699803 -6.202034620064328152 -0.25593975160821857973 2.3023472375391325073 1.1207550029385229262 -8.6268495896048076332 -0.34125300214429143963 3.9735607343541468062 -0.56141895521870355257 -10.464602625940802483 -0.42656625268036429954 6.157648655581277275 -2.3210633251498467011 -11.529220700050450077 -0.51187950321643715945 8.7124431366683818823 -3.8790758609261084544 -11.742813999974496042 -0.59719275375251001936 11.438429662506500506 -4.9926642453177612069 -11.169299945135197305 -0.68250600428858287927 14.146364408128349055 -5.5179978499085926558 -9.9898449789146486211 -0.76781925482465573918 16.712214254783376077 -5.4285895792426241968 -8.4379362426941799669 -0.85313250536072859909 19.097368544822412417 -4.7928440128102574036 -6.7329826986143368472 -0.938445755896801459 21.337210270331397055 -3.7358553597339665409 -5.0400904894239779708 -1.0237590064328743189 23.514301684595025677 -2.408522684885861409 -3.4594384264383299943 -1.1090722569689472898 25.729496690123582425 -0.97290155926706756162 -2.0339900509581410049 -1.1943855075050200387 28.075295964716133312 0.39917215075793111012 -0.76330539394043894763 -1.2796987580410927876 30.609567676648730128 1.522834959425237944 0.38336316432614520044 -1.3650120085771657585 33.327375050612602081 2.2030456097505197732 1.4561336701286198281 -1.4503252591544684158 36.134168237765990739 2.2541396443191601406 2.514104087569863033 0 
-0.089833579808112268283 -0.035002178774165094988 0.99534153707153272261 0.36304890822809865458 -0.93177008442769071461 -6.9388939039072283776e-18 0.92742946803152914725 0.36135765834789745909 0.096411745031811824092 0.9751738763604469451 0.21663427704703200338 0.04588573713529854603 0.19044246981117934903 -0.71472786385042930135 -0.6729752939952705626 -0.11299370140126502315 0.66500651924933174008 -0.7382403083004412947 -0.66671410445955814339 -7.8497700594560200216 -1.8846461215726293403 0 -0.936214843883894976 -6.7606233347717239468 0.89764228252195810143 -0.21995681482864551382 -1.7455662560317293241 -4.4730946599108216688 2.6617746056041666769 -0.43991362965729102763 -2.4151034431302877969 -1.5507902215143698488 2.7706631927956353323 -0.6598704444859365692 -2.2853058124974445775 1.072812860391311629 1.321574015520092793 -0.87982725931458205526 -1.094977122908119771 2.6914777573126764665 -0.90621447583520353675 -1.0997840741432276523 0.98467570079077371137 3.1767671224697444643 -3.0132356824078070368 -1.3197408889718731384 3.6008231306916078651 2.8385575631198927127 -4.4420068043820855053 -1.5396977038005186245 6.4472692206172155238 2.1051523644101184374 -5.0418913529851447919 -1.7596545186291641105 9.3402506988091538176 1.321606223671855096 -4.9126102168029461836 -1.9796113334578095966 12.198510684045261954 0.69992092542414030554 -4.2463840939732184765 -2.1995681482864553047 15.001971720545540734 0.34313107812549131781 -3.2397524723313249062 -2.4195249631151005687 17.760324108428221734 0.28419452334113615155 -2.0616104661317051772 -2.6394817779437462768 20.495493082057269163 0.51611977524560925801 -0.85121327379107669664 -2.8594385927723915408 23.233652228777714299 1.0078421876723966388 0.2715928342918494387 -3.0793954076010372489 26.001620868086607885 1.7061863764496036922 1.193907859542763239 -3.2993522224296825129 28.822866639575394743 2.5255518436506418922 1.8015364698097984242 -3.519309037258328221 31.70798954581528406 3.3279007275318401859 1.9812645507169004411 -3.739265851981130595 34.633511174896618456 3.899228136965395386 1.6422834465130911052 0 
-0.36060419173610347432 -0.32602378910466223161 -0.87388392011764937095 0.6706450398169863103 -0.74177842417319783674 -2.7755575615628913511e-17 -0.6482282371751667549 -0.58606591640272531762 0.48613464612163748146 0.94929047340799055377 0.10957017502960808564 -0.29468962289299344137 -0.20531667511695769757 0.92589040691132939997 -0.31713091509420837655 0.23810220497876818935 0.36155405008594981853 0.90143552672983495722 16.949889186272177 3.0969117992046366616 28.067277735699683205 0 15.868076611063866466 5.1088469186555958146 26.12259302417418283 -0.10793862404603438154 14.609541484677983192 7.1953811138120586932 24.372603199033580523 -0.21587724809206876309 13.173199282170422464 9.1076448667061224995 22.561479675730090833 -0.32381587213810314463 11.669544652176739419 10.602277412199397233 20.438958460841803344 -0.43175449618413752617 10.370154650426925969 11.41827333490133789 17.861025902087320105 -0.53969312023017190771 9.7057759283216995527 11.340020427879942133 14.936564003522642352 -0.64763174427620628926 10.113058645588287376 10.364493829917497791 12.128990559268020277 -0.7555703683222406708 11.739735720032870248 8.8459430968866321621 10.117044892335675499 -0.86350899236827505234 14.26744892331029213 7.4002985939845160601 9.3953954392035576859 -0.97144761641430943389 17.096145648644284876 6.5775690429105093671 9.962485310277195083 -1.0793862404603438154 19.727240346439760543 6.6075348556590478566 11.403472035163600751 -1.187324864506378308 21.979148887798068301 7.4147101401200972148 13.213824481929901111 -1.2952634885524125785 23.943494963497872874 8.7757519214663695095 15.027359638554258936 -1.403202112598446849 25.846119285714348024 10.429220384836034086 16.654031925510750511 -1.5111407366444813416 27.934242278964617867 12.08941068773819083 18.026442404634682504 -1.6190793606905158342 30.386138628249113935 13.409157586493170911 19.142897695092820243 -1.7270179847365501047 33.196656238701436337 13.963712150342434626 20.033661446706307885 -1.8349566062212356865 36.044527658925403557 13.347762124991550792 20.747968061642609428 0 
-0.66158117731776644455 -0.73413417440006856207 0.15283114799270405837 0.74286107147712787668 -0.66944561279005587728 -1.3877787807814456755e-17 0.10231214152138350115 0.11353231035293963325 0.98825231606267038842 0.93466072504690567158 -0.077532935257572099808 -0.3469841105946173121 -0.063275822764479960902 0.92407877617385625335 -0.37692782555617487805 0.34986497296567242721 0.37425533980876374285 0.85879417866934548709 31.779357894512724414 10.533276435727756848 -0.12632866923208041499 0 29.794614362559425302 12.761859650159140145 0.18060775533207007459 0.10197697413766235175 28.40165182288478718 15.413379823537001201 0.35118364237108296022 0.2039539482753247035 27.24674698070334955 18.181763190852407774 0.3037670093492697565 0.30593092241298702749 25.929012896644049846 20.866656703732274991 0.069408932436551121214 0.407907896550649407 24.087111494979620119 23.218050011857144455 -0.21049951164150693117 0.5098848706883117865 21.545956752238932808 24.811618823788094801 -0.26591625205770597073 0.61186184482597405498 18.604387363941402356 25.099126802184979823 0.24838783724702895306 0.71383881896363643449 16.201936431040046216 23.824998794762947796 1.5152056362553143476 0.81581579310129881399 15.422017128005711228 21.532279335583353941 3.2858448887477802458 0.9177927672389611935 16.575079691645616009 19.359409637504864321 5.0031346137636791838 1.019769741376623573 19.028751248587958855 18.181955959164046277 6.2653147617898952149 1.1217467155142859525 21.924129793920599241 18.168344121415721304 7.0505521762836611543 1.22372368965194811 24.749789172651833979 19.035803073097859794 7.5635473444322922631 1.3257006637896104895 27.377082784678620442 20.405402661438699852 8.0342120274348243214 1.427677637927272869 29.888354326707808895 21.933372173684169582 8.6332315695600829741 1.5296546120649352485 32.436200997126178436 23.288710946973058213 9.4527034444060191731 1.631631586202597628 35.138474293504337709 24.091121035018939978 10.479278877506676082 1.7336085621896570874 37.942456468645055168 23.90129356672550287 11.52887379640369403 0 
-0.56562587195654756567 -0.27688174167907081413 0.77679075309774348046 0.43966316748051537111 -0.89816273534421375846 0 0.69768450759236111391 0.34152628297652903866 0.62975878390209083513 0.46197622439771490743 -0.14435109516266575458 0.87506612859633126078 0.74524962554258178393 0.59808604051905667198 -0.29478141692596449008 -0.4808128156776540485 0.78832471067547826848 0.38387913048061061971 6.7657865237810455028 2.7150833919533141625 -1.3480624202484960961 0 5.0689089079114033609 4.0340728943948604979 0.74499110252858713466 -0.080802826713697192829 3.7795754503361309595 5.7002524975492541159 2.8807496949751354443 -0.16160565342739438566 3.2293824438863372173 7.7040459649968795475 5.0445656287985185529 -0.24240848014109156461 3.7098633871922941374 9.8275614640739181738 7.1084987644159038922 -0.32321130685478877131 5.3097510133297216584 11.670325766441653315 8.8533710547717046069 -0.40401413356848597802 7.8048233824802206726 12.805737611283550592 10.072163003914150536 -0.48481696028218312922 10.735333585795332922 12.985007688885531252 10.688581844916432928 -0.56561978699588033592 13.636264548822317977 12.227313012237191359 10.791043177769825689 -0.64642261370957754263 16.234558231152522723 10.744909495274033162 10.564438338328560718 -0.72722544042327474934 18.49446524027233707 8.8071287050768045646 10.193189204627548961 -0.80802826713697195604 20.549963460462247866 6.6573640976527146407 9.8014760449521904917 -0.88883109385066916275 22.611497336961036808 4.5085350241283981276 9.43731716640534124 -0.96963392056436625843 24.883710991936251133 2.5828892006498449518 9.0782443762028659506 -1.0504367472780635762 27.483366694340237046 1.1497120345472733316 8.6448929720045768477 -1.1312395739917606718 30.348979560313694037 0.51258133200524258477 8.0265667067968777815 -1.2120424007054579896 33.183368884245744823 0.91027481782335850635 7.1276356461933119135 -1.2928452274191550853 35.514879974433796406 2.363828946169133971 5.9229629317685486001 -1.3736480573257692228 36.900808647627009407 4.5995778227967889507 4.4805244847355139015 0 
0.88467109298564006181 0.30057107753969081188 0.35639035422163450884 0.32169445107117433658 -0.94684353519999064908 1.3877787807814456755e-17 0.3374459029023892942 0.11464879936839009189 -0.93433715296876529433 0.10121250522102510916 0.047296582005045453845 -0.9937399368635257968 -0.99340784672882687101 -0.049234637138632568465 -0.10352198106403849576 -0.053822661068363419901 0.99766676993697012144 0.04200163471881641214 8.8471952171763668105 -5.1228906108014795606 -18.042045564349859177 0 11.50120849613328744 -4.1578072575879563288 -17.029707855642691072 -0.0049968732002117141611 13.569982731359047534 -2.5345252638009263535 -15.585710372157047132 -0.0099937464004234283221 15.082929370206093367 -0.48677705221810207981 -13.998977965618133013 -0.014990619600635142483 16.248628340720966179 1.8231819049284434531 -12.48067775602880225 -0.019987492800846856644 17.348516380676553439 4.2953081188046233763 -11.184977836205975521 -0.024984366001058570805 18.668204377736838495 6.8246816586985570297 -10.257242374935117368 -0.029981239201270284966 20.435202762961356626 9.2164334595881847179 -9.8607073455175875409 -0.034978112401481999127 22.725330673633486356 11.133276598571988814 -10.145358945357140001 -0.039974985601693713289 25.361982802774246437 12.151741511610554269 -11.150741842967221373 -0.04497185880190542745 27.918671374392062035 11.957760750935298333 -12.708212552883367152 -0.049968732002117141611 29.905962779812959695 10.551936118724814406 -14.461589287475936416 -0.054965605202328855772 31.029789029277040413 8.2556712708863049244 -16.031360707013405431 -0.059962478402540569933 31.303216019374630719 5.5000373000939930535 -17.185362050210873264 -0.064959351602752291033 30.960615940183220829 2.6026115375234071259 -17.883609238626483773 -0.069956224802963998255 30.314948256905047685 -0.30813140007290867883 -18.216308493214405928 -0.074953098003175705477 29.680303010291499533 -3.2380694196830495102 -18.328952233359334656 -0.079949971203387426577 29.364059868187279534 -6.2208583498651677246 -18.383362462682821814 -0.084946844403588669947 29.667697383850359927 -9.2010818900516468943 -18.544830445887917847 0 
-0.3257866195862280656 0.065684874418518460204 -0.94315882849666510257 -0.19764221561127262583 -0.98027422418844989416 0 -0.92455428889105562007 0.18640800053741318765 0.33234232987809153581 0.37872728320095050414 0.92509222232184074031 0.027749327178592825272 0.81962992679981505617 -0.34917547997840236995 0.45418417770325503202 0.42985163493158473624 -0.14926776069027741789 -0.89047555135733713616 1.9925931875572844287 -3.4136329154613775927 -12.991083684813039767 0 1.0152333287986001764 -4.0065595622951954979 -15.764746551486206627 0.11449521844193585873 -1.0547202781643432168 -4.4143728433089250984 -17.89758043926319786 0.22899043688387171747 -3.8849408394680997603 -4.3092985773020711093 -18.88692920132669073 0.34348565532580754844 -6.7380255306456975362 -3.4756221765892818532 -18.480860975701240534 0.45798087376774343493 -8.7839158543636486343 -1.9491442078228808921 -16.904727163428926673 0.57247609220967932142 -9.5278534561616687881 0.014082428024872173031 -14.761762389819960362 0.68697131065161509689 -8.9719759740920039803 2.1125995441770006877 -12.69120059693754321 0.80146652909355098338 -7.4439106881090193468 4.1484023594954244629 -11.10358496999400657 0.91596174753548686986 -5.3406507796737647809 6.0587297432399571662 -10.140804078781114228 1.0304569659774227564 -2.981049299343587311 7.8731023031875109197 -9.7661935240272566006 1.1449521844193586428 -0.57475212239501982658 9.6622107510668993058 -9.8601342390339006272 1.2594474028612945293 1.7555715619296012875 11.505357569057570899 -10.27534663481054622 1.3739426213032301938 3.943092907718464879 13.474182179827387529 -10.857136986866304795 1.4884378397451660803 5.9525157578911072065 15.623077367341206667 -11.444052042290852711 1.6029330581871019668 7.7642060616311168175 17.977706686984181061 -11.860584166396668238 1.7174282766290378532 9.3644722781525011612 20.514756362929432498 -11.910853222946709451 1.8319234950709737397 10.739977772809531587 23.128410757377434237 -11.384739771296066735 1.9464187174033089622 11.876159622412387762 25.587300537776876297 -10.095184866501309529 0 
0.49904536106851588029 0.42387317747919356359 -0.75583414649623148485 0.64736874251299747485 -0.76217695531755647043 2.7755575615628913511e-17 -0.57607936850154151109 -0.48930340096565011487 -0.65476311975424628109 -0.42575060234761674671 0.36846700278850280652 -0.8264190779844683421 -0.15626598900823118754 0.86966633358530731623 0.46825357329930594741 0.8912448402543039494 0.32850043544011692243 -0.31268210475774371737 -2.4321965986134301829 4.7324449945393523009 -9.7029497700919851155 0 -0.93506051540788259757 6.6745512220783442814 -11.431187875596609871 -0.087092020825774843495 0.67655410565693185898 8.9587568922465887766 -12.519812131040769287 -0.17418404165154968699 2.2482008343391286509 11.442477380078473814 -13.120694064990106043 -0.26127606247732454436 3.7216385857290328332 14.038441623681954695 -13.420612118316794792 -0.34836808330309937398 5.1077368931441009536 16.69273996904754398 -13.603455701662158006 -0.4354601041288742036 6.4642096501924868335 19.358212182175815741 -13.838486636703969168 -0.52255212495464908873 7.8800818704978343732 21.966318933423082171 -14.277901053702361622 -0.60964414578042391835 9.460806288051530899 24.396309053971425129 -15.050208201012919673 -0.69673616660619874796 11.303330321397702107 26.444786156994872783 -16.237156702393843233 -0.78382818743197357758 13.449131744101373798 27.814184856079769759 -17.824696767169374567 -0.8709202082577484072 15.81516571305348684 28.161986599698497713 -19.63602699793914752 -0.95801222908352323682 18.140767321251768607 27.251216475228787317 -21.297976136847736939 -1.0451042499092981775 20.029272900207555352 25.158658535240622456 -22.324985360781649746 -1.1321962707350730071 21.120728661626834821 22.364266726210107805 -22.334922084981624124 -1.2192882915608478367 21.287169506713883749 19.572783449155682689 -21.248681522761543761 -1.3063803123866226663 20.678370236078855271 17.380212780974787279 -19.293688603821159688 -1.3934723332123974959 19.593545093429952431 16.061770815322795158 -16.826936669536280533 -1.4805643518846116624 18.316293286387100636 15.592972848298099819 -14.153202148773369018 0 
