11
0.58768574957592945029 -0.80907105087650854625 -0.0054308727623286427028 -0.80908298266453959613 -0.58769441648075215756 0 -0.003191693599037944036 0.004394026733016467498 -0.99998525270177829327 0.37612371437293701248 0.79317527502737328327 -0.47896130801094577434 0.79120979708516792073 -0.0059258228727554623783 0.61151610086712171466 0.48220121161477025318 -0.60896458657998486785 -0.62979689091699697645 11.363725798560714964 6.4960677934542383483 0.70390799475191556667 0 14.889840296016291887 1.6415698974670007715 0.68475783315768790072 0.099434957057511985656 17.36071407485089324 -3.8251950279896442808 0.58842357523323030044 0.19886991411502397131 20.135408076379579967 -9.1187480358977950345 0.059825328868250024494 0.29830487117253595697 24.396079696016812477 -13.259625982900830721 -0.7767056574485310394 0.39773982823004794263 30.148614413774055265 -14.878196091261731482 -1.3137989554805147296 0.49717478528755992828 35.909532643840485377 -13.268339706250753096 -0.8446896196943750601 0.59660974234507191394 40.049625744850047226 -9.2721111424438191762 0.85523308265179109888 0.69604469940258395511 42.345793292699696053 -4.3914528286069858254 3.4833161453660519413 0.79547965646009588525 43.894064399469144178 0.51625554041022425622 6.5683266753044051711 0.89491461262507399077 46.150806685706761812 5.2635143229212300042 9.4615339449930342397 0 
0.61433982360556160796 0.13840121447963854573 -0.77680865402159915423 0.21977631894759047659 -0.97555029067180709657 0 -0.75781590822714595124 -0.17072414650749950793 -0.62973670294588324214 0.95928246305973974284 -0.23750116010546493128 -0.15287365703284985785 -0.097176131408266447353 0.23068293282106322462 -0.96816433728453166196 0.26520549683323368928 0.94359874070159266424 0.19821064803840959812 7.8804092410462942553 6.9448551883700417875 1.835240016472056368 0 11.566448182679664569 8.2635131020555849801 -2.7116554328908195615 -0.10456433869199698028 14.197278355432411345 9.6223664973869755812 -7.9301113974077361846 -0.20912867738399396056 16.673469106462196265 9.7633628164932435567 -13.393501132401695486 -0.31369301607599092696 19.919548650581326399 7.9986952398038946299 -18.120959231353051422 -0.41825735476798792112 24.21960618394972542 4.676873677295705356 -20.665539101950091805 -0.52282169345998485976 29.05659167545835686 1.1530991270012409533 -20.233697028972564169 -0.62738603215198185392 33.803380349224781298 -1.260161811929872977 -17.468889915572741955 -0.73195037084397884808 38.463567145469063746 -2.2472839974373153282 -13.820834932745583501 -0.83651470953597584224 43.555783599956328089 -2.4563571616952550869 -10.654509384866109656 -0.94107904822797416866 49.311478378314767212 -3.0394139501448433904 -9.0632764038667001927 0 
0.99859350723654727311 -0.04445750141608501016 -0.028888369162182615107 -0.04447606376946550838 -0.99901045027145463084 2.168404344971008868e-19 -0.028859782684320055973 0.0012848409490530952101 -0.99958264397054708006 -0.23512399008246781529 0.81113625090565411035 0.53551348419476740848 -0.92412639777442706635 -0.35728285531593184654 0.1354229014375202822 0.30117621125208582367 -0.46304097417400880143 0.8335981921836345121 5.0891672743717037974 2.3351728775017193129 -5.9677592146583435806 0 11.080728317790986992 2.0683164948849261933 -6.140917910764263965 0.076691995865900017271 16.493368407021577582 2.7136025388800897318 -8.648285846756797568 0.15338399173180003454 21.11409265911666111 4.4459473830387405968 -12.061191909335063244 0.23007598759770003793 25.475174959658033913 7.2056270353839133591 -15.121447712611379544 0.30676798346360006908 30.165678706448638025 10.608009226615155995 -16.678042142010117033 0.38345997932950010023 35.238433766533162839 13.66585088004191384 -15.720583835111270332 0.46015197519540007587 39.835869416727703651 14.872273461525779226 -12.058885738559606438 0.53684397106130010702 42.627269850374631233 13.152212294540422732 -7.0340122872139021482 0.61353596692720013817 42.99557345537142794 8.8435392993637798043 -2.8747230169078852313 0.69022796213066817117 41.584829514876624046 3.2987809127172180723 -1.0676657493953696232 0 
0.12631441882073579652 -0.026757216698178827585 0.99162932537947168221 -0.20723182391476172026 -0.97829186399405432262 0 0.97010290111664987389 -0.20549715374575275306 -0.12911731505670939746 0.17539800655028667253 -0.40425628102401189867 -0.89767054009297864159 0.96695120854614369232 0.2421186668453835511 0.079899383327817291578 0.18504296687347229766 -0.88201780617947223018 0.43336323101183116258 29.51843043310140402 -55.087358366481524286 -15.375948593404478615 0 30.276316946025819021 -56.330749309970094885 -9.5553311867045795935 -0.23894878314559228616 29.014790243016442162 -55.227546328429411915 -3.794125274821374294 -0.47789756629118457232 26.978271141394746024 -51.3449107658262065 0.3019375953919741784 -0.71684634943677683072 25.840615633378984484 -45.674101337866204631 1.8980768051235068494 -0.95579513258236914464 26.607683670948457433 -39.734730506430921082 1.5299997039128641063 -1.1947439157279613475 29.237596926865034419 -34.443776857235071986 0.48627284864099690198 -1.4336926988735536614 33.001339868717586512 -29.806863069198289651 -0.091022214537057943851 -1.6726414820191459754 36.896955457459128525 -25.263268008718316793 0.33315123010111985513 -1.9115902651647382893 39.847051828264092421 -20.185221159317688233 1.5621229947304393626 -2.1505390483103323795 40.899439867565810403 -14.383513908040825413 2.6723807959712733151 0 
0.60717460544923007593 -0.5968641623031086807 -0.52449229761339677403 -0.70102597143468881047 -0.71313574260027845497 2.7755575615628913511e-17 -0.37403420414665605742 0.3676827224444435549 -0.85141519233815632361 0.56728769399604606072 -0.79524232881085454849 0.21394931808289824327 0.35020072380527667022 0.46809261104833599365 0.81132531115959349854 -0.74534832480318102821 -0.38532965879807362652 0.54403761704835396085 5.4070697760589894187 -1.3588391514271904725 -0.037906305627956271564 0 9.0501174087543709845 -5.5649949800353235574 -2.2821115305078927271 -0.31116119526454272259 13.318185330347736439 -9.7498225061791128354 -2.8026140807608461714 -0.62232239052908544519 18.416013875375444542 -12.649086008175981277 -1.5351988140529697624 -0.93348358579362811227 23.986839620589506694 -13.06610734548442565 0.65383607006671751183 -1.2446447810581708904 29.276195570545088032 -10.757088426646715718 2.2942724844911634996 -1.5558059763227136685 33.669883455272668016 -6.6729415272241174861 2.1710245705434036978 -1.8669671715872562245 37.110463168959000768 -2.2780548885554874339 -0.030652542656634092222 -2.1781283668517992247 40.041526245500406844 1.3641442559492502618 -3.7914092432272772371 -2.4892895621163417808 43.037022644670066995 4.0111351985249790175 -8.2658384308897510095 -2.8004507553737285619 46.440748808646333146 6.112339541356639927 -12.737928379708844062 0 
0.55665667385144945722 -0.57652775044091442158 0.59812130912397676319 -0.71939573002928736134 -0.69460044890255345784 2.7755575615628913511e-17 0.41545532981569710529 -0.43028591582331632281 -0.80140557745240348364 -0.83086012544575771344 0.12195040992085598441 0.54295446352746246088 -0.55310426304207327419 -0.28830194053745350491 -0.78163780953010686403 0.061213774176602710198 -0.94974211689409360204 0.30698987808815803024 20.618232628666696371 10.440030439194430301 -0.25115666284968368727 0 23.958172671775393781 6.1236560590187059105 2.241575316044499111 0.053929329675196646665 29.288223958531730773 3.3789200413146578406 2.0030325604719290133 0.10785865935039329333 34.946943400746782515 2.7225031882438801567 0.11940821375114027414 0.16178798902558994 40.564634221574301876 3.2025439218710229916 -1.9327045554066446531 0.21571731870078658666 46.471114171509945834 3.3271340667063689089 -2.9805603839605372407 0.26964664837598323333 52.161783429231164178 1.6087118040216357162 -2.1661515925895398205 0.32357597805117987999 55.693978660403743675 -2.4584638743451039389 0.47611237044878818025 0.37750530772637652666 55.408939051436192358 -7.5955783562308889501 3.5629712647101983158 0.43143463740157317332 51.857089170813679857 -12.022091944459901924 5.5098600745365136078 0.48536397351942817124 46.871928418139134465 -15.340717522712342458 5.8771427195961338796 0 
0.5476672827478074046 -0.73655091099128211507 0.39692984635265932125 -0.80247508055816141326 -0.59668563338090541137 0 0.23684233677872204571 -0.3185263104277889501 -0.91784895112129105677 -0.19418592390600947217 -0.37902898506538251766 0.90478110912920539644 0.91226231780889899259 0.26932160488760586992 0.30861519185986147074 -0.36065120332906747125 0.88532643788665332796 0.29347539575955156055 5.5220753526457144744 3.2735560171809252594 4.0156789218503208261 0 8.80807904913255868 -1.5412944661680434422 5.4367329425226529338 0.16572086596246929369 12.056086310852506926 -5.7774582261344722411 8.1763251433019981107 0.33144173192493858737 15.100061328602681243 -10.672789151229860494 9.8406421879658516616 0.49716259788740790881 17.912870499796703427 -15.613146863640308126 7.9220567090345417327 0.66288346384987717475 19.60100257523522771 -17.251517674320272278 2.4024596963170994357 0.82860432981234644068 19.633409673407069107 -13.888955113732860625 -2.566657207749561298 0.99432519577481581763 18.971123112687035217 -8.0845913335959078694 -3.9344063146299297351 1.1600460617372849725 18.643447549449355449 -2.1782198038656228611 -2.9307111028734214031 1.3257669276997543495 18.496518571105564632 3.7891460041800257841 -2.3232926406151466203 1.4914877936622250587 17.331403027669509243 9.262719911033421738 -4.4871998605895484502 0 
0.44910568947793705341 0.045763812631135374065 0.892305862993183041 0.1013749145426320053 -0.99484829330982627038 0 0.88770896490911976873 0.090457430606823430175 -0.45143133128748486049 0.4696884977147528506 0.75399617730512413782 0.45921942437544871485 -0.42790549266205912815 0.64941350423631560851 -0.62861672731891993227 -0.77219790498556661884 0.098751532265424823986 0.62766115891548701633 4.8017152930508757436 14.022274172544875626 49.150191351435459808 0 7.49634942991849762 14.630523659800667602 54.476445140890177754 -0.14962917766631070315 11.273045414901339711 16.986836717873934788 58.499423665507229941 -0.29925835533262140631 16.202836871698949039 20.290951958018812462 59.382587677680618299 -0.44888753299893213722 20.911015729565665566 22.492901523549996057 56.385177136346577242 -0.59851671066524281262 23.796444412585493922 21.94098363870788404 51.153572414689136849 -0.74814588833155348802 24.69846622613388476 18.73878169956195805 46.16035107082276312 -0.89777506599786427444 24.749656373390010344 14.008321411925070521 42.469805713298939054 -1.0474042436641748388 25.239474708044919993 8.790110182869339539 39.549129495704100634 -1.1970334213304856252 26.964326807637313266 4.1196069045692222943 36.200803989120245774 -1.3466626001685590985 29.782457793925829037 1.5521739485968693018 31.567616559206840066 0 
-0.28050201316938017104 -0.93194945304074094938 -0.22975821548965044694 0.95756652209922621388 -0.28821234490353059288 -6.9388939039072283776e-18 -0.06621915404712286346 -0.22000877533014923104 0.9732477394862065756 0.88541234998315931914 -0.22694665435102928663 -0.40563553416357978065 -0.45679544321256565498 -0.26353480751983382468 -0.84963952843880741206 0.085923765964569159825 0.93757379512460625737 -0.3370051707883831571 13.436223792281719369 12.821978912936531358 7.0548478626304982342 0 11.753211713265438121 18.567378045531889086 6.6575329383477610534 -0.17132095250360102057 10.402109606975360023 23.063385343483375323 2.9211655212554568095 -0.34264190500720204113 11.068047887475886526 24.212029218082150805 -2.9300859223367909934 -0.5139628575108030617 14.2521622764892264 21.646549040355782978 -7.3209545170003913483 -0.68528381001440408227 18.684728927002925758 17.636643893832939511 -7.8434615549878916596 -0.85660476251800510283 23.066108439993865176 14.528147792756762158 -5.1712404651876280326 -1.0279257150216061234 27.246971680985190289 12.934726427601393794 -1.1735672777926589028 -1.199246667525207144 31.767364314351244303 12.20977336700334881 2.7046402334373880194 -1.3705676200288081645 37.020096411368513145 11.146413954334438046 5.4024305040766789077 -1.541888572570375926 42.332570511267469726 8.4056412950590413402 5.9179730998640938111 0 
0.69361837539797310814 -0.64146634560759319132 -0.32774147855148960673 -0.67896745350757126136 -0.73416837106854715422 0 -0.24061742743974437464 0.22252579710091122123 -0.94476744399713719069 -0.91143206954117872431 -0.41141336003165240864 -0.0055344195132963625028 0.016408848211937110406 -0.049785356843880343436 0.99862513885055248508 -0.41112325683697437118 0.91008816354867139164 0.052126790198186140346 6.6355279553093566847 13.18767982353005408 18.49701267139202443 0 10.797238207697194667 9.1138751024846271775 17.053308106753558349 -0.16724003639127757448 11.98842012099836829 4.2870282699933888182 13.694344679579412372 -0.33448007278255514896 11.572237749482125579 -0.70283776884199034019 10.388587709063205722 -0.50172010917383269568 11.49785691162803225 -6.1088174931870522499 7.7866940311950525455 -0.66896014556511029792 13.865423870855011046 -11.385618136041284032 6.1898215662968620876 -0.83620018195638790015 19.428145250402039323 -13.614470074047133608 5.8925844690519673108 -1.0034402183476653914 24.260638867055117629 -10.103209246831839963 6.4565462126767005913 -1.1706802547389429936 23.593569518445889344 -4.1404553119381715121 6.4807122230385996176 -1.3379202911302205958 18.721190016699601699 -0.89312722727384596944 5.1712167852785908551 -1.5051603275215019728 13.252597599452531796 -0.79467413800221531339 2.7044772442567355242 0 
0.92488180461179680947 0.16213269166114657738 -0.34395731972548243549 0.17266797951895235252 -0.98498008550875937317 -6.9388939039072283776e-18 -0.33879111019456931153 -0.059390415437753349415 -0.93898528327512276181 -0.25711525756137593168 0.71050678826612267969 0.65503576097561810876 -0.90990909211216819408 -0.40630539911174190504 0.083554573449079266867 0.32551065792191313797 -0.57453983889753734715 0.75096390399195356302 8.4935582933211026813 6.9442603580180097822 3.6871210840931154529 0 14.042849120991883538 7.9802682351317244525 1.6543744229256995837 -0.23890084479468504108 18.861313499993492826 9.3170907877390192198 -1.6615427188556775029 -0.47780168958937008217 21.976804149047833192 8.7854630581711727899 -6.7616495778175140785 -0.71670253438405517876 22.436877091056846467 4.8931054562007707531 -11.304543499808380247 -0.95560337917874016433 20.945769784122987289 -0.87914914745812011709 -11.981060897805548393 -1.1945042239734251499 19.714564308958816952 -5.6619386922992296363 -8.5738542343195494055 -1.4334050687681103575 20.107849578860363948 -8.7864070155869153922 -3.4666999980286616889 -1.6723059135627953431 21.757618411634407352 -11.775117399393156603 1.4674537328711003692 -1.9112067583574803287 22.977263877163135675 -16.208980896892207113 5.3214541770809393739 -2.1501076031521670906 21.434572331794882416 -21.668435449565215833 7.2745181246124257513 0 
0.45705562385557435556 -0.10169737944730347645 -0.88360500208834436009 -0.21719393121898036836 -0.9761284732255509633 0 -0.86251200162295504903 0.19191364404832297885 -0.46823306193012170784 0.54337660040048674226 -0.16460702914935693153 0.82319280614679368746 -0.44234003669785143531 -0.88955920951141032038 0.11410392064946175972 0.71349643451901934021 -0.42613253657525168583 -0.55617793843390517239 14.96391798869413492 19.64795830399285137 -7.0071677865141674957 0 17.706251731827581608 18.344794716678968882 -12.182239796251899122 0.073597262959551587591 15.461605787382536548 17.7124746864370195 -17.710506791019540174 0.14719452591910317518 9.7235071707185642964 18.565019480613347724 -19.242626773616269276 0.2207917888786547489 5.1424854861662581129 20.421877713262333032 -15.841697807838116319 0.29438905183820635036 4.031912789635298644 22.300900758088278764 -10.252789087620877595 0.36798631479775795183 5.6302690231998511194 23.776120559892127915 -4.6609214311905784456 0.44158357775730949779 8.6563354345544887281 24.771112706416431593 0.42365452973642525603 0.51518084071686109926 12.294769887847342815 25.11763068518486719 5.1819861721807765065 0.58877810367641270073 16.035318292691712827 24.354828452057120103 9.8108554146525239759 0.66237536456259948903 19.29557789509463106 21.700788231870010492 14.091834021766640461 0 
-0.34964255998519883084 0.44690804191228561404 0.82342169167512446748 -0.78760041316872808626 -0.61618632667112049894 2.7755575615628913511e-17 0.50738118749461491586 -0.64852726457542109184 0.56742992314370999107 -0.93430886024669390633 0.0050866158867915664543 0.35642822559856829345 0.2641907875236249037 -0.66139898367092109233 0.70196482261344161913 0.23931189158119683946 0.75001700696577144889 0.61660709354493847822 50.361279945522021251 -0.85893337279536008388 -11.613329974097046815 0 48.263424585610827933 -5.5845358518077290455 -8.5690428491293566537 0.036831106819075989933 47.841621769284216725 -11.353128262246176661 -6.9736197366146859267 0.073662213638151979866 48.638217585892753902 -17.183555028407553777 -5.8024549577393811362 0.1104933204572279698 49.690456068668048317 -22.724468538296914488 -3.7552351447082585878 0.14732442727630395973 49.839829093303805507 -27.416847872695772281 -0.019032225456500968808 0.18415553409537993579 48.1719871144966163 -30.225405421398942707 5.0138782277737092841 0.2209866409144559396 44.651694088914709369 -30.54151336744831724 9.8623332523117994697 0.25781774773353194341 39.991465886206924552 -28.945120245578721097 13.287795579313812055 0.29464885455260791947 34.78110265514746402 -26.726473777329616155 15.270161826341244193 0.33147996137167229369 29.175249493667301692 -25.14132905218787073 16.706033175828434167 0 
0.048117097763789917764 0.16849078332051264928 -0.98452811074079027431 0.96155880196925658243 -0.27459910843891566223 -6.9388939039072283776e-18 -0.27035054144247194774 -0.9466816706689702432 -0.17522670789913860623 0.96943891183751107476 0.23531736970886690807 0.069382503043656673647 -0.21081803058860970612 0.94368667320184962399 -0.25497298052924266543 -0.12547491460065685054 0.23255364614326390349 0.96445572602967688525 -0.49568330020073858577 -5.6073075574546180633 5.6167704098533306478 0 -0.20698071361799907919 0.16204525436092165336 3.9946671611984987393 -0.33767189514178214127 2.2293344461625559383 3.472526544481757238 -0.3762689021654219701 -0.67534379028356428254 6.5472336776946375991 3.6152708907585529019 -4.5398455230473642175 -1.0130156854253464793 11.84483198277497884 1.8606514500391442279 -6.743651961068704459 -1.3506875805671285651 17.462890357854270462 -0.23941512506930359705 -6.9083956235131855905 -1.6883594757089106508 23.156285162089595531 -1.7675245505129861812 -5.7903002845651183605 -2.0260313708506929586 28.919996332802213601 -2.4878773826513915779 -4.2867294223063918679 -2.3637032659924748224 34.80927399024923119 -2.6619551999924642161 -3.1526634687543673152 -2.7013751611342571302 40.798156235251084922 -2.9229581401218833747 -2.8973838095512736146 -3.0390470525161301651 46.614789706276155812 -4.187866323653539169 -3.6502332971552178265 0 
-0.18992158605168327212 0.40534259210397549644 -0.89421875074169809849 -0.90552997070220164755 -0.42428230243561787516 0 -0.37940119044579018182 0.80974187916048967484 0.44763023336449991874 0.83542938094919649838 0.49217888917260527171 -0.24457655345445911133 0.53945766291972618856 -0.81943364949272412545 0.19368511557737883022 -0.10508653274339758987 -0.29374893213738728637 -0.95008861981612802161 10.824990653542698738 -6.5018509439230740554 14.423466821488290179 0 9.6854611372325987162 -11.93503076813628283 12.147059678813548089 0.06566990581455706133 9.1611574244732967287 -16.800588338520874743 8.6755390975603123849 0.13133981162911412266 10.506920458504463767 -20.062814570760295396 3.8230343973126315049 0.19700971744367118399 14.153800456700770027 -20.423085695153240238 -0.9278045807719670357 0.26267962325822824532 18.975240068737832644 -17.84326553382783942 -3.3972676808610882127 0.32834952907278530665 23.398324954984818902 -13.826579194026763275 -2.8472213767101863802 0.39401943488734236798 27.013254140955538674 -9.7886696191629880559 -0.27281401857084136564 0.45968934070189942931 30.565441382714155338 -6.0841917974346886311 2.8350485697384852912 0.52535924651645649064 34.926642468548678266 -2.5278534150812523862 4.9164861964454811272 0.59102915231109354188 39.939218754243853482 0.70889256243711340488 4.2859669999850966704 0 
0.53291095739871896519 0.21500558704662675602 -0.81839996885576438146 0.37415114488971767948 -0.92736773761960988871 0 -0.75895772758572921379 -0.30620528532509361241 -0.57464901546673163857 0.70770801599564159279 0.5693780444666012297 0.41827981851256135215 0.20891246445157923839 -0.7342164359742500146 0.64597353455233597064 0.67491106546883605777 -0.36977678080790732373 -0.6385610276888662451 22.69552281462554788 -2.9352317085879064962 -12.954063819793661949 0 25.892988559017862116 -0.69032483924960041932 -17.507810185308038342 0.007215588759159458597 29.515989407190122762 1.6731038873860240024 -21.665712588136436523 0.014431177518318917194 34.077110360717597359 4.2650925734602314066 -24.577366659118659697 0.021646766277478374924 39.425367736088716697 6.8647519371383438624 -25.375988989003836593 0.028862355036637834388 44.766459267735640992 9.0285228507937436149 -23.705445158203261258 0.036077943795797290383 49.290197578341008011 10.446074033509708201 -20.027634347659788006 0.043293532554956749847 52.81680347105564266 11.182401778288204142 -15.229623636127891828 0.050509121314116209311 55.846762345867915656 11.60989957585894139 -10.068551264637850551 0.057724710073275668776 59.174673820720002482 12.22283457292566311 -5.1138272961320669907 0.064940298349097688724 63.420921916693870912 13.476309359635154195 -1.0643609033190726265 0 
0.033374492320988068117 0.0031685459686144894394 0.99943789380769498809 0.094514157634945902831 -0.99552351755574164383 0 0.9949639276219378603 0.094461030641678864206 -0.033524564445178331451 0.96213242651117114601 -0.091550004685894748047 -0.25674849658320919588 -0.12026683129128104555 -0.98784861171085447396 -0.098442925759510191419 -0.24461619559399533363 0.12559345915671965566 -0.96145161077933072313 11.080791613367949822 -9.3904940686312841081 -11.054464094311839517 0 11.281038567293878216 -8.8234091228216087188 -5.0846805285802121332 -0.45133204116769021219 15.036006222112126451 -7.4948321906269743664 -0.59746521766528726261 -0.90266408233538042438 20.366774307425401958 -8.0631498425598309154 2.0969598911672493458 -1.3539961235030706366 24.879159337029928878 -11.111845465196759974 4.6156572420047288219 -1.8053281646707608488 26.98223561604206111 -14.943248656215891046 8.7263043628976912913 -2.256660205838451283 26.71030947395483679 -16.302528519888625169 14.563976366827448672 -2.7079922470061412731 26.252439402534747614 -13.119273995850187831 19.629274544910391143 -3.1593242881738312633 28.285086442153009045 -7.6619231211386287228 21.073458550714367021 -3.6106563293415216975 33.100813730203888952 -4.4732788520444319857 19.448245023221822692 -4.0619883635161295743 38.873608289270919158 -5.1948798397921240877 17.980547849657845916 0 
-0.88474195511359066124 0.43657726912278232989 -0.16319301745808512116 -0.44250947984589728001 -0.89676382634811557804 0 -0.14634559476900727004 0.072214457269859713695 0.98659416127044097244 0.99482290199115963603 -0.093681698402661689462 0.039384426595806487637 0.0691136104559262332 0.90782050568679939495 0.41362451366464070279 -0.074503037009467962259 -0.40876113910076733449 0.90959531036467489162 7.6518027444314888896 -9.5771102025402505831 3.8401228663720132772 0 2.3433510137499453663 -12.232167081615633819 2.962049297757969768 -0.063019860022828444457 -1.3626428465095548059 -16.91837491925421233 2.409721849169430552 -0.12603972004565688891 -1.5477922557831405026 -22.912694180194655758 2.2257210494492305486 -0.18905958006848533337 2.3476508779442082364 -27.476167718259500106 2.2409545475700447525 -0.25207944009131377783 8.2739635430815070549 -28.407696008516186481 2.1357250859908125662 -0.31509930011414222228 13.783455181571666159 -26.075547600803975712 1.681208100776606873 -0.37811916013697066674 18.243207937915631334 -22.153284671002744233 0.82888253983990345386 -0.4411390201597991112 22.477158735587895677 -18.062802846312500549 -0.32940027744341321414 -0.50415888018262755566 27.540072022101437454 -15.054191855783528808 -1.4762081187174151964 -0.56717873972553423112 33.509009434048394382 -14.639510193047977182 -1.9232263407742331562 0 
-0.46705283896062449456 -0.32405888088512413425 -0.82270741295937144244 0.57005946291790654534 -0.82160343763749421608 5.5511151231257827021e-17 -0.67593923865726912581 -0.46899214597019978079 0.56846504963955180045 0.62739084506951414699 0.38483379643857912322 -0.67696652549563407497 -0.066050877369922406102 0.89251601153759485552 0.44615294546566258704 0.77589819507563295709 -0.23519804052690074236 0.58537498461301018526 10.144695981281557806 -10.640540716759431916 -10.717669896258911422 0 7.3423789475178109498 -7.2201839392519922001 -14.773305328202525288 -0.31663360612241292502 8.8509852498095682449 -8.9187670075704179595 -20.326585673020087341 -0.63326721224482585004 13.564831935021871345 -12.497267176077436091 -21.313492950793715863 -0.94990081836723883058 18.577209800939755269 -14.534840006469314844 -18.720354872979733329 -1.2665344244896517001 23.279660437361410885 -14.920213612236608469 -15.013814006338098039 -1.5831680306120645696 27.882682083595028644 -14.425723256150428497 -11.197052157327629374 -1.8998016367344776612 32.523925386342725119 -13.637420878846093331 -7.4771811963071703744 -2.2164352428568903086 37.198746828779164275 -12.946852401457832116 -3.779998531171032905 -2.5330688489793034002 41.724712690472131271 -12.677360277336337191 0.14976062879254925519 -2.8497024536481396773 45.489057760889217263 -13.073665541555884673 4.80514979924633856 0 
0.53892835800035832072 0.36245538535924864965 0.76038300781061407552 0.55807448451054775251 -0.82979085903514659961 -2.7755575615628913511e-17 0.63095886924689781328 0.42435035511448837564 -0.64947492748595303524 0.12361122093933778199 0.80408463485428860462 -0.58152228336421629695 -0.86423295439720082545 -0.20075882784128507019 -0.46129957032028467978 -0.48766962853121392785 0.55959252410574500392 0.67010039574170465748 9.8582383392552106471 5.3528906250572330094 -0.36515043980683115077 0 13.091808487257360127 8.7013375321205188584 3.4206027756745558399 0.023156792184365015269 14.755510444562887074 12.50445851765952554 7.7528509185815757121 0.046313584368730030538 16.173722530404948117 16.989354805102394153 11.477688930344617901 0.069470376553095042338 18.561006840517741523 22.16679315040384779 13.3471793461711421 0.092627168737460061076 22.194657209505596285 26.765025899438732893 12.06158563744235579 0.11578396092182507982 25.915161902392494397 28.649954880007072688 7.7482612153049945647 0.13894075310619008468 28.206575477060674473 26.997402555513829725 2.4550174785370533215 0.16209754529055511729 28.823931069463380794 22.943040715031749244 -1.9245982174610420934 0.18525433747492012215 28.782076988771432724 17.901726958192391237 -5.1778182623374870985 0.20841113051274690049 29.523744314407455391 12.716329231809185174 -8.1038360335247663357 0 
-0.34087250994789586311 -0.58409480581948647337 0.73664047524998121919 0.86368200271030892701 -0.50403710001775581251 -2.7755575615628913511e-17 0.37129412890070251363 0.6362231209413778954 0.67628456305277406813 0.95797922863164863827 -0.25182656633660038814 -0.13732872240514437667 -0.19160644781449279184 -0.91810036979959452896 0.34695630867554444476 -0.21345436670685336011 -0.30606386827093023939 -0.92777267790812345538 1.8277445431188708014 -4.3847410728367037791 -7.7573166019280215266 0 -0.21749051656850415526 0.79735094342514933885 -5.5295518285238065559 -0.286023314305237919 0.77496351672506835762 6.2600584640680301263 -7.8041642209790866858 -0.57204662861047583799 4.7523911445087998473 8.425144608056214679 -11.740211915681625143 -0.85806994291571370148 9.9975466050525518824 7.4815459319539234784 -14.496652688347882787 -1.144093257220951676 15.454017071589097654 5.153115633852381805 -15.394061399418445646 -1.4301165715261896505 20.894202757449033214 2.6683233534062682502 -14.914283298206097328 -1.716139885831427403 26.39939244503689153 0.58026764500959804316 -13.759766142720740945 -2.0021632001366653775 32.086931970896834798 -0.9578607599332378264 -12.625722425886801048 -2.288186514441903352 37.972401671648910337 -2.0680282293852609854 -12.266871706474670844 -2.5742098297076587698 43.720277043438798614 -3.217666916272223343 -13.547597906715770577 0 
-0.29547004880934346627 -0.20642150855239296825 -0.93278486858629894307 0.5727032703383579948 -0.81976274869241883003 0 -0.76466228781100087364 -0.53420894476150881935 0.36043361238436333327 0.43202494362385179816 -0.22585857226004099618 -0.87312218699530474986 -0.17484645037817164726 0.92878848060950380816 -0.32677312783832657139 0.88475034155232790134 0.2938364572746978709 0.36176922132665428888 7.6567526758445465518 1.1307132958392513977 -7.2526013673018665529 0 5.8839323829884859762 4.5669329178693995885 -11.840575094167871129 -0.10267914473197309322 6.3040508078713610729 3.2858267943235031083 -17.687135417066038201 -0.20535828946394618644 9.1657122312881238457 -1.6717571839518412524 -19.485260828731188809 -0.30803743419591927966 12.155671498221883198 -5.3555748799573859031 -15.812437559817565713 -0.41071657892789237287 13.794640678652962507 -5.5148890255695333096 -10.042827605184154294 -0.51339572365986541058 14.501198750261835357 -3.2683961803040411098 -4.5243091819463288061 -0.61607486839183855931 15.061863791350807773 -0.034494969208557373086 0.49839304579680798746 -0.71875401312381170804 16.055374515560313142 3.1636094249501880427 5.4768531214570748133 -0.82143315785578474575 17.891189767734825722 5.1448999483160919866 10.834489747984141772 -0.92411230258775589608 20.48333942947793318 4.0958212460470821981 16.142991797298115841 0 
-0.039650240907441958171 0.0024571051248931494344 0.9992105989381753206 -0.061850841377181289826 -0.99808540387129951466 0 0.99729751419369150334 -0.0618020162573234208 0.039726300729025353087 -0.71949035575223208028 -0.67957000342256901337 -0.1432418878253687855 -0.53388180104696436601 0.67311252324837134164 -0.51175165222699581236 0.44418898060439904185 -0.29172614126001883417 -0.84710802617798641734 7.0105608822767573329 14.283523340286199854 -0.99568344578595424643 0 6.7726594368321055839 13.912418292023112087 4.9881016393761941075 0.099042566612931232095 9.8710859917500322069 12.442193911657486893 9.911320952810463325 0.19808513322586246419 15.061413225521873116 10.271139331318025256 11.996244264590645301 0.29712769983879372404 20.470899453048957639 7.8886813320062545429 10.966034090360000874 0.39617026645172492838 24.826129825324155576 5.3651708170141318988 7.7004707272862074063 0.49521283306465613272 27.56474999180521479 2.3203792199354955628 3.3153535294697200619 0.59425539967758744808 28.32023989104724393 -1.7029158046525076919 -1.0712558022501184052 0.69329796629051865242 26.794042012712854017 -6.642405419134520983 -4.1162662657795339172 0.79234053290344985676 23.261889017015697334 -11.47739919589681179 -4.4991859514190437608 0.89138309951638428075 18.944946882502300411 -14.680690002178593545 -1.8340520677926468451 0 
-0.41394340790040301536 -0.41055620807269299632 0.81246197146006282619 0.70419591084387012092 -0.71000571768878861789 -2.7755575615628913511e-17 0.57685264514135015101 0.57213239801832560527 0.58301418930522408424 -0.097650164690928409339 -0.72534883918761261512 0.68142021310276490453 -0.57969245609820807541 0.59800591174689254892 0.55348494637035494659 -0.80896297917683590573 -0.34096626080149156079 -0.47887462588488383108 25.246819517094380103 17.437882737357931262 28.949650098010469179 0 22.763159069691962344 21.663058202421151321 32.410765968858569863 -0.16654361608117923543 19.469536288741750241 21.899849495818685341 37.420354660809010738 -0.33308723216235847087 16.667603026588505344 17.49340158164305592 40.375415874382021286 -0.4996308482435377063 15.634116469632994395 11.813788907055117861 38.740207812860703029 -0.66617446432471694173 15.988423693767606082 8.4752861902810820993 33.767395127729621152 -0.83271808040589623268 16.513811651773984579 7.9778008958692003816 27.811181911637735453 -0.9992616964870754126 16.427894561654955652 8.9818447202993354495 21.896411057892077423 -1.1658053125682545925 15.557749859400436421 9.9174759205000082574 16.034035903194805428 -1.3323489286494338835 14.280433098250728818 9.2444795286666483491 10.210331206001647786 -1.4988925452828611995 13.694532110105161138 5.7663247920774001187 5.3565533309406312412 0 
-0.18505942387634879975 -0.034327140550424004029 0.982127617499979233 0.18238142161651890727 -0.98322785611939300665 6.9388939039072283776e-18 0.96565523179015155808 0.17912183108849097368 0.18821621328624882352 0.97281794216240546902 -0.088239230830482184853 -0.21410065284661539131 0.10510558855294141467 -0.655589679605638187 0.74776666631344068659 -0.20634453387924237 -0.74994400466769639557 -0.62849496672697124922 -5.2131228643449674109 -11.741823917473737993 7.1897409087276002992 0 -6.323479407603060487 -10.647535387774624382 12.983672299468508982 -0.4129707640358886156 -4.903229006905160503 -5.599435100181636038 15.899074893614967507 -0.82594152807177723119 -0.83597683569690306449 -1.2848020462604625713 14.981795554501777801 -1.2389122921076658468 4.4626425811099270646 0.15716030684077036961 12.56407413793677641 -1.6518830561435544624 10.079238851929922305 -0.59489470636790575675 10.592207106991265775 -2.0648538201794428559 15.766552679694985528 -2.269366928270157846 9.6699250446079396681 -2.4778245842153316936 21.533618631653222764 -3.9247229918553507844 9.6426009065976625578 -2.8907953482512205312 27.427129782024220361 -4.9810253680175176072 10.030868353815606042 -3.3037661122871089248 33.424517619959949855 -5.138812138852112632 10.111133267281473991 -3.7167368763229977624 39.261425272934388886 -4.5081786075344680853 8.8730660640060268207 0 
-0.0093221260787146337928 0.013105733392322719069 -0.99987066049445694205 -0.81488209664099275908 -0.57962674936029223716 0 -0.5795517807231310714 0.81477670019353776176 0.016082981140885979632 0.82937786472472685428 0.24826524644390451924 -0.50049647842197630965 0.26995899366729186886 0.60623318033457362919 0.74806648955796106737 0.48913648324654379618 -0.75554331343052416603 0.43577494453861015389 -6.6901034319280192619 5.4513709323694623521 -22.053282426813510142 0 -6.7460361884003070543 0.56207835252350601962 -25.530593111152295904 -0.22930072105674659255 -6.0155534811752149338 -5.1813754044167845692 -27.105119692809122256 -0.4586014421134931851 -3.3637406083323928563 -10.469556555673982245 -26.103606538168815376 -0.68790216317023977766 1.2530498116734283265 -13.142203438278061256 -23.357299042884548612 -0.91720288422698637021 6.640353564430508726 -12.370836828245252548 -20.831046516223942433 -1.1465036052837329628 11.73263522153348859 -9.3403369692220152842 -19.890441323172961319 -1.3758043263404795553 16.522777540441811794 -5.7689055772635882136 -20.437629021444408295 -1.6051050473972261479 21.603150662498119772 -2.7035063743670493253 -21.328211228526686938 -1.8344057684539727404 27.151814529014266952 -0.45089737527351969604 -20.956617372787270881 -2.0637064895107180007 32.12808171736262608 1.1688565867302271872 -18.021798473308017208 0 
0.97406335720870507178 -0.12947043469776953195 -0.18557473611048791451 -0.13175906959542396657 -0.99128177002270567719 3.4694469519536141888e-18 -0.18395685288310095751 0.024451154570334213134 -0.9826301528639973526 -0.37219673068850522846 -0.48480085170210029943 -0.79147819164756916255 -0.91691596544579712091 0.059758578312835930468 0.39458082141511896523 -0.14399550678889105892 0.87258068194691729147 -0.46676358846600640717 -15.85475945889809779 17.329638270996763794 -10.230881550300710003 0 -10.010379315645867138 16.539083853424219939 -11.334622667599315804 -0.056921406098286962683 -4.0820881944032079147 17.448364353205622734 -11.503609046453322051 -0.11384281219657392537 1.7624323628178444334 18.802265622927937017 -11.596299637250156778 -0.17076421829486088111 7.7066247626205264254 19.139998531725836983 -12.339620005426548133 -0.22768562439314785073 13.12973128827902336 17.186321463548875244 -14.00484853867025592 -0.28460703049143482035 16.547562238754800035 12.745695629198763754 -16.149412315615471414 -0.34152843658972176222 17.043952667185699568 7.0380165523158284557 -17.931525007582123976 -0.39844984268800875959 15.229795304978162918 1.4054075938957732994 -18.922770547296554611 -0.45537124878629570146 12.511978962453053299 -3.9181751031495686277 -19.445247296000818693 -0.51229265425008407853 10.278798578322021484 -9.4196708958243497989 -20.309220336734171042 0 
-0.27188821777489385889 0.11540437154427654609 0.95538402125201093984 -0.39071583884867366887 -0.92051134336996498497 0 0.87944182883688748475 -0.37328366928609851838 0.29536650442515915982 0.6993921195451803241 0.30555173389590523092 -0.64613373308573374132 -0.2688021491136786123 -0.72520051651933692405 -0.63390031982320016457 -0.66226585881348887241 0.61702702432980449654 -0.42506656360708849896 19.490558251114240562 11.778096817199246615 -15.960630084229915582 0 17.859228944464877742 9.4338017841072048242 -10.683979111208589785 -0.15427746462493141522 16.057560050460264023 7.5852671591186764388 -5.2676234234240340015 -0.30855492924986283043 16.38911009718089673 6.1045870184124693125 0.53734521451356520583 -0.46283239387479424565 20.238247375468702671 4.6295105283632205229 4.8971951616335935853 -0.61710985849972566086 26.014610583255699083 3.0263956287943476475 5.1494860859836926181 -0.77138732312465707608 30.333245227536568933 1.339017222136584806 1.3413173762277557088 -0.92566478774958849129 31.9631713204355421 -0.56705330933034148178 -4.1093923079107890217 -1.0799422523745199065 32.394836044855523483 -2.9671095979029988854 -9.591490024786709867 -1.2342197169994513217 33.94700465533155409 -5.6631467665606081141 -14.722002324417069019 -1.3884971852259588854 38.143357372602636701 -7.2759596612426857831 -18.695597477298001365 0 
-0.65817506920684865079 -0.23815637240319095791 0.71420383684093480259 0.34025363853995443941 -0.94033369686527890075 0 0.67158993421200252616 0.24301045414432403957 0.69993776826349884956 0.77069603361577243561 0.093021646211024669459 0.63037655183636609468 0.35456759465644116514 0.75937871522408761926 -0.54555090292672003827 -0.52944257912304459879 0.64396501473356837497 0.55226770248742040881 23.581736309056253731 -3.0626979401071876552 4.1763128762706793751 0 19.632685893815160938 -1.0211761088674609077 8.2058524815426956422 0.0075058670818363981692 16.555479857794647813 2.5071694665701169669 11.958402624608897469 0.015011734163672796338 15.593597466027116383 7.8226429482357477951 14.570001877542267721 0.022517601245509194507 17.542115647877711382 13.487566512477961567 14.904363819274202285 0.030023468327345592677 21.673403325776217088 17.28898545338280357 12.787387266239385042 0.037529335409181990846 26.381362911876880872 18.329971178729135062 9.2164694437158427576 0.045035202491018389015 30.760775858236609537 17.439680101541856772 5.2129507551736216087 0.052541069572854787184 34.971336707668207566 16.096622575181964265 1.1549437068463090927 0.060046936654691185353 39.479642520966748975 15.826299268987222391 -2.7950019294168906292 0.067552803664839955466 44.103818722661387142 17.953704836925872712 -5.9716574041551568897 0 
