11
-0.33967067637009823455 -0.90260757574292982408 0.26443032319639803163 0.93592191015564740741 -0.3522075781277345663 0 0.093134363716537466038 0.24748613318904805203 0.96440479269560297482 0.41368237339525854024 -0.28929078149240611273 0.86323677961818789939 -0.81484557859689621395 0.30525902803827059673 0.49279164851103135492 -0.40607090142382185061 -0.90726389189950928937 -0.10944703500872604574 28.341408036660268976 16.972697742022720746 2.1376827426316080683 0 26.30338397843967968 22.588229202956604524 2.696488924930832809 0 24.265359920219090384 28.203760663890488303 3.2552951072300575497 0 26.747452819698430915 23.314686741099279743 0.81886923808542144698 0 29.229545719177771446 18.425612818308067631 -1.6175566310592142116 0 31.711638618657115529 13.536538895516857295 -4.0539825002038503143 0 34.193731518136459613 8.6474649727256469589 -6.490408369348486417 0 36.675824417615800144 3.7583910499344357348 -8.9268342384931216316 0 39.157917317095140675 -1.1306828728567746012 -11.363260107637756846 0 41.640008989985950905 -6.0197572110792521016 -13.799686392733253371 -5.7822824514587756184 44.122103116053835947 -10.908830718439189056 -16.236111845927027275 0 
0.46132266375233127453 0.88698516179785480418 -0.02094570740956799848 0.88717979608733998909 -0.4614238934151826399 0 -0.0096648498632581035517 -0.018582608428525625166 -0.99978061460558087514 0.43736839438024532889 -0.86534906074439676971 0.24470367930629124964 -0.86618089766971939625 -0.47852113944359819797 -0.14404225636138706657 0.24174271469751706931 -0.14895812221691895338 -0.95883884866868251962 7.1516815644205786739 31.68782588322918059 -3.9989190322595447036 0 9.919617546934565766 37.010904659753222745 -4.0569081314390933457 0 12.200466542180320673 40.598019711014224242 -8.2913305796489105148 0 14.824678012992606568 35.400934700524594234 -6.8408749442704097632 0 17.448889483804890688 30.203849690034967779 -5.3904193088919090115 0 20.073100954617174807 25.006764679545341323 -3.9399636735134078158 0 22.697312425429458926 19.809679669055714868 -2.4895080381349066201 0 25.321523896241743046 14.612594658566086636 -1.0390524027564056464 0 27.945735367054027165 9.4155096480764601807 0.41140323262209510524 0 30.569947835019153359 4.2184249733846082009 1.8618582671069248136 1.1589760331830472051 33.194158308678595404 -0.97866037290279361827 3.3123145033790963865 0 
0.30787309293168974023 0.19134935752925702479 0.93198690013423246548 0.52787201066902089686 -0.84932393134318606709 -2.7755575615628913511e-17 0.79155877798235563247 0.49196979889104552885 -0.36249195574272308207 0.28288325819018478313 -0.85494432496752059691 -0.43479565710979234394 -0.95234753333688204613 -0.1964494183952780193 -0.23332767036790463822 0.11406681367892101964 0.48008106317369786398 -0.86977637056840695351 15.072899968627581302 16.380539467100817319 3.1899633519347219135 0 16.920138526217719743 19.547771531114943144 7.9393160198288557083 0 18.767377083807858185 22.71500359512906897 12.688668687722989503 0 21.541397942549551203 26.72186677057988291 16.188648083159801416 0 27.002976822618794728 28.52052867275932968 14.475180400818000948 0 31.051665081843221827 32.477504788047916406 12.487603131212130947 0 32.748964630984332302 26.763419588026621909 13.172004013285654622 0 34.446264180125439225 21.049334388005327412 13.856404895359178298 0 36.143563729266546147 15.335249187984034691 14.540805777432701973 0 37.840863278407660175 9.6211639879627419703 15.225206659506222096 0.48497464231365866594 39.538162827548767098 3.9070787879414501376 15.909607541579747547 0 
-0.15948964451631283956 -0.19585633453994924502 0.96757601743358423452 0.77542300901050498219 -0.63144212489910300778 1.3877787807814456755e-17 0.61096825644967378555 0.75028070688475079209 0.25257998829551869813 0.81636766219792855637 -0.082376214802185487862 0.57162750052140853807 -0.072257914825914315582 0.9674293179295760936 0.24260937441765617617 -0.57299444487926731728 -0.23936305906547014621 0.78382567710704686981 3.8727849672404257575 -21.226614189131353783 34.577716874637864919 0 2.9158471001425487756 -16.574076135068324334 38.243526413335906966 0 1.9589092330446715717 -11.921538081005294885 41.909335952033949013 0 1.0019713659467943678 -7.2690000269422654355 45.57514549073199106 0 5.90017797984226533 -7.7025476386465046019 42.137179749777580184 0 10.798384593737736736 -8.1360952503507437683 38.699214008823169308 0 15.696591207633208143 -8.5696428620549838229 35.261248267868758433 0 20.594797821528679549 -9.0031904737592238774 31.823282526914347557 0 25.493004435424147403 -9.436738085463463932 28.385316785959936681 0 30.391211618783074755 -9.8702858213153454869 24.947351871998357353 4.662205488754575633 35.289417663215090215 -10.303833308871942265 21.509385304051107823 0 
0.79838294286691635637 -0.30902226231619084329 -0.51680742828653847276 -0.36096443970337915852 -0.93257958012687891536 0 -0.48196405447791207388 0.1865491037859946799 -0.85610167741212528369 -0.048074696346714768103 0.98056107010340609609 0.19023357056217682359 0.97253986249118118401 0.089371674752825994159 -0.21489280959936510329 -0.2277170161336325438 0.17467882398716394476 -0.95793124440831167732 35.117677273892020651 -39.46367170568505145 27.009984702691014036 0 39.907974931093519899 -41.629458343905326956 24.118200375823541037 0 44.698272588295019148 -43.795244982125602462 21.226416048956068039 0 49.488570245496518396 -45.961031620345877968 18.334631722088595041 0 49.200121361724065139 -40.125792334895869828 16.968330246208800816 0 48.911672477951611882 -34.290553049445861689 15.602028770329004814 0 48.623223594179158624 -28.455313763995853549 14.235727294449208813 0 48.334774710406705367 -22.620074478545845409 12.869425818569412812 0 48.04632582663425211 -16.784835193095837269 11.50312434268961681 0 47.757876349005904615 -10.949595806198116676 10.136823425448175939 -1.0345855602483660096 47.469428059089331384 -5.1143566221958227658 8.7705213909300212549 0 
-0.86458052645871030784 0.44954430495516134458 0.22452267402371711702 -0.46132238915235102006 -0.88723258126985327099 0 0.19920383162767232865 -0.10357733639949572024 0.97446886499735829723 0.33485039082447265457 -0.8891376448923342668 0.31194464925690157386 -0.10722893509787868871 0.29294879626625008884 0.95009628893282693785 -0.93615018626418700087 -0.35158960621933726953 0.0027527361040718262286 15.352890277127670515 2.9045004619258802947 25.441249264928018192 0 10.165407118375409112 0.13656612701177417435 26.636472254694051998 0 4.9779239596231477094 -2.6313682079023310578 27.831695244460085803 0 -0.20955919912911369352 -5.3993025428164367341 29.026918234226119608 0 1.7995431738975518066 -6.0426763693412608447 23.410017151418852421 0 3.8086455469242168625 -6.6860501958660849553 17.793116068611585234 0 5.8177479199508814744 -7.3294240223909090659 12.1762149858043216 0 7.8268502929775465304 -7.9727978489157331765 6.5593139029970570775 0 9.8359526660042124746 -8.6161716754405581753 0.94241282018979166679 0 11.845055054829858321 -9.2595456938155553672 -4.6744882349913643438 -3.4257322780978429755 13.854157412057542587 -9.9029193284902063965 -10.291389345424740043 0 
0.33691164082871094543 -0.79458645990481879817 0.50509692536188888212 -0.92065909956626812427 -0.39036754781337557052 0 0.19717344816159612653 -0.46502208049736742934 -0.86306262576360370797 0.94152532383069909017 -0.32013625613041601925 -0.10508492801681079687 0.18690528688235605315 0.75572002737091981128 -0.62765727428742557059 0.28035063460053355477 0.57131428981016862956 0.77136470228924880477 19.62581240488572476 14.364456858732244982 2.872874749431610919 0 21.647282249857990877 8.8405022613346364579 4.0559154384011879557 0 23.668752094830256993 3.3165476639370252698 5.2389561273707654365 0 25.69022193980252311 -2.2074069334605841419 6.4219968163403429173 0 27.711691784774789227 -7.7313615308581935537 7.6050375053099203981 0 33.360843727759032618 -6.6099298095640941497 9.2871413129129791741 0 39.009995670743272456 -5.4884980882699938576 10.969245120516038838 0 44.659147613727512294 -4.3670663669758944536 12.651348928119098503 0 50.308299556711752132 -3.2456346456817950497 14.333452735722158167 0 55.957451499696034602 -2.1242029243877516009 16.015556543325111249 3.688814083108558961 61.606603442680253124 -1.002771203093612451 17.697660350928234863 0 
-0.040260434840719235006 -0.0050686001846246735505 0.99917636415129662542 0.1249093246570111837 -0.99216816145940178728 8.6736173798840354721e-19 0.99135097619368151012 0.12480644485938641175 0.040578237041490314296 0.36206901155284859639 0.86754680434455333504 0.34098177831769255208 -0.43605086792761077463 0.48094290737615152942 -0.7606270836777714317 -0.8238723635689695346 0.12671409596460647684 0.55242906008930436901 13.65633447178517379 9.2607972115999643847 5.5892556022101587132 0 13.41477186274085831 10.010253159542031653 11.537361459372247552 0 13.173209253696542831 10.759709107484098922 17.485467316534339943 0 12.931646644652227351 11.509165055426166191 23.433573173696430558 0 15.104060681939067479 8.8928598365949937943 18.490338984168701586 0 17.276474719225905829 6.2765546177638205094 13.547104794640972614 0 19.44888875651274418 3.6602493989326472246 8.6038706051132436414 0 21.621302793799582531 1.0439441801014739397 3.6606364155855146691 0 23.793716831086420882 -1.5723610387296993451 -1.2825977739422143031 0 25.966130894884763336 -4.1886662921056245779 -6.2258319335353746737 2.6876162202914057886 28.138544905660111795 -6.8049714763920441385 -11.169066152997668695 0 
-0.059919788037519801371 -0.16400335598708343232 0.98463826770368434449 0.93927325906211700524 -0.34317013974241517005 0 0.33789845192360307147 0.92484439470331725186 0.17460664870928399584 0.86265257138743900445 -0.27797642831525548601 0.42256318625707645076 -0.094711986530680414287 0.73188670210887929457 0.67481219230508981965 -0.49685025982286790125 -0.62215027170072245699 0.60503624580405579447 -5.4544126264894714495 0.67897775662194703727 10.66878556641276532 0 -5.8139313547145903271 6.3146173109946488466 12.696176277954384304 0 -6.1734500829397092048 11.950256865367354209 14.723566989496003288 0 -6.5329688111648280824 17.585896419740059571 16.750957701037620495 0 -1.3570537720002837645 17.017624196108343426 13.769855524459474694 0 3.8188612671642596652 16.449351972476627282 10.788753347881328892 0 8.9947763063288057594 15.881079748844912913 7.8076511713031830908 0 14.170691345493350966 15.312807525213198545 4.8265489947250372893 0 19.346606384657896172 14.7445353015814824 1.8454468181468919319 0 24.522521094440225653 14.176262838050986304 -1.135655884587915665 -1.9551154256697738099 29.698436462986986584 13.607990854318053664 -4.1167575350093965625 0 
0.8914533636231559699 0.065854851714446285826 0.44830128149563613915 0.073672826329328380823 -0.99728246483162885649 -6.9388939039072283776e-18 0.44708300699714570436 0.033027622454843356958 -0.89388252080984942349 0.35582904296471351557 0.60853088822641787647 -0.70927840109309969741 -0.81158099224277724382 -0.17510262050051486615 -0.55738260227969305127 -0.46338103674303071644 0.77396978646987268924 0.43156550420386291522 2.2398602926583692785 -10.613981856041453611 12.534101402017977733 0 7.588580474397305764 -10.171944898065483187 15.216599444000852515 0 10.480692065189320061 -7.1302068257717063915 19.504200177040839748 0 12.615666238346314287 -11.999692774254459238 16.723913882883053361 0 14.750640411503306737 -16.869178722737210308 13.943627588725266975 0 16.885614584660299187 -21.73866467121996493 11.163341294567480588 0 19.020588757817293413 -26.608150619702719553 8.3830550004096942018 0 21.155562930974284086 -31.477636568185474175 5.6027687062519078154 0 23.290537104131278312 -36.347122516668228798 2.8224824120941205408 0 25.425511275656770493 -41.216608402068715122 0.042196006199127555902 4.1177215187398905627 27.560485450445263211 -46.086094413633738043 -2.7380901762214548967 0 
0.37603328048381245985 0.32190718490394354401 0.86889282208785734163 0.65031719528735543179 -0.75966278407829590513 8.3266726846886740532e-17 0.660065540292908981 0.56505594306549056238 -0.49500026638800842527 0.80247275445785715142 0.5219837679523332552 0.2890854966045589558 -0.039252470719729370963 -0.43725295796863161701 0.89848154922072787087 0.59539627299405917249 -0.73235428362368915067 -0.33039443300821058624 -6.6734450929729121071 -7.3703010863347167003 -16.330253782141703311 0 -4.4172454100700377921 -3.4683979146105841096 -12.369860540384248537 0 -2.3454813216683403354 -8.6080262044639361818 -14.670298456118594288 0 -0.27371723326664376685 -13.74765449431729003 -16.970736371852940039 0 1.7980468551350528017 -18.887282784170643879 -19.271174287587285789 0 3.8698109435367493703 -24.026911074023999504 -21.57161220332163154 0 8.6846473743361016773 -24.2624250023240009 -17.999234376967862659 0 13.499483805135453096 -24.497938930624005849 -14.426856550614093777 0 18.314320235934804515 -24.733452858924007245 -10.854478724260326672 0 23.129156594716171469 -24.968966009917547666 -7.2821007495959211298 1.4269104720563718924 27.943993097533507353 -25.204480715524002932 -3.7097230715527937939 0 
0.9693503701424397434 -0.098189228878778428422 0.22520820419537523893 -0.10077815298221728946 -0.99490892240520834022 0 0.22406165175283287994 -0.02269606685525196732 -0.97431066132065602403 -0.056726897147611046734 0.99549489268033775069 0.075973533466381887314 -0.052440511555671767696 0.073020079692099101876 -0.99595083247594995424 -0.99701156055874462503 -0.060481291397609882043 0.048062058872811355692 2.539284640280328631 1.7156174818435090401 -11.116851547820061796 0 8.3553868611349670914 1.1109485639502052479 -9.7724816373030645167 0 14.171489081989605552 0.50627964605690156663 -8.4281117267860672371 0 18.655398180586313828 -0.072000134190087772268 -4.483475914536837692 0 23.139307279183022104 -0.65027991443707711117 -0.53884010228760770289 0 27.623216377779730379 -1.2285596946840664501 3.4057957099616222862 0 32.107125476376438655 -1.8068394749310559 7.3504315222108527195 0 36.591034574973150484 -2.3851192551780453499 11.295067334460082265 0 36.250673327866010709 -2.6997615468783440207 5.3129979224805410354 0 35.910312205547306519 -3.0144031882526896027 -0.66907153080467374195 -1.9464563250616002676 35.569950833651724054 -3.3290461302789413622 -6.6511409014785405347 0 
-0.57270076794488533611 -0.24645653314654783483 0.78183950249697853341 0.39529196441670194639 -0.91855553063904893385 0 0.71816299909068215257 0.30905487280060772726 0.62347974492783386768 0.96747247027170979461 0.052679571014183190769 -0.24743056008528474532 -0.1974135678718352549 0.76883382850501691408 -0.60821248537532568434 0.15819261198446779582 0.63727498534312509992 0.75422522536007208238 5.0586761342583201895 10.792771515876182775 -10.039130578744362765 0 1.6224715265890079507 13.164523302376395009 -5.7301525842002698496 0 -1.8137330810803051762 15.536275088876607242 -1.4211745896561751579 0 -7.5650603948213559491 15.980170958197572162 0.22964053852018717627 0 -1.7602256782911016586 14.795689604951739682 1.1787969205658659355 0 4.0446090382391535201 13.611208251705907202 2.1279533026115453609 0 9.8494437547694069224 12.426726898460074722 3.0771096846572238981 0 15.654278471299662101 11.242245545214242242 4.0262660667029024353 0 21.45911318782991728 10.057764191968409762 4.9754224487485814166 0 27.26394781777744214 8.873282885956124133 5.9245794192598610906 -3.1723155326243954732 33.068782620890424084 7.6888014854767430251 6.8737352128399393791 0 
0.53983420982696661561 -0.50514173881334989424 -0.67335789117609667898 -0.68325489446515486058 -0.73017994302049260558 0 -0.4916724266113614572 0.46007507487280330238 -0.73931667801482725544 0.64480263331512777114 -0.20825210249786152428 0.73543227143979583715 0.73187483111363893507 -0.10926030352422688718 -0.67262279002140323847 0.22042866340895825306 0.97195331568908949205 0.081963140915451010438 2.6105312746809827829 -14.10382031095546651 -7.935213654035720765 0 5.8495365336427820324 -18.20334967774639523 -10.885248213703889064 0 9.0885417926045821702 -22.302879044537323949 -13.835282773372057363 0 12.327547051566382308 -26.402408411328252669 -16.785317333040225662 0 15.566552310528182446 -30.501937778119181388 -19.735351892708393962 0 19.435367964255487294 -26.110688432612164434 -18.412780676078167374 0 23.304183617982793919 -21.719439087105147479 -17.090209459447940787 0 27.172999271710096991 -17.328189741598130524 -15.7676382428177142 0 31.041814925437400063 -12.93694039609111357 -14.445067026187487613 0 34.910630436493548245 -8.5456907306538099078 -13.122496454456385351 4.8157867373948253231 38.779446232892006208 -4.1544417050770778843 -11.799924592927036215 0 
0.25182194742250918473 -0.56743043228475154027 -0.78396964948489877845 -0.91403222653629179195 -0.40564157682997487031 2.7755575615628913511e-17 -0.31801068480389749205 0.71657352425555864706 -0.6207991532585436234 -0.66185971327976478307 -0.021572294118371929117 -0.74931725995315101585 0.53339837006799395436 -0.71589603535988999283 -0.45053195820585129061 -0.52671424771505392926 -0.69787355780432136498 0.48532937122278396735 30.247870554527167997 -17.110509118322436706 29.598565600024908662 0 31.758802239062223549 -22.594702477540188568 27.690501491201523265 0 33.269733923597279102 -28.07889583675794043 25.782437382378137869 0 33.232790312603384564 -33.606805651393443668 28.114999975506815844 0 38.847412275201918419 -33.069014615818957736 30.161167373146103188 0 44.578331712114859897 -31.955103350238051263 31.545278676483157199 0 50.309251149027801375 -30.84119208465714479 32.929389979820214762 0 51.95270084988847259 -28.059483352854552862 37.985195515257096588 0 47.981542723896261293 -24.859092325088884223 34.824910653450643849 0 44.010384748685858369 -21.65870058277015886 31.664626325795520501 4.8946636155097822396 40.039226471911838701 -18.458310269557546945 28.504340929837738372 0 
-0.39681395046168316254 0.90252293084097334752 0.16730525402751850184 -0.9154257250746149488 -0.4024869462126883235 6.9388939039072283776e-18 0.06733818077887400444 -0.15315553347693378061 0.98590514349748037404 0.6207765081106071392 0.13150810888374891983 -0.77287912656237578446 0.5942942128267825197 0.56403118437153043629 0.57330900189779254728 0.51132271177661947625 -0.81521435239712736198 0.27198280105024214004 32.012657027843232527 10.489949391559655112 -9.3219672162903233215 0 29.631773325073133662 4.9973950411119654191 -8.9179381316170793781 0 27.250889622303034798 -0.49515930933572249728 -8.5139090469438354347 0 24.870005919532935934 -5.9877136597834113019 -8.1098799622705914913 0 22.48912221676283707 -11.480268010231100106 -7.705850877597347548 0 26.213781323103653165 -7.9145027136441949978 -4.6379146997721107937 0 29.93844042944446926 -4.348737417057289889 -1.5699785219468740394 0 33.663099535785285354 -0.78297212047038389215 1.4979576558783636031 0 37.387758642126101449 2.7827931761165212166 4.5658938337036003574 0 41.112417805802010662 6.3485584941538188986 7.6338299169894785479 -5.402461018263428727 44.837076854807754955 9.914323769290321664 10.701766189354064096 0 
0.18412866388887513813 0.1993897876853769624 0.96246576443075504415 0.7346628490238055198 -0.67843238297137986592 2.7755575615628913511e-17 0.6529679420911278509 0.70708784058457363475 -0.2714031177026565711 0.083863871910093382156 0.81033036962575599738 0.57994098238565083836 -0.99180426037086588664 0.011581035620079754844 0.12724067244464631887 0.096390663958947617185 -0.58585883254940573917 0.80466034339055192426 20.502227237886806677 25.153108748341463041 17.149731455707087235 0 21.60699922122005745 29.561085842484295938 21.067539108253853897 0 22.711771204553308223 33.969062936627132387 24.985346760800620558 0 23.214954543412023469 28.018237371654063139 25.563690622839406075 0 23.718137882270738714 22.067411806680993891 26.142034484878191591 0 24.22132122112945396 16.116586241707924643 26.720378346916977108 0 24.724504559988169206 10.165760676734853618 27.298722208955762625 0 25.227687898846880898 4.2149351117617825935 27.877066070994548141 0 25.730871237705596144 -1.7358904532112884311 28.455409933033333658 0 26.234054708521480137 -7.6867160169058452723 29.0337536934190652 -4.9409624125079307788 26.737237915423023082 -13.637541583157428704 29.612097657110908244 0 
-0.59757630148252516289 0.046276744424170818126 0.80047550045705095911 -0.077209559641384956086 -0.99701488649868397207 -6.9388939039072283776e-18 0.79808599023316373344 -0.061804360894006156457 0.59936547545553031657 0.99518848753460953382 -0.010335759800871658839 -0.097432265435609954896 -0.016715299771633024273 -0.99775244112800676177 -0.064889636897182745301 -0.096542596982476650003 0.066206029124562915111 -0.99312450814358455009 -1.5820086002450408635 13.30472400381462883 12.965510359344937896 0 -5.1674664091401911747 12.841466645966319149 17.754026300743920075 0 -8.7529242180353428182 12.378209288118009468 22.54254224214290403 0 -12.338382026930492685 11.914951930269699787 27.331058183541887985 0 -6.3672511017228359265 11.814660131639902474 26.75180260164702517 0 -0.39612017651517916761 11.714368333010105161 26.172547019752165909 0 5.5750107486924775912 11.614076534380307848 25.593291437857303094 0 11.54614167390013435 11.513784735750510535 25.014035855962443833 0 17.517272599107791109 11.413492937120713222 24.434780274067584571 0 23.488403524315447868 11.313201138490914133 23.855524692172718204 -0.27712193220344322198 29.459534449523104627 11.21290933986111682 23.276269110277858942 0 
-0.40045360254377609932 0.37120232594146784777 0.83776234423931683626 -0.6798141239687897075 -0.73338445364798077186 -2.7755575615628913511e-17 0.61440187911680277377 -0.56952267414309076798 0.54603503053800894751 0.89342865228496637364 0.35158436337732118515 0.27959556274167385315 0.014489766413983862225 0.59954305713342048723 -0.80021132790805982182 -0.44897136873695808745 0.71898300263057390858 0.53055457022137364476 14.995508487596957536 19.577497428326257278 18.159116402737303986 0 12.592786872334301052 15.498612684513519255 21.845527677438120406 0 10.190065257071644567 11.419727940700781232 25.531938952138936827 0 7.7873436418089880817 7.3408431968880432095 29.218350226839753248 0 13.147915555518785879 7.4277817953719553756 26.52452201441801094 0 18.508487469228583677 7.5147203938558675418 23.830693801996268633 0 23.869059382938381475 7.6016589923397797079 21.136865589574526325 0 29.229631296648179273 7.6885975908236918741 18.443037377152784018 0 34.590203210357977071 7.7755361893076031521 15.749209164731038157 0 39.950775124067774868 7.8624747877915179828 13.05538095230929585 2.1485981925492132483 45.311347037777572666 7.9494133862754274844 10.361552739887548213 0 
-0.59122772916167531942 0.52112273170260381416 -0.61553299730651733768 -0.66123002446614898009 -0.75018321411805533039 0 -0.46176252231512338042 0.40700889886871044476 0.78811111477180384455 0.90967548019518462699 -0.34087297958828483013 0.2372680604680404981 -0.0060583270859195792468 0.56033830066736189934 0.8282416830117486084 -0.41527559211273273876 -0.75486859822873719761 0.50766089272623815543 15.332733409876714958 -2.973177365375607728 1.9573565942850166266 0 11.785367034906663264 -6.9405575121725018306 -0.81321853960572365594 0 8.2380006599366133457 -10.907937658969395045 -3.5837936734964630503 0 4.6906342849665625394 -14.875317805766288259 -6.3543688073872033328 0 10.148687166137673188 -14.911667768281704483 -8.8460223600635892183 0 15.606740047308786501 -14.948017730797120706 -11.337675912739975104 0 21.064792928479896261 -14.984367693312536929 -13.829329465416360989 0 26.522845809651009574 -15.020717655827953152 -16.320983018092746875 0 31.980898690822122887 -15.057067618343369375 -18.81263657076913276 0 37.4389515719932362 -15.093417580858732308 -21.304290123445518645 -2.9981748864156583245 42.897004453164349513 -15.129767543374200045 -23.795943676121908084 0 
-0.44356055331122995478 0.17597665962791836369 0.87879818548540211687 -0.36877412635179113165 -0.9295190389300658218 0 0.81685964478587658189 -0.32407803309191862695 0.47719361813373478709 0.60706884747513656375 -0.34889948110923824087 -0.7139583786936832821 0.48953763447881065707 -0.54352635241882174544 0.68185922935396336975 -0.6259555246613764945 -0.76344499232622797802 -0.15915848968215795534 7.3430651518276528478 -13.41220352750556799 16.486887763103226234 0 4.6817018319602734522 -15.624848285616314669 21.388045631818485504 0 2.0203385120928945007 -17.837493043727061348 26.289203500533744773 0 5.6627511902403622202 -14.900267390136878731 22.533469838256518614 0 9.3051638683878294955 -11.963041736546696114 18.777736175979292454 0 12.947576546535298547 -9.0258160829565134975 15.022002513702066295 0 16.589989224682767599 -6.0885904293663291043 11.266268851424840136 0 20.232401902830236651 -3.1513647757761442669 7.510535189147613977 0 23.874814580977705702 -0.2141391221859594296 3.7548015268703882619 0 27.517226950692588616 2.7230863820161053113 -0.00093255136432235374855 1.8883106824948761027 31.159639937272640253 5.6603121849944102451 -3.7566657976840636124 0 
0.67462045413849336395 -0.70502759094128364392 0.21868547932933951605 -0.72251579737715920793 -0.69135441167352640335 1.3877787807814456755e-17 0.15118917090327863018 -0.15800371347244401843 -0.97579539921568447802 0.57604203025775524427 -0.21940228623281149423 -0.78742505432094167528 0.5646670133168275596 0.80332790025928713096 0.18924969943663838556 0.59103869877392645193 -0.55364873472339803939 0.58663986831002479239 9.7032596232706112005 3.3085384382892755184 -2.8070963362311829314 0 13.750982348101571162 -1.0265563459736792851 -1.8999613108115112059 0 16.802964978176149202 -5.8279551650172631838 -3.8057344888707334007 0 19.236502417992323188 -10.491034781316329827 -6.6925292548818369198 0 21.670039857808497175 -15.15411439761539647 -9.5793240208929404389 0 24.103577297624671161 -19.817194013914463113 -12.466118786904043958 0 26.537114737440845147 -24.480273630213531533 -15.352913552915147477 0 29.993366865376788866 -21.092271530263669632 -11.80668132717561214 0 33.449618993312732584 -17.704269430313807732 -8.260449101436076802 0 36.905871067097145044 -14.316267243034513257 -4.7142169063518775118 2.4827983726413265231 40.362123249184620022 -10.928265230414080378 -1.1679846499570061269 0 
0.86806343710226052668 0.32192441695176127192 -0.3779292776915791352 0.34771271569607753449 -0.93760112379585969222 0 -0.35434691547898200525 -0.13141081548719599215 -0.92583446742034936072 0.095162488973618786225 -0.12470602398114566389 0.98761961719842339402 -0.90315418845174566531 -0.42804812469448089152 0.032974457199587553502 0.41863661160296905539 -0.89511072528953217198 -0.15336289283015214213 24.808102711992038536 35.403973663706224784 6.4224664191540510316 0 30.016483334605602806 37.490249957882689102 4.2963849262801590001 0 35.224863957219156418 39.576526252059153421 2.1703034334062683008 0 40.433244579832717136 41.66280254623561774 0.044221940532376713406 0 41.004218179481163986 36.243877322379042027 2.5560417124816741108 0 41.575191779129610836 30.824952098522462762 5.0678614844309715082 0 42.146165378778057686 25.406026874665883497 7.5796812563802689056 0 42.717138978426504536 19.987101650809304232 10.091501028329567191 0 43.288112578074958492 14.568176426952724967 12.603320800278865477 0 43.859085038732082751 9.1492511334806518875 15.115140680951515861 1.160216125298888068 44.430059777371859298 3.7303259792395664363 17.626960344177458495 0 
-0.088858874499992510088 -0.038330220813912671551 0.99530643250958206192 0.39608189055610903972 -0.91821519045020072447 6.9388939039072283776e-18 0.91390548548309569199 0.39422285347105179287 0.096773474697608760642 0.70367000987754790842 0.60278770977611129123 -0.37615886822166344494 0.092433959480625105254 -0.60257052638173236314 -0.79269459684721987891 -0.70448880781291767228 0.52302556120988263899 -0.47972886299181694003 19.069418825445978882 -6.4960759873248150598 4.238861688619550705 0 18.536265578446023738 -4.1195846439881602663 9.7222946015181257451 0 18.003112331446068595 -1.7430933006515054728 15.205727514416700785 0 22.184897752045536379 -5.352985965641953392 12.864500134748098503 0 26.366683172645004163 -8.9628786306324013111 10.523272755079496221 0 30.548468593244471947 -12.572771295622850118 8.1820453754108939393 0 34.282950528746994223 -8.0172658411084345431 9.3226657010647606683 0 38.017432464249516499 -3.4617603865940189678 10.463286026718627397 0 42.239452574935270945 -2.9071567599638283852 6.2363532141116317931 0 46.461472755525541345 -2.3525532636735784209 2.0094204542263760516 -0.98238647675393686587 50.683492796306779837 -1.7979495067034469979 -2.2175124111023611917 0 
0.7994004753082900594 0.40898055130892069231 -0.44010656519521634822 0.45546252908126871883 -0.89025495483198202606 0 -0.39180705031912610448 -0.20045204924908363586 -0.89794555028245925943 0.79401064159486978156 0.59765173843565866374 -0.11117329076238514907 -0.37600884775598220067 0.62653877984258465883 0.6826906354730400972 0.47766562304955662022 -0.50026148852195295724 0.72220080009542930721 -1.7080461122095413895 -4.1037682060140294737 3.400319832428993827 0 3.0883567396401989669 -1.3709930315264173828 1.0494775305142374222 0 7.8847595914899413216 1.3617821429611964845 -1.301364771400520759 0 7.4228656392261713748 6.3130603034506078686 -4.6586700232837543467 0 6.9609716869624014279 11.264338463940019253 -8.0159752751669870463 0 6.4990777346986314811 16.215616624429429748 -11.373280527050219746 0 11.263141874287402544 13.959563466499036011 -8.5072873270449242966 0 16.027206013876174495 11.703510308568642273 -5.6412941270396297355 0 20.791270153464946446 9.4474571506382485353 -2.7753009270343338422 0 25.555334532621834853 7.1914039322940563892 0.090691827186761830859 1.9116589660175471455 30.319398432642490349 4.9353508347774628362 2.9566854729762557241 0 
0.26897785355278358566 -0.023978619035049050096 0.96284782812618396886 -0.088795048406111298789 -0.99604991811583254435 0 0.95904450036309241145 -0.085496119506183659853 -0.27004455164415136492 0.58579706544425835801 0.012085547400196239298 0.81036765585808845369 0.78432046601916671769 0.24343105685013444184 -0.57059856917477780325 -0.20416465095694624754 0.96984290485875312982 0.13312225657178416993 23.739541104295124541 14.775943874471060724 -3.0618168186660170704 0 25.353408225611826055 14.243173584034392931 2.6924501835125376203 0 29.088919349095075262 11.411678208513301058 -1.0530258322611052435 0 32.824430472578320916 8.5801828329922109617 -4.7985018480347481074 0 36.559941596061570124 5.748687457471119977 -8.543977863808390083 0 40.295452719544819331 2.9171920819500289923 -12.289453879582033835 0 43.810235112210371256 7.6231148780650297425 -13.514441785323711542 0 47.32501750487592318 12.329037674180032269 -14.73942969106538925 0 50.839799897541475104 17.034960470295033019 -15.964417596807066957 0 54.354582290207055451 21.740883266410016006 -17.189405502548741111 -3.0228299588542908438 57.869364682872607375 26.446806062525016756 -18.414393408290418819 0 
0.84924579896426932724 0.39340933291552454554 -0.35215148688668318488 0.42033470622322421928 -0.90736912816352532918 0 -0.31953138763785876586 -0.14802149178658557949 -0.93594301657926726179 0.2719308090820207191 -0.30808957875017645156 -0.9116657537373753506 -0.96102752621536835509 -0.13596629180690600336 -0.24070575678335742742 -0.049796876692891754723 0.94159119524229728526 -0.3330559894579511182 -4.0666294539702843025 20.688506610803784724 9.6365615462137661495 0 1.028845339815331883 23.210514848143130706 7.7193732203866129993 0 2.3365103046232684747 25.075734573623361001 2.1686104155557934803 0 3.6441752694312041783 26.940954299103591296 -3.3821523892750260387 0 4.9518402342391398818 28.806174024583821591 -8.9329151941058455577 0 6.5834250887312633083 23.040008867291611239 -9.2316964542631971824 0 8.2150099432233876229 17.273843709999400886 -9.5304777144205488071 0 9.8465947977155110493 11.507678552707190534 -9.8292589745779004318 0 11.478179652207636252 5.7415133954149801809 -10.128040234735252056 0 13.109764506699757902 -0.024651761877230171649 -10.426821494892605457 -6.1227230640823666619 14.741349361191883105 -5.7908169191694405242 -10.725602755049955306 0 
0.28756545873580297012 0.11904828299168891681 0.95033342215182470269 0.38250453270575734965 -0.92395361488526606131 1.3877787807814456755e-17 0.87806400074346369067 0.36350684155484691562 -0.31123365297024369047 0.78517280877162398678 0.53095763480680524538 0.31872817636042488632 0.071053000397624743734 0.43403997512569703066 -0.89808728480442256981 -0.61518707032915920241 0.72780030917364124665 0.30307025335155945989 9.8642948103597003495 9.3346478289530239181 7.9277932015658221232 0 11.58968756277451817 11.629675025187568238 13.196177206026604267 0 13.315080315189335991 13.924702221422112558 18.464561210487389076 0 18.026117267550894496 14.351020857668101982 14.773438989011477673 0 22.737154219912454778 14.777339493914091406 11.082316767535566271 0 27.448191172274015059 15.20365813016008083 7.3911945460596548685 0 32.159228124635575341 15.629976766406070254 3.7000723245837425779 0 36.870265076997135623 16.056295402652061455 0.0089501031078293991072 0 41.581302029358695904 16.482614038898049102 -3.6821721183680828915 0 46.292339076026252087 16.908933184927676052 -7.3732941606006336954 -1.3798071470727899523 51.003375934081809362 17.335251311390027951 -11.064416561319912802 0 
0.6799733970081275336 -0.56253064967546584363 -0.47031420086674580183 -0.63742919290733668358 -0.7705089383190185659 2.7755575615628913511e-17 -0.36238129558619397441 0.2997920014713489345 -0.88249903822218089822 -0.60794518151077370227 -0.73293527310808315178 -0.30530073978261340617 0.78185905208091821539 -0.48570839937030391154 -0.39087564961284626541 0.13819941735390839366 -0.47633311475806128232 0.8683361588854420221 16.438495417260373443 -14.108185067088225395 -5.4252763285966745244 0 20.518335799309138423 -17.932760224532245275 -7.5995641021138382598 0 24.598176181357903403 -21.757335381976265154 -9.7738518756310028834 0 28.678016563406668382 -25.581910539420285033 -11.948139649148167507 0 25.030345560922285131 -20.890756006126750322 -11.118944013369697288 0 21.382674558437898327 -16.19960147283321561 -10.289748377591228845 0 17.735003555953511523 -11.508446939539680898 -9.4605527418127586259 0 14.087332553469126495 -6.8172924062461444095 -8.6313571060342901831 0 10.439661550984741467 -2.126137872952607033 -7.8021614702558208521 0 6.7919906332901760493 2.56501685710468319 -6.9729665746687619077 0.98724562566043727596 3.1443195460159696353 7.2561711936344677198 -6.1437701986988813019 0 
-0.73152842790308236776 0.51446162833227504496 0.4474319972279015567 -0.57525584096794735167 -0.81797354323490178984 0 0.36598753612917533928 -0.25738786984130479496 0.89431795680096415335 0.92925516261322227418 -0.26657167387821745219 -0.25578190992022631356 0.20976308143601651857 -0.18921779851990505605 0.95926851005844460119 -0.30411230232126496009 -0.94505881690455950661 -0.11991472039667866456 6.9169108319130199192 0.25947586103923753198 14.88224270697167384 0 2.5277402644945254906 -3.1920591847684467446 17.078167923746725876 0 1.128299254820171349 -8.4753170930503891611 19.553799304832757855 0 6.7038301862901068517 -7.21673857488732029 17.729125376197711006 0 12.279361117760041466 -5.9581600567242514188 15.904451447562665933 0 17.854892049229977857 -4.6995815385611825477 14.079777518927620861 0 23.430422980699912472 -3.4410030203981136765 12.255103590292575788 0 29.005953912169847086 -2.1824245022350443612 10.430429661657530716 0 34.581484843639785254 -0.92384598407197504599 8.6057557330224856429 0 40.157015775109719868 0.33473253409109693379 6.7810818043874387939 5.3302495496456714363 45.732546706579654483 1.5933110522541640286 4.9564078757523937213 0 
-0.05267557326700639253 0.032667281404907419495 0.99807721780762281849 -0.5270378599482202775 -0.84984180538568476759 0 0.84820774469595150435 -0.52602448093640319371 0.061982798366927327471 0.69651136002438041039 -0.26049983961399719723 -0.66858937990224609482 0.69963559785004447722 0.039669852889210183156 0.71339773828682684353 -0.15931715406069626995 -0.96465855945657252857 0.20988546421601095293 13.070273119275299223 -16.187808378084099559 -0.39734186219513389915 0 12.754219679673260757 -19.350035537773422334 4.691904605980575127 0 12.43816624007122229 -22.512262697462745109 9.7811510741562877058 0 16.617234489358608585 -18.314449198226277815 8.8252481536532947359 0 20.796302738645994879 -14.116635698989812298 7.8693452331503008779 0 24.975370987933381173 -9.91882219975334678 6.9134423126473070198 0 29.154439237220767467 -5.7210087005168812624 5.9575393921443131617 0 33.333507486508153761 -1.5231952012804157448 5.0016364716413193037 0 37.512575735795536502 2.6746182979560497728 4.0457335511383254456 0 41.691644078087009007 6.8724317080716783579 3.0898306458646507267 1.9949502497729449946 45.870712234370316196 11.070245296428979032 2.1339277101323372854 0 
0.13147940225717266727 -0.84903302547979520032 0.5117187591116063583 -0.98822096393943603676 -0.15303374278443182543 -1.3877787807814456755e-17 0.078310236959854881422 -0.50569120539516376756 -0.85915301988253389709 0.93589310488892318851 -0.25429949394094786275 -0.2437947161091671977 0.050950383381195535337 0.78247261067501194809 -0.62059702865606791722 0.34858019831120667931 0.56839104578169519222 0.74526737780511376208 -1.3228531940260892519 19.074368924088950905 -4.0783840574637961751 0 -0.53397678048305330378 13.145043140452333574 -3.6085226357046669143 0 0.25489963305998242227 7.2157173568157197963 -3.1386612139455376536 0 1.0437760466030181483 1.2863915731791042418 -2.6687997921864083928 0 6.6591346587137181245 1.5920937501908232203 -0.57731853805944943758 0 12.274493270824418545 1.8977959272025421988 1.5141627160675090735 0 17.889851882935118965 2.2034981042142613994 3.6056439701944675846 0 23.505210495045819385 2.5092002812259801559 5.6971252243214260957 0 29.120569107156519806 2.8149024582376993564 7.7886064784483846068 0 34.735927702096532244 3.1206045110662286035 9.8800877968277163177 3.6584366191419972481 40.351286331377920646 3.4263068122611382016 11.971568986702301629 0 
-0.026920363363885566749 -0.012503724082435684062 -0.9995593783865102111 0.42124943434028433442 -0.90694482415855404156 0 -0.90654520466678711887 -0.42106382273484366241 0.029682470914216600721 0.81018822528934308913 -0.42688031153662386874 0.40170665817845230272 -0.46528950907337762732 -0.051539650798205244309 0.88365679827739396224 -0.3565118684542777916 -0.90283822693658355441 -0.24037974880019652435 12.008329545136865235 13.576342822469239735 35.225352690936659883 0 11.846807364953551911 16.103839428510944742 29.786081462935936059 0 11.685285184770238587 18.631336034552653302 24.346810234935219341 0 11.523763004586925263 21.158832640594361862 18.907539006934499071 0 11.362240824403611938 23.686329246636070422 13.468267778933777024 0 16.223370116348821313 20.894592080600673967 11.329196577975544358 0 21.084499408294032463 18.102854914565273958 9.1901253770173116919 0 25.945628700239243614 15.311117748529875726 7.0510541760590790261 0 30.806757992184454764 12.519380582494477494 4.9119829751008472485 0 35.667887219531003495 9.7276433080729862724 2.7729117687959314864 -4.7337126517479344301 40.529016576074873512 6.9359062504236828062 0.63384057318438546957 0 
