11
-0.62671664284467676342 0.46035007438193903395 -0.62873210399822965222 -0.59199725204114694854 -0.80593998137313582752 5.5511151231257827021e-17 -0.5067203401850257638 0.37220767783700076103 0.77762197847151859342 0.92408774518165082146 -0.098239411268559118096 -0.36933840482503138558 -0.18250156328357691748 0.73566352797957879073 -0.65229774873112167377 0.33579014071908441785 0.67018519207324045439 0.66188880465045685231 13.616190109305911449 9.4311467642904105446 -4.8572499180134940389 0 9.8558902522378506461 5.8791632520435292975 -7.8975719591236490658 -0.0066276133744548925211 9.7102154221689698232 0.32045540314082621158 -10.151330130427229648 -0.013255226748909785042 12.999015983864593338 -4.6706080851603077875 -10.673823105461071492 -0.019882840123364678431 18.120269494142462463 -7.5974514827444341591 -9.5754830048550108046 -0.026510453497819570085 23.672256887320681784 -8.4651027503343598823 -7.4724747105886715204 -0.033138066872274461738 29.065327242182465994 -7.9586417525608785795 -4.8921041034120298363 -0.039765680246729356861 34.27301465930084845 -6.8212909057224946352 -2.137754538495480805 -0.046393293621184245046 39.491366448383843135 -5.7217169628494959355 0.61174712111876317078 -0.053020906995639140169 44.907276424314190422 -5.3378874848716382218 3.1652890453213728961 -0.05964851955221902452 50.451802895404107119 -6.4328968645730029152 5.1800298896359002754 0 
0.23437364411650901674 -0.062758870269267519326 -0.97011871394488280451 -0.25866000193631299986 -0.96596842774404734211 -6.9388939039072283776e-18 -0.93710404883441544843 0.25093090842743692725 -0.24263075001723666269 -0.16183770670980440753 -0.88098984585314499274 0.44459582565580024749 -0.92623681638674937311 -0.019813146349502597232 -0.37642103979649155221 0.34043195598628767096 -0.47272013997225137416 -0.8127987159241608639 -1.202219137043314845 8.1883312201300864075 -6.6222149097309888077 0 0.20402272765573936653 6.6363712085122088524 -12.244839202737480832 -0.49527425820787762678 4.5679524268209812377 2.5443917015992960629 -12.704949295078870719 -0.99054851641575525356 9.0748502015158312162 1.0058958155820554303 -9.0551610472977408506 -1.4858227746236329914 13.150972133408583176 2.228811251016226791 -4.8255332412967213429 -1.9810970328315105071 17.23631441828970523 4.8681489341328605391 -1.312145822537882589 -2.4763712910393880229 21.678536121744865994 8.020653967448065913 1.2034839786532334216 -2.9716455492472659827 26.8299281093288009 10.841111595808630597 2.4315799674627807114 -3.4669198074551434985 32.784823897375595436 11.543657874790353546 2.2177993956011139431 -3.9621940656630210142 37.441299509226652731 7.7785862613535341481 1.8418226260268690808 -4.4574683192257067432 36.470273268967829949 2.2211653630330374654 3.884414361944597438 0 
-0.61270980788144835394 -0.36714660734110032836 -0.69985002682274632946 0.51400229931807284167 -0.85778880634788789994 0 -0.60032351913082082628 -0.35972452296470652788 0.71428981510042643954 0.801864776088998088 -0.3046494159351561537 -0.51400546129210489266 -0.54766149009948705828 -0.71871327137154006337 -0.42839015606854058404 -0.23891373574943500224 0.62501197342513936661 -0.74315560950951753405 18.544981358448669795 24.169638440110798427 -9.7644235532418495183 0 14.868722511159980115 27.253652236019235033 -13.366364668026774254 -0.0022242653211895467569 11.606101137721228866 29.668847179535600134 -17.784756557265875898 -0.0044485306423790935137 10.178557536902424374 30.217182570332134617 -23.586601030783270971 -0.0066727959635686402706 11.884835026738826969 28.103420116196097922 -28.936414618304642232 -0.0088970612847581870275 16.069326488757500471 24.333390485985482599 -31.00445862121289764 -0.011121326605947733784 20.631837743593898438 20.828322603107455535 -29.3021150187250079 -0.013345591927137280541 24.587996050054783836 18.266028440772732466 -25.589500971858267775 -0.015569857248326827298 28.57378377712025852 15.967204439170485486 -21.738662953855829585 -0.017794122569516374055 33.371230434856819613 13.089876869114711155 -19.569459345533065431 -0.020018385977235736428 38.182419091390798371 9.8039079285177770373 -21.002941760029681717 0 
0.86343861769980390086 0.32927400685614466314 0.38216800215814944464 0.35632133987257513796 -0.93436347464539337704 2.7755575615628913511e-17 0.35708382239477676201 0.13617461458541704755 -0.92409286228519715856 -0.20621675658511179341 -0.64119701016255337134 -0.73914886420944947432 -0.49058787109191775988 -0.58583718642434945423 0.64507234612863517675 -0.84663935063344242238 0.49564219469391868067 -0.1937540316947728436 9.0840248190485386459 11.77559881813586351 2.1190880791863206944 0 14.264656525247362495 13.913526857371314449 4.2615910135549812665 0.03364879187608253025 20.047898615162687008 15.190324058275210817 5.2228176782058204353 0.0672975837521650605 25.895769666092569139 14.86149176357370294 3.9212009209083937833 0.10094637562824759769 30.043629195674647292 12.762891180862736107 0.1276515384391493646 0.134595167504330121 30.954812841734337781 9.719237474269867505 -4.9621247248165412103 0.16824395938041264431 28.794417395622303957 6.864056768183076862 -9.7767500542839851363 0.20189275125649519538 24.916874540543275884 4.6530291795533758048 -13.786246009129008883 0.23554154313257771869 20.657515993373145591 2.7550247298784631411 -17.561891332248514175 0.269190335008660242 17.2021169150705866 0.52821925960166593583 -21.932419609108066538 0.30283912647171473687 15.964816375559927053 -2.4153079669498498383 -27.012255712908721961 0 
-0.55890244189045834577 -0.27018876676971276263 0.78398092499776073083 0.43523732737397913262 -0.90031576064198481912 0 0.70583038281816590231 0.34121776250820540222 0.62078491383059186681 0.9899332556357971491 0.11715806930894157034 -0.079411184238193599505 0.094808425497147713612 -0.96549432902330256656 -0.24255321700318560607 -0.10508811465176659539 0.23258264642841286474 -0.96688251651340406667 -8.2177223391631439853 -12.686238326783367825 -8.0402743366131890213 0 -11.57113699050589517 -10.074814362539493473 -3.8052920397041933853 0.066295730560886903526 -10.961393659881405682 -7.2135702195710482698 1.4331595469213411764 0.13259146112177380705 -6.8738520579113071562 -5.0834210262327497176 5.2743032725886962453 0.19888719168266072446 -1.1302049995064764598 -4.0071700662944005344 6.6352592779998769146 0.26518292224354761411 4.808063235743976982 -3.7133056026384232418 5.8286355741289721522 0.33147865280443450375 10.401188814076705924 -3.7809051553815171687 3.6578289272039863356 0.39777438336532144891 15.713871738886902918 -3.8818288397589935101 0.87121224063029212292 0.46407011392620833856 21.038217285286062719 -3.8134892449134158987 -1.8940528909115934564 0.53036584448709522821 26.652645094854996444 -3.4814365274144005724 -3.98401055816706684 0.59666157504798411626 32.592244628669782003 -2.9125859744314968047 -4.6145392460776228916 0 
0.52926875614305690654 -0.0069376633366870603392 0.84842586747352788379 -0.013106890059192483761 -0.99991410102717148689 0 0.84835298856299046211 -0.011120224568350546915 -0.52931422369117564486 -0.22358935772581972623 0.15871435570836950335 -0.96167434841729715345 0.91041866073360622202 0.38634221198224028004 -0.14791064001178655385 0.34805985304223474586 -0.90859751734898930309 -0.23087851820269245096 6.7068283491781155448 -29.852795984297539889 -28.270467934711994928 0 9.8824408860364574281 -29.931437324652694798 -23.180350003334051934 0.24083432309595831367 13.941901337139102068 -28.836913218575180196 -18.899836269312121573 0.48166864619191662733 17.846608440996899247 -25.631296849999497312 -15.662972643732159028 0.722502969287874941 20.056924118078509167 -20.526123491566725221 -13.415371792158152786 0.96333729238383325466 19.698423717479599304 -14.795536854601905929 -11.674149733082646918 1.2041716154797916793 17.191844800370009949 -9.6997108586141767006 -9.7377562940011781478 1.445005938575749882 13.746467858771644899 -5.5517184199452342952 -7.1064949122589533559 1.6858402616717080846 10.518189083405165007 -1.7302667732982588422 -3.7936828951263850129 1.9266745847676665093 8.1844492181961108201 2.6863517118929705063 -0.46995916243981294969 2.167508907532869511 6.8429130718412061185 8.1488636762946100589 1.6183999558136035191 0 
0.45024070100145802131 0.84288259473342752592 -0.29467311152726632928 0.88204715091543417493 -0.47116114394330599335 0 -0.13883852031652033077 -0.25991557847401136616 -0.95559811497451119244 0.45237612743366206747 0.89168688095527237625 0.015822315266156218583 -0.52172483083588150343 0.25021254187111224843 0.81559603038493666549 0.72329733873241441877 -0.37721106853147212679 0.57840536785195084679 15.098686237905852181 -2.1630394411231677054 -17.893485647437856301 0 17.80013044391460042 3.1292434643694377883 -18.726516769336978285 0.10591402090682429382 20.212132638399520346 8.4513322714958789561 -20.089460694397711649 0.21182804181364858764 22.940903364081229654 13.793926345133940004 -20.19192479050346023 0.31774206272047289534 26.392965443299235773 18.08772456300058451 -17.81567474779510718 0.42365608362729717529 30.095721553291390649 19.52051215203243828 -13.317150888279202903 0.52957010453412145523 33.144224670362802954 17.480756909835005075 -8.5688851736066347087 0.63548412544094579069 35.306668269906843705 13.160495426318693291 -5.0109112567773976821 0.74139814634777001512 37.186079222663913413 8.0845845626728891631 -2.4219069356182791886 0.84731216725459435057 39.475746990528655544 3.3543480942214878304 0.47331056569245433252 0.95322618913643364369 42.190003755130625507 0.22399910920619081622 4.8130945980869412892 0 
0.14807010692343483549 -0.14540373677914503192 -0.97822952151647091235 -0.70065341203488595845 -0.713501784303215425 0 -0.69796850906008267579 0.68539985200376951635 -0.20752590978876905847 0.34859623418038920839 -0.3395165727734484884 0.87361843062484811906 0.57743987229222160096 0.81198083180767444134 0.0851488265571468117 -0.73827085774964285037 0.47477955472944355364 0.47910386661820814069 9.9750900670888817956 12.167844412676281252 1.237957424550137242 0 10.863510708629490864 7.963923940466965945 -2.9498536298103594788 -0.22351677693502006172 13.001332583041561364 3.4506042036516535454 -6.2754718133740263752 -0.44703355387004012345 17.187288180003083227 0.031597156384846766808 -8.8808729123033316455 -0.67055033080506021292 22.720558227636676207 -0.62877608007402818746 -11.104992911731233818 -0.89406710774008024689 27.62152424703335285 1.9756589294511526234 -13.384758562090029343 -1.1175838846751002809 30.272574792780734043 6.6063360539408186867 -16.128608498403206539 -1.3411006616101204258 30.700002247179771331 11.467193128137296299 -19.619940864616346232 -1.5646174385451403488 30.225600492727480173 15.590758622839141267 -23.952516555358123185 -1.7881342154801604938 30.469229349351653724 19.070400866516532545 -28.834392953424455186 -2.0116509906204291802 32.560806754433983201 22.53504010026986748 -33.264018099922310512 0 
0.81146047178978308878 0.085478330412093128654 -0.57812226886071760301 0.1047592561083364876 -0.99449761098739108967 0 -0.57494121524059371708 -0.06056365882551249108 -0.81595014691299394549 -0.024097657634591707065 0.60557047679607478585 -0.79542674114559530629 -0.24731956693625042898 0.76731407953354735518 0.59166048977437402101 0.96863426261256746486 0.21098222906813940414 0.13127895608378234438 20.932767126818500714 16.280564009725697616 -11.809158857750311711 0 25.801529957557200134 16.909119546375716681 -15.258806149193873125 0.2084017414849679839 31.320688398090112514 19.242104599951247224 -14.948853171748371693 0.41680348296993596779 35.188781044812294851 21.277034341102115889 -10.838266811504874809 0.6252052244549040072 36.460121113659162972 21.450745298841205511 -4.9770793095959788843 0.83360696593987193559 35.878034361967401367 19.547992369076659713 0.68337175916057268932 1.042008707424839864 34.656658565137540506 16.164416062197677348 5.4854184622289947626 1.2504104489098080144 33.641566844568380645 12.039476337615603541 9.7226889359420312076 1.4588121903947759428 33.176465980588460525 7.8962002572546712287 14.037424676197458595 1.6672139318797438712 33.154158023026425894 4.5649586795518546367 19.027648327709663079 1.8756156744797412017 33.009572077218869879 3.0810412779343598899 24.83945390338506698 0 
-0.54807083425589442349 0.51957544540846023473 0.65548433784999615703 -0.68798915958117445868 -0.72572096311102196609 -5.5511151231257827021e-17 0.47569872496868970124 -0.45096611871604158628 0.75520876771482992051 0.92260035600361001151 0.35019588772944143518 0.16177584281777118713 0.066357380462400195054 0.26904685930112481884 -0.96083842843548294965 -0.38000694883143915082 0.897204897288010228 0.22498464641444057555 2.0610347806341522414 3.1734491329620624356 0.48050697619338933464 0 -1.2273902249012142995 -0.9544858245249843165 3.3346993260055275421 -0.22946094363057831234 -1.1861296519236337321 -2.9227736210301893394 9.002515547027369891 -0.45892188726115662467 2.770380256646680639 -2.2931205943724171092 13.46900929597928176 -0.68838283089173490925 8.4730511454734536159 -0.60276106860294931256 14.257824488134863472 -0.91784377452231324934 13.901705474275775742 0.50984416580136315833 11.957428485105387139 -1.1473047181528914784 18.560221331628962815 0.44854420565067321114 8.1766253532727901643 -1.3767656617834698185 22.828510345163714135 -0.61277621420139827269 4.0955338493557320589 -1.6062266054140481586 27.267048199751794613 -2.1256599355188714462 0.35246498021084460284 -1.8356875490446264987 32.287892184237229287 -3.2565130766518866068 -2.7317361954290522164 -2.065148492753704712 37.823494320258888024 -2.8583687938774957615 -5.0117778884176846788 0 
0.3583597976873351687 0.15545026577896461917 0.92055063427860461811 0.3979544550295036065 -0.91740517314988512254 0 0.84451791403359988131 0.36633722599140616794 -0.39062325804956687936 0.43887472699717217095 0.88787596250760103533 -0.13807696840660443893 -0.89803307070393867395 0.42821055885140968389 -0.10085792586712100105 -0.030423312199889935431 0.16826167861210761245 0.98527276912813532839 5.9583912851517482068 1.5048497470797541631 -3.2265968102172024601 0 8.1085500712757596631 3.8925764772567759131 1.8405106739843972719 0.21836520124396702203 9.7013435069734317295 6.6200952416656502209 6.9418487789332319338 0.43673040248793404405 10.511340113262701124 7.806712027864150194 12.767296924828784199 0.65509560373190112159 11.165636584359569738 5.8408046821666017578 18.398203107323219285 0.87346080497586808811 12.585388299867057427 1.0364348511899204031 21.700071607661868711 1.0918260062198350546 15.230109369457208501 -4.3491725428899377093 21.726214692898807357 1.3101912074638022432 18.955884423018744656 -8.5911057865811297773 19.695302925654257109 1.5285564087077692097 23.380409200928294666 -11.962760027330313406 17.446852754867293811 1.7469216099517361762 27.725268835270792778 -15.88523515005086395 16.129133401858975816 1.9652868100944520524 30.35851719725383191 -21.273433574274495328 15.946593528659644079 0 
0.67956371139059079667 0.36042424538812617429 -0.63897380658165148226 0.46855290547590755512 -0.88343543893715592574 0 -0.56449210528680648924 -0.29939303359683333561 -0.76922849303867735227 0.92044113178879549686 -0.11441044239600270394 0.37376245608957614497 -0.36831705936418923653 -0.57403906470192911371 0.73131504563864346835 0.13088417281198627684 -0.81079553702945705851 -0.57050848410907695207 -15.124819545821322819 30.78099292858630065 -9.7652994675466828767 0 -11.047437277477778039 33.592310361441747091 -13.152252099267521146 0.50835956658964942534 -7.8961664863048071084 38.619526114551078422 -14.044773344050781816 1.0167191331792988507 -4.7575240571230708042 42.517391979987358752 -10.734854100805288013 1.525078699768948276 -1.2047208419454649153 41.618482458079526509 -5.9841119497675050454 2.0334382663585977014 2.3753482682621838151 36.958153776720507722 -4.7739707398917694547 2.5417978329482471267 5.7399832189730766174 33.333966121648536785 -8.1716898997516036474 3.050157399537896552 9.4402128637790276855 33.378626220036423433 -12.894645124111795198 3.5585169661275459774 14.211819512048093017 35.720053277413278181 -15.678435584828619653 4.0668765327171954027 20.052434504357165679 37.092796632660729017 -15.731272429734435292 4.5752361028159773682 25.57508129508994088 34.882894276475596484 -14.94596739286251541 0 
-0.17122088948961397548 -0.9699498187933373039 0.17286051031151747348 0.98477430063993187659 -0.17383778875472480352 3.4694469519536141888e-18 0.030049688875567845403 0.17022858815028640844 0.98494631527552900518 0.58641219825641044405 0.69668751225699709906 -0.41321573542308726035 -0.80269504423501014667 0.43139699627957717176 -0.41179764152009384892 -0.10863424734695545371 0.57316938322464039413 0.81220407437862873756 2.5128843792872257445 34.128134316469846965 -12.767189950880037941 0 1.4855590423495419472 40.036780120309437336 -12.586891817626630896 -0.095597461646977521799 -1.848403161063620459 44.90244967137212484 -13.686871747477626471 -0.1911949232939550436 -6.8660862043311698955 45.778604477121966454 -16.857866801662868994 -0.2867923849409325654 -9.2878878771266411007 41.417763254705739939 -20.192224384544797289 -0.38238984658791008719 -6.5891192598423291571 36.112830550786256367 -20.950074605398217642 -0.47798730823488760899 -1.2300063929266986662 33.894895800515435269 -19.413625867821657778 -0.57358476988186513079 4.4041767268441516237 34.249456736966514825 -17.381320006187571892 -0.6691822315288427081 10.16096131450113127 34.968370275486307719 -15.850766336613011376 -0.76477969317582017439 15.995948288149980598 33.681865821932184701 -15.305025739912242244 -0.86037715253644608815 19.514421477688436823 28.865695556522119603 -15.956831223993987123 0 
0.22861721045521810058 0.36996134043727330054 -0.90047919335514392536 0.8506831703655142185 -0.52567874567731776025 0 -0.47336277287145456238 -0.76602249505153430231 -0.43489909442820140484 -0.43399815899109622785 0.89563851835697394499 0.097351129565422231393 -0.64244009723501960263 -0.38342692949421985915 0.66351677537443864985 0.63159822629342343703 0.22542278982826580158 0.74180067832878360257 20.954088504132361237 24.339030396954914437 -14.444331181487774174 0 22.325791766863670063 29.443129419148000636 -17.284507818716502214 -0.14053537067883625777 23.969866714753262471 34.957389474371112215 -15.5845214629566442 -0.28107074135767251555 24.19688214424536099 37.606825602710323153 -10.205957323982442375 -0.42160611203650877332 22.376932362460348003 36.281917222048740257 -4.6442668817857928332 -0.5621414827153450311 19.139823339334455454 32.578041193679617038 -1.2088007505419444687 -0.70267685339418128887 15.203523548502959173 28.270420518737847004 0.18760466248642856946 -0.84321222407301754664 10.896202093321468496 24.116812211004550193 0.62864877329133450612 -0.98374759475185380442 6.4198865478102309368 20.172314456631795565 1.2638940824242781424 -1.1242829654306900622 2.2709599826301971603 16.263755777841787165 3.1372808780258085726 -1.2648183358583275915 -0.33302897131636877148 12.409115194431672435 6.9268702357863585206 0 
-0.19593733023907525248 0.045954102023148313272 -0.97953906666657719615 -0.22833870064360997643 -0.97358175711564554078 0 -0.95366136568866577417 0.22366667771230080985 0.20125411020391698047 0.67457395153226551443 0.71568229734595045777 0.18096638687824725955 -0.59198934751392684461 0.37800020643870524406 0.71180366419563434466 0.44101995005235317127 -0.5872943837616014795 0.67866538917046659307 17.826894006811180304 -12.644434427581943581 -13.774268604864317922 0 16.651270025376728512 -14.014466631443603717 -19.496236798996314121 0.20103655797349143097 18.344961972236323078 -13.42647174050260972 -25.222109558712759281 0.40207311594698286195 22.794577481802832608 -11.846747281845223299 -28.924172828693354376 0.60310967392047432067 28.637521177192294175 -10.662050949458080851 -29.599774196806379223 0.80414623189396572389 34.334612970439216895 -10.83895426981657728 -27.725783723315426954 1.0051827898674572381 39.092683803136601739 -12.587592910290778647 -24.515948121901157464 1.2062193478409486413 42.940791673920195137 -15.597101662421815504 -21.032422869990476499 1.4072559058144400446 46.345912782501365257 -19.361673210109167087 -17.833489671592293035 1.6082924637879314478 49.861357644939715783 -23.32659770266118926 -15.019057891756574463 1.8093290218319395546 53.908801354133302652 -26.878533787744743222 -12.372938191442450773 0 
0.66878559055551811685 -0.45031464775414176138 -0.59155942379728021496 -0.55852189714112943086 -0.82948977716055904974 -2.7755575615628913511e-17 -0.49069249462283454077 0.33039889165097036106 -0.80626140185217232137 0.67454394135386297471 0.31663874806651476357 -0.66688107965788590015 0.73712477934383136002 -0.2393689517765021646 0.6319411084924986266 0.040466416447540468071 -0.91784661471745354611 -0.39486714346930085195 1.5456580353690867469 -8.3544949524228115934 16.469914134061326649 0 5.55837157870219567 -11.705626335269588623 13.525759166324320404 -0.40469750786006719601 10.739419095375216884 -14.676922275746040469 14.09860038701575391 -0.80939501572013439201 15.831292737782399982 -14.413893194963861788 17.261453294194797792 -1.214092523580201588 19.367970617857139359 -10.364331617398452323 19.924714566041284769 -1.618790031440268784 21.319551750685935332 -4.6957305643152791319 19.683274753704441906 -2.0234875393003362021 22.983759279743452453 0.16449817956242338002 16.583502204400545565 -2.428185047160403176 25.703455060268872501 3.3685380609158683818 12.301285103401133014 -2.83288255502047015 29.957281047448372391 5.6172811179629835721 8.7168577943068008551 -3.237580062880537568 35.027580344113580679 8.3585003521667466941 7.0501894000365981086 -3.642277564234729148 39.074843992236765189 12.781249028229726861 7.2929878987218295094 0 
0.21950409615042387745 0.75400585488072380258 -0.61910671340147405139 0.96014167875479239367 -0.27951378627525397258 -2.7755575615628913511e-17 -0.17304886157127510882 -0.59443015913365371272 -0.78530686831405294157 0.38316309533758874384 -0.72010009689754972406 -0.57848240493506619675 -0.67113050329930534765 -0.64734353020168056148 0.3612896365068455351 -0.63464154442688303082 0.24980433213650771185 -0.73131929123556838057 10.653796473870414729 5.1022518498298889966 5.3855097234362512282 0 11.970821050772958216 10.863101922358643137 4.3472165540086002977 -0.31382165188398059019 9.9509740961074566457 16.049831058890600133 2.1071140687598957086 -0.62764330376796118038 5.9193836437632567637 17.393137886567089367 -2.1286627421352393164 -0.94146495565194177058 4.0518756837384621861 13.853579892223431003 -6.5990031345982744782 -1.2552866075359223608 6.7110548708717443489 9.072420926493551363 -9.0625950235760459606 -1.5691082594199028399 12.192723705330228867 6.7556617287037203923 -9.8267505109480168812 -1.8829299113038835412 18.099733454490280593 7.1723201871089283799 -10.792996624736362676 -2.1967515631878642424 23.335761434075465104 8.4484548753429962176 -13.430323160173156083 -2.5105732150718447215 27.416786944385155067 8.0117367793159175449 -17.806909431333870941 -2.8243948658998765389 29.715765516410687752 3.9849537595200850149 -21.614758697895169348 0 
-0.26567748940349039666 0.17032109626268568392 0.94889735788025841856 -0.53969983213477579209 -0.84185752428406490644 0 0.79883638050476457604 -0.51211974476110777577 0.31558486054921075503 -0.57157378368212574671 0.81787187733913668808 -0.06624954388563775165 0.58057300121999366738 0.34603619464340046319 -0.73701692127869378179 -0.57986067297386856279 -0.45972224685615492579 -0.67261954750350572141 45.365294434004205471 3.2862308716641392969 -3.2810590142361601984 0 43.771229497583263424 0.048031878855484766433 1.5119592687924270358 0.29211710202089491428 41.344166431429528075 -4.7421603975894441874 4.1884164097905483004 0.58423420404178982857 39.645605371674569994 -9.7702763589519872056 6.9871554482462778779 0.87635130606268474285 38.287019127334396273 -12.867901492691773413 11.942855393512713746 1.1684684080835796571 36.271076359637405062 -11.377233876830123549 17.393899772014240313 1.4605855101044746824 33.495396936266232046 -6.32589840442921858 19.06111711955470156 1.7527026121253694857 30.57324102612703598 -2.0327504678390684312 16.056140309096615937 2.044819714146264289 27.451244869330274412 -0.24436638345570591002 11.254596561126470888 2.3369368161671593143 23.677198943528466657 1.0289879369007213228 6.7673762495339584433 2.6290539181880552277 20.247756241435705959 4.5124259442206788862 3.2882122116907464004 0 
0.10352313637339852215 -0.45071506001119032714 -0.88664473996890325047 -0.97462190107704238518 -0.22385743217720302511 0 -0.19848201474286378265 0.86414338204845286828 -0.46245119211163898676 0.80383034674132147757 0.22951134600289163634 -0.54879988676535518266 0.27094345174358613892 -0.96257836869334245655 -0.0057035147878565783941 -0.52957192109759443355 -0.14410907736712680327 -0.83593430017280567768 10.360230942444644597 7.7092938486349282812 9.0520495748874907349 0 10.981369760685035786 1.8615624421726737481 7.8611574864303079835 -0.37788860838436344469 15.574632570909816565 -1.9601447773461933011 7.316647904803483371 -0.75577721676872688938 21.133041654789881392 -2.1239661633396882401 5.0633722870126245397 -1.1336658251530904451 24.315535046604196623 -0.50657738789573880656 0.24094661520323473747 -1.5115544335374537788 24.060235688520617003 -0.57355999702120408212 -5.7532452042030399753 -1.8894430419218171124 22.375255836903384932 -4.3482214945601631584 -10.102127069538251902 -2.2673316503061808902 22.739632844666349598 -10.269766145411642455 -10.997972114279123801 -2.6452202586905442239 26.780437923596249306 -14.520918247730515205 -9.7332191277062545254 -3.0231088670749075575 32.757854037337324371 -15.02672093258160757 -9.6121362409395398885 -3.4009974733402441593 37.580836117785253236 -13.401060222120088739 -12.789567767525104713 0 
0.8136533055616677057 0.58124747181702396404 -0.010939600307578494637 0.58128225529250765469 -0.81370199685269051226 0 -0.0089015746150469272219 -0.0063589955387878408302 -0.99994016078218939114 -0.072453045404922727935 -0.4758140165281131706 -0.87655665982692565485 0.20940740383555428439 -0.86653391325631079489 0.45306458302934859983 -0.97514055162853574554 -0.15073154564353394291 0.1624219988717847396 11.605103176625327421 -13.760919203005101963 17.391632789464296138 0 16.487023009995333211 -10.273225671250056479 17.338223341774014585 -0.012089080642337471719 20.878510897850155459 -7.1356890891860098591 19.959424941976759982 -0.024178161284674943438 25.621530959489849266 -4.8479031403959007562 22.835158264405123418 -0.036267241927012416891 31.471501641860903931 -3.6710884082304238163 23.461987634145017978 -0.048356322569349886875 36.472936111836240514 -4.0711258522048359154 20.17177437540541618 -0.060445403211687356859 37.581191773900769704 -5.6364382823352769947 14.486577371147930648 -0.072534483854024833782 34.801879770692195848 -7.1403402678183116592 9.3862145662215805686 -0.084623564496362296827 30.46391967646049892 -7.829145575777926247 5.2987081899565646737 -0.09671264513869977375 26.828316231674342873 -7.4977283359927771045 0.53714053523126725764 -0.10880172461408586793 26.393597959244811335 -6.2412839129794521753 -5.3137027745399478817 0 
-0.55902024638180847216 -0.1392763718943695328 -0.81737289921257061387 0.2417535214686916123 -0.970337691145452097 0 -0.79312773182679019435 -0.19760277673771300955 0.57610896854053272875 0.99654512392637162321 0.082850098259540580492 0.0058032057482909141233 0.061608462901158553282 -0.69056763252251895935 -0.72063912064999602336 -0.055697515900882704765 0.71850692838039309507 -0.69328607413667497905 -0.28212018581106690363 4.2034245372614407188 6.5599714598551202016 0 -3.6362416641019175145 5.6539456660735902815 1.8012050688943794796 -0.064536988139414719345 -4.6013898443708196595 5.8858916773866152283 -4.1161139137855276005 -0.12907397627882943869 -2.6622917453315264602 5.0881444798810013808 -9.737802092451993019 -0.19361096441824415804 1.6904118266486198863 3.8080549214368533129 -13.664029450958675937 -0.25814795255765887738 7.3379074605808209952 2.6596145697658863938 -15.333416930008123558 -0.32268494069707359673 13.299737228793850008 2.0277825833141838174 -15.093850122329063979 -0.38722192883648831607 19.145597836940442704 2.0000753294099768986 -13.742857319153005236 -0.45175891697590303542 24.910389665631250011 2.445472206715242347 -12.140097853829507457 -0.51629590511531775476 30.787170175139035422 3.0755499393924154994 -11.107416884257713008 -0.58083289272236038325 36.766440918697263385 3.4452007167993490278 -11.441601979663031941 0 
0.36662013729241810234 -0.776262695686875559 0.51284101066181719819 -0.9042254183556328595 -0.42705549147573346191 2.7755575615628913511e-17 0.21901156985709427372 -0.46372387741560749941 -0.85848360367765086387 0.81862438873040732634 -0.44043536895510537743 0.36860655982924123153 0.55395492951255109748 0.77493805391250736303 -0.30431061214989008068 -0.15161809339426610133 0.45330750972345085215 0.87836453445241702287 4.3852742503256703088 5.4433082208632690424 14.434766236630780512 0 6.584995074080179478 0.01795571072947232949 15.748835655773346431 0.24571667852070003257 8.1582645491965877227 -5.7507004868983742085 16.246257842905354352 0.49143335704140006515 10.486301541195119924 -11.024243661513740022 14.58193030622140185 0.73715003556210012547 14.544868969270851267 -13.827022054788182359 11.16543155604198212 0.98286671408280013029 19.72534283193641258 -12.866353905911429578 8.2949251083927446615 1.2285833926035001351 24.56538544799253998 -9.3327994177442210599 7.9983106213464072454 1.4743000711242002509 28.634967929327672209 -5.4951119781978876588 10.168714626127332679 1.7200167496449001447 32.780535690792682146 -2.4065049083671583574 13.2141660382022188 1.9657334281656002606 37.742889268811012471 0.36054598487832878462 15.142501148416084078 2.2114501084265585362 42.654635601193454875 3.6842755619536373679 14.232792588050491744 0 
-0.81575407593824122987 0.45573726927966512479 0.35615843241408778885 -0.48771916923898694929 -0.87300057958562227167 -2.7755575615628913511e-17 0.31092651792180531212 -0.17370529477445878497 0.93442558345774107131 0.87853672249001735217 0.45883464276339003263 -0.13283071119545902805 -0.47758296789023890749 0.84917657231554399822 -0.22541884972551567978 0.0093667506452546414608 0.26147642270502280404 0.96516441311920220247 4.0181619279008087275 7.7450413070770700585 12.061936040636254575 0 -0.87636252772863887373 4.8187262916431485849 13.927495148167086114 0.065029021134324155318 -5.3536831859630211738 1.046824646068700515 15.241404467516169063 0.13005804226864831064 -7.982740995607343848 -4.2999323011545866891 15.948684596511347067 0.19508706340297246595 -7.2690628508413679398 -10.25462565610431831 16.128380323253175277 0.26011608453729662127 -3.2075512408584461177 -14.670793686986872473 16.088588804155797618 0.32514510567162080434 2.5492184032927891479 -16.356347323764616419 16.224648356290721551 0.39017412680594493191 8.5149534148455163773 -15.995887970295543212 16.753869318115729214 0.45520314794026905947 14.397371961502678062 -15.189566537337057639 17.618159656313817862 0.52023216907459324254 20.326372182558820612 -15.608584603658316681 18.437537343041960014 0.58526119164318624044 25.597592517498924281 -18.474082410999749015 18.493737846913500533 0 
0.39212042087988191463 0.098967761097461526276 0.91457474150139317359 0.24471716464645257294 -0.96959450768215538208 0 0.8867666462245776815 0.22381213759748327941 -0.40441691632232695808 0.53657194583244716135 -0.60379268013853837349 0.58951246497143905412 -0.70466158980365256603 0.063749453246310261445 0.70667393546542034422 -0.46426564680252813133 -0.7945881993975985047 -0.39126334172410348611 6.8345257735516549147 14.712570510081881991 5.7825109181181737483 0 9.1872482988309460694 16.180873497960597263 11.103110795465639171 -0.32404583309810258696 11.03852280986154355 20.003720616943809318 15.340872302404298111 -0.64809166619620517391 14.591904283320618063 24.790305739897970483 16.02063914830977609 -0.97213749929430770536 19.576291872695364304 26.180595832975143367 12.983704210583891125 -1.2961833323924103478 23.105854941488534138 22.2459368032867566 10.144577080019931969 -1.6202291654905129903 24.079529531488045535 16.384708526748330115 10.980017612371689495 -1.9442749985886154107 24.596754772772822406 11.889085592673190206 14.919795840190593239 -2.2683208316867182752 26.991914955623897754 8.6655579683147685444 19.377606665414472076 -2.5923666647848206956 31.47586438689685906 5.1422069040734363909 21.243134549630060093 -2.9164124996342866147 34.695296061891546913 0.91423736525152143884 18.457540668814893081 0 
0.29118047661176049701 0.94439984634561568999 0.15271823814635238081 0.95560936326993606293 -0.29463663185494554098 6.9388939039072283776e-18 0.044996387310262855874 0.14593897831474231253 -0.98826977072936617041 0.34927366403961551677 -0.86495906513588227682 -0.36035222109430875559 -0.91696784727684821359 -0.39464831337274763889 0.058503639309948091141 -0.19281564943957169023 0.30999761997684149861 -0.93097991435899951629 37.278423628162251191 1.3081563340726289901 3.9203402837892835642 0 39.025506487832814173 7.0418125136922462559 4.1903186076508607272 0.018229103996930774018 42.429258380767400638 11.980781756361833956 4.0452121937896805548 0.036458207993861548035 47.793647858287656049 14.567415898719080047 3.3153838940691278125 0.054687311990792325522 53.553238211062762275 13.384903832667276902 2.12006628695269983 0.07291641598772309607 57.336289976518642675 8.8928953932750811617 0.89109129928026165057 0.091145519984653866619 58.223337205367862168 3.0317425998200420167 -0.036289499297322079518 0.10937462398158465104 57.113816702138741732 -2.8281863864540039977 -0.69218318637337139521 0.12760372797851540771 55.543108621833169991 -8.5834009205075290083 -1.3327936713732710938 0.14583283197544619214 55.093524017381717783 -14.501717493614398435 -2.2110889409489544732 0.16406193514524564092 57.189166001619426538 -20.00352457727548483 -3.3679828375863833934 0 
0.4234933202788884743 0.31014623324198814514 0.85115375913225532756 0.59084876059413826699 -0.8067823387409832625 -2.7755575615628913511e-17 0.68669582042090049345 0.5029031436583347725 -0.52491644888975508287 0.76417722050726333283 0.57061467362096163214 -0.30071925429915091765 0.16763108541719348721 -0.62590307059013372548 -0.76167261039615685725 -0.62284267263864256936 0.5316429633450310277 -0.57395362588458909148 -15.730680345324406844 -8.3452465250181084855 3.5196897744294175503 0 -13.189720423651076331 -4.8001539614532786615 7.639864696954820289 -0.0024549987066903849325 -11.747748106747195607 -1.5272890502871465657 12.457444948363180615 -0.0049099974133807698651 -10.167074622340066981 1.8256922056116164921 17.175394378997030032 -0.0073649961200711547976 -7.2869734018198810688 5.5160620321197901816 20.928547519823826661 -0.0098199948267615397302 -2.7864608263932550969 9.1313994355010699167 22.56396857266951983 -0.012274993533451924663 2.472250152767733411 11.790546881823324554 21.434909662750797565 -0.014729992240142309595 7.2963835247904782477 13.033664006816591652 18.090904804263104211 -0.017184990946832692793 11.363665164618474535 13.266207641179319054 13.685998192521307004 -0.01963998965352307946 15.31437255521615981 13.403362342818292419 9.1723402437284207167 -0.022094988360163211188 19.899435878259723154 14.409148855321438631 5.4352842078965419859 0 
0.18837389412492969165 -0.041393273736666943985 -0.98122468013272623466 -0.2146195295314174134 -0.97669773089923428433 6.9388939039072283776e-18 -0.95835991858796065745 0.21058997921470135051 -0.19286815988760006024 0.83275972921304397545 0.083776989195864570714 -0.54725921598662186085 0.38656136190824247345 0.61964835249638861026 0.68308581651806776769 0.39633514464485813944 -0.78039562744148405216 0.4836332471920760101 10.899943708108473572 24.472330043525303722 13.282027466633479662 0 12.030187072858051778 23.184612866336799186 7.5318679551057154953 -0.35433874196938125456 13.007811064588853611 24.330197128187379008 1.7239519751872032227 -0.70867748393876250912 13.219748679335809882 25.371677717506130989 -4.1811645037258067248 -1.0630162259081437082 14.183050004269398769 24.183076805023034694 -9.9828261991564311018 -1.4173549678775250182 17.72722129499784316 20.994463943670769623 -13.625846633136710295 -1.7716937098469063283 23.276129906674047021 18.732779273149169796 -13.318607849132352072 -2.1260324518162874163 28.444700870826263639 19.734795421038260343 -10.440789608191186844 -2.4803711937856687264 32.431493660995130313 23.318894045678355553 -7.7464027953685601346 -2.8347099357550500365 36.537394032969473301 27.31121684338054223 -5.9567266195287551511 -3.1890486777244428929 41.533952408247742483 29.630585014829993185 -3.578715751659598876 0 
-0.13723036677792868621 -0.05959401369088795225 0.98874485079124718734 0.39832491662047730951 -0.91724438444685496563 0 0.90692066203901489096 0.39384171025034980795 0.1496115638371398604 0.71351482948787881 -0.084475913422181303503 -0.6955288693881596096 -0.48630710643487723432 -0.77434812968572164227 -0.40483375882349748043 -0.50438277759239524833 0.62709552231196230565 -0.59359011073675016501 6.0242986513203220511 12.972160163091274399 7.605925482484025224 0 5.2009164506527501004 15.362109662814138034 13.047449454718114126 0.35921568922934121737 4.0976614096969754542 11.005856409334924706 17.023111148900024858 0.71843137845868243474 5.4086406792567620627 5.3177885460225153835 15.634868613355619615 1.0776470676880236521 8.8193457748189700851 2.1775201633745999708 11.826219871857128751 1.4368627569173648695 13.321123024098397991 0.92133875065433867846 8.0637725491404008693 1.7960784461467060869 18.36666047922209799 0.36265165646370733921 4.8652696931574315187 2.1552941353760473042 23.686613308098049657 -0.14887712426796018139 2.1382859739139732369 2.5145098246053887436 29.104866862983481468 -1.0136104388360427375 -0.28962767975020031752 2.873725513834729739 34.345157872665438958 -2.6728371339101837378 -2.6951042185048814659 3.2329412039018583513 38.62624684959271093 -5.5906797725194508075 -5.7214008840592525118 0 
0.44142942607391449927 0.23071537727205965185 -0.86712771636378094264 0.46320402965568696629 -0.88625167244453395554 2.7755575615628913511e-17 -0.76849338885041018621 -0.40165705244583710387 -0.49808585958018763984 -0.19623764345193783765 0.79370236906651003839 -0.57578410592047446492 -0.51372987022458027617 0.41693989275421294849 0.74982847789954043538 0.8352080026744631569 0.44294206750806064399 0.32592931304228967004 20.067688832987144565 27.428497319907233276 -8.7641454106129845769 0 22.716265389430631672 30.207721497841355074 -13.375105743715446138 -0.070189932619233910693 24.892533681388709255 32.287617840811336123 -18.565277949391500556 -0.14037986523846782139 26.085375957074020903 31.205855898779049085 -24.345149782463511912 -0.21056979785770174596 25.692904079035120191 26.128763813983717057 -27.518334584754384764 -0.28075973047693564277 24.311196039702068106 20.774669361133767609 -25.189267070482166844 -0.35094966309616953959 23.435421798854971343 19.0930020230203219 -19.496726825245271897 -0.42113959571540349192 23.610582173380326054 20.548834704073861701 -13.678662710069239949 -0.49132952833463738873 24.37017483224417802 22.677720319519455217 -8.120707597860796767 -0.56151946095387128555 24.774865988204055611 23.133497579426009594 -2.1517468205459984176 -0.63170939231662281976 23.59744012749242259 20.051118358078525716 2.8595011955007780813 0 
