-0.03942330953   -0.1574455151   -0.2257646482   0.9565044717   0.2812400454   -0.0774805293   -0.2743713623   0.9575383633   0.08854737904   0.09909364811   -0.06343752564   0.9930539408   

-1.590389444   0.2897868256   -0.1773717705   0.9846544858   0.1661053018   0.05352170036   -0.1694882622   0.9832874102   0.06648005677   -0.04158452424   -0.07453118609   0.9963512582   

-0.9545266206   -0.5526208667   1.032621682   0.8996662325   -0.3961555481   0.1834705746   0.4213244561   0.8979588143   -0.1271049589   -0.114395685   0.1916526795   0.9747732442   

-1.277870121   -0.3538474813   0.6765023048   0.9710470855   0.2384775341   0.01400083647   -0.2379220123   0.9601915992   0.1463735249   0.02146331171   -0.1454666919   0.9891303088   

-13.02940241   0.978660222   9.163818489   0.990763044   -0.1026623485   0.08859476811   0.1063449958   0.993607202   -0.03788759747   -0.08413876992   0.04695924164   0.9953469229   

-2.781787769   2.523325893   28.77983814   0.9997656302   -0.0002315413654   0.02164788949   3.647448206e-05   0.9999594007   0.009010856763   -0.02164909699   -0.009007955294   0.9997250489   

-6.930464197   20.60231449   3.18807103   0.9152339007   -0.3784023628   0.138414446   0.4022127971   0.8784075791   -0.2581181722   -0.02391177221   0.291910563   0.9561466678   

-39.93069471   -3.981371304   43.51272971   0.5071865999   -0.704283367   0.4967360384   0.8094480966   0.1913860493   -0.555126255   0.2958978401   0.6836346386   0.6671492705   

67.75270612   -10.88512478   -62.66700847   0.2305459037   0.8220880401   0.5205956594   -0.657943677   -0.2624710636   0.7058463421   0.7169091324   -0.5052526052   0.4803759994   

