-0.2412540749   -0.7974588055   0.8613535942   0.9947433839   0.1017971438   -0.01108790978   -0.100998384   0.9932157502   0.05763505914   0.01687977104   -0.05621223278   0.9982761433   

-0.7543292699   -0.6221337023   2.08097672   0.9916509768   0.0390005962   0.1229117316   -0.03999829306   0.9991837217   0.005659228065   -0.1225906881   -0.0105282385   0.9924014709   

4.691900423   3.985366943   2.76640516   0.9977582802   -0.04651898192   -0.04810819657   0.04529951265   0.998631495   -0.0261360167   0.04925818115   0.02389814922   0.9985001302   

-9.804934277   1.444873353   6.46653222   0.9875568688   0.04549861208   0.1505367302   -0.04785471237   0.9987814504   0.01206403347   -0.149804397   -0.01911781105   0.9885308048   

-2.975211854   0.9141467166   1.582369556   0.9899171378   0.05601877166   0.130099798   -0.05981695323   0.9978843818   0.02546944626   -0.1283977894   -0.03299481488   0.9911737233   

-7.158580694   5.082782914   7.485308271   0.9960232811   -0.02344535252   0.0859531206   0.02816510946   0.9981373685   -0.05411580452   -0.08452425749   0.05632148022   0.9948283976   

-0.8367443211   0.02243101564   1.313171382   0.9971004879   -0.05092933527   -0.05654042706   0.04769612388   0.9972266664   -0.0571319143   0.05929331201   0.05426950041   0.9967643274   

-2.639129643   3.731829595   5.376161994   0.9986065699   0.04020778114   0.0341797155   -0.04179195516   0.9980215772   0.04697194852   -0.03222345574   -0.04833493353   0.9983112656   

-7.917198181   3.973450247   10.88107471   0.9853390763   0.05645024116   0.1609977482   -0.06418539902   0.9970002496   0.0432520165   -0.1580732083   -0.05295160669   0.9860065863   

-3.687438965   1.947398632   5.127989302   0.999177316   0.0091526562   0.03950848076   -0.00918860118   0.9999575187   0.0007283115224   -0.0395001364   -0.001090740025   0.9992189698   

-7.952625882   1.102022208   13.27718649   0.9960232124   0.04977319092   0.07389445008   -0.05536574314   0.9955945847   0.07567071667   -0.06980254131   -0.07946101145   0.9943910463   

-1.863826132   1.835977357   1.659577606   0.9981914495   -0.05427957893   -0.02583713243   0.05098894252   0.9921266241   -0.1143892018   0.03184270468   0.1128649151   0.9930999714   

-6.448356228   0.5302466196   5.133731611   0.9978870656   0.01547618198   0.06310223598   -0.01615595057   0.9998166727   0.0102764873   -0.06293162683   -0.01127425037   0.9979541581   

1.647423699   -6.223106931   1.105885646   0.9992404512   0.03794397317   -0.008875556623   -0.03667273284   0.992679838   0.1150732372   0.01317692193   -0.1146603425   0.9933173584   

6.862770524   -8.029159372   0.05718287044   0.9975551236   -0.0199440891   -0.06697767283   0.0203061573   0.9997826232   0.004729300349   0.06686879185   -0.006077796954   0.9977432661   

-1.932515981   -5.438939633   2.252288135   0.9970632181   0.06209272375   0.04482669687   -0.06683017999   0.9913049994   0.1133495707   -0.03739874514   -0.1160124639   0.9925434208   

-29.17171451   34.25861219   -15.1982832   0.8783677111   -0.1483019606   0.454397065   0.4415004903   -0.1125563595   -0.890173232   0.183159715   0.9825159512   -0.03339048358   

22.76944556   -40.652355   19.59396354   0.8534239264   0.4720720121   0.2209425656   -0.146235027   -0.1900078042   0.9708307531   0.5002828388   -0.8608397352   -0.09312374282   

-6.095858094   -3.133068549   2.455342322   0.9913428124   0.09348440199   0.09219595864   -0.1027477845   0.9895201538   0.1014532305   -0.08174546459   -0.1100478614   0.9905590074   

-3.138099575   -0.6800619234   0.9207716017   0.9886730443   -0.07636873259   -0.12920305   0.08431659183   0.9947959752   0.05719860112   0.1241624895   -0.06744467593   0.9899671166   

-6.845224892   -2.692127692   3.653018242   0.9892558887   0.115038115   0.090216511   -0.1219368417   0.9896934053   0.07508908105   -0.08064857964   -0.08528303203   0.9930874136   

-0.5891196286   0.3988538341   -0.2538116375   0.999948569   0.007136614702   0.007206109801   -0.007124777272   0.9999732289   -0.001667031195   -0.007217813845   0.001615603531   0.9999726461   

0.1879784592   -0.286237033   0.2262575112   0.999722264   -0.01877894456   -0.0142388965   0.01862620109   0.9997683474   -0.01078499652   0.01443812887   0.01051678458   0.9998404561   

-3.047150095   -1.107747451   4.19896153   0.9902276503   -0.0333726436   -0.1354085202   0.06491350269   0.9696490042   0.2357266335   0.1234319158   -0.2422128717   0.9623395902   

-0.1448707615   0.6674332663   -0.4297386864   0.9996119613   -0.01373851275   0.02423180102   0.01548963249   0.9971657563   -0.07362422018   -0.02315163491   0.07397099283   0.9969916218   

1.135553215   0.8088383717   0.3644535559   0.9981144425   -0.03850036938   -0.04780461555   0.04065289819   0.998163848   0.04490294369   0.0459880591   -0.04676167277   0.9978469043   

-0.1461199278   2.928790869   6.781666372   0.9978854379   -0.02492203418   -0.06002953407   0.02981973118   0.9961757903   0.08212538196   0.05775323697   -0.08374178731   0.9948124832   

0.2106628951   -0.7740331261   0.3825948974   0.9997213818   -0.01685131358   -0.01652851948   0.01710460808   0.9997365608   0.01530494874   0.01626625673   -0.01558339835   0.9997462511   

3.572085647   0.5318573092   -2.919313305   0.9908666807   -0.1224134785   -0.05655228844   0.1227122281   0.9924406124   0.001827521978   0.05590107445   -0.008750487957   0.9983979662   

0.2168032304   2.224496717   -0.931337539   0.9995974122   -0.005713200883   0.02779159749   0.006777699921   0.9992409692   -0.03836076405   -0.02755134006   0.03853368358   0.9988774093   

0.2275848429   1.780648399   0.3061518605   0.9997721847   -0.02128944964   -0.001529046615   0.02127112651   0.9997116957   -0.0111384316   0.001765736863   0.01110336955   0.9999367967   

1.014833842   2.99350517   -0.4679108716   0.9979851981   -0.037013288   0.05153213371   0.04118332022   0.9957511423   -0.08236259358   -0.04826467061   0.08431891364   0.9952692311   

1.406651916   2.444929657   2.215676995   0.9929444103   -0.06422720007   -0.09968081502   0.06966358864   0.9962118264   0.05204787548   0.09596031748   -0.05862477032   0.9936572617   

-0.3269234948   -1.845241224   4.323430649   0.9787049412   0.1881315104   0.08211682435   -0.1901038768   0.981619721   0.01682971578   -0.07744129436   -0.03208205266   0.9964806008   

-1.617097183   -1.228571135   4.012534558   0.8913563038   0.4504982111   0.0503517778   -0.4311529738   0.808256562   0.401034217   0.1399680425   -0.379173696   0.914678225   

2.916449455   5.682690276   3.364482116   0.4411670194   -0.8629876997   -0.2462191934   0.8781741161   0.3586146833   0.3165528876   -0.1848834302   -0.3558760164   0.9160624314   

-3.974749158   -2.759955746   -2.491120357   0.5628885489   0.8189384839   -0.1117865875   -0.7926903714   0.4965760507   -0.353630034   -0.2340907018   0.2876664482   0.9286816235   

2.419045655   1.411846808   -0.4202047679   0.8334395797   -0.4892892457   -0.2568550196   0.5515285494   0.7074216826   0.4420077173   -0.03456481244   -0.5100496024   0.8594502177   

-2.507829122   1.114551405   -3.132719934   0.7945186606   0.1433045826   0.5900880397   0.169318198   0.8809331808   -0.4419141079   -0.5831564506   0.4510216486   0.6756537772   

2.368493365   -3.420971304   -3.068982698   0.9982701321   0.02738334615   0.05202783639   -0.02584458774   0.9992150648   -0.03002185155   -0.05280909667   0.02862527973   0.998194266   

1.747066697   2.324263554   0.02733233102   0.9955474088   -0.09080404843   0.0252978585   0.09218831353   0.9939111721   -0.06034812966   -0.01966396971   0.06241159102   0.9978567641   

-3.476711442   -3.233554059   -0.1771625412   0.9917078973   0.06299904501   0.1120114581   -0.058315731   0.9973009668   -0.04461005698   -0.1145195264   0.03770811575   0.9927050801   

-0.1767946534   -1.476123037   0.7126083286   0.9995460407   0.003978634052   -0.02986440929   -0.003227339762   0.9996781515   0.0251630242   0.02995491194   -0.02505521862   0.9992371787   

0.03112470774   -4.714949293   1.473016918   0.9993024877   0.0268640681   -0.02593954403   -0.02586957517   0.9989450308   0.03794193588   0.02693145336   -0.03724442593   0.9989432164   

0.9753511095   1.639977028   3.857650489   0.9983264939   -0.04728917355   0.03328581765   0.04906186348   0.9973009038   -0.05462454439   -0.03061282647   0.05616619413   0.9979520096   

3.988784192   2.531600246   1.02623185   0.9297075492   -0.2335661109   0.2847643672   0.3216726305   0.8914993471   -0.3189915876   -0.1793616229   0.3881697902   0.9039654984   

2.101356517   0.3911214702   4.207942801   0.9886867368   0.05467631594   -0.1396747542   -0.0441030662   0.9960003788   0.0777056301   0.1433647657   -0.07066644092   0.9871437576   

-1.63713783   3.228602977   6.444607234   0.9988924837   0.0411713699   -0.02277552064   -0.04020173498   0.9983290611   0.04150790556   0.02444640147   -0.04054631943   0.9988785559   

-1.645125991   0.3030436858   3.854334732   0.9944053734   0.1000927119   -0.03375503569   -0.09647790283   0.9907332463   0.09560151163   0.04301125066   -0.09181004182   0.9948471986   

-8.476558726   -1.249704725   9.764312107   0.9658368836   0.1858013919   -0.1806570151   -0.1409085518   0.961574664   0.2356245862   0.2174945847   -0.2021187976   0.9549052818   

-1.018697654   -0.3425572413   2.645258905   0.9938737337   0.08952980982   -0.06480289028   -0.08345761088   0.9923459955   0.09101786815   0.07245570109   -0.08505197406   0.9937385638   

-7.128666325   3.619209575   1.549315876   0.9960339314   -0.06840367794   -0.05689766619   0.07013623549   0.9971149203   0.02903005697   0.05474774922   -0.03290550988   0.9979578705   

6.243931221   5.116743209   -11.06592184   0.9985676205   0.02940357312   0.04470052851   -0.02803664813   0.9991290311   -0.03090510477   -0.04557031624   0.02960758394   0.9985222768   

0.4807598329   9.040468142   -7.438825373   0.9852802718   -0.1426286454   0.09423298481   0.1523445213   0.9826776248   -0.1055264546   -0.07754955042   0.1183290128   0.98994157   

-31.58214738   42.3995963   -33.84732037   0.2260172779   -0.3672363922   0.9022492019   0.9732402907   0.1245572507   -0.1931031532   -0.04146717472   0.9217499246   0.3855613439   

33.92744169   -36.68111914   24.06576535   0.2332842262   0.9724080792   -0.0009986331748   -0.3340099376   0.08109459655   0.9390745593   0.9132446722   -0.2187377285   0.3437120521   

-0.973631893   6.167455256   -4.273695799   0.995514608   -0.09112128204   -0.02544754032   0.0905905415   0.9956607176   -0.02128589458   0.02727671426   0.01888511254   0.9994495152   

-0.3598750014   4.484635377   -3.678155079   0.9967099875   -0.08091251985   0.004729158443   0.08102308419   0.9961944506   -0.03212283184   -0.002112022128   0.03240031832   0.9994727404   

4.701576083   2.525979599   -2.141922751   0.9905129459   0.132359156   0.03694804249   -0.1336097941   0.9904603265   0.03371594011   -0.03213295686   -0.03833269551   0.9987482553   

2.887331066   5.809154241   -2.690172307   0.9938782127   -0.08445384383   -0.07122953437   0.08495721449   0.9963763216   0.00406171733   0.0706283938   -0.01008831519   0.997451681   

-0.1142902982   3.119027187   -2.788563848   0.9937520854   0.1112206372   0.009314647127   -0.1114667611   0.993241211   0.03235827506   -0.005652783421   -0.03319437687   0.9994329289   

-0.9335867113   1.16241859   0.9052034829   0.9863096804   -0.02646656703   0.1627658909   0.04541432783   0.9924632335   -0.1138168223   -0.1585268219   0.1196505371   0.9800780559   

1.481538347   -1.890536351   -0.8778597721   0.9967745694   -0.05765444917   0.05582492611   0.06129679122   0.9959420309   -0.0658951785   -0.05179924007   0.06910452701   0.9962637216   

-2.714013551   1.511825568   -0.5548313009   0.9911871299   -0.07979493742   0.1057394982   0.09084819855   0.9903975956   -0.1042075213   -0.09640891218   0.1128953968   0.9889185765   

-2.355190872   -1.788940944   1.190540741   0.990593082   0.1316514375   -0.03732619552   -0.1257755698   0.9834196982   0.1306376794   0.05390595422   -0.124714058   0.9907272843   

-6.791618217   3.993800162   6.60581138   0.8069786972   -0.5840532773   0.08756227163   0.5583658813   0.7062289046   -0.4352795389   0.1923874341   0.4001531002   0.8960271043   

-1.382766615   -0.5556601514   0.4100645404   0.9983792696   0.05016427039   -0.02687712751   -0.04955995617   0.9985132035   0.02269786802   0.02797578868   -0.02132905163   0.9993810218   

-4.664354423   -1.439380999   5.85063485   0.9964695065   -0.07810728771   -0.03078594146   0.07604207414   0.9950903253   -0.06334703943   0.03558265794   0.06078236628   0.9975166056   

4.499828409   2.895807654   -5.813323915   0.9887222051   -0.1360782969   -0.06253877416   0.128100944   0.98477289   -0.1175266071   0.0775793099   0.1081898901   0.9910985816   

5.485799426   -6.218390535   -4.454979038   0.9445780118   0.285248298   0.1624985787   -0.3158761229   0.9245308544   0.2132251726   -0.08941283226   -0.2527372306   0.9633946428   

-0.03287101175   -1.815699872   2.799419455   0.7919684261   0.5937638603   0.142233928   -0.5940219077   0.6954593927   0.4043194359   0.1411523479   -0.4046982966   0.9034906217   

11.64560045   -6.577014529   -11.18340844   0.9799935051   0.1935217261   0.04649807982   -0.1972802961   0.9754051701   0.09831194679   -0.02632896982   -0.1055182243   0.994068755   

-3.520272421   3.421012462   9.461953603   0.9954180487   0.02912914132   -0.09107360451   -0.01526730551   0.9886668163   0.1493480358   0.09439183066   -0.1472732818   0.9845815166   

-0.4231105091   3.763518137   -0.9919432761   0.9934408691   0.09790598823   -0.0590733197   -0.08859468718   0.9856508543   0.1436780249   0.07229260704   -0.1375020397   0.9878597917   

0.3908626781   0.3651123632   -1.070930348   0.9945215611   -0.1002723374   0.02953511073   0.1020676937   0.9924962706   -0.06733007289   -0.02256214347   0.06997578984   0.9972935067   

0.8924357014   -4.4837751   1.173323281   0.9981452364   0.01511918458   0.05897030867   -0.01013040058   0.9964144629   -0.08399757793   -0.06002884333   0.08324438943   0.994719513   

2.047167767   -1.132637909   0.4155439056   0.9984342513   -0.04748140063   0.0295730025   0.04934630577   0.9966053909   -0.0658986862   -0.0263436518   0.06725482384   0.997387989   

0.1616690064   -0.8236541365   1.576606661   0.9988416357   -0.01865458711   -0.04435530653   0.0207414198   0.9986765569   0.04706302402   0.04341866353   -0.04792849993   0.9979066482   

-1.748743471   0.5697494606   -1.220375845   0.9966311395   0.04210462495   -0.07038162001   -0.03400594763   0.9930643705   0.112546664   0.07463221425   -0.1097741163   0.9911506828   

3.463854657   -4.986886855   -4.380871287   0.9993069279   0.01965885491   0.0316100185   -0.01837398661   0.999013151   -0.04043662555   -0.03237376194   0.039827798   0.9986819744   

3.04493557   -1.440171993   -3.046840656   0.9935596742   -0.1128207943   -0.01051866322   0.1125589224   0.9933826003   -0.02283633796   0.0130254708   0.02150529511   0.9996838797   

1.294918792   -0.6188577195   -0.6587332595   0.9968610576   -0.02954777259   -0.07345039772   0.03481415656   0.9968338691   0.0714857457   0.07110559959   -0.07381846971   0.9947335458   

3.028146216   -1.164963819   -1.332409276   0.9964294647   -0.08029691223   -0.02609076141   0.0806842314   0.9966393228   0.01414620561   0.02486718215   -0.01620080912   0.9995594815   

0.4041092448   -0.0858006898   -0.1256846419   0.9994001899   -0.01783867671   -0.02968235086   0.01857609843   0.9995209117   0.02475632369   0.02922651034   -0.02529285687   0.9992527621   

2.811266898   -6.048734292   1.684157922   0.9706521806   0.2364883205   -0.04367629361   -0.2336730813   0.970390518   0.06114845627   0.0568439569   -0.04914790831   0.9971726268   

-0.3334772267   -1.489009333   -0.4567183226   0.9990995446   -0.04214969237   -0.004848030814   0.04219412485   0.9990646423   0.00946025264   0.004444749433   -0.009656292522   0.9999434985   

-47.38976426   -4.239310003   8.514297713   0.6870484615   0.3440181191   -0.6400124572   0.4681388056   0.4640683596   0.7519884416   0.5557071803   -0.8162671691   0.1577892211   

19.83122625   19.395379   -42.72275414   0.982197313   -0.08820067842   -0.1658586105   0.1186368942   -0.3933193242   0.9117155239   -0.1456493243   -0.9151614882   -0.3758533288   

-26.66879635   -21.95074901   38.93007316   0.6796071164   -0.3425167624   0.6487036572   0.7138113722   0.1048783735   -0.692440504   0.1691374952   0.9336395419   0.3157684492   

3.306096271   0.3107150355   -1.659832638   0.9999020298   0.006208817232   0.01254517112   -0.006228008372   0.9999794938   0.001491275059   -0.01253565482   -0.00156926039   0.9999201942   

37.74315431   -9.004530727   -9.023031879   0.3871939995   0.3018794762   0.8711771281   0.9120347274   0.01312952538   -0.4099027586   -0.1351793723   0.9532556831   -0.2702408924   

-19.74510669   44.88129766   -14.60245509   -0.5416777143   -0.3721762362   0.7537042543   0.8097283616   -0.4717427455   0.3489967944   0.2256662008   0.7993394969   0.5568941861   

-1.319694315   12.47974697   -2.693083886   0.9835518486   -0.1653037777   0.0728039982   0.1761627943   0.9669249569   -0.1844526974   -0.03990527515   0.1942441472   0.9801412043   

-23.18616076   -51.48365171   22.22923562   0.4536608487   -0.8695675621   0.1950489408   0.8439235424   0.4895123615   0.2194782506   -0.2863300349   0.06503770367   0.9559211307   

4.732390819   64.19018495   -28.77623828   0.5147496142   0.7771501459   -0.3620365801   -0.7836839875   0.5977573629   0.1688950646   0.3476668555   0.1967836014   0.9167354972   

3.183391236   -80.57596575   34.30363065   -0.2604162009   -0.8521851156   0.4538324923   0.8977708026   -0.04078512845   0.4385705865   -0.3552337095   0.5216484468   0.7756880234   

-1.310596018   19.65456627   -3.661563104   0.936350972   0.2944453219   0.1911774296   -0.3158472758   0.9442794004   0.09261162085   -0.1532558501   -0.1470998515   0.9771766872   

-0.2284847534   2.423713233   0.04809539826   0.9374267282   0.3474952019   0.02186810099   -0.3470132391   0.9272907471   0.140405421   0.02851212242   -0.139208315   0.9898525668   

0.3084012116   -1.787393865   0.8615182398   0.9799803661   -0.1428601382   0.1386703393   0.1584817861   0.9813255879   -0.10901199   -0.1205072843   0.1288063329   0.9843205388   

-0.4932319213   74.52380562   -36.04857197   0.3248647115   0.9455961931   -0.01762835434   -0.5542629766   0.2054568925   0.8065854066   0.7663259567   -0.2522603913   0.5908546548   

19.81864111   -13.97534526   -5.367162528   0.9995806732   0.02893882541   0.001011037576   -0.02831957996   0.9842814927   -0.174321383   -0.006039801641   0.1742196532   0.9846882924   

-6.882634632   -47.22446943   33.18843875   0.9444302542   -0.316851723   0.08750131726   0.3190741566   0.9476495408   -0.01233006614   -0.07901378042   0.03956429651   0.996088093   

21.53478081   52.10364329   -40.96755287   0.9142584472   0.3874950898   -0.1182330204   -0.3655677685   0.9148496229   0.1714945309   0.1746187228   -0.1135681421   0.9780647109   

1.579813095   1.780052295   -1.610227892   0.9981700883   0.05786735276   -0.01754549353   -0.05584377704   0.9934603874   0.09958881035   0.02319369362   -0.09842676499   0.9948739742   

32.76735988   -82.45502342   25.15950505   -0.8283305421   0.5558287754   -0.07016327746   -0.3849969853   -0.4737661023   0.7920372476   0.4069961109   0.683081293   0.6064273352   

-21.48570423   80.45201316   -25.65963632   0.3348153946   0.2021577082   -0.9203428234   0.4939015834   -0.8694443953   -0.01129908613   -0.8024711069   -0.4507756698   -0.3909493804   

-3.284498555   -10.47217274   7.392506948   0.8985304502   0.4238622763   -0.113946482   -0.3513364963   0.8501916146   0.3920929544   0.2630697556   -0.3122739011   0.9128413413   

22.23375603   -5.143499723   -9.085310572   0.9357509738   0.2564219983   -0.2421112838   -0.3136525584   0.9189783132   -0.238958014   0.1612209278   0.2995440179   0.9403622673   

5.444659736   -9.279826624   0.5770959031   0.9525481126   0.2130747507   0.2173735122   -0.28756258   0.8640766838   0.4131334495   -0.09979907677   -0.4560379756   0.8843469393   

6.35584729   5.596757909   -6.208836938   0.9780259472   0.03089988169   0.2061806097   -0.08357427262   0.9641257264   0.2519462734   -0.1909989201   -0.2636413872   0.945522412   

1.274741229   3.124461034   -0.02882827364   0.9817583526   -0.06574442684   -0.178404617   0.02397163927   0.9736279083   -0.2268789474   0.1886157404   0.2184636505   0.957443333   

1.556984279   -0.2737794406   3.131068109   0.999109604   0.004344181946   -0.04196578729   -0.005721837344   0.9994467397   -0.03276393104   0.04180023681   0.03297487957   0.998581693   

-6.072818996   3.498357491   3.4745695   0.996126264   -0.03010079826   0.08262208025   0.02623141184   0.9985255546   0.04752504401   -0.08393080026   -0.04517365072   0.9954471167   

2.76766192   -47.13059849   20.59007991   0.5983554467   0.8012286881   0.001829953977   -0.5404170631   0.4018937145   0.739209605   0.5915404951   -0.4432990318   0.6734729476   

-6.423338709   2.785842443   5.30214597   0.9942251857   0.09231412788   0.05472094642   -0.09263115742   0.9956950877   0.003280389613   -0.05418255124   -0.008330310574   0.998496298   

-7.122353465   3.068548876   5.783961182   0.9869241874   0.1312698654   0.09353539894   -0.1304405612   0.9913433762   -0.01495227141   -0.09468848083   0.002555948377   0.9955036709   

-8.855830804   5.066889191   7.467095971   0.9992476698   -0.03359740287   0.01937288955   0.03465515206   0.9977651242   -0.05712947932   -0.01741019141   0.05775786952   0.9981787985   

-6.997013006   5.129933961   4.802282408   0.9911337334   -0.1112191814   0.07269261383   0.123289974   0.9737953361   -0.1911078902   -0.04953286521   0.1983757472   0.9788736171   

-7.226523573   4.189548427   9.950611257   0.988293071   -0.1525303748   0.00336014531   0.1507471264   0.9728731271   -0.1754798631   0.02349701421   0.1739320651   0.9844772862   

-0.6347776945   -2.071237486   5.208104704   0.9819336194   -0.1879145164   0.02223739385   0.1881127437   0.956667114   -0.2222647716   0.02049299366   0.2224323888   0.974732717   

1.56449736   1.106293484   0.5998109245   0.9993868725   -0.03122766004   -0.01583389783   0.03061675444   0.9988290574   -0.03745835559   0.01698509404   0.03695060628   0.9991727375   

13.15266242   -10.85307825   -7.010040247   0.9567643707   0.262821057   0.1246075075   -0.2892709742   0.9045618531   0.3131934824   -0.0304013558   -0.3356977002   0.9414790553   

5.215410159   -4.795097833   -7.906484316   0.9939485512   0.08906379801   -0.06429554762   -0.07765599735   0.9837036695   0.1621623775   0.07769056336   -0.1561881253   0.9846671752   

10.66709212   -5.762302617   -6.619868797   0.9831929085   0.1811481909   -0.02273846213   -0.1703129967   0.9549101162   0.2431874856   0.06576616058   -0.2352275557   0.9697127457   

8.263409099   -2.971531879   1.918516061   0.9969079806   -0.06837974001   -0.03871290946   0.0681744227   0.9976515823   -0.006600634231   0.03907334503   0.003940994688   0.9992285736   

-2.973048182   -13.74089854   -0.1474520978   0.9947292387   0.1022631041   -0.007483256804   -0.1010059812   0.9898307083   0.100164668   0.01765030725   -0.09888087021   0.9949427321   

-0.5098138998   -6.479333915   -0.7584370407   0.9852703651   -0.1708609287   0.006989323863   0.1703824185   0.9773884638   -0.1252262846   0.01456499477   0.124572605   0.9921035868   

-5.112417225   -6.619896332   -1.212699901   0.9988742273   0.04742349826   -0.001135696309   -0.0473458202   0.9981509666   0.03811851498   0.002941309697   -0.03802183172   0.9992725799   

-5.150440809   -1.836305619   -0.6967679738   0.9987999007   0.04355407643   0.02240091224   -0.04367091889   0.9990346627   0.004753261386   -0.0221722639   -0.005725825422   0.9997377684   

