-0.2412540749   -0.7974588055   0.8613535942   0.9947433839   0.1017971438   -0.01108790978   -0.100998384   0.9932157502   0.05763505914   0.01687977104   -0.05621223278   0.9982761433   

-0.7543292699   -0.6221337023   2.08097672   0.9916509768   0.0390005962   0.1229117316   -0.03999829306   0.9991837217   0.005659228065   -0.1225906881   -0.0105282385   0.9924014709   

4.691900423   3.985366943   2.76640516   0.9977582802   -0.04651898192   -0.04810819657   0.04529951265   0.998631495   -0.0261360167   0.04925818115   0.02389814922   0.9985001302   

-9.804934277   1.444873353   6.46653222   0.9875568688   0.04549861208   0.1505367302   -0.04785471237   0.9987814504   0.01206403347   -0.149804397   -0.01911781105   0.9885308048   

-2.975211854   0.9141467166   1.582369556   0.9899171378   0.05601877166   0.130099798   -0.05981695323   0.9978843818   0.02546944626   -0.1283977894   -0.03299481488   0.9911737233   

-7.158580694   5.082782914   7.485308271   0.9960232811   -0.02344535252   0.0859531206   0.02816510946   0.9981373685   -0.05411580452   -0.08452425749   0.05632148022   0.9948283976   

-0.8367443211   0.02243101564   1.313171382   0.9971004879   -0.05092933527   -0.05654042706   0.04769612388   0.9972266664   -0.0571319143   0.05929331201   0.05426950041   0.9967643274   

-2.639129643   3.731829595   5.376161994   0.9986065699   0.04020778114   0.0341797155   -0.04179195516   0.9980215772   0.04697194852   -0.03222345574   -0.04833493353   0.9983112656   

-7.917198181   3.973450247   10.88107471   0.9853390763   0.05645024116   0.1609977482   -0.06418539902   0.9970002496   0.0432520165   -0.1580732083   -0.05295160669   0.9860065863   

-3.687438965   1.947398632   5.127989302   0.999177316   0.0091526562   0.03950848076   -0.00918860118   0.9999575187   0.0007283115224   -0.0395001364   -0.001090740025   0.9992189698   

-7.952625882   1.102022208   13.27718649   0.9960232124   0.04977319092   0.07389445008   -0.05536574314   0.9955945847   0.07567071667   -0.06980254131   -0.07946101145   0.9943910463   

-1.863826132   1.835977357   1.659577606   0.9981914495   -0.05427957893   -0.02583713243   0.05098894252   0.9921266241   -0.1143892018   0.03184270468   0.1128649151   0.9930999714   

-6.448356228   0.5302466196   5.133731611   0.9978870656   0.01547618198   0.06310223598   -0.01615595057   0.9998166727   0.0102764873   -0.06293162683   -0.01127425037   0.9979541581   

1.647423699   -6.223106931   1.105885646   0.9992404512   0.03794397317   -0.008875556623   -0.03667273284   0.992679838   0.1150732372   0.01317692193   -0.1146603425   0.9933173584   

6.862770524   -8.029159372   0.05718287044   0.9975551236   -0.0199440891   -0.06697767283   0.0203061573   0.9997826232   0.004729300349   0.06686879185   -0.006077796954   0.9977432661   

-1.932515981   -5.438939633   2.252288135   0.9970632181   0.06209272375   0.04482669687   -0.06683017999   0.9913049994   0.1133495707   -0.03739874514   -0.1160124639   0.9925434208   

-6.402268957   -6.393742813   4.395680341   0.9994346648   0.01658883532   -0.02924314115   -0.01425940879   0.9968403749   0.0781404899   0.03044700351   -0.07767932443   0.996513373   

-9.233957669   -3.813130472   3.376113924   0.9978801331   0.04077030649   -0.05072496537   -0.0321001064   0.9863799571   0.1613200652   0.05661115767   -0.1593498113   0.985597694   

-0.4341211281   5.944771811   22.63376587   0.9069662723   -0.4129618208   -0.0829139038   0.3338252587   0.824792963   -0.4563740404   0.2568518591   0.3862371068   0.8859164858   

2.101356517   0.3911214702   4.207942801   0.9886867368   0.05467631594   -0.1396747542   -0.0441030662   0.9960003788   0.0777056301   0.1433647657   -0.07066644092   0.9871437576   

-1.63713783   3.228602977   6.444607234   0.9988924837   0.0411713699   -0.02277552064   -0.04020173498   0.9983290611   0.04150790556   0.02444640147   -0.04054631943   0.9988785559   

-1.645125991   0.3030436858   3.854334732   0.9944053734   0.1000927119   -0.03375503569   -0.09647790283   0.9907332463   0.09560151163   0.04301125066   -0.09181004182   0.9948471986   

-0.8648757511   43.28077002   -29.87258142   0.9988701712   0.01440332538   -0.0452871421   -0.01295583109   0.9994008411   0.03209525289   0.04572228628   -0.03147225818   0.9984582963   

12.32227759   -16.52520876   -5.22474823   0.9102170194   0.2950755468   -0.2905776992   -0.17797669   0.9122731244   0.3688929984   0.3739375288   -0.2840566284   0.8828830933   

0.4041092448   -0.0858006898   -0.1256846419   0.9994001899   -0.01783867671   -0.02968235086   0.01857609843   0.9995209117   0.02475632369   0.02922651034   -0.02529285687   0.9992527621   

6.306526179   0.3033747503   3.616440344   0.817775721   0.06106529376   0.5722883016   0.2524297451   0.8555543238   -0.4520022376   -0.5172253803   0.5140990458   0.6842368574   

