-1.567042448 86.9 60.90769958 33.13290024 60.4416008 122.5422832 36.67053795 104.0344201 0.8487863492 0.05803221337 0.5255416212 0.7743226571 0.3745824105 -0.5100121964 0.8487863492 -0.05803221337 -0.5255416212 0 0.05803221337 0.9981784062 -0.01649641318 0 0.5255416212 -0.01649641318 0.8506079431 0 0 0 0 1 1 0 0 60.90769958 0 1 0 33.13290024 0 0 1 60.4416008 0 0 0 1 0.8487863492 0.05803221337 0.5255416212 -0 -0.05803221337 0.9981784062 -0.01649641318 -0 -0.5255416212 -0.01649641318 0.8506079431 -0 0 0 0 1 32 -0.3844431092 0.6741052932 0.03125 -1.428397306 0.6843007362 0.03125 -2.365881153 0.6883668116 0.03125 -2.954100607 0.6606588333 0.03125 -3.143884797 0.5783378944 0.03125 -2.908215438 0.4211897609 0.03125 -2.422983864 0.1858293617 0.03125 -1.709988108 -0.1182694894 0.03125 -0.9760762264 -0.4609441692 0.03125 -0.2545739611 -0.8004960484 0.03125 0.3417008802 -1.090056651 0.03125 0.7793758831 -1.285344381 0.03125 1.090357398 -1.35180607 0.03125 1.241996007 -1.267447654 0.03125 1.345356885 -1.032317759 0.03125 1.232746037 -0.7474980768 0.03125 1.143221425 -0.4701280579 0.03125 1.260779984 -0.1270393892 0.03125 1.652063514 0.3720404689 0.03125 2.141353682 0.9149298883 0.03125 2.6859045 1.431800903 0.03125 3.284689173 1.849693192 0.03125 3.861519465 2.113151804 0.03125 4.401039609 2.187904914 0.03125 4.774319086 2.07165471 0.03125 4.949075071 1.809599093 0.03125 4.845825139 1.456401551 0.03125 4.46333483 1.09849875 0.03125 3.865035694 0.7862492697 0.03125 3.099762776 0.5634201256 0.03125 2.329559575 0.4293009998 0.03125 1.687807976 0.3677336228 0.03125 1 3 1 1 1 1 500 0.0004
-1.529697513 86.9 60.90769958 33.13290024 60.4416008 118.813731 36.92227149 106.6125859 0.8516101983 0.08362728513 0.5174616385 0.7768582011 0.3405658894 -0.52962837 0.8516101983 -0.08362728513 -0.5174616385 0 0.08362728513 0.9962230048 -0.02337096222 0 0.5174616385 -0.02337096222 0.8553871935 0 0 0 0 1 1 0 0 60.90769958 0 1 0 33.13290024 0 0 1 60.4416008 0 0 0 1 0.8516101983 0.08362728513 0.5174616385 -0 -0.08362728513 0.9962230048 -0.02337096222 -0 -0.5174616385 -0.02337096222 0.8553871935 -0 0 0 0 1 32 -1.217710291 0.7070504486 0.03125 -2.085865411 0.7013944267 0.03125 -2.845009651 0.6761502747 0.03125 -3.303000654 0.6200292481 0.03125 -3.406691139 0.5193390691 0.03125 -3.129543807 0.3632586752 0.03125 -2.61918176 0.1530300077 0.03125 -1.893097475 -0.1005845901 0.03125 -1.143972508 -0.3742219002 0.03125 -0.4046513832 -0.6371937679 0.03125 0.2201948356 -0.8570668131 0.03125 0.6993961515 -1.003426712 0.03125 1.067183331 -1.052819177 0.03125 1.296392398 -0.9897868973 0.03125 1.48308975 -0.8137394773 0.03125 1.464539489 -0.6135137776 0.03125 1.323200047 -0.4849867967 0.03125 1.480002923 -0.2370758218 0.03125 1.898264512 0.1406635216 0.03125 2.414044763 0.5445585657 0.03125 2.989443395 0.9264410245 0.03125 3.614158549 1.236545944 0.03125 4.181101166 1.437992071 0.03125 4.671993132 1.508497349 0.03125 4.966714648 1.447533797 0.03125 5.048837439 1.286888692 0.03125 4.870464561 1.063023337 0.03125 4.442192894 0.834845949 0.03125 3.836223018 0.6352546017 0.03125 3.094146908 0.4950915986 0.03125 2.370349874 0.4140019294 0.03125 1.768003563 0.3792133128 0.03125 1 3 1 1 1 1 500 0.0004
-1.50752454 86.9 60.90769958 33.13290024 60.4416008 117.0826832 36.79295138 107.6052285 0.7996060951 0.1025740542 0.5916998024 0.7776512748 0.3158810983 -0.5435785376 0.7996060951 -0.1025740542 -0.5916998024 0 0.1025740542 0.994153478 -0.0337257402 0 0.5916998024 -0.0337257402 0.805452617 0 0 0 0 1 1 0 0 60.90769958 0 1 0 33.13290024 0 0 1 60.4416008 0 0 0 1 0.7996060951 0.1025740542 0.5916998024 -0 -0.1025740542 0.994153478 -0.0337257402 -0 -0.5916998024 -0.0337257402 0.805452617 -0 0 0 0 1 32 -0.65297951 0.8536945826 0.03125 -1.388909763 0.8465101539 0.03125 -2.045864541 0.8169001654 0.03125 -2.552673394 0.7461314794 0.03125 -2.843736554 0.6233355886 0.03125 -2.891640646 0.4472986588 0.03125 -2.737703502 0.2257460406 0.03125 -2.370331941 -0.02370150122 0.03125 -1.884931386 -0.2789678706 0.03125 -1.284283253 -0.5133460865 0.03125 -0.6557439392 -0.7031312947 0.03125 -0.01351211251 -0.8271546435 0.03125 0.6045587437 -0.8717639137 0.03125 1.176972571 -0.8295429276 0.03125 1.711458895 -0.7012160512 0.03125 2.104410647 -0.5387719551 0.03125 1.873823871 -0.6728900894 0.03125 2.268366273 -0.4941387799 0.03125 2.739399302 -0.2373183234 0.03125 3.190240114 0.03361471466 0.03125 3.599698132 0.2914991142 0.03125 3.962134413 0.508802496 0.03125 4.230611733 0.6648034265 0.03125 4.402683296 0.7489546907 0.03125 4.44013856 0.7605806611 0.03125 4.344707552 0.7181210561 0.03125 4.115202762 0.6396794401 0.03125 3.762031885 0.5566716701 0.03125 3.336048568 0.4852159229 0.03125 2.856676117 0.4419022835 0.03125 2.406828019 0.4270900885 0.03125 2.031995682 0.4342631286 0.03125 1 3 1 1 1 1 500 0.0004
-1.555974726 86.9 61.10770035 33.33289719 60.54160309 113.1947157 37.73598312 111.5844881 0.8179883331 0.0874137168 0.5685542445 0.7785387649 0.3480540358 -0.5222411127 0.8179883331 -0.0874137168 -0.5685542445 0 0.0874137168 0.9957969159 -0.02733760102 0 0.5685542445 -0.02733760102 0.8221914173 0 0 0 0 1 1 0 0 61.10770035 0 1 0 33.33289719 0 0 1 60.54160309 0 0 0 1 0.8179883331 0.0874137168 0.5685542445 -0 -0.0874137168 0.9957969159 -0.02733760102 -0 -0.5685542445 -0.02733760102 0.8221914173 -0 0 0 0 1 32 -1.19160093 0.6594685499 0.03125 -2.176615751 0.6051092317 0.03125 -3.017643032 0.5347693516 0.03125 -3.511026077 0.4561492144 0.03125 -3.626981589 0.3579742216 0.03125 -3.342303155 0.2247042006 0.03125 -2.823512626 0.05118291045 0.03125 -2.089172181 -0.1613700045 0.03125 -1.330702416 -0.3973453663 0.03125 -0.5812157193 -0.6328464434 0.03125 0.05954899346 -0.8383048162 0.03125 0.5597423509 -0.9828744524 0.03125 0.9517199772 -1.039469025 0.03125 1.206151666 -0.9866037441 0.03125 1.42350517 -0.8166236988 0.03125 1.430785286 -0.615201044 0.03125 1.322803524 -0.4752712756 0.03125 1.5059744 -0.2122430526 0.03125 1.953708806 0.1966885842 0.03125 2.494065778 0.640402128 0.03125 3.103618453 1.065832364 0.03125 3.772272512 1.41457884 0.03125 4.393506323 1.642377873 0.03125 4.947063783 1.72142598 0.03125 5.297542612 1.648525255 0.03125 5.425791479 1.459138579 0.03125 5.27966516 1.194013951 0.03125 4.869491986 0.9221645357 0.03125 4.269633532 0.6824642193 0.03125 3.523450485 0.5133536367 0.03125 2.791339807 0.4161809918 0.03125 2.179802642 0.3762255764 0.03125 1 3 1 1 1 1 500 0.0004
-1.56364249 86.9 60.90769958 33.43289948 60.4416008 108.0934746 39.30372371 110.1574634 0.8134690582 0.1273928182 0.5674849436 0.7444044694 0.3201608863 -0.585968423 0.8134690582 -0.1273928182 -0.5674849436 0 0.1273928182 0.9910508922 -0.03986475861 0 0.5674849436 -0.03986475861 0.822418166 0 0 0 0 1 1 0 0 60.90769958 0 1 0 33.43289948 0 0 1 60.4416008 0 0 0 1 0.8134690582 0.1273928182 0.5674849436 -0 -0.1273928182 0.9910508922 -0.03986475861 -0 -0.5674849436 -0.03986475861 0.822418166 -0 0 0 0 1 32 -3.093429344 0.8104827957 0.03125 -3.251619792 0.7339776207 0.03125 -3.34058108 0.6250263338 0.03125 -3.349941816 0.4876569418 0.03125 -3.23598173 0.323916308 0.03125 -2.991227329 0.1367433887 0.03125 -2.641917804 -0.06542737145 0.03125 -2.186713889 -0.2714305391 0.03125 -1.682585505 -0.4665359779 0.03125 -1.133063675 -0.6342352013 0.03125 -0.5766654721 -0.7583227904 0.03125 -0.02225023655 -0.8231575388 0.03125 0.5291031769 -0.8157543665 0.03125 1.063612578 -0.7268437702 0.03125 1.602178161 -0.552163831 0.03125 2.040916691 -0.3444807838 0.03125 1.920748082 -0.4163695539 0.03125 2.453507052 -0.1862047137 0.03125 3.102286697 0.1203911881 0.03125 3.763833132 0.4277832492 0.03125 4.386144018 0.7044491988 0.03125 4.956859511 0.916963365 0.03125 5.387716907 1.04378084 0.03125 5.666507114 1.077989248 0.03125 5.726129027 1.025672239 0.03125 5.565277353 0.9165380822 0.03125 5.199828266 0.7761992116 0.03125 4.645299201 0.6436431141 0.03125 4.003548795 0.5359560817 0.03125 3.300222582 0.4687623407 0.03125 2.664363257 0.4390368727 0.03125 2.145407205 0.4363621801 0.03125 1 3 1 1 1 1 500 0.0004
-1.591135778 86.9 60.90769958 33.33289719 60.54160309 103.6604988 40.02981925 114.6363319 0.8141698788 0.1388011927 0.5637921934 0.7685978789 0.3155048954 -0.5565195069 0.8141698788 -0.1388011927 -0.5637921934 0 0.1388011927 0.989380393 -0.04313544711 0 0.5637921934 -0.04313544711 0.8247894858 0 0 0 0 1 1 0 0 60.90769958 0 1 0 33.33289719 0 0 1 60.54160309 0 0 0 1 0.8141698788 0.1388011927 0.5637921934 -0 -0.1388011927 0.989380393 -0.04313544711 -0 -0.5637921934 -0.04313544711 0.8247894858 -0 0 0 0 1 32 -3.559215032 0.9212240402 0.03125 -3.555626265 0.8798773642 0.03125 -3.534109946 0.8053685537 0.03125 -3.49058835 0.7012018708 0.03125 -3.381931028 0.5720334514 0.03125 -3.203295558 0.4269709882 0.03125 -2.937670039 0.274639797 0.03125 -2.581891081 0.1264303516 0.03125 -2.142869929 -0.009026536942 0.03125 -1.620378242 -0.1230695721 0.03125 -1.03611761 -0.2104644066 0.03125 -0.3928896865 -0.2672069929 0.03125 0.2829117536 -0.2914294046 0.03125 0.9863359273 -0.2827076116 0.03125 1.688695102 -0.2413114584 0.03125 2.364365756 -0.1794460378 0.03125 2.095542719 -0.5654457193 0.03125 2.736502137 -0.4889699537 0.03125 3.348821525 -0.3880833577 0.03125 3.908740818 -0.2791162327 0.03125 4.377716545 -0.1680811443 0.03125 4.752285032 -0.06132435751 0.03125 5.0014497 0.0360442767 0.03125 5.123483979 0.1207239143 0.03125 5.108737506 0.1908743518 0.03125 4.959264269 0.248108602 0.03125 4.699490526 0.2939762808 0.03125 4.335553676 0.333076921 0.03125 3.926086014 0.367769905 0.03125 3.479719539 0.401711566 0.03125 3.074944373 0.4358745474 0.03125 2.723410037 0.4709406402 0.03125 1 3 1 1 1 1 500 0.0004
-1.678189346 86.9 60.50769806 33.53289795 60.34160233 96.29169907 41.63274142 113.1657137 0.8578688253 0.1403706245 0.4943249603 0.7302978118 0.264899363 -0.6296772456 0.8578688253 -0.1403706245 -0.4943249603 0 0.1403706245 0.9893943469 -0.03734854821 0 0.4943249603 -0.03734854821 0.8684744783 0 0 0 0 1 1 0 0 60.50769806 0 1 0 33.53289795 0 0 1 60.34160233 0 0 0 1 0.8578688253 0.1403706245 0.4943249603 -0 -0.1403706245 0.9893943469 -0.03734854821 -0 -0.4943249603 -0.03734854821 0.8684744783 -0 0 0 0 1 32 -5.635043507 0.9624056831 0.03125 -5.317953139 0.966377161 0.03125 -4.982728767 0.9008061945 0.03125 -4.635015432 0.7804081601 0.03125 -4.247180215 0.6203010027 0.03125 -3.817632659 0.4409770221 0.03125 -3.332053409 0.2577716872 0.03125 -2.787490345 0.08771802738 0.03125 -2.186051451 -0.05938857066 0.03125 -1.526936038 -0.174864273 0.03125 -0.8258858015 -0.2555879092 0.03125 -0.0854382521 -0.3000039792 0.03125 0.6721650973 -0.3087063954 0.03125 1.442093675 -0.2835146653 0.03125 2.198612843 -0.2261516011 0.03125 2.920347318 -0.1478314738 0.03125 2.665557606 -0.5250651773 0.03125 3.324454168 -0.4299374578 0.03125 3.939948471 -0.316666978 0.03125 4.492049229 -0.1996592531 0.03125 4.94714037 -0.08494319356 0.03125 5.301185364 0.02189800592 0.03125 5.529156391 0.1161723076 0.03125 5.629775906 0.1958148822 0.03125 5.599835748 0.2593696561 0.03125 5.442849792 0.3093241951 0.03125 5.187220463 0.3472519199 0.03125 4.840779647 0.3779509718 0.03125 4.459191272 0.4036984052 0.03125 4.052320832 0.4282340465 0.03125 3.68733556 0.4527035878 0.03125 3.375707453 0.478398024 0.03125 1 3 1 1 1 1 500 0.0004
-1.703711025 86.9 60.70769882 33.33289719 60.54160309 90.09390331 44.78930088 114.4519442 0.8444750802 0.1830690981 0.5033364126 0.7368819809 0.2567954313 -0.6253487449 0.8444750802 -0.1830690981 -0.5033364126 0 0.1830690981 0.9818299011 -0.04995748878 0 0.5033364126 -0.04995748878 0.8626451791 0 0 0 0 1 1 0 0 60.70769882 0 1 0 33.33289719 0 0 1 60.54160309 0 0 0 1 0.8444750802 0.1830690981 0.5033364126 -0 -0.1830690981 0.9818299011 -0.04995748878 -0 -0.5033364126 -0.04995748878 0.8626451791 -0 0 0 0 1 32 -6.693396368 0.9414158901 0.03125 -6.076516524 0.9470493812 0.03125 -5.470282228 0.8817686561 0.03125 -4.899127855 0.7611894212 0.03125 -4.341875189 0.6039868917 0.03125 -3.79418343 0.430590936 0.03125 -3.24102503 0.2558455059 0.03125 -2.675536968 0.09373752727 0.03125 -2.09318902 -0.04775422075 0.03125 -1.489789619 -0.1615549728 0.03125 -0.8646769713 -0.2439937813 0.03125 -0.2174567888 -0.2914991191 0.03125 0.4556190601 -0.301302808 0.03125 1.152379533 -0.2713751791 0.03125 1.874319337 -0.200000641 0.03125 2.577889183 -0.1086714979 0.03125 2.459546763 -0.4135752349 0.03125 3.199122888 -0.2903791098 0.03125 3.955000968 -0.1323332014 0.03125 4.675678251 0.02776079815 0.03125 5.305097712 0.1776673984 0.03125 5.827495022 0.3049200585 0.03125 6.186335502 0.4013108204 0.03125 6.370575146 0.4643765723 0.03125 6.359333191 0.4950545568 0.03125 6.155004148 0.5026262727 0.03125 5.798922273 0.4938362688 0.03125 5.306424512 0.4807412012 0.03125 4.767776338 0.468235651 0.03125 4.202536881 0.4625364766 0.03125 3.709241718 0.4639549805 0.03125 3.309927069 0.471819783 0.03125 1 3 1 1 1 1 500 0.0004
-1.704334802 86.9 60.90769958 33.63290024 60.54160309 85.52113982 45.10267451 116.0578853 0.8412254066 0.1744631332 0.5117640379 0.7262601594 0.2747063111 -0.6301449226 0.8412254066 -0.1744631332 -0.5117640379 0 0.1744631332 0.9834689524 -0.04849159542 0 0.5117640379 -0.04849159542 0.8577564542 0 0 0 0 1 1 0 0 60.90769958 0 1 0 33.63290024 0 0 1 60.54160309 0 0 0 1 0.8412254066 0.1744631332 0.5117640379 -0 -0.1744631332 0.9834689524 -0.04849159542 -0 -0.5117640379 -0.04849159542 0.8577564542 -0 0 0 0 1 32 -7.074955043 0.9924652607 0.03125 -6.529632483 1.042038591 0.03125 -5.972775251 1.01597202 0.03125 -5.412364497 0.9329886573 0.03125 -4.831075775 0.810603502 0.03125 -4.227491498 0.6683553344 0.03125 -3.591905261 0.5195372693 0.03125 -2.922242427 0.377237411 0.03125 -2.220735768 0.2482466358 0.03125 -1.48773929 0.1385088768 0.03125 -0.734532163 0.05020445179 0.03125 0.03591317123 -0.01496845025 0.03125 0.8076413442 -0.05634957356 0.03125 1.576441103 -0.07364511467 0.03125 2.323171474 -0.06624440313 0.03125 3.032387972 -0.04000173133 0.03125 2.74143661 -0.4695436801 0.03125 3.375543548 -0.4063842697 0.03125 3.968814476 -0.3254119694 0.03125 4.507737369 -0.2362959504 0.03125 4.967597878 -0.1428919488 0.03125 5.345724746 -0.04948374628 0.03125 5.625117647 0.03998849442 0.03125 5.804664177 0.1225351203 0.03125 5.883876022 0.1955358525 0.03125 5.864904914 0.2586748693 0.03125 5.769583449 0.3113649178 0.03125 5.603347847 0.3557072438 0.03125 5.405751622 0.392526116 0.03125 5.183760233 0.4247109585 0.03125 4.9814959 0.4533757584 0.03125 4.806053952 0.480657986 0.03125 1 3 1 1 1 1 500 0.0004
-1.711669846 86.9 60.70769882 33.53289795 60.54160309 76.82840218 46.81885062 117.6742857 0.7807829663 0.06491567962 0.6214208832 0.7329094741 0.3055462306 -0.6078529458 0.7807829663 -0.06491567962 -0.6214208832 0 0.06491567962 0.9976335996 -0.02265293397 0 0.6214208832 -0.02265293397 0.7831493667 0 0 0 0 1 1 0 0 60.70769882 0 1 0 33.53289795 0 0 1 60.54160309 0 0 0 1 0.7807829663 0.06491567962 0.6214208832 -0 -0.06491567962 0.9976335996 -0.02265293397 -0 -0.6214208832 -0.02265293397 0.7831493667 -0 0 0 0 1 32 -6.052905944 0.9293536408 0.03125 -5.79390069 0.9561080221 0.03125 -5.480771456 0.987949411 0.03125 -5.132637816 1.017556284 0.03125 -4.727827196 1.03973955 0.03125 -4.273270858 1.048350871 0.03125 -3.762802953 1.041140922 0.03125 -3.203466508 1.015962299 0.03125 -2.596415609 0.9742719296 0.03125 -1.948404325 0.918093472 0.03125 -1.263150928 0.8514127615 0.03125 -0.5463459164 0.7788666187 0.03125 0.1960905922 0.7054188121 0.03125 0.9600348314 0.6364454486 0.03125 1.73618687 0.5766962065 0.03125 2.492506742 0.5165193177 0.03125 2.357091431 0.03567089192 0.03125 3.114197974 0.01245823105 0.03125 3.880642263 0.01397166588 0.03125 4.620446206 0.02392140424 0.03125 5.282158979 0.04032927679 0.03125 5.854976519 0.05953120438 0.03125 6.288876021 0.07941522725 0.03125 6.576064951 0.0981705753 0.03125 6.696619491 0.1161165465 0.03125 6.652894692 0.1357174544 0.03125 6.473520876 0.1597826354 0.03125 6.171774586 0.1926173026 0.03125 5.813933522 0.2364972841 0.03125 5.417918055 0.2932306851 0.03125 5.058779061 0.3624143216 0.03125 4.755419513 0.4396459899 0.03125 1 3 1 1 1 1 500 0.0004
-1.770514776 86.9 60.40769958 33.33289719 60.54160309 71.47197361 48.67140768 123.5233949 0.7930713198 0.1167808801 0.5978294972 0.8603330048 0.2893873048 -0.4196213873 0.7930713198 -0.1167808801 -0.5978294972 0 0.1167808801 0.9923941821 -0.03893601668 0 0.5978294972 -0.03893601668 0.8006771378 0 0 0 0 1 1 0 0 60.40769958 0 1 0 33.33289719 0 0 1 60.54160309 0 0 0 1 0.7930713198 0.1167808801 0.5978294972 -0 -0.1167808801 0.9923941821 -0.03893601668 -0 -0.5978294972 -0.03893601668 0.8006771378 -0 0 0 0 1 32 -6.39603107 0.9748586611 0.03125 -5.994700274 1.058064804 0.03125 -5.571237618 1.09844552 0.03125 -5.140457507 1.100575083 0.03125 -4.688463074 1.072804908 0.03125 -4.215458259 1.025566914 0.03125 -3.720488944 0.9662108332 0.03125 -3.202280106 0.9020935921 0.03125 -2.663204965 0.8371372047 0.03125 -2.102880343 0.7745947293 0.03125 -1.520359054 0.7154131964 0.03125 -0.9173875803 0.6603031825 0.03125 -0.2898281932 0.609126948 0.03125 0.3588508471 0.5620825037 0.03125 1.03217841 0.5195566947 0.03125 1.691709832 0.4659238706 0.03125 1.50398942 0.00114808247 0.03125 2.198392047 -0.01563462517 0.03125 2.938412368 -0.008169096131 0.03125 3.684360004 0.006142937452 0.03125 4.391190163 0.02734767459 0.03125 5.048447874 0.05522409652 0.03125 5.596780295 0.08931512608 0.03125 6.024951507 0.1286610617 0.03125 6.29804226 0.1720550101 0.03125 6.412214331 0.2180058802 0.03125 6.381480812 0.2648588827 0.03125 6.213980982 0.3110244305 0.03125 5.96718684 0.3549362609 0.03125 5.657460354 0.3956864472 0.03125 5.363846003 0.4325332486 0.03125 5.105518462 0.4651448227 0.03125 1 3 1 1 1 1 500 0.0004
-1.757262628 86.9 60.40769958 33.33289719 60.54160309 71.53445368 48.24859539 123.5261791 0.7978974724 0.03359982325 0.6018560254 0.8302807358 0.3400584455 -0.4415814233 0.7978974724 -0.03359982325 -0.6018560254 0 0.03359982325 0.9993720731 -0.01124772485 0 0.6018560254 -0.01124772485 0.7985253993 0 0 0 0 1 1 0 0 60.40769958 0 1 0 33.33289719 0 0 1 60.54160309 0 0 0 1 0.7978974724 0.03359982325 0.6018560254 -0 -0.03359982325 0.9993720731 -0.01124772485 -0 -0.6018560254 -0.01124772485 0.7985253993 -0 0 0 0 1 32 -6.720019458 0.9214959185 0.03125 -6.146627371 0.9651174656 0.03125 -5.586258395 1.026478933 0.03125 -5.060208434 1.092864911 0.03125 -4.54645931 1.154335501 0.03125 -4.045250455 1.200700447 0.03125 -3.544494027 1.227106711 0.03125 -3.042710052 1.229373181 0.03125 -2.532659797 1.2083907 0.03125 -2.013821748 1.165564464 0.03125 -1.477315 1.105096398 0.03125 -0.9240698298 1.031289356 0.03125 -0.3419369494 0.9488506927 0.03125 0.2679234684 0.8624816897 0.03125 0.9153593629 0.7762750742 0.03125 1.562358141 0.6764970923 0.03125 1.390684168 0.1744592757 0.03125 2.113396628 0.1140033755 0.03125 2.900663814 0.07824309909 0.03125 3.70906933 0.05004015335 0.03125 4.475965851 0.03091040282 0.03125 5.187480774 0.02087468924 0.03125 5.768026312 0.02038968413 0.03125 6.202552995 0.02838130108 0.03125 6.44561357 0.04512915469 0.03125 6.491783011 0.07043606489 0.03125 6.353238313 0.1052761004 0.03125 6.039500804 0.1505401552 0.03125 5.622570437 0.2068402018 0.03125 5.121895368 0.2740595559 0.03125 4.645524158 0.3511017945 0.03125 4.218699691 0.4323650896 0.03125 1 3 1 1 1 1 500 0.0004
-1.682247042 86.9 60.50769806 33.53289795 60.54160309 72.3582781 46.07633585 123.3800584 0.735932761 0.01661222224 0.6768508 0.7802964837 0.4226756034 -0.4609584926 0.735932761 -0.01661222224 -0.6768508 0 0.01661222224 0.9998410273 -0.006477207048 0 0.6768508 -0.006477207048 0.7360917337 0 0 0 0 1 1 0 0 60.50769806 0 1 0 33.53289795 0 0 1 60.54160309 0 0 0 1 0.735932761 0.01661222224 0.6768508 -0 -0.01661222224 0.9998410273 -0.006477207048 -0 -0.6768508 -0.006477207048 0.7360917337 -0 0 0 0 1 32 -3.673827422 0.8854488855 0.03125 -4.498375689 0.9448237364 0.03125 -5.121199797 1.029451066 0.03125 -5.391051604 1.124323101 0.03125 -5.292989029 1.229841314 0.03125 -4.839856615 1.335833774 0.03125 -4.167253083 1.42647567 0.03125 -3.329999046 1.478490727 0.03125 -2.472479313 1.47728903 0.03125 -1.648048867 1.414513226 0.03125 -0.9147743809 1.297103899 0.03125 -0.2971307411 1.141365842 0.03125 0.2430301358 0.9702201261 0.03125 0.7019355952 0.8083571196 0.03125 1.160406351 0.6759781856 0.03125 1.512750405 0.5385392304 0.03125 1.408284456 0.1842797724 0.03125 1.92413876 0.1317378328 0.03125 2.638329101 0.1720396006 0.03125 3.431855427 0.2396090787 0.03125 4.236578054 0.3191717555 0.03125 5.029876665 0.3905697954 0.03125 5.709246539 0.437250068 0.03125 6.254042231 0.4475038208 0.03125 6.590849453 0.4185000543 0.03125 6.715372591 0.3619224512 0.03125 6.63028293 0.2921463965 0.03125 6.354052676 0.2347370854 0.03125 5.964323596 0.205110682 0.03125 5.49276453 0.2185625829 0.03125 5.051361488 0.2765492983 0.03125 4.691105044 0.3573131492 0.03125 1 3 1 1 1 1 500 0.0004
-1.675547788 86.9 60.70769882 33.53289795 60.54160309 72.33241156 45.99801305 121.9605663 0.7683836529 -0.01879160197 0.6397135591 0.785705984 0.4152895187 -0.4584765233 0.7683836529 0.01879160197 -0.6397135591 0 -0.01879160197 0.9998003124 0.006797870222 0 0.6397135591 0.006797870222 0.7685833405 0 0 0 0 1 1 0 0 60.70769882 0 1 0 33.53289795 0 0 1 60.54160309 0 0 0 1 0.7683836529 -0.01879160197 0.6397135591 -0 0.01879160197 0.9998003124 0.006797870222 -0 -0.6397135591 0.006797870222 0.7685833405 -0 0 0 0 1 32 -4.631503528 0.878713477 0.03125 -5.19927965 0.9967202716 0.03125 -5.539113861 1.158839489 0.03125 -5.585815344 1.335676883 0.03125 -5.33661564 1.511840744 0.03125 -4.821134953 1.669397153 0.03125 -4.131344897 1.788262831 0.03125 -3.316267228 1.84708748 0.03125 -2.483511505 1.835286512 0.03125 -1.674573148 1.748861698 0.03125 -0.9433028302 1.598087794 0.03125 -0.3059169291 1.40085612 0.03125 0.2635774634 1.1805114 0.03125 0.7658734699 0.9620282262 0.03125 1.272301558 0.7656208849 0.03125 1.655096541 0.5482067167 0.03125 1.693703484 0.1776263164 0.03125 2.235652427 0.06271143013 0.03125 3.002834596 0.06029095563 0.03125 3.845620923 0.09537301793 0.03125 4.686170648 0.1541041373 0.03125 5.487860158 0.21641612 0.03125 6.129761964 0.2640472217 0.03125 6.579811233 0.2822834426 0.03125 6.769065072 0.2659520596 0.03125 6.696332641 0.2254118491 0.03125 6.391782742 0.1748508972 0.03125 5.889389151 0.1391656768 0.03125 5.289514055 0.1326756012 0.03125 4.638806888 0.1678892893 0.03125 4.050442949 0.2434604041 0.03125 3.600569258 0.3293177885 0.03125 1 3 1 1 1 1 500 0.0004
-1.770584147 86.9 60.40769958 33.63290024 60.54160309 65.66283182 51.83301882 132.4550718 0.6354950713 0.1478966193 0.7578077622 0.8942598902 0.4468865832 -0.02432345647 0.6354950713 -0.1478966193 -0.7578077622 0 0.1478966193 0.9866258172 -0.06852799992 0 0.7578077622 -0.06852799992 0.648869254 0 0 0 0 1 1 0 0 60.40769958 0 1 0 33.63290024 0 0 1 60.54160309 0 0 0 1 0.6354950713 0.1478966193 0.7578077622 -0 -0.1478966193 0.9866258172 -0.06852799992 -0 -0.7578077622 -0.06852799992 0.648869254 -0 0 0 0 1 32 -2.830571924 0.7613426919 0.03125 -3.617345404 0.7108732725 0.03125 -4.185064298 0.6716035736 0.03125 -4.465319327 0.6583438397 0.03125 -4.438440394 0.6704839167 0.03125 -4.106567901 0.7016831287 0.03125 -3.591648136 0.7436622471 0.03125 -2.916118281 0.7850542658 0.03125 -2.226411007 0.8172112025 0.03125 -1.54831686 0.8333353676 0.03125 -0.961311836 0.8319610058 0.03125 -0.4841747012 0.8155825997 0.03125 -0.1001689327 0.78968703 0.03125 0.177301086 0.7613882438 0.03125 0.4334440402 0.7357572538 0.03125 0.5279371821 0.6556378228 0.03125 0.2347020747 0.3647644847 0.03125 0.4786380656 0.3124518352 0.03125 0.9905120875 0.326417282 0.03125 1.633935285 0.3364569995 0.03125 2.384070251 0.3392772847 0.03125 3.226304322 0.332838821 0.03125 4.044674873 0.316679554 0.03125 4.817984567 0.2925605256 0.03125 5.409457055 0.263691859 0.03125 5.802578681 0.2366660695 0.03125 5.936477625 0.2171621305 0.03125 5.814917891 0.2127651938 0.03125 5.485308069 0.2271985386 0.03125 4.973972951 0.2629125985 0.03125 4.424423129 0.3182730207 0.03125 3.894228371 0.3768041915 0.03125 1 3 1 1 1 1 500 0.0004
-1.77754468 86.9 60.40769958 33.63290024 60.54160309 66.99888395 51.90445522 130.7586113 0.7153766349 0.1306591573 0.6864142006 0.9229619652 0.3834426066 -0.03336132794 0.7153766349 -0.1306591573 -0.6864142006 0 0.1306591573 0.9900477743 -0.0522837371 0 0.6864142006 -0.0522837371 0.7253288606 0 0 0 0 1 1 0 0 60.40769958 0 1 0 33.63290024 0 0 1 60.54160309 0 0 0 1 0.7153766349 0.1306591573 0.6864142006 -0 -0.1306591573 0.9900477743 -0.0522837371 -0 -0.6864142006 -0.0522837371 0.7253288606 -0 0 0 0 1 32 -3.695471354 0.6977011435 0.03125 -4.433170026 0.6376216386 0.03125 -4.927001694 0.5973525966 0.03125 -5.101401837 0.5959225082 0.03125 -4.949906628 0.6279963481 0.03125 -4.490420967 0.6812714275 0.03125 -3.85316644 0.7429404916 0.03125 -3.077323589 0.7993171948 0.03125 -2.307621414 0.8409426016 0.03125 -1.577775221 0.8619555791 0.03125 -0.9577758327 0.8620492912 0.03125 -0.4653234739 0.8447934773 0.03125 -0.06926345005 0.8159474432 0.03125 0.2236420146 0.7818760797 0.03125 0.5009562527 0.7443803945 0.03125 0.6245525567 0.642595352 0.03125 0.4690600333 0.3759413584 0.03125 0.7645810576 0.294378474 0.03125 1.340427524 0.280267408 0.03125 2.050629582 0.2623258051 0.03125 2.84895503 0.2370677094 0.03125 3.709106704 0.2055282874 0.03125 4.503199636 0.1696263953 0.03125 5.197529848 0.1332676294 0.03125 5.669061139 0.1008650704 0.03125 5.898710163 0.07872800763 0.03125 5.86370563 0.07210616282 0.03125 5.577791113 0.0862621967 0.03125 5.115916222 0.1234174944 0.03125 4.518463776 0.1833652373 0.03125 3.91465851 0.2624082789 0.03125 3.391967329 0.3368238614 0.03125 1 3 1 1 1 1 500 0.0004
-1.863859185 86.9 60.50769806 33.63290024 60.54160309 61.12868171 55.31990336 128.161963 0.7373387523 0.141084094 0.6606260991 0.9244866889 0.3796740292 -0.03423439164 0.7373387523 -0.141084094 -0.6606260991 0 0.141084094 0.9885429819 -0.05364747349 0 0.6606260991 -0.05364747349 0.7487957704 0 0 0 0 1 1 0 0 60.50769806 0 1 0 33.63290024 0 0 1 60.54160309 0 0 0 1 0.7373387523 0.141084094 0.6606260991 -0 -0.141084094 0.9885429819 -0.05364747349 -0 -0.6606260991 -0.05364747349 0.7487957704 -0 0 0 0 1 32 -5.7134376 0.8745413238 0.03125 -5.505655539 0.8546795419 0.03125 -5.252813736 0.8674999164 0.03125 -4.96678295 0.9054166335 0.03125 -4.625572843 0.9579547178 0.03125 -4.236794213 1.012720264 0.03125 -3.803989212 1.060832805 0.03125 -3.334199534 1.093587056 0.03125 -2.837907489 1.107407603 0.03125 -2.321098908 1.099795244 0.03125 -1.787209097 1.072199601 0.03125 -1.241574446 1.026863264 0.03125 -0.6777691421 0.9674000164 0.03125 -0.1003835962 0.8977503004 0.03125 0.4996667853 0.8215211905 0.03125 1.078848339 0.7234045995 0.03125 0.8375348351 0.2255419085 0.03125 1.471616167 0.1574000978 0.03125 2.174618998 0.10618818 0.03125 2.902419045 0.05483458572 0.03125 3.602516006 0.006858865442 0.03125 4.266586436 -0.03408040459 0.03125 4.825904086 -0.06431553119 0.03125 5.270886689 -0.08087037704 0.03125 5.550851445 -0.08072119903 0.03125 5.661991362 -0.06228249903 0.03125 5.608566236 -0.02394726966 0.03125 5.397149467 0.0336331761 0.03125 5.084636618 0.1099289274 0.03125 4.685583391 0.2017304863 0.03125 4.290458489 0.3065309177 0.03125 3.921190867 0.4151057984 0.03125 1 3 1 1 1 1 500 0.0004
-1.897064449 86.9 60.40769958 33.33289719 60.54160309 61.69624393 55.85571623 125.5061813 0.783920279 0.1621751005 0.5993064599 0.9501196407 0.3087145114 -0.04436235694 0.783920279 -0.1621751005 -0.5993064599 0 0.1621751005 0.9852567609 -0.0544825834 0 0.5993064599 -0.0544825834 0.7986635181 0 0 0 0 1 1 0 0 60.40769958 0 1 0 33.33289719 0 0 1 60.54160309 0 0 0 1 0.783920279 0.1621751005 0.5993064599 -0 -0.1621751005 0.9852567609 -0.0544825834 -0 -0.5993064599 -0.0544825834 0.7986635181 -0 0 0 0 1 32 -6.29511842 0.8351382265 0.03125 -6.058659135 0.7692478959 0.03125 -5.763514762 0.7646520123 0.03125 -5.430617224 0.8055803352 0.03125 -5.042466064 0.8714998897 0.03125 -4.61308924 0.9403209948 0.03125 -4.140218655 0.9981000695 0.03125 -3.633449725 1.0323304 0.03125 -3.095516454 1.039589494 0.03125 -2.533519589 1.01794121 0.03125 -1.946579516 0.9711166514 0.03125 -1.340711256 0.903569951 0.03125 -0.7107277953 0.8213446873 0.03125 -0.0611729531 0.730912731 0.03125 0.611041965 0.6381583747 0.03125 1.265509895 0.5310948749 0.03125 1.088581408 0.0213063876 0.03125 1.802520901 -0.05407031244 0.03125 2.576835107 -0.1077787614 0.03125 3.366954581 -0.1554074321 0.03125 4.107416777 -0.1939631342 0.03125 4.786903957 -0.2214140291 0.03125 5.333611517 -0.2356474866 0.03125 5.736912869 -0.2357269534 0.03125 5.951805152 -0.2197305859 0.03125 5.976663843 -0.1865095572 0.03125 5.824937719 -0.1340857379 0.03125 5.507435433 -0.06178284143 0.03125 5.095445502 0.03086148092 0.03125 4.607153044 0.1418796048 0.03125 4.140745778 0.2689871215 0.03125 3.720857691 0.4016796819 0.03125 1 3 1 1 1 1 500 0.0004
-1.971883881 86.9 60.70769882 33.53289795 60.54160309 59.48599001 55.68427381 121.8521376 0.8063367813 0.09452347322 0.5838546978 0.9562539098 0.2665108396 -0.1206251727 0.8063367813 -0.09452347322 -0.5838546978 0 0.09452347322 0.9950536981 -0.03055242769 0 0.5838546978 -0.03055242769 0.8112830832 0 0 0 0 1 1 0 0 60.70769882 0 1 0 33.53289795 0 0 1 60.54160309 0 0 0 1 0.8063367813 0.09452347322 0.5838546978 -0 -0.09452347322 0.9950536981 -0.03055242769 -0 -0.5838546978 -0.03055242769 0.8112830832 -0 0 0 0 1 32 -7.647700331 0.9577245684 0.03125 -7.155843388 1.116164837 0.03125 -6.601030318 1.30422128 0.03125 -6.027889681 1.480264329 0.03125 -5.442970165 1.616902096 0.03125 -4.868995583 1.69178448 0.03125 -4.293347069 1.700590595 0.03125 -3.726909288 1.641859946 0.03125 -3.150768297 1.525507996 0.03125 -2.569965992 1.361544562 0.03125 -1.966597051 1.164665003 0.03125 -1.342497203 0.9496750352 0.03125 -0.6826970442 0.7315845277 0.03125 0.01297924619 0.5258330611 0.03125 0.748147405 0.3454407082 0.03125 1.486368457 0.1849169779 0.03125 1.397212112 -0.355517884 0.03125 2.223948902 -0.4381102058 0.03125 3.106300371 -0.4787987151 0.03125 3.993475366 -0.4976232564 0.03125 4.806370862 -0.4982848181 0.03125 5.52589432 -0.4869248195 0.03125 6.069441399 -0.4679572413 0.03125 6.424750224 -0.4446617678 0.03125 6.550747102 -0.4161052271 0.03125 6.452247542 -0.3775915918 0.03125 6.160242291 -0.3224854455 0.03125 5.69515341 -0.2427166071 0.03125 5.140790543 -0.1329740696 0.03125 4.522031754 0.008784291846 0.03125 3.942144401 0.1809355118 0.03125 3.429617927 0.3687298305 0.03125 1 3 1 1 1 1 500 0.0004
-1.966101654 86.9 60.50769806 33.53289795 60.54160309 59.4649756 55.73541646 121.5183143 0.8049602639 0.1274512466 0.5794783458 0.947942683 0.2807862722 -0.1502123134 0.8049602639 -0.1274512466 -0.5794783458 0 0.1274512466 0.9910004555 -0.04091792989 0 0.5794783458 -0.04091792989 0.8139598085 0 0 0 0 1 1 0 0 60.50769806 0 1 0 33.53289795 0 0 1 60.54160309 0 0 0 1 0.8049602639 0.1274512466 0.5794783458 -0 -0.1274512466 0.9910004555 -0.04091792989 -0 -0.5794783458 -0.04091792989 0.8139598085 -0 0 0 0 1 32 -7.11926553 0.8408864988 0.03125 -6.863886751 0.8042447602 0.03125 -6.497064913 0.8254089925 0.03125 -6.05135154 0.8722375863 0.03125 -5.546316243 0.9152876416 0.03125 -5.008488191 0.9277436681 0.03125 -4.445567555 0.9019294502 0.03125 -3.872745689 0.8323525946 0.03125 -3.283332126 0.728640831 0.03125 -2.686660843 0.6000628976 0.03125 -2.067516746 0.4624693013 0.03125 -1.433593421 0.3304261302 0.03125 -0.7664160328 0.2182970035 0.03125 -0.07240716181 0.1388957901 0.03125 0.6593443548 0.1012187976 0.03125 1.386425734 0.09188200403 0.03125 1.312496765 -0.3145810029 0.03125 2.158723761 -0.29097151 0.03125 3.068216458 -0.2250602727 0.03125 3.987464872 -0.1451337409 0.03125 4.83335816 -0.06178522416 0.03125 5.587323223 0.01066111673 0.03125 6.160112066 0.06268002415 0.03125 6.540106187 0.08855019293 0.03125 6.681838735 0.08953614003 0.03125 6.591123776 0.07660578367 0.03125 6.297708346 0.06163448674 0.03125 5.823121114 0.06325288633 0.03125 5.254633993 0.09248933778 0.03125 4.617658304 0.1590546619 0.03125 4.021279943 0.2638176575 0.03125 3.495270273 0.393953587 0.03125 1 3 1 1 1 1 500 0.0004
1.657136419 86.9 60.70769882 33.33289719 60.54160309 58.38564361 57.22755954 120.5708427 0.7191692975 0.1748555679 0.6724738299 0.7716979204 0.6190723407 -0.1457112097 0.7191692975 -0.1748555679 -0.6724738299 0 0.1748555679 0.9822155563 -0.06839686679 0 0.6724738299 -0.06839686679 0.7369537412 0 0 0 0 1 1 0 0 60.70769882 0 1 0 33.33289719 0 0 1 60.54160309 0 0 0 1 0.7191692975 0.1748555679 0.6724738299 -0 -0.1748555679 0.9822155563 -0.06839686679 -0 -0.6724738299 -0.06839686679 0.7369537412 -0 0 0 0 1 32 1.843810757 0.5922123869 0.03125 4.094476714 0.1492426027 0.03125 6.103844766 -0.4867495913 0.03125 7.31579715 -1.239841517 0.03125 7.637795308 -2.17081819 0.03125 6.85800422 -3.11603198 0.03125 5.523933694 -3.828692819 0.03125 3.900835425 -4.114100981 0.03125 2.374363778 -4.019323227 0.03125 1.195981682 -3.73985825 0.03125 0.274162255 -3.527988648 0.03125 -0.2658268935 -3.550448007 0.03125 -0.5972255708 -3.872974944 0.03125 -0.6709874748 -4.476520591 0.03125 -0.5806536135 -5.288454056 0.03125 -0.3282458353 -6.243547656 0.03125 0.4151082349 -7.06420391 0.03125 1.438406521 -7.528292859 0.03125 2.979400772 -7.248832879 0.03125 4.588825978 -6.126760053 0.03125 6.073968198 -4.310755902 0.03125 7.029002419 -2.225119936 0.03125 7.344268562 -0.3779210983 0.03125 7.130979608 0.8259748008 0.03125 6.421183064 1.297105308 0.03125 5.608459444 1.2602888 0.03125 4.691392268 0.981170111 0.03125 3.893243742 0.6913275315 0.03125 3.211296625 0.4664191701 0.03125 2.578206735 0.3219312434 0.03125 2.136508893 0.2347092813 0.03125 1.600168703 0.1658240933 0.03125 1 3 1 1 1 1 500 0.0004
4.944248411 86.9 60.90769958 33.43289948 60.4416008 58.97741126 57.8026344 119.7388398 0.8211745025 0.1017433066 0.5615342697 0.5492847151 0.8271940336 -0.1184750289 0.8211745025 -0.1017433066 -0.5615342697 0 0.1017433066 0.9943159206 -0.03137115818 0 0.5615342697 -0.03137115818 0.8268585818 0 0 0 0 1 1 0 0 60.90769958 0 1 0 33.43289948 0 0 1 60.4416008 0 0 0 1 0.8211745025 0.1017433066 0.5615342697 -0 -0.1017433066 0.9943159206 -0.03137115818 -0 -0.5615342697 -0.03137115818 0.8268585818 -0 0 0 0 1 32 -5.395351201 0.4368508001 0.03125 -5.576426257 -0.07867526277 0.03125 -5.873448443 -0.8288163593 0.03125 -6.241162238 -1.740177957 0.03125 -6.513363717 -2.832939656 0.03125 -6.512424209 -4.131085953 0.03125 -6.015288371 -5.608967337 0.03125 -4.917913244 -7.169949728 0.03125 -3.283933313 -8.682164808 0.03125 -1.426024305 -9.978137131 0.03125 0.1576785043 -10.96351102 0.03125 0.9327846169 -11.60363387 0.03125 0.6661392668 -11.92705809 0.03125 -0.4815680856 -11.97702635 0.03125 -1.823875829 -11.8199723 0.03125 -2.79464511 -11.61732954 0.03125 -2.815907009 -11.55272278 0.03125 -1.285391031 -11.30296006 0.03125 1.334627197 -10.65958566 0.03125 4.152499147 -9.538239475 0.03125 6.543007678 -7.995348123 0.03125 7.99103248 -6.268359468 0.03125 8.414592019 -4.595878684 0.03125 7.878641088 -3.202723917 0.03125 6.758619323 -2.161307144 0.03125 5.342430121 -1.45537718 0.03125 3.998179761 -1.004084406 0.03125 2.901139452 -0.6950762234 0.03125 2.165145329 -0.4568678214 0.03125 1.822881245 -0.2282874431 0.03125 1.745780551 0.00371148143 0.03125 1.959111538 0.191075709 0.03125 1 3 1 1 1 1 500 0.0004
5.067001014 86.9 60.90769958 33.33289719 60.54160309 59.94578612 58.23059609 119.7551373 0.7814282571 0.1132811096 0.613626327 0.5691383987 0.8152534131 -0.1069736208 0.7814282571 -0.1132811096 -0.613626327 0 0.1132811096 0.9927964487 -0.039020528 0 0.613626327 -0.039020528 0.7886318084 0 0 0 0 1 1 0 0 60.90769958 0 1 0 33.33289719 0 0 1 60.54160309 0 0 0 1 0.7814282571 0.1132811096 0.613626327 -0 -0.1132811096 0.9927964487 -0.039020528 -0 -0.613626327 -0.039020528 0.7886318084 -0 0 0 0 1 32 -3.993510812 -0.02451190702 0.03125 -4.434786523 -0.469321641 0.03125 -5.309439481 -1.392323018 0.03125 -6.261035371 -2.642874315 0.03125 -6.966138738 -4.163366259 0.03125 -7.109907572 -5.884414154 0.03125 -6.453133378 -7.674939448 0.03125 -5.013122933 -9.307003844 0.03125 -2.977389406 -10.59175286 0.03125 -0.91814473 -11.41095134 0.03125 0.6519192432 -11.81722171 0.03125 1.199605288 -11.96855212 0.03125 0.7046944328 -11.99989035 0.03125 -0.4814480208 -11.9672076 0.03125 -1.615678374 -11.88611309 0.03125 -2.13271763 -11.81303076 0.03125 -1.306785244 -11.56636717 0.03125 0.4115701712 -11.06152172 0.03125 2.887889092 -9.967227596 0.03125 5.211067266 -8.263451262 0.03125 6.920608069 -6.156962754 0.03125 7.681359132 -4.039204688 0.03125 7.614237978 -2.24876558 0.03125 6.965306137 -1.000859406 0.03125 5.992021898 -0.2977530999 0.03125 4.973499414 -0.0007954762245 0.03125 3.970738696 0.05595342839 0.03125 3.097692308 0.02872801183 0.03125 2.371949037 -0.0002463513681 0.03125 1.788985346 0.01505123998 0.03125 1.439042646 0.06672986141 0.03125 1.231569675 0.09080830829 0.03125 1 3 1 1 1 1 500 0.0004
4.949956035 86.9 61.10770035 33.33289719 60.54160309 61.02391154 60.37418904 118.807557 0.8294950866 0.0772771434 0.5531420653 0.4715919597 0.8722906006 -0.1292676746 0.8294950866 -0.0772771434 -0.5531420653 0 0.0772771434 0.9967358443 -0.02336450041 0 0.5531420653 -0.02336450041 0.8327592423 0 0 0 0 1 1 0 0 61.10770035 0 1 0 33.33289719 0 0 1 60.54160309 0 0 0 1 0.8294950866 0.0772771434 0.5531420653 -0 -0.0772771434 0.9967358443 -0.02336450041 -0 -0.5531420653 -0.02336450041 0.8327592423 -0 0 0 0 1 32 -4.866607312 0.4288596644 0.03125 -5.336583686 -0.1532764512 0.03125 -5.861459118 -0.9815440999 0.03125 -6.342062309 -1.981942219 0.03125 -6.607701806 -3.17081019 0.03125 -6.496415561 -4.558452669 0.03125 -5.821152664 -6.104405998 0.03125 -4.538685026 -7.69336012 0.03125 -2.78997484 -9.188105744 0.03125 -0.9637614679 -10.43564951 0.03125 0.4079342446 -11.36931139 0.03125 0.8555304468 -11.97366603 0.03125 0.3099303506 -12.27199196 0.03125 -0.8904738069 -12.28958785 0.03125 -1.951055433 -12.07227323 0.03125 -2.349556155 -11.74335391 0.03125 -1.763198262 -11.47759291 0.03125 0.2476057209 -10.90933835 0.03125 2.951164804 -9.890990865 0.03125 5.462501421 -8.46019159 0.03125 7.253861285 -6.768845402 0.03125 8.021419802 -5.078437466 0.03125 7.873328901 -3.577935467 0.03125 6.988672503 -2.402376026 0.03125 5.763620465 -1.561291045 0.03125 4.444010115 -1.001357755 0.03125 3.273699465 -0.6431300321 0.03125 2.364285425 -0.3946466173 0.03125 1.74346675 -0.2040112082 0.03125 1.426298929 -0.02902812529 0.03125 1.309424809 0.1371341332 0.03125 1.418838957 0.2674515068 0.03125 1 3 1 1 1 1 500 0.0004
