-1.444319297 77.9 61.44549942 33.40639877 60.17230225 99.16505243 57.80354646 61.92761041 0.591635337 -0.0140228403 0.8060837351 0.06656371301 0.4476284873 -0.8917387563 0.591635337 0.0140228403 -0.8060837351 0 -0.0140228403 0.9998764541 0.007101867637 0 0.8060837351 0.007101867637 0.5917588829 0 0 0 0 1 1 0 0 61.44549942 0 1 0 33.40639877 0 0 1 60.17230225 0 0 0 1 0.591635337 -0.0140228403 0.8060837351 -0 0.0140228403 0.9998764541 0.007101867637 -0 -0.8060837351 0.007101867637 0.5917588829 -0 0 0 0 1 32 -0.9728616287 1.028329636 0.03125 -1.047811888 1.178409468 0.03125 -1.053137083 1.3175518 0.03125 -0.9878575429 1.437383969 0.03125 -0.7486338008 1.529566209 0.03125 -0.3396043863 1.586037108 0.03125 0.2582061236 1.598845372 0.03125 1.029912135 1.563364204 0.03125 1.884521799 1.477538417 0.03125 2.798941929 1.345366577 0.03125 3.68127119 1.17459888 0.03125 4.50731489 0.9781448211 0.03125 5.230601135 0.7717774953 0.03125 5.829898684 0.5742662319 0.03125 6.259352046 0.4039010452 0.03125 6.499303097 0.2746879354 0.03125 5.565146814 -0.2816481951 0.03125 5.431442919 -0.3021008577 0.03125 5.156886172 -0.2800516012 0.03125 4.745295782 -0.2240500541 0.03125 4.234726228 -0.1412826334 0.03125 3.640357149 -0.04188854963 0.03125 3.023192036 0.06490708322 0.03125 2.39775389 0.1684241672 0.03125 1.836474718 0.2619956997 0.03125 1.34851452 0.3391296347 0.03125 0.9916021154 0.3984248457 0.03125 0.7689158071 0.4401719618 0.03125 0.6609542028 0.4671860177 0.03125 0.6690776051 0.4835601071 0.03125 0.7524755229 0.4922819461 0.03125 0.9145416287 0.4959626651 0.03125 1 3 1 1 1 1 500 0.0004
-1.225735597 77.9 61.54550171 33.70640182 59.87229919 106.7116209 72.08553993 58.87730885 0.6261521173 0.2011113899 0.753317818 0.2463592563 0.6081355998 -0.7546377999 0.6261521173 -0.2011113899 -0.753317818 0 0.2011113899 0.9751279166 -0.09316520379 0 0.753317818 -0.09316520379 0.6510242007 0 0 0 0 1 1 0 0 61.54550171 0 1 0 33.70640182 0 0 1 59.87229919 0 0 0 1 0.6261521173 0.2011113899 0.753317818 -0 -0.2011113899 0.9751279166 -0.09316520379 -0 -0.753317818 -0.09316520379 0.6510242007 -0 0 0 0 1 32 1.728041023 0.9377958626 0.03125 1.205258302 0.9243726083 0.03125 0.7351390015 0.8996363807 0.03125 0.327892134 0.8662000486 0.03125 0.1026521182 0.8252283792 0.03125 0.05732186059 0.7805378534 0.03125 0.2204966114 0.7317527077 0.03125 0.5864302508 0.680017628 0.03125 1.080511325 0.6260486586 0.03125 1.692835025 0.5710142681 0.03125 2.326569912 0.5183120417 0.03125 2.969579351 0.4713398374 0.03125 3.567250873 0.4352159695 0.03125 4.108121283 0.4141996571 0.03125 4.542089327 0.4127790637 0.03125 4.837649794 0.4214090243 0.03125 4.0637228 -0.01149677551 0.03125 4.057020744 0.01700460005 0.03125 3.929685877 0.06554344065 0.03125 3.662839591 0.1201347979 0.03125 3.289825923 0.1781210029 0.03125 2.817777006 0.2360618673 0.03125 2.301184374 0.2913569234 0.03125 1.748142908 0.3414544718 0.03125 1.239325315 0.3847170335 0.03125 0.7814706865 0.419804932 0.03125 0.4647224659 0.4464923412 0.03125 0.2931257809 0.4651726391 0.03125 0.2717171005 0.4770168009 0.03125 0.4022464855 0.483946333 0.03125 0.5952851841 0.4873044195 0.03125 0.8524562496 0.488663873 0.03125 1 3 1 1 1 1 500 0.0004
-1.183918642 77.9 61.54550171 32.8064003 60.17230225 102.0788459 77.80750362 62.58025553 0.5993908231 0.2693825271 0.7537663399 0.237308666 0.7230989108 -0.6487006724 0.5993908231 -0.2693825271 -0.7537663399 0 0.2693825271 0.9546283842 -0.1269555124 0 0.7537663399 -0.1269555124 0.6447624389 0 0 0 0 1 1 0 0 61.54550171 0 1 0 32.8064003 0 0 1 60.17230225 0 0 0 1 0.5993908231 0.2693825271 0.7537663399 -0 -0.2693825271 0.9546283842 -0.1269555124 -0 -0.7537663399 -0.1269555124 0.6447624389 -0 0 0 0 1 32 1.723217028 0.9453611395 0.03125 1.16647346 0.9393072917 0.03125 0.6539326774 0.9277813601 0.03125 0.1959289691 0.9110351715 0.03125 -0.0785451045 0.8887956614 0.03125 -0.1683057594 0.8626885428 0.03125 -0.01845749957 0.8322717405 0.03125 0.3657285815 0.7985685091 0.03125 0.9078838704 0.7625436529 0.03125 1.596913148 0.7253331822 0.03125 2.307024977 0.690155056 0.03125 3.024676265 0.6599994495 0.03125 3.688462028 0.6394458958 0.03125 4.285468318 0.6322831953 0.03125 4.750936403 0.6421609033 0.03125 5.057819216 0.6607203584 0.03125 4.237254644 0.2220595525 0.03125 4.170481098 0.2498887463 0.03125 3.953281119 0.2898437331 0.03125 3.573721837 0.3305419859 0.03125 3.089659202 0.3697928996 0.03125 2.509162552 0.4053239286 0.03125 1.899664986 0.4356749062 0.03125 1.269463261 0.4599094753 0.03125 0.7168248118 0.4775910185 0.03125 0.2484250581 0.4891018671 0.03125 -0.03606344072 0.4950688176 0.03125 -0.1330849943 0.4971150868 0.03125 -0.06461353971 0.4963928754 0.03125 0.170385073 0.4947133554 0.03125 0.4622250903 0.4928263184 0.03125 0.8115065567 0.4917051354 0.03125 1 3 1 1 1 1 500 0.0004
-1.523012554 77.9 61.44549942 33.10639954 60.07229996 118.0324592 54.36389815 57.043211 0.6690376576 -0.03497749459 0.7424050024 0.5671574543 0.51119919 -0.6457614189 0.6690376576 0.03497749459 -0.7424050024 0 -0.03497749459 0.9992669877 0.01555834695 0 0.7424050024 0.01555834695 0.6697706699 0 0 0 0 1 1 0 0 61.44549942 0 1 0 33.10639954 0 0 1 60.07229996 0 0 0 1 0.6690376576 -0.03497749459 0.7424050024 -0 0.03497749459 0.9992669877 0.01555834695 -0 -0.7424050024 0.01555834695 0.6697706699 -0 0 0 0 1 32 1.745780186 0.9375513365 0.03125 1.242536564 0.9434184114 0.03125 0.779719113 0.954598792 0.03125 0.3661423526 0.9683654852 0.03125 0.1591722653 0.982312246 0.03125 0.1642998349 0.9935503122 0.03125 0.4164382738 1.00110813 0.03125 0.9114316577 1.004030256 0.03125 1.511076084 1.003546771 0.03125 2.203013376 1.001213684 0.03125 2.87635826 0.9999775014 0.03125 3.518436995 1.003007819 0.03125 4.090720474 1.013596127 0.03125 4.581411916 1.034157246 0.03125 4.926469487 1.066246427 0.03125 5.1016124 1.100043088 0.03125 4.15750726 0.6651255452 0.03125 3.983557899 0.6891644777 0.03125 3.682780947 0.7166543338 0.03125 3.244570226 0.7362252255 0.03125 2.721101965 0.7465480581 0.03125 2.119500763 0.7466899418 0.03125 1.485145816 0.7367483023 0.03125 0.8246978729 0.7171944431 0.03125 0.218886803 0.6891584276 0.03125 -0.3267938125 0.6547370515 0.03125 -0.6490149116 0.616345151 0.03125 -0.7460012494 0.5789639276 0.03125 -0.5879208782 0.5449118383 0.03125 -0.1778329712 0.5190941874 0.03125 0.2680337463 0.5018798381 0.03125 0.7494087806 0.493340196 0.03125 1 3 1 1 1 1 500 0.0004
-1.530377586 77.9 61.54550171 33.70640182 59.87229919 121.2934914 49.3292675 54.62206507 0.5843111483 -0.08005000933 0.8075719646 0.3888931932 0.4943138581 -0.777441891 0.5843111483 0.08005000933 -0.8075719646 0 -0.08005000933 0.9959553374 0.04080394395 0 0.8075719646 0.04080394395 0.5883558109 0 0 0 0 1 1 0 0 61.54550171 0 1 0 33.70640182 0 0 1 59.87229919 0 0 0 1 0.5843111483 -0.08005000933 0.8075719646 -0 0.08005000933 0.9959553374 0.04080394395 -0 -0.8075719646 0.04080394395 0.5883558109 -0 0 0 0 1 32 1.978180308 0.9497031041 0.03125 1.852651924 0.9473631873 0.03125 1.742451762 0.9437788439 0.03125 1.649035664 0.9382988248 0.03125 1.609918558 0.9302696001 0.03125 1.626124731 0.9190412549 0.03125 1.71681817 0.9044337381 0.03125 1.880280813 0.8868676797 0.03125 2.086405791 0.8672051723 0.03125 2.331301523 0.847058388 0.03125 2.579532845 0.828005182 0.03125 2.827549454 0.8118818301 0.03125 3.061115168 0.8003442517 0.03125 3.277106071 0.7950472253 0.03125 3.45471335 0.7973343115 0.03125 3.589440229 0.8073391091 0.03125 2.668878058 0.3246625245 0.03125 2.685191526 0.3388465525 0.03125 2.650047922 0.3567358295 0.03125 2.562661273 0.3760232544 0.03125 2.445517862 0.3958729676 0.03125 2.299936673 0.4150406486 0.03125 2.14360846 0.4329471959 0.03125 1.977619736 0.4489909847 0.03125 1.80905307 0.4628986782 0.03125 1.638768157 0.4744507997 0.03125 1.476777133 0.4835648123 0.03125 1.323967398 0.4902354265 0.03125 1.201659089 0.4946194821 0.03125 1.110415989 0.4972774025 0.03125 1.048155078 0.498530818 0.03125 1.015068301 0.4990782704 0.03125 1 3 1 1 1 1 500 0.0004
