0.631131914   -2.398740069   0.3273038121   0.9997977389   0.01021772691   0.01732279625   -0.01043327112   0.9998687043   0.01239843192   -0.01719383805   -0.01257665763   0.9997730741   

-1.611873597   8.7330613   4.836196489   0.9990750905   0.02986398561   0.030937128   -0.03095307428   0.9988957501   0.03534384902   -0.02984745749   -0.03626875838   0.9988962441   

2.041170317   -3.138314612   9.958064694   0.9845835588   0.10208406   0.1420354198   -0.1198209523   0.9852086973   0.1225020903   -0.1274290202   -0.1376323633   0.9822520946   

-29.95378913   4.70334187   37.00968226   0.9018416205   0.1568418008   0.4025945118   -0.2261618638   0.9653004232   0.1305599642   -0.3681473928   -0.2087959348   0.906019732   

-0.1567275085   6.969227475   5.583651536   0.9909402184   -0.04311343845   -0.1271955774   0.05238336857   0.9961384328   0.07045711697   0.1236667546   -0.0764817237   0.9893720634   

-15.67694698   2.748131328   26.99023601   0.8791145637   -0.2476669607   -0.4072083747   0.226510398   0.9688365067   -0.1002440172   0.4193454703   -0.004110955555   0.9078174247   

-3.326277971   -2.996634263   4.809859841   0.9269550217   0.1958333304   -0.3200057727   -0.08613980882   0.9412627789   0.3265031613   0.3651497243   -0.2750885089   0.8893773053   

1.886152798   -9.225738052   -1.03391441   0.9741569109   0.2233506074   0.03365737708   -0.2249529787   0.9727909944   0.05544220886   -0.02035854229   -0.06158073815   0.9978944546   

0.7170701794   -10.8074955   1.964548127   0.9660493198   0.2145527928   -0.1439298817   -0.1640307067   0.9397591071   0.2999112335   0.1996062099   -0.2661201229   0.9430468924   

-2.008292109   -3.289409878   -3.852667275   0.9956999969   -0.05557420973   0.07411493355   0.06404253232   0.9910332651   -0.1172673076   -0.06693332665   0.1215095658   0.9903309322   

13.3208542   37.97316686   -29.7411743   0.879895457   0.04173322703   0.4733310919   0.313817984   0.6969414626   -0.6448184788   -0.3567944195   0.7159126591   0.6001389895   

1.376758809   5.367645288   3.794423072   0.9680816821   -0.1892858302   -0.1642824737   0.1560154562   0.9680981719   -0.1960742384   0.1961556375   0.1641852735   0.9667296219   

-2.381748325   5.658828887   1.258842754   0.9726577261   -0.2314849783   0.01875240341   0.2264779079   0.927535002   -0.2972988014   0.05142669608   0.2934169813   0.9546003195   

1.481759793   -5.708802143   0.9574078888   0.9611706822   0.2486851077   0.1196103546   -0.2751716548   0.8963584214   0.3475947939   -0.02077209983   -0.3670113044   0.929984528   

3.830771412   0.05383559071   -2.73711393   0.9949356006   -0.08601721461   -0.05200182102   0.08040464496   0.9915516455   -0.1017861846   0.06031785529   0.09708951075   0.9934462156   

2.879626231   2.260395164   -1.618707223   0.9618147506   -0.06674988107   -0.2654370716   0.05671526412   0.9973621773   -0.04529973541   0.2677606476   0.0285156201   0.963063391   

2.668773741   -24.27838181   -12.96365045   0.4676825179   0.664722693   0.5825948883   -0.870896868   0.233914662   0.4322297725   0.1510354519   -0.7095263718   0.6883027095   

0.8790983269   1.228000938   3.987650312   0.9926649506   -0.118397694   -0.02445980246   0.1139311787   0.9838044842   -0.1383778283   0.04044727912   0.134576086   0.9900774185   

1.92222885   -10.56647677   6.342418732   0.9857114774   0.1539704626   0.06830797941   -0.1531083591   0.9880506442   -0.01771312684   -0.07021904139   0.007001509782   0.9975070251   

-5.520861577   17.63593876   1.324766569   0.9775645886   -0.1912315337   -0.08830614694   0.1928842971   0.9811653397   0.0104987687   0.08463523502   -0.02729609358   0.9960380516   

2.385989401   -0.1184849649   -2.609100293   0.9380615242   -0.3354412444   -0.08671648302   0.3174524174   0.9324095536   -0.1727321253   0.1387967563   0.1345050035   0.9811441609   

-5.908020147   8.427072545   -4.518720921   0.8791537103   0.436018142   0.192293873   -0.4716559448   0.8537723211   0.2204846785   -0.06803986646   -0.2845364715   0.9562476525   

-1.565167873   -2.278801142   -0.167337551   0.9642154166   -0.2650241406   0.007129885362   0.2312885606   0.8277239454   -0.511252063   0.1295925618   0.4946061818   0.8594012409   

4.28062093   3.308656054   1.70804447   0.9634913549   -0.2671023092   0.01845983323   0.2353752435   0.8121492872   -0.5338651796   0.1276044819   0.518719473   0.8453680882   

0.8930827511   -1.759200798   0.3745955901   0.9929231754   0.1132636614   0.03570589147   -0.1185547133   0.9629609961   0.2421794789   -0.006953246314   -0.2446987189   0.9695742309   

-11.82747415   14.39716394   5.578963657   0.9699080756   -0.2072054994   0.1278444596   0.2431380263   0.7968375494   -0.5531128457   0.01273675751   0.5675524653   0.8232387103   

-1.431626567   3.325269967   3.252522678   0.9692383228   -0.1024985985   -0.2237657501   0.01100600034   0.9262984606   -0.3766298314   0.2458778997   0.3625813002   0.898932066   

1.662151535   3.017669061   0.1007745368   0.996498543   -0.08343920614   0.005343466212   0.08354224751   0.9910792488   -0.1038393739   0.003368476445   0.10392219   0.9945797262   

