23
1 0 0 0 1 0 0 0 1 1 9.6887118084477744125e-14 4.0509525125715811696e-13 -9.7057973825992017614e-14 0.99999999999990307753 4.3999522447712990925e-07 -4.046661217748823321e-13 -4.399952247546856654e-07 0.99999999999990329957 -3.3584246494910985348e-14 5.8009153036664429237e-14 1.8318679906315082917e-14 0 1.9999999999999664713 5.8009153036664429237e-14 1.8318679906315082917e-14 0.28382010993902367924 3.7469393556264352085 0.52957838877144236545 0.81715948132146087879 0.56764021987804735847 5.4289777215657588627 1.1013932061822473418 1.735731607016192779 0.85146032981707109322 7.1534276859951875238 1.6951294102247584927 2.556554145807963252 1.1352804397560947169 8.9263737842711368131 2.3270929153146795443 3.232782110955328303 1.4191005496951183407 10.698541271107933071 3.126129404292508962 3.7028492211759198582 1.7029206596341421864 11.943331622731893304 4.6824498744507447867 3.8712641125166591394 1.9867407695731658102 11.240789032086700772 6.550862829190191583 3.7468979568887661458 2.2705608795121894339 9.270505314277452058 6.8216505051947011751 3.5355780419849272 2.5543809894512130576 8.0367782622121684 5.2643286166687808247 3.3060870903804597809 2.8382010993902366813 8.7780581516636217998 3.3823773327279669232 3.1801532784976114243 3.1220212093292603051 10.768310238299058312 3.1856030143569369351 3.1934386472432811921 3.4058413192682843729 12.155715629135380951 4.6405199987618441781 3.4225390922447065378 3.6896614292073079966 13.27336944481046821 6.236161887985956831 3.8750619201178340134 3.9734815391463316203 14.441759754131973992 7.7526516231236159982 4.4539599839475227938 4.257301649085355244 15.628840550867543868 9.2223738373049979344 5.110279871779344063 4.5411217590243788678 16.777863336101873415 10.692434227662779733 5.8304667140039851958 4.8249418689634024915 17.873092668792423865 12.178455573671987722 6.6000206549459132788 5.1087619789024261152 18.899801802921100347 13.69710766590662665 7.3997482189626300197 5.3925820888414497389 19.86841633327706802 15.23605357664186144 8.2324734890870292503 5.6764021987804733627 21.103270137123811168 16.566989388542801009 9.071369160664175979 5.9600967763214685036 23.103270137123811168 16.566989388542619821 9.0713691606633855002 0 
1 0 0 0 1 0 0 0 1 0.10402852717988331221 0.42356481333531881273 0.89987272124284367614 -0.79319043929428190154 0.58118361539561169682 -0.18186404869525299444 -0.60002249336581359174 -0.69485138993881490066 0.3964272358897269477 -25.049218245106104064 20.145774053557058636 6.2737073268793324132 0 -23.049218245106104064 20.145774053557058636 6.2737073268793324132 -0.32604840197826850945 -21.949721281289654939 19.504219386580064821 4.7311438414421811416 -0.6520968039565370189 -22.658447409779274295 18.557365558476377032 3.1183284697569213506 -0.97814520593480547284 -23.181279085499358672 17.374362012697798008 1.5928275562651232899 -1.3041936079130740378 -22.921197421802961713 16.439148974866828468 -0.15580990243746006829 -1.6302420098913426028 -22.032643560691397511 16.090551815982578887 -1.9133511208208455745 -1.9562904118696109457 -20.684819890478589599 16.509164388348299468 -3.3304383171665778995 -2.2823388138478795106 -18.734215722149798466 16.685811973557679977 -3.7353234246880480107 -2.6083872158261480756 -17.283363794203129515 15.505118229491285931 -3.0275259989259089011 -2.9344356178044166406 -17.480700216558023641 13.805373813426474072 -1.9921889751135224422 -3.2604840197826852055 -18.940509373472426802 12.747760800610649312 -1.1259249737268592906 -3.5865324217609537705 -20.878256535745638445 12.706443563445755984 -0.63253798120259363547 -3.9125808237392218913 -22.596592186947884073 13.726644764479539518 -0.71323962429196285928 -4.2386292257174904563 -23.182254009277929896 15.483211179706417582 -1.4691941243030195441 -4.5646776276957590213 -21.997486252506671889 16.806893302189475747 -2.3879850959071888816 -4.8907260296740275862 -20.080620424172654026 16.636564202976376947 -2.9326052524169177183 -5.2167744316522961512 -18.356067197543854519 15.924932827512483513 -3.6533684928024641181 -5.5428228336305647161 -16.825168418269736748 15.612066770145270667 -4.9017524685604172419 -5.8688712356088332811 -15.653904336961794286 15.364775297876816396 -6.50393470126486406 -6.1949196375871018461 -14.872720058816678801 14.852404570988618104 -8.2723316640518458343 -6.520968039565370411 -14.437340957479351644 13.856742239136883299 -9.951349586577215689 -6.8470164415436398642 -14.229283903119579691 12.270361360548319496 -11.151394573308840208 0 
1 0 0 0 1 0 0 0 1 0.10402852717910204827 0.42356488931357028083 0.8998726854804122155 -0.79319043929417154537 0.58118360004036850874 -0.18186409776653439385 -0.60002249336609558839 -0.69485135646762530293 0.3964272945570661566 -25.049218245106100511 20.145774053557047978 6.273707326879331525 0 -23.049218245106100511 20.145774053557047978 6.273707326879331525 -0.43182533454094096381 -21.546215955844427725 19.634758222331132771 5.0572177302486549522 -0.86365066908188192762 -20.022875067763930446 19.134321090396309017 3.8618118511921024627 -1.2954760036228227804 -18.458858584224515198 18.653087634938632533 2.711913246720703885 -1.7273013381637638552 -16.835393224434444193 18.193328847949192806 1.6381432139167984019 -2.1591266727047049301 -15.114959346655327366 17.747924798211851538 0.65486573888766763663 -2.5909520072456455608 -14.07403525645985809 16.282219079926019134 -0.27043554653186657744 -3.0227773417865866357 -12.54244484725771791 15.481985889981324078 -1.3151544341138641236 -3.4546026763275277105 -12.642388652921662029 16.466582430805434711 0.49909283107207652597 -3.8864280108684687853 -14.544706365781522095 15.662018269096883216 -0.10016450815707513 -4.3182533454094098602 -14.142119397650580126 17.273716065238641448 -1.4456773220925034362 -4.7500786799503504909 -13.09590188624531315 16.109957352308484246 -0.12100341398654826386 -5.1819040144912911217 -12.178596620062579703 14.301156220220967441 -0.41993381487446512779 -5.6137293490322326406 -10.161786565796230519 14.262804178034871327 -0.85684988565165487451 -6.0455546835731732713 -8.2212063963347041806 14.208213029028758712 -1.3376496489033660175 -6.4773800181141147903 -6.2865028566512979324 14.141507085861581672 -1.8401160962236571272 -6.909205352655055421 -4.3536044433440448387 14.061152475636554016 -2.347508311822090743 -7.3410306871959960517 -2.4211402686637133463 13.96693421489718645 -2.8541690789240186099 -7.7728560217369375707 -0.48910164421507018595 13.860575787723682595 -3.3600491423854812467 -8.2046813562778790896 1.4422246284263253724 13.74544194435845057 -3.8667275677374863818 -8.6365066908188197203 3.3725800323302870254 13.624955489761203964 -4.3758552814603079995 -9.1608849390544353497 3.5806370866887382576 12.038574611172903062 -5.5759002681925116107 0 
1 0 0 0 1 0 0 0 1 0.1040285271807912526 0.42356432572195451547 0.89987295075932849375 -0.79319043929629329259 0.58118371393993495388 -0.18186373376772441146 -0.60002249336299762206 -0.69485160475218754605 0.3964268593722689582 -1.7910942584757045815 8.5735785806384523511 8.1601220496326654086 0 0.20890574152429541854 8.5735785806384523511 8.1601220496326654086 -0.047354786864006903624 1.7534377277962249764 7.6794215830124015199 7.2574016017261291367 -0.094709573728013807248 3.2978813416673729009 6.78526926655114071 6.3545253319053278673 -0.14206436059202071087 4.842170159631307591 5.8911457546720376044 5.4513558061475801964 -0.1894191474560276145 6.3862640581775451665 4.9970909528640525821 4.5477850873568073098 -0.23677393432003451812 7.9301357798407607902 4.1031335397263939413 3.6437384898013074341 -0.28412872118404142174 9.496890372136158831 3.1958675103162978992 2.7256201426998467596 -0.33148350804804832537 11.195896904740624933 3.3845269195576173082 1.6390658851814945418 -0.37883829491205522899 11.948454274487039228 5.0344871205961210237 0.63377245109454860561 -0.42619308177606213262 11.146343685369888732 6.6118039090536857572 -0.40664414049255837025 -0.47354786864006903624 9.3721447176834526971 6.8611193187621655198 -1.4289304248899017402 -0.52090265550407588435 8.1218053508056335943 5.5937831096427421684 -2.4604220147559661136 -0.56825744236808284349 8.4156733763316591279 3.8312073472182643918 -3.4864855994118908455 -0.61561222923208980262 10.008633587917175944 3.0339819751694880878 -4.5174982248363937387 -0.66296701609609665073 11.604450515680833078 3.8465373602051400326 -5.5421038942903777524 -0.71032180296010349885 11.860876900348145568 5.6038477502258521312 -6.5801444644436335452 -0.75767658982411045798 10.60762129124045039 6.8989095526901529354 -7.5936972394837205513 -0.80503137668811741712 8.9170711349948952318 6.5551161118035343733 -8.6626418953064590056 -0.85238616355212426523 7.9581971053046087761 4.9767301790328541955 -9.6443785995386566157 -0.89974095041613111334 8.8028171500830723062 3.6631536313399273297 -10.894349773279905946 -0.94709573728013807248 10.613604759340388384 3.4259953965791525299 -11.827161735858952696 -0.83546067956820124767 10.821661813696749732 1.8396145179877883002 -13.02720672258746859 0 
1 0 0 0 1 0 0 0 1 0.1040285271755468921 0.42356495414018835444 0.89987265496730572956 -0.79319043929502008883 0.58118358693710592267 -0.18186413963696373974 -0.60002249336559032589 -0.69485132791061154922 0.39642734461209910846 -1.7910942584757012508 8.5735785806384612329 8.1601220496326671849 0 0.20890574152429874921 8.5735785806384612329 8.1601220496326671849 -0.19847931333503027185 1.9185198042506206306 7.6305361512557290382 7.7266597822070934853 -0.3969586266700605437 3.5627297084421249984 6.5822256964065219975 7.2821146593377283907 -0.59543794000509087105 5.225911601567441167 5.5613455857394011872 6.8443592529232226696 -0.79391725334012108739 6.8841282345812020438 4.5325667674538125951 6.4062586505175156404 -0.99239656667515130373 8.5776442857476062898 3.5568245905767899018 5.9820698272410668395 -1.1908758800101817421 10.48900072489382751 3.1492401549123805182 5.5571105033773351423 -1.3893551933452119584 11.919809899563498234 4.4411906801159375391 5.0245406125621832061 -1.5878345066802421748 11.441004264646316813 6.3309823071286475127 4.5779748019518997637 -1.7863138200152723911 9.5936938750630460504 6.9434710253580469441 4.1172220350334631789 -1.9847931333503026075 8.1500984499687394447 5.6281461422724134991 3.6860116959428221861 -2.1832724466853328238 8.5107624433101491945 3.7071060404174427383 3.2623180456399234473 -2.3817517600203634842 10.363235454931926327 3.0747183163370417347 2.8519269016668715722 -2.5802310733553937006 11.918027271542545265 4.3173048120735852962 2.4716043448534565918 -2.7787103866904239169 11.503482600943153003 6.2308511269766251317 2.0635924898055582055 -2.9771897000254541332 9.6800783309069515781 7.0564221851979702649 1.7649857048394033132 -3.1756690133604843496 7.7226611825045123894 7.3595976239213722891 1.4882038214782000729 -3.3741483266955145659 5.7618567446988420144 7.6598400138986084684 1.2330552895893787113 -3.5726276400305447822 3.8146035075516890878 8.0759641113107782928 1.0458504584263181858 -3.7711069533655749986 1.8994343677967053807 8.6489536515708067554 0.98388534474250466388 -3.9695862667006052149 -0.052046541647422450705 8.5884493753207138411 0.55025334691001059895 -4.164869467042441542 0.15601051270363613943 7.0020684967306143776 -0.64979163982109677811 0 
1 0 0 0 1 0 0 0 1 0.10402852718003002819 0.42356449481884500541 0.89987287116659431252 -0.79319043929460542053 0.58118367976732798752 -0.18186384298078206445 -0.60002249336536084279 -0.69485153025733759069 0.39642698994222308473 -1.7910942584757076901 8.5735785806384807728 8.1601220496326671849 0 0.20890574152429230992 8.5735785806384807728 8.1601220496326671849 -0.36241720560113738214 2.1415318210355827055 8.2093305508715808116 8.5238249635662235448 -0.72483441120227476429 4.0610914436558074314 7.8636844463236048597 8.9663400769995611483 -1.0872516168034120909 5.9523777328483085114 7.5122477344845037805 9.513631964282904363 -1.4496688224045495286 7.68251690384881325 6.6110160497128704904 9.9545400038382272356 -1.8120860280056869662 7.9839317153359488088 4.6757030012928417761 10.359154037267760629 -2.1745032336068241818 9.2073132741393148848 3.1016696833027292968 10.648884799792417866 -2.5369204392079618415 11.166558518657817345 3.4299746608116317148 11.048653503595785352 -2.8993376448090990571 12.065210056834258623 5.2245965645195004967 11.20617407307904223 -3.2617548504102362728 10.826373609761992256 6.7672911481491633268 10.753099234186914046 -3.6241720560113739324 9.1114986155794746026 6.6462147529899375797 9.7310697526041494143 -3.9865892616125111481 7.2665814355565832017 5.8882111635996690069 9.5837226763087812742 -4.3490064672136483637 7.4220797970776031249 7.2209697229763838422 11.066819061478863517 -4.7114236728147860234 9.3070340260749091499 7.4533806344498909624 10.43997560096063637 -5.0738408784159236831 11.164711875128011442 6.8139283007045019502 10.065631211340534179 -5.4362580840170604546 11.850929725613484678 4.9402382836344109762 10.201243827318021928 -5.7986752896181981143 11.199720211397417913 3.0429001991892441481 10.484148118275852468 -6.161092495219335774 9.3813107558434651878 2.7060193207052618547 11.245658673496341962 -6.5235097008204725455 8.345163860332158734 4.4095486639546326302 11.613577336079803359 -6.8859269064216102052 8.0510111542391378237 6.3702271973616815259 11.876662637323541105 -7.2483441120227478649 8.402975825565144774 8.2186034401031857755 11.198705310868319884 -7.6072011029306052521 8.6110328799252062737 6.6322225615139753785 9.9986603241375977547 0 
1 0 0 0 1 0 0 0 1 0.104028527179581054 0.42356546875371797745 0.89987241274098983546 -0.79319043929340438126 0.58118348293648847136 -0.1818644719986529934 -0.60002249336702673244 -0.69485110120172965953 0.3964277419812598513 -2.0958580851169394954 24.615189042324473689 17.730236448051694964 0 -0.095858085116939495407 24.615189042324473689 17.730236448051694964 0.25146843959146136793 1.8759214773372530072 24.737130963451040344 17.41844240551611378 0.50293687918292273586 3.8625029001707913423 24.869529621798825758 17.228798408129776476 0.7544053187743841038 5.5239599046423899509 25.155923058882738275 18.322186866631106739 1.0058737583658454717 5.8896988687338174273 26.34957525804619749 19.899827796024425197 1.2573421979573069507 7.1253747468026986667 27.556892971949185522 20.935677302535854238 1.5088106375487682076 8.2691524174315276241 27.100467842304219346 22.539845988576928448 1.7602790771402294645 8.6689560140591126469 27.770186218662541222 24.390478971939501207 2.0117475167316909435 9.6032073882420867506 28.744238171422015427 25.878373961602484599 2.2632159563231524224 10.315323231369621482 27.042832969822065081 26.651750565499423118 2.5146843959146139014 9.6412041765776699265 26.315520613122483695 24.914920049999441432 2.7661528355060749362 9.0273779875661315231 27.779849301426636998 23.665404359652871591 3.0176212750975364152 7.4538470213179248702 28.031891006470985417 22.441365877648262739 3.2690897146889978941 6.9259427116984024764 26.609867451490000434 21.101474127537077408 3.520558154280458929 6.4278069453616089035 26.451351552575726345 19.14437638538098696 3.772026593871920408 4.7296370571506605174 25.671430179601774313 18.401470206302107613 4.0234950334633818869 4.6319407968750310189 23.695557835219890563 17.987635719545380653 4.2749634730548429218 5.8635051342463162527 22.127449112030390665 17.831801463765831528 4.5264319126463048448 6.2910716794170795652 20.464323473378822627 18.85708189354031461 4.7779003522377658797 6.6295537446959666994 18.615639767321820131 18.173123966085505288 5.0293687918292278027 7.5198315166446576541 16.92911752684638671 17.570589136251115292 5.3847107953032704586 7.7278885710038220935 15.342736648259577947 16.370544149517062493 0 
1 0 0 0 1 0 0 0 1 0.10402852717955046735 0.42356545006306295376 0.89987242153859159366 -0.79319043929520516301 0.58118348671178210463 -0.18186445992610839051 -0.6000224933646515213 -0.69485110943741812406 0.39642772754949473502 -1.7910942584757079121 8.5735785806384789964 8.1601220496326654086 0 0.20890574152429208787 8.5735785806384789964 8.1601220496326654086 0.48859138238706456558 1.8915806699611121822 7.9660771592133796659 9.0542951665353239576 0.97718276477412913117 3.3916622650388528193 7.0689105512738814596 10.026328763730422367 1.4657741471611935857 4.8607256612720224354 6.0763370696295675444 10.951883108534886446 1.9543655295482582623 6.325776689608179737 5.0186475176558618116 11.809157153494112436 2.4429569119353229389 7.8410476394733255034 3.9048352182594530113 12.489878191627667547 2.9315482943223871715 9.6362932650994324035 3.0587499053488254042 12.737333129712421709 3.4201396767094518481 11.491790261418545427 3.7336360082061412768 12.418516786703843735 3.9087310590965165247 11.853955387975885216 5.6272713188657101924 11.886568774962295691 4.3973224414835812013 10.427165042405958317 6.9241819940168642944 11.355273410296238268 4.8859138238706458779 8.5278674092437860565 6.3234281148581574783 11.177090943708261506 5.3745052062577105545 7.4512462129611582995 4.6839885922899568982 11.568408649657826004 5.8630965886447743429 6.7202126877726957588 2.9996929550051105728 12.361341098328141541 6.3516879710318390195 5.9775436850370322617 1.4065275077907344325 13.315420230944097213 6.8402793534189036961 5.1513704208647874694 -0.1351356866654755684 14.285323507276473265 7.3288707358059683727 4.2827915288580129527 -1.6754546962918117625 15.219661842779684591 7.8174621181930330494 3.4599263542834406415 -3.2335915930752161529 16.165760383998730276 8.3060535005800968378 2.7529091477909286567 -4.7404412736706813547 17.274602406884920214 8.7946448829671624026 2.0442488946586117038 -6.0272019516290811225 18.63182352739784875 9.283236265354226191 0.99288943442529176142 -7.1620449907822223423 19.899413325041393819 9.7718276477412917558 -0.24905254804755008746 -8.7080608801366583549 20.159039534931203264 10.260419030128353768 -0.040995493688467249394 -10.294441758727082004 18.958994548201911101 0 
1 0 0 0 1 0 0 0 1 0.10402852717933286364 0.4235640943862557517 0.89987305964766495237 -0.79319043929387222924 0.58118376069516741733 -0.18186358436205971034 -0.60002249336645097078 -0.69485170666191264921 0.39642668074100945175 -2.0958580851169466008 24.615189042324502111 17.730236448051709175 0 -0.095858085116946600834 24.615189042324502111 17.730236448051709175 -0.12651152190061787373 1.4814935851323562943 25.607686976445695137 18.45611928196899143 -0.25302304380123574745 2.2818651217495502515 27.125703790782612401 19.483266654536631535 -0.37953456570185362118 2.4199278157251598032 28.787487925427083013 20.587537224952377812 -0.5060460876024714949 2.061274663947819441 30.3600112365346817 21.770135537083234567 -0.63255760950308936863 1.3200384538942371293 31.636351119519137143 23.119774840880772615 -0.75906913140370724236 0.47431772819332801427 32.42665451744296945 24.750780656058989138 -0.88558065330432511608 0.024847500813329936181 32.469106169534029505 26.699158111328618048 -1.0120921752049429898 0.44151297103800829502 31.467096621557157476 28.379145342117698902 -1.1386036971055608635 1.5639201529486541631 29.833667308233341231 28.647647119328990328 -1.2651152190061787373 2.4781153620655183012 28.725493801454998533 27.256178521177467644 -1.391626740906796611 2.5568904799319147614 28.752774510161835053 25.257917430482415 -1.5181382628074144847 2.0005871172548266301 29.625928332193105064 23.5467389847095383 -1.6446497847080323584 1.2523388845662797308 30.962785264334296897 22.261071915268349386 -1.7711613066086502322 0.4979226734505762253 32.527076428795759 21.269179788523672414 -1.8976728285092681059 -0.29687517716078454244 34.142125296917186006 20.397449373949083196 -2.0241843504098859796 -1.1532006079484602434 35.696701526823837014 19.475495043252205818 -2.1506958723105036313 -2.0358352784353530573 37.100987383979983747 18.357936214831752864 -2.2772073942111217271 -2.8694590391130812002 38.221172967397855302 16.926064395440903354 -2.4037189161117398228 -3.5377293391729005556 38.824187799112749531 15.140065514628375354 -2.5302304380123574745 -3.8896085680930525541 38.493974275181045641 13.199154844173360601 -2.6567419599129764585 -3.6815515137343912677 36.907593396593306068 11.999109857440448224 0 
1 0 0 0 1 0 0 0 1 0.1040285271780219678 0.42356420755331458672 0.89987300638084766202 -0.79319043929374299928 0.58118373782403842664 -0.18186365745216448442 -0.6000224933668493188 -0.69485165680784866105 0.39642676812397192876 -3.5608603668876130932 16.767269275727301192 10.479950517498023643 0 -1.5608603668876130932 16.767269275727301192 10.479950517498023643 0.048767653029352785177 0.19510068681119682732 17.177579233452718199 11.344961124269790531 0.097535306058705570353 1.1047290224612917875 17.702490731134965074 13.047022805574098214 0.14630295908805834859 0.93464089639893443984 18.046844328498565346 15.00979629562302442 0.19507061211741114071 0.05189560378571418664 18.190442935301248895 16.798692371884008878 0.24383826514676393282 -1.0762175252989638619 18.338655591187528415 18.443502634613988533 0.29260591817611669718 -2.1637111785053324553 18.698139051441188485 20.083054616480755072 0.34137357120546951705 -2.9893830033642485589 19.327669911036387873 21.79242883560292654 0.39014122423482228141 -3.2907618672860672326 20.15193832170617938 23.589581584922093782 0.43890887726417504577 -2.7625003305720312596 21.029750539619325167 25.307250189440726018 0.48767653029352786564 -1.2735403360402468564 21.731790005968761648 26.443084678120470699 0.53644418332288068552 0.71053184292123472421 21.976767502314618952 26.384731647575542013 0.58521183635223339436 2.1956584352371586455 21.678815292999356501 25.078750748195314912 0.63397948938158621424 2.5188509206036564514 21.065670405439714585 23.202695107086057646 0.68274714241093903411 1.8152237651660176887 20.412693599047191384 21.448119778212294761 0.73151479544029174296 0.55493114384256558846 19.786173576190108747 20.027153986721902612 0.78028244846964456283 -0.90201481646611958443 19.060875388093492688 18.864719045030685862 0.8290501014989973827 -2.3275492832169244473 18.078079880442189165 17.863737485234878477 0.87781775452835009155 -3.5582133544008316406 16.795720205801540459 16.94666623040339104 0.92658540755770291142 -4.4710542236940291616 15.282689028293129141 16.009937625532252525 0.97535306058705573129 -4.9199507269226128159 13.645919194409316333 14.951886178876984346 1.0241207136164085512 -4.7118936725665712117 12.059538315821829002 13.751841192143286818 0 
