-3.728552138   0.2517335378   2.578165742   0.9995309085   0.02711787283   0.0142332006   -0.02746119347   0.9993224146   0.02450703185   -0.01355897781   -0.02488639648   0.99959833   

-1.731047862   -0.1293201059   0.9926425698   0.9997566047   0.01935381513   0.01059061848   -0.01953953734   0.9996519831   0.01772340594   -0.01024391725   -0.01792602793   0.9997868371   

-3.887967435   0.9430317362   3.979259662   0.9995480365   -0.02494591934   -0.01677568891   0.02453204956   0.999400255   -0.02443990148   0.01737530359   0.0240173135   0.9995605372   

-5.101241094   1.567740588   -1.427024768   0.9976740303   0.008594320952   0.06762149722   -0.01107631672   0.9992753562   0.03641534888   -0.06725953052   -0.037079645   0.9970462655   

-4.432975844   0.7260955412   4.478868572   0.9992853351   0.01109074711   -0.03613605263   -0.01133270069   0.9999146713   -0.006497689713   0.03606090496   0.006902565111   0.9993257556   

-7.368799722   1.602922171   -1.470618235   0.9966261553   0.02481993069   0.07823220276   -0.02880296169   0.9983236381   0.05020261897   -0.07685503176   -0.05228656227   0.9956703368   

-6.19779576   3.156559463   1.286230531   0.9999439457   0.007676880365   -0.007291838384   -0.00764797118   0.9999628165   0.003984239841   0.007322153781   -0.003928248738   0.9999654769   

-4.572763483   0.3133736298   1.605941109   0.9998213822   -0.01587510945   0.01025595039   0.01597657023   0.9998234741   -0.009887865308   -0.010097169   0.01004995407   0.9998985177   

-8.692737642   1.716176107   1.616400325   0.9995805882   -0.02083172041   -0.02011683558   0.02031067187   0.9994616226   -0.02576706211   0.02064277736   0.02534766865   0.9994655429   

-5.35642857   1.852557062   5.849109277   0.9751876895   0.04557263267   -0.2166381901   -0.05598098595   0.9975417189   -0.04215030604   0.2141847321   0.05323207904   0.9753416049   

0.0624800663   -0.422812295   0.002784176701   0.998134757   -0.05205574448   0.03189367295   0.05252585528   0.9985202534   -0.01408325184   -0.03111336424   0.0157322256   0.999392043   

0.8238244181   -2.172259537   -0.1461207056   0.9955981322   -0.08502125153   0.03944294429   0.08616475182   0.9958801372   -0.0282557594   -0.03687810474   0.03152997279   0.9988222395   

-0.02586653401   -0.07832279917   -1.419492133   0.999957786   0.008055017782   -0.004420745749   -0.008044581658   0.9999648251   0.002373442198   0.004439708369   -0.002337778955   0.9999874118   

-6.669579741   5.835005769   10.49450554   0.9193402777   -0.0198312873   -0.3929633238   -0.06034188097   0.9798081095   -0.1906172235   0.3888088363   0.1989542373   0.8995804023   

1.336052132   0.07143639881   -1.696460523   0.9975502838   0.06954134108   0.007578462164   -0.06958261044   0.9975619807   0.005324938008   -0.007189682397   -0.005839222601   0.9999571051   

-5.870202242   3.415448143   -2.596648301   0.9999914614   0.004062723799   0.0007558732562   -0.004063071446   0.9999916404   0.0004589609429   -0.0007540023058   -0.000462028191   0.999999609   

0.5675622233   0.5358128664   -2.655781659   0.9971222752   0.07530663518   0.00872232593   -0.07535995627   0.9971386168   0.005954491959   -0.008248955259   -0.006594670671   0.999944231   

-2.210253924   -0.1714424198   -3.654043732   0.9965061982   0.04107318401   0.07272132037   -0.0429113667   0.998793042   0.0238971526   -0.07165201664   -0.02693423193   0.9970659635   

-0.02101441332   0.05114265781   -0.3338232751   0.999444867   -0.01595627445   0.02924645454   0.01577566599   0.9998551007   0.006395783582   -0.02934426963   -0.005930850774   0.999551769   

-1.07933199   1.492143077   -0.9474715791   0.9286473161   -0.3695628183   0.03221002212   0.3707630082   0.9274959222   -0.0478132402   -0.01220466837   0.05634392189   0.9983368212   

0.5917676576   0.5750748555   -0.8320028896   0.9543779104   -0.2980217788   0.01859632804   0.2985721037   0.9533043777   -0.04544735925   -0.004183658084   0.04892630054   0.9987936294   

0.968374852   0.4279616958   0.01629741663   0.9996982895   0.02294653404   -0.00876279578   -0.0230167638   0.9997030735   -0.007999591932   0.008576630965   0.008198869572   0.9999296075   

1.078125428   2.143592943   -0.9475802318   0.9934403445   -0.1121271787   0.02244499165   0.1118470629   0.9936354463   0.01337289298   -0.02380160405   -0.01077476501   0.9996586358   

-2.833485442   -2.964841666   -4.456842233   0.9991275076   -0.02359619571   0.03445929662   0.02152888848   0.9980152221   0.05917874148   -0.03578729574   -0.05838523813   0.9976524612   

-2.602663683   -2.540866316   1.865752228   0.9998616331   0.0126275972   -0.01082859378   -0.01279280045   0.9998007226   -0.01532512428   0.01063291639   0.01546153183   0.9998239256   

-3.423087662   -3.830715304   -1.251559195   0.9985457148   0.04968369721   -0.0209281065   -0.0500796972   0.9985674607   -0.01884277858   0.01996194726   0.01986344904   0.9996034034   

-1.406091138   -2.619229449   -1.24892104   0.999177218   0.03355456299   0.02278109636   -0.03459208434   0.9983056356   0.04678937499   -0.02117249985   -0.04753892314   0.99864497   

0.06107600582   -51.25120298   8.444524072   0.5068962201   -0.5967045285   -0.6220931825   -0.7955804203   -0.04604065207   -0.6040960629   0.3318252806   0.8011391664   -0.4980642721   

5.070487912   -7.817933009   2.93347666   0.992907542   0.02496229624   -0.1162389646   -0.03668827111   0.9943250433   -0.09985829481   0.1130866212   0.1034146607   0.9881886581   

13.35513169   37.20013827   -10.53255318   0.5719526665   -0.7680724452   0.2879841422   -0.7291707588   -0.3152443233   0.6073969222   -0.3757394732   -0.5573919048   -0.740360799   

12.05361368   -4.604018513   -1.036306742   0.9992972619   -0.02811525481   0.0247894086   0.02748900257   0.9993031085   0.02525177317   -0.02548209311   -0.02455259167   0.9993737205   

2.991143771   -2.427599052   4.821825944   0.961587936   0.2215188779   -0.1621049907   -0.2363468884   0.9684905195   -0.07852554939   0.1396022551   0.1138222311   0.9836440973   

1.829250968   4.503970758   -0.5598167676   0.9549458916   -0.2707205155   0.1216089908   0.2626245266   0.9616920402   0.0785924798   -0.1382269951   -0.04311406206   0.98946171   

3.499879051   8.150230795   -6.659934516   0.995182478   -0.07131425796   0.06727638641   0.06454506144   0.9930985946   0.09792403428   -0.07379546464   -0.09310992459   0.9929173034   

6.254623568   1.820679564   -6.022690996   0.9941048595   -0.1012838769   0.03869243712   0.1028296937   0.9938823348   -0.0402983693   -0.03437415467   0.04403953621   0.9984382488   

4.510280819   -1.432663365   -1.290077208   0.9998773154   0.005019296322   -0.01483781979   -0.005775376506   0.9986634712   -0.05136064995   0.0145601943   0.05144004278   0.9985699388   

-4.332134652   -5.402865479   -0.6639828834   0.9317408945   0.3369749627   -0.1353025498   -0.3379058659   0.9410312537   0.01672738525   0.1329606381   0.03013393636   0.9906631186   

-0.002175248559   25.48929598   -7.564251414   0.8618579991   -0.4679259061   0.1955661928   0.4596547628   0.883664439   0.08862651004   -0.2142855301   0.01350946534   0.9766776367   

1.820369852   1.280135791   -1.233777917   0.9956421254   0.08099331816   -0.0462259725   -0.08484194214   0.9924589028   -0.08847130096   0.03871179373   0.09200765541   0.9950055218   

0.01920527928   -0.4689743132   -1.571104236   0.9355623256   0.3493889998   0.05148263609   -0.3313066935   0.8178053607   0.4705637756   0.1223070311   -0.4572982822   0.8808627993   

-0.2884837883   -0.09248588602   0.6716586179   0.9995615017   0.02938272427   -0.003668756309   -0.02921980253   0.9988301077   0.03853075467   0.0047966028   -0.03840665867   0.9992506798   

-2.121588149   -2.303947493   -0.3506303519   0.9786618309   0.2054423736   -0.003801571669   -0.1970912652   0.9437901026   0.2653587675   0.05810382076   -0.2589472406   0.9641422471   

-2.171874052   -2.841722523   2.033314349   0.8557824877   0.5132808406   -0.06464605475   -0.3834189008   0.7131757893   0.5868306741   0.3473129429   -0.4774128949   0.8071249268   

-3.001684292   -0.8050618225   2.135113244   0.9931552929   0.1024014297   -0.05618283891   -0.09415099175   0.9865299932   0.133769067   0.0691241994   -0.1275637869   0.9894186805   

-2.273438481   -1.174507061   2.346048227   0.9888076064   0.1485835924   -0.01350680068   -0.1458154264   0.9815958628   0.123318383   0.03158130802   -0.1199686552   0.9922752354   

0.7623750078   2.030443893   -1.862998662   0.9993761457   0.03512622099   -0.003669885134   -0.03501350512   0.9990154693   0.02724236605   0.004623193389   -0.02709687524   0.9996221213   

-0.5979147783   1.001054535   -0.4966274739   0.9988462206   -0.04569733587   0.01476418459   0.04636449649   0.9977442454   -0.04854641232   -0.0125124385   0.04917493446   0.9987118026   

1.543590103   1.31640412   -1.107002867   0.9910908549   0.1265267039   -0.04159219316   -0.118739709   0.9808480966   0.1543952486   0.06033074541   -0.1480810741   0.9871333226   

-11.70104351   19.86223698   -5.235390398   0.8626197494   -0.1114665453   -0.4934190685   0.4210036304   0.6989496422   0.5781222543   0.280433791   -0.7064308933   0.6498555854   

2.450615307   40.68000875   -15.57902782   -0.4479499284   -0.8176643383   -0.3616156682   0.1260316884   -0.4581765022   0.8798808478   -0.8851309932   0.3485675296   0.3082917484   

2.094830701   -53.62668611   15.94577856   0.4479148115   0.7063171373   0.5481682435   0.2626840168   -0.6900150909   0.6744451658   0.8546165392   -0.1580989433   -0.4946062021   

-0.2315570639   3.189751052   -4.727821156   0.9955662618   -0.07343988057   0.05877416398   0.08116886627   0.9864967238   -0.1422526944   -0.04753349932   0.1463926154   0.9880838874   

-0.8471720524   5.466408248   -4.12842373   0.9978934473   -0.06271630187   -0.01659317153   0.06310558584   0.9977162963   0.02408063929   0.015045029   -0.02507703397   0.9995723033   

-16.64533066   18.92322903   -33.41126667   -0.202111535   -0.3382083574   0.9191115462   0.7647746496   -0.640741463   -0.06760260994   0.6117766445   0.6892499434   0.3881544187   

10.30926008   -4.832743394   22.7717729   -0.1688044064   0.973420223   0.1547841782   -0.6912113275   -0.2288603098   0.68545595   0.7026606387   0.008719407466   0.7114717133   

-9.45750032   5.14482716   7.624963081   0.9957508314   -0.0584680916   -0.07114607541   0.06125630893   0.9974113869   0.03765886164   0.06876006397   -0.04185698876   0.9967547572   

-6.726206848   -60.7549233   -14.61925598   0.2738886094   0.9450304908   -0.1786124329   -0.7441561349   0.3258824795   0.5831228485   0.6092755342   -0.02679516839   0.7925057365   

-3.702120974   72.37236127   16.74170075   0.09192451812   -0.8147137126   0.5725307411   0.9309309246   0.274391445   0.2409915945   -0.353436694   0.510833536   0.783665491   

-8.03360413   -0.9049225925   5.386466393   0.896220851   -0.4206362447   0.140901866   0.4250339842   0.9051765479   -0.001236712712   -0.1270208585   0.06099644923   0.990022795   

-2.205907254   -1.799892836   2.768555768   0.9760571193   -0.1541313072   0.1534797704   0.1546474677   0.9879319131   0.008642672293   -0.1529596696   0.01529951602   0.9881139936   

-9.159489361   0.2346021397   3.560744315   0.9242163686   -0.375878709   -0.06737432889   0.3646752009   0.9211027437   -0.136314832   0.1132965223   0.1014146521   0.9883718766   

7.524315153   0.2024276738   -7.020408421   0.9401508221   0.3396737512   -0.02716936604   -0.3388560302   0.9403389341   0.03064767074   0.03595862199   -0.01960692932   0.9991609209   

15.7534327   -2.33453187   0.5588761756   0.8377876462   0.5449621285   0.03358777119   -0.5459929246   0.8359825396   0.05499927109   0.00189372958   -0.06441639529   0.9979213104   

23.60069403   -1.737259571   -5.769935569   0.9481990281   0.3156651229   -0.03569500473   -0.3133655209   0.9478563131   0.05805566346   0.05215988372   -0.04386273991   0.9976750005   

22.00181752   -0.9604793668   -7.32321688   0.9897166207   -0.1420142157   -0.0171164622   0.1420725963   0.9898537101   0.002238289755   0.01662492465   -0.004647052797   0.9998509973   

6.329358851   -6.183212362   7.870084431   0.9543070818   -0.244169042   0.1722773129   0.2595025125   0.9630094098   -0.07260387437   -0.148177055   0.113992787   0.9823691795   

3.974826387   -11.6424475   -12.64417962   0.9080687139   0.4187387645   0.008310107985   -0.4173700753   0.9030939935   0.1011111229   0.03483433806   -0.09528423768   0.9948404309   

2.404241322   -9.065324565   6.712363355   0.963627496   -0.1378762178   0.2289371039   0.1819521831   0.9659106504   -0.1841467311   -0.1957433321   0.2191044592   0.9558649402   

0.5067713755   -4.757893101   1.479488899   0.9937650162   -0.07362880339   0.08372509705   0.08054165198   0.9933371805   -0.08242747245   -0.07709821567   0.08865689612   0.9930739247   

-5.35855128   -4.221115191   -1.52944347   0.9877559114   0.01378693329   0.1553968465   -0.004870258277   0.9983269775   -0.05761533284   -0.1559312028   0.05615306283   0.9861705195   

-3.644935918   -2.853581331   0.7600947125   0.999908862   0.004628365665   -0.01268250124   -0.004503287058   0.9999411187   0.009873170966   0.01272745112   -0.009815158202   0.999870829   

-1.787424068   -7.253037868   4.682881859   0.9992669775   0.03340194883   -0.01870341115   -0.0326318837   0.9986640642   0.04006553503   0.02001669155   -0.03942583855   0.9990219894   

-4.314338544   -7.358088067   6.117891164   0.8895886165   -0.315845307   0.3299603544   0.4363296847   0.8012667105   -0.4093752129   -0.1350870079   0.5081470267   0.8506104276   

-10.0349988   -22.03343031   15.09359113   0.6766912557   0.7123012947   0.1863217914   -0.4337449308   0.1811845827   0.8826309999   0.594940568   -0.6780848122   0.4315630986   

-8.148603344   -1.267073825   1.425157367   0.9981186293   0.06081743539   -0.007774405868   -0.06028964546   0.9966107966   0.05596497703   0.0111517032   -0.05539096998   0.9984024639   

-13.76299005   75.73629027   -29.47326973   0.3798870612   -0.1902352244   0.9052603936   0.6841570567   -0.6008759467   -0.4133729774   0.6225872971   0.7763753319   -0.09811422634   

2.556909111   -77.40988535   30.43640562   0.5134250829   0.5198652943   0.6827406243   -0.109962189   -0.7491946692   0.6531582233   0.8510599281   -0.4104234685   -0.3274898094   

2.20312908   2.362651613   0.5031436185   0.9915286765   0.1298212431   -0.004162752707   -0.1287480029   0.9865583911   0.100630476   0.01717077211   -0.09924205663   0.9949151616   

12.08912869   20.8120798   -19.63380432   0.702301763   -0.4050844591   0.5853877473   0.5597263682   -0.1938789057   -0.8056782005   0.4398620539   0.8934861784   0.09057495586   

1.103124712   -4.549655598   2.415950374   0.9559830089   0.0780499507   0.2828510065   -0.1727660418   0.9288866892   0.3275994711   -0.2371674124   -0.3620465769   0.9014842731   

15.5959969   12.96995407   -8.568484596   0.8313688557   0.1550420025   -0.5336551351   0.1318574111   0.8778358875   0.4604538823   0.5398513211   -0.4531734018   0.7093619802   

4.569720306   9.991447308   -0.6794586882   0.9909525271   -0.1332131137   0.01635100769   0.1341932805   0.9855080009   -0.103760029   -0.002291852348   0.1050154584   0.9944679487   

4.307095844   11.7810196   -3.263969196   0.958444659   -0.2852268851   0.005427676838   0.280507006   0.9387780887   -0.2000287972   0.05195820668   0.1932390337   0.9797749847   

-0.05139716771   -2.307668409   0.0530621595   0.9825781673   -0.09181796339   0.1615846738   0.1050669053   0.9915996691   -0.07543899334   -0.1533006544   0.09110190943   0.9839712148   

0.8537289342   -0.9283762253   -0.1676721274   0.9999163337   -0.00480778009   0.01200878473   0.004852766253   0.9999813068   -0.003719778802   -0.01199067637   0.003777743407   0.999920973   

-3.093065748   1.304158393   2.839791545   0.9452384327   -0.2476084724   0.2126366614   0.2945951774   0.9277080727   -0.2292845683   -0.1404919456   0.279370321   0.9498495865   

-3.565600055   5.399823393   -2.53461498   0.9473287065   0.2931417979   -0.1289814256   -0.2475888693   0.9258007063   0.2856445415   0.2031454494   -0.2386649086   0.9496162318   

-10.55831457   9.405621361   -2.610488822   0.9920414397   0.006692294282   0.1257338263   -0.008994306789   0.9998020031   0.0177498442   -0.1255901443   -0.0187394696   0.9919052112   

0.5304743015   6.73550713   0.598916459   0.987079666   -0.0806987707   -0.1384248584   0.06557351923   0.9917048364   -0.1105514856   0.1461979706   0.1000461183   0.9841833811   

-8.354559804   3.924278338   7.683646738   0.997162888   -0.05914021107   -0.04656834032   0.05583765167   0.996033168   -0.06928264504   0.05048100179   0.06648581565   0.9965095608   

-6.497361363   4.93375641   1.814410571   0.9979880556   -0.001315095958   -0.06338857469   -0.0001183831412   0.9997444651   -0.02260509678   0.06340210457   0.02256712072   0.9977328792   

-21.27029821   -1.774747727   -1.406381991   0.8030966507   -0.4362352945   0.4058750269   0.5340827537   0.8290273849   -0.1657383698   -0.2641805856   0.3498747818   0.8987748635   

17.56353737   2.169045614   -1.156979536   0.8731518686   0.4522110674   -0.1819641858   -0.3673917946   0.8558624566   0.3640367078   0.3203577433   -0.2510071829   0.9134365388   

-0.1690756486   -4.353056846   4.05508697   0.9146447782   -0.2391642191   0.3259223927   0.2811333804   0.9556543162   -0.08768608946   -0.2904977662   0.1718292878   0.9413212755   

0.8278087824   8.829776918   -0.9425090466   0.8640950228   -0.3027701419   0.4020821218   0.4403507376   0.8416641436   -0.3125583102   -0.2437847808   0.4471372391   0.8606028527   

1.187196602   -0.07127143286   0.2031736792   0.9503667763   0.2674933307   -0.1589034564   -0.2877601154   0.9499005696   -0.1219959996   0.1183093675   0.1616670218   0.9797278539   

4.702936267   -6.604801427   -0.7769558726   0.9312345855   -0.3467055957   0.1122380363   0.2523242944   0.8356623471   0.487853351   -0.2629345875   -0.4259855298   0.8656799242   

-0.07782696837   -3.015437557   1.316622358   0.999040542   -0.006800314298   0.04326374059   0.01005206582   0.9971031899   -0.0753935319   -0.04262571403   0.07575608494   0.9962148684   

3.197257801   0.08422797354   1.386188663   0.852790188   0.3677565644   -0.3708153242   -0.5218462018   0.5720004837   -0.6328443635   -0.0206261241   0.7331920322   0.6797087663   

-0.6183921122   -17.59935928   -3.719382989   0.9686286637   -0.1931734382   0.156341084   -0.006567108231   0.6089908327   0.7931500733   -0.2484258136   -0.7692946044   0.5886173857   

-3.95788562   -3.262435254   5.931263125   0.9551837023   0.1196023675   -0.2707754947   -0.198085683   0.938005009   -0.2844444853   0.2199685365   0.3253334854   0.9196586139   

-11.66374497   -10.04315594   -1.235940029   0.7506513604   -0.5498731115   0.3662814443   -0.02171247379   0.53355502   0.8454866109   -0.6603416567   -0.6426185509   0.3885746961   

-9.133966443   -1.697662248   2.53969492   0.9617913511   0.02487276519   -0.2726513204   -0.06706634368   0.9869276095   -0.1465469177   0.2654420889   0.1592332851   0.9508865644   

5.026532905   -35.43298783   20.04330684   -0.4755274621   -0.4860926071   -0.7332036621   -0.6853353514   0.7272528908   -0.03766548755   0.5515333979   0.4845794157   -0.6789651691   

-9.906965516   32.91000343   -28.21742711   -0.524965485   -0.5073870943   0.6833517221   -0.433805649   0.8502751399   0.2980685248   -0.7322731038   -0.1399661496   -0.6664724889   

-2.477087439   -35.76194089   26.94599571   -0.7504180623   -0.5498060804   0.3668596541   -0.5088602753   0.8347908462   0.2102033855   -0.4218221806   -0.02893988743   -0.9062166026   

12.91766413   -22.04496581   -7.092685227   0.7106407373   -0.1339458029   0.6906868063   0.7000576403   0.2323872304   -0.6752151327   -0.07006456091   0.9633559555   0.2589136154   

8.220443174   -24.8602823   10.76423569   0.984835416   0.1233999422   -0.1219494063   -0.07884456759   0.9444762742   0.3189797824   0.1545404076   -0.3045275385   0.9398830995   

-8.646101616   55.89618898   -13.64335057   0.106445885   -0.5791292295   -0.8082565243   0.202165364   -0.7832902331   0.5878652705   -0.9735494025   -0.2259773134   0.0337018494   

20.36830345   43.68991671   -23.20816165   0.8648582769   0.4533230669   0.2156811484   -0.4981570017   0.7217990676   0.4804640545   0.06212698688   -0.5229763885   0.8500799577   

-22.14319818   -67.84449369   17.62742578   -0.5593136047   0.8067724178   0.1904903081   -0.3383898125   -0.4319857347   0.8359908252   0.756743435   0.4031210623   0.5146190656   

-2.799936091   21.6388421   1.81629678   0.3418641993   -0.4657756638   -0.8161996693   -0.1724194714   -0.8848734458   0.4327476295   -0.9237967283   -0.007212206281   -0.3828153457   

0.9611364255   -29.14455707   -11.08691175   0.04296787834   -0.2509319734   0.9670506223   0.4755163679   -0.846140854   -0.2406861837   0.8786568985   0.4701901741   0.08296538331   

-0.2797259582   -6.079552541   5.513662265   0.8178746008   -0.4827467232   0.3131081899   0.5296336323   0.8442761009   -0.08176845954   -0.2248763058   0.2327089741   0.9461908795   

0.6688319857   31.89761796   -18.90226041   -0.7321874937   -0.3110548568   0.6059260269   0.6749950662   -0.4502611744   0.5845053767   0.09101172824   0.8369646055   0.5396360945   

-1.179726352   -22.14526697   9.467716021   -0.3912107941   0.8787034168   0.2735588054   -0.4345581097   -0.4384007225   0.7867426872   0.8112418653   0.188905034   0.5533547905   

-10.70431246   -7.825331854   9.636248499   0.9242322676   0.3681567421   -0.1012685967   -0.3576065536   0.9275610546   0.1083883888   0.1338367224   -0.06396173248   0.9889371206   

-16.01984652   40.53676872   -3.450927978   0.5811299625   0.08568979353   0.8092868626   0.341211266   -0.9284675451   -0.146706815   0.7388253099   0.3613935209   -0.5687986326   

17.79327995   -37.662225   8.032511421   0.2038951599   -0.4722044905   -0.8575836303   -0.8422543666   -0.5311363697   0.09220487337   -0.4990334113   0.70350343   -0.5060124291   

5.146312045   -5.962128423   0.406446749   0.9923940058   0.08404055885   -0.08995177466   -0.1010312971   0.9735148541   -0.2050890193   0.07033359299   0.2126170579   0.9746010324   

2.191492923   14.23905745   -9.973919969   0.9745739874   0.1624500587   -0.1543227837   -0.1812122893   0.9765275907   -0.1164301111   0.1317863778   0.1414349426   0.9811363349   

-6.773340703   -29.03526023   27.43729897   0.7149343299   -0.564121035   0.4130815438   0.6818975508   0.6931430458   -0.2335989046   -0.1545465436   0.4486871693   0.8802245111   

-12.64495102   16.42806763   -2.59246842   0.5780709404   0.8096228009   -0.1017099219   -0.8158127599   0.5760126993   -0.05156462863   0.01683830763   0.1127842655   0.9934768145   

0.3690598224   14.0988521   0.6183608628   0.9381352444   -0.1603973128   0.3068793984   -0.1104058334   0.7014332688   0.704132034   -0.3281963057   -0.6944523536   0.6403304721   

3.670714049   10.14903612   1.277552412   0.9787937117   0.02518445415   0.2032944004   -0.1651453767   0.6841892116   0.7103605615   -0.1212017925   -0.728869581   0.6738391941   

11.52329602   31.41886663   -17.93914154   0.7224880951   -0.4955744492   0.4820963781   -0.6911230742   -0.5368067571   0.483929129   0.01896968181   -0.6828209654   -0.7303394282   

12.32854253   -45.19996045   11.80323534   0.8851799731   0.05273389704   0.4622505288   -0.452953209   -0.1292284979   0.8821186915   0.1062534978   -0.9902116599   -0.09050449041   

17.06550106   49.33604518   -21.26965727   0.9622729678   -0.2716070413   -0.01613537932   -0.001665200981   0.0534225386   -0.9985706082   0.2720808014   0.9609243714   0.05095478445   

15.80735051   -0.4222403659   -6.822718772   0.9999134971   0.01008886524   0.008438782618   -0.01066053122   0.9974411817   0.07069258899   -0.007703981303   -0.07077643578   0.9974624528   

7.400760991   0.8353206166   -2.458810771   0.9993457869   0.005494480719   -0.03574645394   -0.005765589426   0.9999553612   -0.007485555076   0.03570372903   0.007686757305   0.9993328562   

