45.66037184   6.841340657   -28.63038393   0.2792411571   -0.5313516811   0.799806081   0.9554538788   0.0708592476   -0.2865080321   0.09556286735   0.8441826568   0.527468843   

0.5713861484   -2.310039815   1.712514374   0.9976275393   0.04657618189   -0.05069469434   -0.04469906938   0.9982944408   0.03755266474   0.05235729128   -0.03519756686   0.9980079385   

-0.005931865832   -2.287782309   1.517044048   0.9938834585   0.1029111161   -0.04006211639   -0.09974890541   0.9922400477   0.07422832076   0.04739015561   -0.06977814789   0.9964362414   

-1.621440292   -1.126098182   10.39986454   0.8941084508   0.4416208816   -0.07443839873   -0.3982513884   0.8600558701   0.3189039541   0.2048558271   -0.2554895247   0.9448593508   

-10.28362374   4.379407265   6.646847813   0.8844590471   0.4552011247   -0.1025871827   -0.3912665973   0.8432803513   0.3684951817   0.2542491766   -0.2857799594   0.9239519311   

-32.12344399   55.79609878   -10.43055338   -0.5778315706   -0.2421920054   0.7793931669   0.6407659384   -0.7260888917   0.2494272109   0.5054994443   0.643535511   0.5747454723   

-4.214938959   3.670594444   -0.4208773942   0.9990358867   0.04122376537   -0.01509629845   -0.04115827339   0.9991419408   0.004623702353   0.01527395136   -0.003997907001   0.9998753538   

20.89310951   -53.43855207   27.47990895   0.08324820777   0.667144929   0.7402616967   -0.3591851298   -0.6728214883   0.6467590644   0.9295460066   -0.3197325266   0.1836173548   

2.162576379   17.60379566   -5.571378707   0.8952118565   -0.4399938742   0.07071861611   0.4434377656   0.8637391261   -0.2394110902   0.04425697741   0.2456829516   0.968339407   

-29.94611132   36.93418537   -1.07753868   -0.05182133197   -0.8863135402   0.4601769855   0.8338295149   -0.2919879064   -0.4684777504   0.549584288   0.3594320115   0.7541655915   

9.281615716   -46.15310003   19.53353461   -0.2591240831   0.7080118212   0.6569428976   -0.7759306597   -0.5576311131   0.2949222831   0.575140262   -0.4333206697   0.6938637303   

-4.39743934   0.05626352613   5.342104969   0.9972390837   0.03098496779   -0.06748438086   -0.02251331291   0.9921685749   0.122860367   0.0707627065   -0.1210018629   0.9901268548   

-5.10879699   4.614839559   -0.4516632098   0.9934531559   -0.1023789369   -0.05068905503   0.1046315915   0.993538209   0.04397791791   0.04585910047   -0.04899367783   0.9977457404   

-4.005990646   15.13420633   2.354796696   0.4522051946   -0.8559828808   0.2506068031   0.8891388604   0.4104902764   -0.2023111959   0.07030326438   0.314310421   0.9467134784   

-8.407186964   -0.9068475616   0.1978027061   0.4160747342   0.641415089   -0.6445684596   -0.6084343796   0.7231608258   0.3268731034   0.6757880002   0.2561739712   0.6911479402   

0.5902350289   -0.2405432451   11.94627815   0.4121830531   -0.8508204279   0.3258983433   0.7129239994   0.5239149627   0.466103511   -0.5673134071   0.04022078208   0.8225191711   

-2.82147164   -12.47701392   6.620420209   0.5526898032   0.8322260387   0.0439750158   -0.833365602   0.5515270293   0.03632780409   0.005979534667   -0.05672527241   0.998371919   

-5.559494905   3.163977066   -0.9914962641   0.7827605634   -0.6065737305   0.1391194085   0.6181100293   0.7837539735   -0.06057805533   -0.07229033222   0.1334092144   0.9884210082   

-9.960332452   -3.952798437   2.389786897   0.6852545519   0.611317763   -0.3958747172   -0.5936089225   0.7837340145   0.1827277803   0.4219652193   0.1097797211   0.8999409795   

2.466779743   5.315990958   -33.94889992   0.7316827984   0.3794919221   0.5662386102   -0.06913322058   0.8677243678   -0.4922144038   -0.6781304302   0.3209989136   0.6611344924   

19.72129746   -24.64771017   -11.25832339   0.8863590803   0.4443707608   -0.1300084911   -0.2699589313   0.7241399786   0.6346207268   0.3761512411   -0.5274048904   0.7618099011   

11.5115436   -6.346328255   26.58509748   0.9686345537   0.2481041371   -0.01383613181   -0.2484621129   0.9661959111   -0.06878982278   -0.003698625642   0.07006995383   0.9975352233   

4.213901727   13.08802667   0.03632312342   -0.8302637807   -0.5573636575   0.002794225418   0.5553142719   -0.8267599302   0.08996709042   -0.04783423296   0.07624808989   0.995940819   

-4.239775104   2.89036082   -17.53186215   0.982371644   -0.1488856139   -0.1130443583   0.1157629415   0.9593230343   -0.2574844797   0.1467817917   0.2398591042   0.959647183   

-11.10097113   -18.20718447   -13.59903959   -0.8831464307   -0.4558100374   0.1108584316   0.303286274   -0.7350964083   -0.6063420705   0.3578684367   -0.5018669946   0.7874386971   

-0.05528297766   -2.562459099   1.909817473   0.9519872309   -0.2343009768   0.1970364547   0.1693365933   0.9392091644   0.2986825466   -0.2550400564   -0.2509764884   0.9337908609   

23.5436198   -22.10868891   20.87245891   0.6717048164   -0.7227881468   0.1624497904   0.7403812939   0.6474330786   -0.1807372357   0.02545936374   0.2416768577   0.9700227406   

-0.7861353533   22.65699861   2.226863265   0.9852509799   0.1597881671   -0.06122293843   -0.1374306989   0.9520820439   0.2732262517   0.1019475823   -0.2607825211   0.9599995662   

3.280048892   -22.81780933   0.8717159507   0.9855730956   0.1640976208   -0.04144447024   -0.1685839375   0.9735138466   -0.1544352499   0.01500430858   0.1591940993   0.9871332785   

6.00133261   -2.344143655   4.266429147   0.972735712   -0.231482366   0.01418269575   0.2233595965   0.951550444   0.2113344346   -0.06241574538   -0.2024047106   0.9773109065   

-5.314374029   13.46855799   -1.275182904   0.9983745175   0.04606124788   -0.03356611821   -0.04271530927   0.9946205198   0.09436855348   0.03773228328   -0.09278137192   0.994971302   

-1.032814282   30.48435267   -14.64857408   0.8924655153   -0.4510971806   -0.004078932919   0.3825604765   0.7520166658   0.5367666311   -0.2390664884   -0.4806061465   0.8437208935   

-0.912310906   5.69880037   -3.909447541   0.8726767116   -0.4751789695   0.1124291061   0.3665862105   0.7896525736   0.491999353   -0.3225676785   -0.3881414175   0.863305469   

-15.95381512   39.87712876   -31.02648085   0.3015911303   -0.7946781666   -0.5268105937   0.6178434162   -0.2579339423   0.7427917571   -0.726162725   -0.5495058625   0.4131960841   

26.36225435   -51.22513027   39.31552163   -0.9776312607   -0.1966859929   -0.07450998755   0.07546771579   -0.6587059333   0.7486061162   -0.1963205082   0.7262376426   0.6588149547   

0.08728406243   1.164696281   1.683422328   0.99954754   -0.02887749638   -0.008414597577   0.02961299081   0.9938127171   0.1070483725   0.005271245093   -0.1072491188   0.9942182057   

4.332567574   2.348103635   -2.348900672   0.9824268109   -0.1422310624   0.1208630879   0.1539466354   0.9836136958   -0.09383246201   -0.1055366978   0.1107899921   0.9882244599   

-39.62808449   -16.55898521   -16.36450232   0.5276063616   0.7554898201   -0.388415575   -0.8362173773   0.542401036   -0.08088024477   0.1495728087   0.3674727851   0.9179279531   

10.56573286   46.95310465   -14.13671198   -0.02813451195   -0.5775656653   -0.8158592719   -0.9176724209   -0.3086906571   0.2501747513   -0.3963404815   0.7557300976   -0.5213312213   

28.15004929   -25.29056758   25.69209164   -0.4936867176   0.8620668039   0.1145174685   -0.5742670063   -0.4220562314   0.701488377   0.6530626543   0.2805518904   0.7034200782   

-3.856733574   9.466653678   -2.222574307   0.65311646   -0.745905864   0.1306266885   0.7401557218   0.6652504401   0.09803754104   -0.1600262388   0.0326541592   0.9865725056   

-26.62462856   34.31917365   -32.12598462   -0.3963078264   -0.8311464313   0.3900457876   0.8440212257   -0.1626117433   0.5110631972   -0.361342327   0.5317452686   0.7659495362   

13.71558478   1.152628436   0.004253281632   0.7714672215   0.5679709615   -0.2867879235   -0.6112895307   0.7866757351   -0.08640831822   0.176531685   0.2419716404   0.9540892461   

15.93361792   -71.25691453   39.76247897   -0.5816003325   0.6790363475   -0.4479405006   -0.8131079016   -0.4687299062   0.3451779474   0.02442526381   0.5649795694   0.8247432889   

6.764544438   -1.373107997   4.086555487   0.9965998403   0.08094640398   -0.01537654002   -0.08149062321   0.995915706   -0.03887396056   0.01216703039   0.03999482671   0.9991258065   

5.295807562   1.01559526   3.99539187   0.933377655   -0.3558645604   -0.04654640543   0.351630706   0.8807967151   0.3171009197   -0.07184705839   -0.3123420582   0.9472488791   

-4.475652113   14.0804841   -5.271423019   0.9954895166   0.07010589937   0.06392014654   -0.0611752551   0.9893179001   -0.1323165931   -0.0725135189   0.12780945   0.9891443444   

1.017388981   5.035530634   -7.933625883   0.993584823   0.08149745839   0.07840512657   -0.0682053872   0.9848594308   -0.1593735444   -0.09020656713   0.1530034829   0.9840999489   

-37.90502578   53.23020579   -35.31958148   0.05610810937   0.8549789943   0.5156188508   0.9043940242   -0.2623140299   0.3365453888   0.4229932967   0.447439682   -0.7879558375   

39.02951666   -51.0943767   33.63708441   -0.8858190389   0.3283549758   0.3278835773   0.1269751568   -0.5081107428   0.8518807326   0.4463204453   0.7962452404   0.4084012453   

13.7121916   -1.45289707   6.834963672   0.9176985705   -0.3960213052   -0.03156674719   0.3953999657   0.9027582639   0.1693705528   -0.03857720548   -0.1679126049   0.9850467787   

-2.094767669   0.6711809377   -1.815131297   0.9997207157   0.01553525192   0.017808609   -0.01527133701   0.9997729437   -0.01486093514   -0.01803543381   0.01458482345   0.9997309668   

-18.8133949   0.6246550119   -9.665128909   0.9175138826   0.3863649876   -0.09428876709   -0.3954060615   0.911653286   -0.1119925564   0.04268866167   0.1400370753   0.9892256041   

-14.30824614   0.7738366602   7.993441681   0.8593051353   0.487989417   -0.1531698839   -0.5032256011   0.8601940228   -0.08264525123   0.09142581066   0.1480964957   0.9847379088   

-6.120470483   -9.55707563   2.052576336   0.9995622375   0.01345371476   0.02635015997   -0.005002971368   0.9546635546   -0.2976448686   -0.02915996654   0.2973827418   0.9543129472   

-18.63693563   -15.15596453   -12.27461268   0.9753710048   -0.2033212919   -0.0855093874   0.2205668846   0.9013379242   0.3727468254   0.001285487649   -0.3824269848   0.9239848207   

16.48270427   5.722990911   3.962979619   0.8982293859   0.4096416999   -0.1593036343   -0.4061130393   0.9121276964   0.05563510357   0.1680957154   0.0147221982   0.9856607364   

0.7610055582   -33.61001969   19.67466129   0.9771478482   -0.1874737761   0.1001781712   0.1283913962   0.8961640012   0.4247419596   -0.1694040497   -0.4021736766   0.8997547454   

6.485136053   -8.925666135   -2.211830057   0.9073843364   -0.2548188477   0.334246946   0.3034307676   0.9474394925   -0.1014306527   -0.2908323148   0.1934573929   0.9370116337   

-7.820405726   49.83851992   -21.83509363   0.8640701645   -0.4457035785   0.2339467268   0.4160912448   0.8939775502   0.1663496791   -0.2832857689   -0.04639460978   0.9579126856   

13.31472937   -49.89243473   31.35849805   0.5134282223   0.6418578828   -0.569569942   -0.729665509   0.6758646859   0.1038998142   0.4516411247   0.3622504447   0.8153495629   

-0.82877113   2.155224514   5.266579952   0.9371140846   -0.2837974587   0.203165437   0.2764900877   0.958876316   0.06410493045   -0.2130033421   -0.003900403712   0.9770436854   

-2.032417185   -0.2272335809   0.3021674924   0.9993775874   0.03520077955   -0.002311487414   -0.03527611242   0.9975575772   -0.06028661618   0.0001837058981   0.06033063332   0.9981784314   

4.866166153   3.576631608   -6.700893002   0.9505505698   0.2838915572   -0.1259333077   -0.3102171947   0.8872282574   -0.341454699   0.01479548294   0.3636366361   0.9314233681   

5.763092084   7.186480538   5.217926992   0.9945144678   -0.1026898878   0.01989372483   0.1008111566   0.9917232152   0.07951210667   -0.02789415806   -0.07707043104   0.9966353719   

0.8667297489   10.45669375   -0.09744818288   0.9991042234   -0.04033537064   0.01279877241   0.04034170229   0.9991859141   -0.000236816049   -0.01277880105   0.0007529281812   0.9999180643   

