15
0.65437615293723305765 -0.75549738028590152084 -0.031867834068339512266 -0.75588129875418252901 -0.65470868498416134873 -3.4694469519536141888e-18 -0.020864147736176022474 0.02408829980405927107 -0.99949209159042018413 0.59125561405979298879 0.79848777736329079602 0.11328754673047009005 0.42474654338567430223 -0.42771631159885653561 0.79790295818112610959 0.6855706912672822062 -0.42364610961709703307 -0.59204459382853913407 -4.7617493270654200899 -8.9770163597138328271 -10.965451603282772908 0 -2.7986208682537210279 -11.24466025597638108 -11.028044046491300989 0.068747764040725564683 -0.81913025136543737847 -13.488698054525720238 -11.242381114234436978 0.13749552808145112937 1.4151500833917363131 -15.477129188910366153 -11.475082424887100174 0.20624329212217668017 4.0233604438996799502 -16.95831715734224332 -11.532622730509514142 0.27499105616290225873 6.9145746269885774993 -17.688330589800095538 -11.204111751158297494 0.34373882020362783729 9.7834330869917121021 -17.533804620831535459 -10.340565074508893062 0.41248658424435336034 12.244464306674755605 -16.566752949825712449 -8.9234966098949559665 0.4812343482850789389 14.034955205675050394 -15.045550858769116687 -7.0580046770304010195 0.54998211232580451746 15.13543834547837541 -13.284587971413328589 -4.8928371224764779512 0.61872987636653009602 15.744263054492183329 -11.522900246935069646 -2.5421323731540996782 0.68747764040725567458 16.178339321579876753 -9.8772901003739121961 -0.071590801720607152858 0.75622540444798125314 16.785869232356372294 -8.3708553531322991148 2.450627873117906308 0.82497316848870672068 17.879597222382255239 -6.9867803056166479792 4.8771590811340086447 0.89372093083330161889 19.653364064561639424 -5.7125406754596212977 6.9338711549358480468 0 
0.55269807289550410001 0.80276378463162123555 0.22381945023056476485 0.82365951230084499812 -0.56708465663984775063 1.3877787807814456755e-17 0.12692457608331936258 0.18435101922035021516 -0.97463062423591417804 0.76141792630421800681 0.60767468462896134795 -0.22577470886633108083 -0.40902668562325844581 0.18014632138139785589 -0.89456384531278787531 -0.50293131931769397003 0.77348482890994207928 0.38572180064850009051 3.4817884055749601657 2.0657303872950052437 3.3895568781016010007 0 5.1398826242614727988 4.5367089241975406821 3.770330606351559144 -0.089129454320561796177 6.6477070248109368933 7.0875244115990518878 4.2391844179319084773 -0.17825890864112359235 8.1791418200193231058 9.6559601770675023147 4.4797454294983110046 -0.26738836296168538853 9.9268702703811655397 12.082556839047205344 4.2408396258144245294 -0.35651781728224718471 12.00677764332284525 14.071772118187812595 3.3940943757952353188 -0.44564727160280898088 14.381781343014631958 15.266224533081540926 2.0039202915506244551 -0.53477672592337077706 16.867431142192295113 15.422578621326104908 0.33148539741021848526 -0.62390618024393251773 19.242903791960191739 14.55451326358740971 -1.2820680877226446892 -0.71303563456449436941 21.388585011014274784 12.912741205264779865 -2.5861511158903969232 -0.8021650888850562211 23.342603534069340299 10.837157228677749998 -3.5209156686405034264 -0.89129454320561796177 25.253875694948160202 8.6294239592198529465 -4.2086552950394038319 -0.98042399752617970243 27.283445061510747109 6.5284263365297787729 -4.8918000865614983397 -1.0695534518467415541 29.498147024446382147 4.7526490631124538311 -5.8621961694071202942 -1.1586829061673038499 31.782400803359031727 3.5255690062426685571 -7.3709901273602023153 0 
0.6617901767314802175 0.35144184913621573374 0.66221022995528644461 0.46901556265219568331 -0.88318990143119502356 0 0.58485738772093864846 0.31058690359651874857 -0.74931809756775935583 0.56663927645988909632 -0.32173944118852670915 -0.75855366478365116034 -0.80192076622097252514 -0.0038105380843534014668 -0.59741824922166220091 0.1893225160317217326 0.94682058056592888207 -0.26016873974445159368 12.07300509672653277 3.4910936147725664114 -18.719076465444018709 0 14.058375626920973644 4.8981403027291534613 -16.964504302281202541 -0.080335084475131754433 16.172982078784535531 6.3894776236341028763 -15.446482743933787063 -0.16067016895026350887 18.608294091983502483 7.6785683587256645666 -14.260098020163475496 -0.24100525342539524942 21.401117709390089061 8.4255207883584670725 -13.458738308624804247 -0.32134033790052701773 24.369810575857446366 8.3216477326270528181 -13.039186309247117634 -0.40167542237565878604 27.159577022166157434 7.2251898532803462416 -12.917025371661457811 -0.48201050685079049885 29.409709392796305139 5.2411072479153455461 -12.93357267686972456 -0.56234559132592232267 30.935359978985587759 2.6581534477531487681 -12.906715733888743713 -0.64268067580105403547 31.794738732333691189 -0.20810401130316696916 -12.692136287482345125 -0.72301576027618574827 32.228913399938036832 -3.1384484396192195987 -12.218219190284473896 -0.80335084475131757209 32.56074394164147634 -6.030750016091045218 -11.493990214144636397 -0.88368592922644928489 33.117594006649980543 -8.8436138010175238122 -10.61209608035618146 -0.96402101370158099769 34.172547422530129779 -11.518174983176390214 -9.7555003440608274445 -1.0443560977604950946 35.872465251909794404 -13.923937281839306124 -9.1875327959656569732 0 
0.62582835395125124833 0.33846947586845926859 -0.70269288120486739224 0.47571702542146060422 -0.87959838092402009568 -2.7755575615628913511e-17 -0.61808752059463600848 -0.33428296723161543547 -0.71149329912796943631 -0.17352438419788770996 0.69016427099077459761 -0.70254008222770902847 0.19090838366683646199 0.72340362418068016037 0.66350673362670065103 0.96614868272665943572 -0.018986194195532879458 -0.25728631385192179959 18.36598908614432446 1.7397818978206913698 -11.05215974985067362 0 20.243474147998078649 3.166932974085073127 -12.906422311634582201 0.034920559244274305966 22.062681954125334727 5.3498825105639316035 -13.86830281382905028 0.069841118488548611931 23.558600596729544208 7.9442541670840123302 -13.691093550816706426 0.10476167773282291096 24.51078718795222855 10.467376515342863286 -12.376886434167618134 0.13968223697709722386 24.837404127352520788 12.485532015558602481 -10.181360070608656443 0.17460279622137153677 24.608128478911513781 13.765479307085344729 -7.4778148555900560979 0.20952335546564582192 23.980564457648338106 14.297323233947563992 -4.5928000556028587553 0.24444391470992013482 23.122552244326719517 14.218844001162587176 -1.7191842550352405272 0.27936447395419444772 22.167509969062759723 13.727225471827910752 1.0819259206435234422 0.31428503319846873287 21.206048561959910614 13.028285877968070139 3.8363927403198210264 0.34920559244274307353 20.296549550164225906 12.324641626009485762 6.6072605146273390986 0.38412615168701735868 19.480072485499366763 11.82415328408078814 9.4503027338541780722 0.41904671093129164383 18.792712902578369238 11.748488224391198997 12.369512761021454139 0.45396727165019251649 18.272139749984713575 12.321213375391694811 15.267958809201436665 0 
0.61448354253414605441 0.74184498925458663976 0.26846971500068506078 0.77011744446668883857 -0.63790212550836977723 0 0.17125740183356336077 0.20675321083302800051 -0.9632881251876050932 -0.053832271716949209317 -0.86020678340208245327 0.5070960227716595492 -0.32565291215335556707 -0.46494354942265669894 -0.82327254093422841397 0.9439556490258591559 -0.20945592767764964481 -0.25509987658339572381 8.1359196061628011876 0.15412187996433601711 -4.4702989368922914082 0 9.9793702337652394618 2.4644742133644026438 -3.9565267313916012704 0.082900290207494994887 11.95761435530141803 4.6758140246998163292 -4.3997908474597045014 0.16580058041498998977 13.997947578488011189 6.5363072589735571327 -5.5726594266016942214 0.24870087062248497078 16.128674612475595751 7.8834928473711896046 -7.1990406276906258043 0.33160116082997997955 18.421762007888780488 8.5916736683192347357 -8.9991088902004872097 0.41450145103747498831 20.906117734037692912 8.5436204575348586587 -10.680079648148868898 0.49740174124496994157 23.4880213857580884 7.6664905737864676993 -11.930832758012046568 0.58030203145246495033 25.931373439045927398 6.0122652195949921605 -12.472600938513776825 0.6632023216599599591 27.937703459858578725 3.804766934299337322 -12.153961379659953934 0.74610261186745496786 29.289826407143614517 1.384564210680367502 -11.007514244915181933 0.82900290207494997663 29.954632424554382908 -0.91863716509685577893 -9.2038278400159647674 0.91190319228244498539 30.079027476479193837 -2.8815081198747098945 -6.9385073847251801382 0.99480348248993988314 29.916134438143362928 -4.3875761425336499144 -4.3490583227278101219 1.077703772697435447 29.754637622992511581 -5.3645348789937123968 -1.5171913756502308779 0 
0.00087047242895654818907 -0.0017295632067716444451 -0.99999812544267518977 -0.89324846929171430876 -0.44956331268021565428 -1.084202172485504434e-19 -0.44956246994801479788 0.89324679484625324477 -0.0019362621557505396448 0.35901808269629431614 -0.011954237173186318954 -0.93325404500097608462 0.74459689871584777698 0.60656143742048707068 0.27867307199859503442 0.56274459101782425829 -0.79494673962976891701 0.2266676122258795556 -1.255301820067742824 -17.667520224935842066 -6.0298426774282773977 0 -1.2526904027808731801 -20.347265632810984215 -7.3785300872723222909 -0.087194671532538528536 -1.1652772041356196375 -22.841380964952193722 -9.0433883203137650497 -0.17438934306507705707 -1.0115881592006186196 -25.393993475071599875 -10.612008463467034858 -0.26158401459761559948 -0.70114561166838407225 -28.188673692510882063 -11.657665124542825552 -0.34877868613015411414 -0.08121125190673678107 -31.122960504577481089 -11.732683528393561545 -0.4359733576626926288 0.95127002110727620909 -33.686197933703006413 -10.564885951304633593 -0.52316802919523119897 2.3276958309264443869 -35.168141649321988496 -8.3492066388845795899 -0.61036270072776965812 3.8186104607020916468 -35.150869014011000502 -5.7459724157464151517 -0.69755737226030822828 5.2006961630710115685 -33.787367536491672126 -3.4589031679696558008 -0.78475204379284679845 6.4011559312504715535 -31.582218668412568974 -1.8168854453148870487 -0.8719467153253852576 7.4883569569650809683 -29.008934914175640074 -0.72316600239279726914 -0.95914138685792382777 8.5702488744497209439 -26.354449055858172102 0.16183897840235059173 -1.0463360583904623979 9.6949733295669151545 -23.79813030646929306 1.2573843265453699125 -1.1335307303643959997 10.772027577655807207 -21.564339610321749063 2.9456180995988345828 0 
0.13464153943232068378 -0.26154943901180655041 0.95575286910995160827 -0.88910744594701718313 -0.45769853567776658254 0 0.43744668866144925667 -0.84976699241088293757 -0.29417078914823591163 -0.86188206952197154997 0.31855117745051625411 0.3945686829709281751 0.32159988792086607878 0.94494712971398686641 -0.060402269283398923871 -0.3920877584493162038 0.074833611366735552917 -0.916879010711884046 17.731830480602027933 1.8362135372272661016 25.743278365054109713 0 18.135755098898989957 -0.83110880061378544781 27.055618431038457317 0.092294865198921174909 19.69543961673193877 -2.9014665237047698731 28.5659054137564965 0.18458973039784234982 21.899486047080085172 -4.3207052102607272914 30.02465785985101121 0.27688459559676353861 24.399509172140582791 -5.4090248868311538999 31.275844681391721025 0.36917946079568469964 27.013227412780718595 -6.5987552431389966401 32.143622770114959053 0.46147432599460586067 29.52344139362945441 -8.2299625785280632329 32.338536268607718682 0.55376919119352707721 31.500347770337604913 -10.339214802820274386 31.536746550277115375 0.64606405639244823824 32.394102150312264143 -12.512569881887291245 29.671894751806465962 0.73835892159136939927 31.928894932911120463 -14.075380037753703277 27.153731400913294181 0.8306537867902905603 30.35909424935938361 -14.578326829977395818 24.64719234004217796 0.92294865198921172134 28.225360666671168275 -14.072722059297120722 22.599865802719815377 1.0152435171881328824 25.91903909843134457 -12.945900946135763476 21.047069905294172543 1.1075383823870541544 23.52033028866307518 -11.662023451270911778 19.783002756769370478 1.1998332475859752044 20.934684080097159864 -10.697223787508315596 18.60673948142142109 0 
0.87488826093476879109 0.45147715755684092453 -0.17532514675006424798 0.45858029788263876547 -0.88865297523491726395 1.3877787807814456755e-17 -0.1558032132929430269 -0.080400658022961826732 -0.98451058547740810667 -0.57858291801933880993 -0.55884185022165056012 -0.59408551018945898736 0.45792429020228359038 0.38017738679698803717 -0.80359846877090834738 0.67494233192100328012 -0.73699453255031399657 0.035943115780112194768 14.295471736504239857 -7.6822460518780388838 -4.9784367343071806999 0 16.920136519308545786 -6.3065051582301228095 -5.4458463741860096974 0.010456319345725002823 19.534292126681716439 -5.2534598613993619409 -6.4740911698574326039 0.020912638691450005646 22.151701158428497962 -4.699749793301532641 -7.831512100244370167 0.031368958037175008469 24.779091009769274478 -4.8064135136523455927 -9.2756233064415560818 0.041825277382900011292 27.350723533027508694 -5.7038382525279427426 -10.533134783975411253 0.052281596728625014114 29.68364059706314606 -7.4263572859308570884 -11.301513717375408774 0.062737916074350016937 31.489984582646439293 -9.821569482345173796 -11.307540245642003995 0.073194235420075026699 32.474913790222480259 -12.511366636633267646 -10.415999036685741785 0.083650554765800022583 32.482701772769729587 -14.981485829152727973 -8.7135329461684474239 0.094106874111525018467 31.58615650380489015 -16.773941970123996015 -6.4812102708381136296 0.10456319345725002823 30.046797769021452496 -17.648139647148951781 -4.0592000404381103351 0.11501951280297503799 28.189299204108383634 -17.604704633518370116 -1.7038205900535581261 0.12547583214870003387 26.293232157175399522 -16.796285615817446057 0.47595558850674235529 0.13593215229336103045 24.557483403117384313 -15.422512745210601892 2.5007825842697566365 0 
0.1920170624980706009 0.18143800940039286895 0.96447379251819742585 0.68680069958353096027 -0.726845787668589427 2.7755575615628913511e-17 0.70102371340860103466 0.66240127543147941935 -0.26417854482445196629 0.86817237178129613717 0.43537948475694326911 -0.23816262748050556763 -0.36858093316017065399 0.24434246958015334861 -0.89690849771325575901 -0.33230231504823637412 0.86645338121115877961 0.37260395811280933032 9.5329099522801499234 0.62567863600254725043 -0.11970942338841439323 0 10.108961139774361726 2.6860807347531401312 1.9833617168373889328 -0.11057615631743057671 10.126105544869563602 4.1968940161362455754 4.5751023597871869342 -0.22115231263486115343 9.7807930186606313328 5.3936201851039129451 7.3043208139458997152 -0.33172846895229174402 9.4202354305926245814 6.587567276333984978 10.032784941709538273 -0.44230462526972230686 9.4780135801928047101 7.9881050248281031401 12.68517415982650931 -0.5528807815871529252 10.377616907165011284 9.5680401256340950056 15.071489552444958804 -0.66345693790458348804 12.31560070251413741 11.012519059648154141 16.848467194550362791 -0.77403309422201405088 15.061607668672568394 11.864305636328476012 17.7051149465494575 -0.88460925053944461371 18.059853247086181227 11.820266952855019937 17.612680405420867658 -0.99518540685687517655 20.814632231030511633 10.907313949622768234 16.852612278955156455 -1.1057615631743058504 23.183067057259879817 9.3961309101209860017 15.800537365828686731 -1.2163377194917364132 25.353222061496875739 7.6315687204693096746 14.715744246994040267 -1.3269138758091669761 27.637820461064624311 5.980970780252699015 13.68806405431201334 -1.4374900321265962067 30.242337576408505839 4.875227980772159242 12.691157109167317429 0 
-0.11295352730950253273 -0.16303572303377847352 0.9801330795780718308 0.82199714326676354137 -0.56949161228351719011 0 0.55817756774132487596 0.80566659143443053459 0.19834098496479607432 -0.58650716691450555107 -0.76351397648454266687 -0.27028827364627217023 -0.47470098610325495159 0.59443010771297299932 -0.6490853725334914115 0.65625324147810359943 -0.25238711289823279049 -0.71107835594424961823 14.996310282914194545 8.4782294819189729651 4.1857633685626325359 0 14.657449700985687002 10.944220911719263256 5.8602960717866068308 -0.022281094855166102414 15.739529328575441625 11.855004656219701786 8.505956036818131949 -0.044562189710332204828 17.490689851903724161 10.984024421648213021 10.780780435821039731 -0.066843284565498303773 19.226845711977063047 8.9684450766759145068 12.167581104728428798 -0.089124379420664409657 20.679923220287761865 6.4163803822987635073 12.780396408356462956 -0.11140547427583051554 21.829785256227530965 3.6475409805214757952 12.886938941132619618 -0.13368656913099660755 22.72349350196504858 0.78916321040905001993 12.710971327192597258 -0.15596766398616271343 23.399369223215177982 -2.1184003868432212947 12.412195119838775881 -0.17824875884132881931 23.864340952352247172 -5.0669823131558118234 12.112750307781418257 -0.2005298536964949252 24.085760794163800114 -8.0531442696939627979 11.928868559612544331 -0.22281094855166103108 23.98350510713165562 -11.050521871165006615 12.001510356251419154 -0.24509204340682713696 23.425966772844063257 -13.951963247581886662 12.521894587608240812 -0.26737313826199321509 22.265134765253151272 -16.446529688013949766 13.717548924441750557 -0.28965423621554425848 20.505613264509648275 -17.870632646323731052 15.686308648876062577 0 
0.52673643543176962289 0.73278147032962748231 0.43079002348032979786 0.81198924248205328613 -0.58367239963306516426 2.7755575615628913511e-17 0.25144024674274884079 0.34979686483461913671 -0.90245219024046752221 -0.31247370869479107469 0.17978733571642901978 -0.93275757584192819927 -0.6636758393258630484 -0.74384147012975943003 0.078957251790512772427 -0.67962825255402214975 0.64372073232977877755 0.35175141378419327864 13.185337940705338156 9.456988991638198172 13.488149332070022979 0 14.765547247000647246 11.892956719084358141 14.242470072298269557 0.030325412232962423165 16.745200820554018151 14.145640577304906316 14.322612912646276229 0.060650824465924846329 19.017298367719078556 15.90349904715714402 13.458041514853723797 0.090976236698887269494 21.200449532101398376 16.775779713709194851 11.594461856284679513 0.12130164893184969266 22.757216188722626526 16.516676693616915372 9.0431321632500782925 0.15162706116481211582 23.28201715779873382 15.221990968024897484 6.3882642475115840597 0.18195247339777453899 22.717006209017778673 13.283104839386414397 4.1698279268765245931 0.21227788563073696215 21.303189059003855732 11.136149610673090393 2.6233141453173702828 0.24260329786369938532 19.369277702289540599 9.0513323425365950214 1.667522806101979338 0.27292871009666180848 17.180842152261696754 7.0958851549377772727 1.0454352203333125981 0.30325412232962423165 14.928156111347970381 5.2071704718695110969 0.44695397069893449959 0.33357953456258665481 12.799343394495320325 3.2850881194210264091 -0.43268915602636165429 0.36390494679554907798 11.069384898411433582 1.2816118290186517825 -1.8445300639886155203 0.39423036074853157196 10.131963772327083007 -0.709415688958948909 -3.8834148216506818585 0 
0.40701777135495476045 -0.78982564329486470989 -0.45881585303376254403 -0.8889113667711067146 -0.45807923116544269071 0 -0.21017401320422260391 0.40784662701649310179 -0.88853137986505648094 0.73539922142009550576 0.43173328013646761203 0.52229719505021610093 0.34043095820009711128 -0.90182369647141613633 0.26612174503710722684 0.58591360099734901556 -0.017899589527077638951 -0.81017581848700026548 12.142490605031056816 -12.120672620331120584 -10.422369440610978586 0 13.363543919095921098 -14.787406720644440838 -11.052891480223646425 0.0097324142386440333496 14.773401173448895918 -17.304410073924728408 -11.875712979568721295 0.019464828477288066699 16.597919061259453599 -19.511240900578833646 -12.770720071137155571 0.029197242715932100049 18.949342251763706457 -21.191436062577956534 -13.575538047467375691 0.038929656954576133399 21.755730710874306766 -22.112814502117604576 -14.100130652879981241 0.048662071193220163279 24.754590958775139597 -22.130603484467471276 -14.180509541793067996 0.058394485431864200098 27.597178705597173121 -21.278087011638614712 -13.741349154905451613 0.068126899670508236917 30.013119490867143924 -19.760231428475108828 -12.814352602653356072 0.077859313909152266797 31.919895843069959085 -17.855074755319250812 -11.497315428415090466 0.087591728147796296677 33.421732960831107562 -15.811086478926661414 -9.8952482774559360479 0.097324142386440326558 34.740798221965576431 -13.809262559969754491 -8.0916973579307267528 0.10705655662508437032 36.142373800541619744 -11.987387421024806144 -6.1639054398217965058 0.1167889708637284002 37.870279303887500078 -10.484628581712268414 -4.225859779990663867 0.12652138656428568719 40.07647696814777305 -9.4633357071119679205 -2.4681189769986082716 0 
-0.46960375240728591262 0.049837124251798724239 0.88146955521521419552 -0.10553327594744194018 -0.99441577203290631992 0 0.87654722827283970688 -0.093024369809796100816 0.47224085298573303948 0.59328611516108731294 -0.025858775226161534455 0.80457622963947184047 0.54632214582238991518 0.74700025387426849388 -0.37884394372326724021 -0.59122220741535447264 0.66432066387820654096 0.45731210021530621646 16.742377461723421561 -3.1008081928639654734 5.3955293233977812406 0 15.33356620450156349 -3.4174080207062913495 8.0251710082163008053 -0.019205071078584552702 14.079014707037567078 -3.0187643227735314611 10.720949349016644092 -0.038410142157169105404 13.203896532862051671 -1.6500027615862078445 13.242980091921465302 -0.057615213235753658105 12.971615573138898014 0.66333707787366069653 15.138885405114521632 -0.076820284314338210807 13.527352780244816799 3.4980795728568780945 15.948410663557547551 -0.09602535539292275657 14.776788558912610227 6.1876078677485395474 15.495312408864128528 -0.11523042647150731621 16.438443722236865341 8.1811600940960929051 13.990444494022266753 -0.13443549755009187585 18.225074954072386646 9.2914963385497006954 11.851495586069002997 -0.15364056862867642161 19.980860255116162705 9.6640572892280118822 9.4476591592397092256 -0.17284563970726096738 21.692427346707511049 9.6075358191327389079 6.9844579170658391831 -0.19205071078584551314 23.424600412282231332 9.4727491983614360294 4.5387624796933812021 -0.21125578186443008666 25.241462138747277066 9.6165820208607097896 2.1558355451512301038 -0.23046085294301463242 27.125857238951141426 10.383490353893453317 -0.048903914907759471475 -0.24966592385047275959 28.905715584434389598 12.022456791360635719 -1.8225705371538218902 0 
0.92804961399516494591 -0.09647114110746947413 -0.35974606724305929761 -0.10339329657106345606 -0.99464055126672190621 6.9388939039072283776e-18 -0.35781802663867162684 0.037195331820735387518 -0.9330502489700929214 0.62563455409536894436 0.35263417937313457085 0.6958667546734254028 0.7800141586669573357 -0.26833474271860940918 -0.56530909963418785047 -0.012622083859939839043 0.89646282766658802466 -0.44293913985000149536 -1.9498389723118094707 -3.6330832743118577355 -15.013818513963215651 0 0.83430986967368525598 -3.943263164025048173 -16.087272593879230698 -0.020441062889231247091 2.708912422070464121 -4.9236514368821202581 -18.214396922387138034 -0.040882125778462494181 3.4921448781387844917 -6.4019087428741325851 -20.704638613275822223 -0.061323188667693741272 3.5446217825512897903 -8.2236589043405494692 -23.087597992791636159 -0.081764251556924988362 3.4612804005375945593 -10.342687081636084301 -25.209578252432589096 -0.10220531444615624239 3.8657051272639453288 -12.696006866453826589 -27.025711063917384536 -0.12264637733538748254 5.2547169223527383508 -14.976300905650335338 -28.393513700644309239 -0.1430874402246187227 7.7034494570903122579 -16.569743734549412295 -29.075125156765718515 -0.16352850311384997672 10.683450867037443288 -16.897419257193821096 -28.964851185521379051 -0.18396956600308123075 13.413600636972137892 -15.869846832526850022 -28.26460459605698361 -0.20441062889231248478 15.469095534953115845 -13.880069911934073801 -27.361425202436695514 -0.22485169178154371106 16.988075619803165495 -11.410797819959679344 -26.589790610490783962 -0.24529275467077496509 18.439202979184535991 -8.8208942972414412509 -26.157783006800677583 -0.26573381698685621943 20.316106641470643268 -6.480851821240570132 -26.195649258380498736 0 
0.80756779322587635139 0.53892031852387078938 -0.23958119631226865165 0.55508647315507053666 -0.83179264682988462987 0 -0.19928187741125213961 -0.13298828129524981057 -0.97087633114294336067 -0.53668916778570274762 -0.644099718097515761 0.54506906931891707657 0.8063485543252975063 -0.58177770532853334551 0.10647398987625328326 0.24852916552990605981 0.49665909307025385422 0.83160266903831037144 -9.3852031854300292935 -18.427514185771016741 -18.95512883616190436 0 -6.9624998057524001283 -16.76225476630580502 -19.552974468395660779 0.20527929749366263801 -4.2863296077403587603 -15.798624314348884923 -18.599291093528933061 0.41055859498732527602 -1.8106069696086988241 -15.71285979502015806 -16.907116915518102473 0.61583789248098796953 0.4400025506829970956 -16.304554780219746135 -15.013797200166424162 0.82111718997465055203 2.5556628016939764159 -17.35001855102672863 -13.161504138732082581 1.0263964874683131345 4.6236952082076019366 -18.691270092549036264 -11.451449329769555874 1.2316757849619759391 6.7195556900265289713 -20.22406393033448424 -9.9488139357237344029 1.4369550824556385216 8.9274812213992014165 -21.854595246626772109 -8.7378494021453505525 1.6422343799493011041 11.354839163044511352 -23.430449652328597665 -7.9475186390155787564 1.8475136774429636866 14.096040606165418652 -24.632391990313379893 -7.7446344017900532464 2.0527929749366262691 17.045947877414540983 -24.861829805587515096 -8.2400304055204518505 2.2580722724302888516 19.500068471027667272 -23.42839673125883948 -9.2005207508886286405 2.4633515699239518781 20.153833169497662681 -20.555344641231243941 -9.7645275714076884555 2.668630869065388822 18.543765666140558324 -18.136298978255346981 -9.0189400748179728851 0 
-0.083298668623928484589 0.61881999919097163687 -0.78110379617997460766 -0.9910615136103688716 -0.13340568293863638849 1.3877787807814456755e-17 -0.10420368537535239228 0.77412191052893097876 0.62440120082622585507 -0.033347183869433832948 0.98020212703351627948 0.19517109285688102882 0.92336456024715318769 -0.044515242410337260703 0.38133486868201554865 0.3824733379041722614 0.19293051431051527755 -0.90359944800797675768 6.0748977602554958821 -25.83178275572522864 -2.4719740492275406041 0 5.8250017543837104839 -28.804967296556334588 -2.7845851053535977115 0.023630890002041458897 6.621005773654348836 -31.219707760767878568 -4.376879342038368037 0.047261780004082917794 8.2839616554176025431 -32.086512931545883021 -6.718495564686385535 0.070892670006124369753 10.159630034722988867 -31.027773602626020022 -8.8067692975382936282 0.094523560008165835589 11.553568120729677204 -28.579892144158353773 -9.838654695712044429 0.11815445001020730142 12.167359615688555508 -25.649470849655443772 -9.6492108869189223697 0.14178534001224873951 12.090654702688137689 -22.869819372165647309 -8.5233061706582802231 0.16541623001429020534 11.554535042183273319 -20.456401904435963957 -6.8238947575082651298 0.18904712001633167118 10.768947135989074937 -18.368017115740570944 -4.8185256023206255449 0.21267801001837313701 9.887359195782780219 -16.461583501328426848 -2.6764899293360184807 0.23630890002041460285 9.025160852010206014 -14.564698694754127928 -0.51814674225055878942 0.25993979002245604093 8.2876565402233968172 -12.501378706613394343 1.5309513463452544269 0.28357068002449747901 7.7951352883321138876 -10.116461718854377949 3.282974809989914533 0.30720156911330914751 7.6950937367237752795 -7.3463680381129146113 4.4303948237024171064 0 
-0.5419074914496627704 0.56100980742463035789 0.62578292297258553134 -0.71924586487730801654 -0.69475563031679921089 0 0.4347662090913076427 -0.45009177965886720818 0.77999726494128618359 0.79136633749700735496 0.2820388009411759489 0.54239601274367432726 0.18116642211034489351 -0.95556128724530087215 0.23255398043860733837 0.58388187793106649526 -0.085771446774362880561 -0.80729499660404402395 -3.8605685533298839118 -1.7037646748934349716 -9.6009126010340679613 0 -5.486291027678872112 -3.8615022695253591323 -8.2966139737601451998 -0.025046399514608616577 -6.4098976388711879082 -5.7333349224718004322 -6.1418045050594995971 -0.050092799029217233153 -6.3478838496119438517 -7.0177028255971896087 -3.4313629580793691964 -0.07513919854382584973 -5.2388096821510679035 -7.501433808997401087 -0.68620360422736725869 -0.10018559805843446631 -3.2897698787003126775 -7.1787758821160627676 1.5714714629144566072 -0.12523199757304309676 -0.85092993619931855953 -6.2368867607305693568 3.0428285262529124466 -0.15027839708765169946 1.7678347108395964238 -4.9355598471551695994 3.7126240126029750321 -0.17532479660226030216 4.3985737953585291038 -3.4943689670565039052 3.75947558899243095 -0.20037119611686893261 7.0093757871385902192 -2.0516067394162642579 3.4398413334949875519 -0.22541759563147756307 9.6450622692835459304 -0.68024512687924354459 3.0244625333833865533 -0.25046399514608619352 12.358643206770398848 0.57646031081945148244 2.7853304372856073634 -0.27551039466069476846 15.143516205147102838 1.6719665358736059968 2.9959450796305264753 -0.30055679417530339892 17.868698443901546824 2.5364023696596138535 3.9048418349380864534 -0.32560319368991275102 20.242797456392555233 3.07990163599065081 5.6564874687313047019 0 
-0.31291788435743556063 -0.31751098194547322517 0.89513639965833602385 0.71223962592142764372 -0.70193640400488188646 0 0.62832882547004920148 0.63755161444130681314 0.44579235750146284367 0.2197293911782065845 -0.94841642271252135643 0.22852851853026714957 -0.1309022502132962118 0.20347180248116039647 0.97029058868164064222 -0.96673863869276976946 -0.24311625763048377857 -0.07944110859119604684 7.425491086086125847 -6.103622480075515 2.5947642767434757616 0 6.4867374330138192207 -3.9669036023112322908 4.479750753153623144 0.071271835845768474749 5.2682839939751673342 -1.3546847931106908991 5.3114172886918602501 0.1425436716915369495 3.8588567969650342526 1.2907912688636080656 5.4338149521648997364 0.21381550753730543812 2.2859760692565633811 3.8414552183248948936 5.291801393369173212 0.28508734338307389899 0.57997830513062909041 6.3090103729257247522 5.3192261567045902027 0.35635917922884235987 -1.1360380533508751544 8.689054478123324543 5.9442762812051173071 0.42763101507461087625 -2.5361613705825138965 10.816203632630196907 7.5301178564581938701 0.49890285092037933712 -3.0652989003248367617 12.27040625134683971 10.10019325700175763 0.57017468676614779799 -2.2348448004773637798 12.548608504099460603 12.969496313854879332 0.64144652261191625886 -0.16825288674242369624 11.560775508051280624 14.906846007197481541 0.71271835845768471973 2.3150617261491479582 9.8832986304143339851 15.045329638389031146 0.7839901943034531806 4.3571480962728097452 8.3198150845333014303 13.500859016102563004 0.8552620301492217525 5.6344217455005916051 7.3286289769335359878 10.973776359842364769 0.92653386544451821205 6.2936099190352106092 6.935922226293647519 8.0735604437640553499 0 
0.58611677449727517253 0.099610751367795860589 0.80408011097455545091 0.16754792111789876263 -0.98586393286754869791 0 0.79271358054595009168 0.13472195100603617801 -0.59452096273819188266 0.65011981656495620996 -0.75252183467161304353 -0.10514329485049056512 -0.68168349391537508275 -0.6387688421180263143 0.35676600239165556783 -0.33563646737634778017 -0.16026619943601894125 -0.92825799597173430655 17.842904663066335047 -2.0814680799546323442 21.998454413055284817 0 19.601254986558160454 -1.5788243166009361396 24.376595154693134759 -0.023656918936888496341 21.235797360802145306 -1.0797705309336367296 26.842206346454094756 -0.047313837873776992682 22.962459674095708095 -0.81405174631051724354 29.281069528653034695 -0.070970756810665489023 24.933559317212750983 -1.0075722547231527049 31.534358866616724271 -0.094627675747553985364 27.162454028507017512 -1.8329064296731614192 33.364882110759396028 -0.1182845946844424817 29.495370569732799026 -3.3307893337560203761 34.511087684632606454 -0.14194151362133097805 31.675959864407548849 -5.3695488323774558381 34.808461685012808573 -0.16559843255821948826 33.483175275246878755 -7.7046923460410745577 34.27832624242741133 -0.18925535149510797073 34.84665589796205154 -10.105708013708104787 33.105277300777103733 -0.21291227043199645319 35.866946926338151513 -12.450202020180249463 31.536080666588077293 -0.23656918936888496341 36.761440391559119689 -14.726759065033908414 29.799070949885969384 -0.26022610830577347363 37.794419053573399481 -16.96845613626633309 28.093850584828221173 -0.28388302724266195609 39.211301227849915563 -19.167195082189333988 26.624854667738908631 -0.30753994657966504667 41.16166067754478064 -21.212245563935464787 25.617945265609865402 0 
0.9779224906102510495 -0.19666160473609875514 -0.070652781836712044705 -0.19715429931708081113 -0.98037247118673775947 -1.7347234759768070944e-18 -0.069266042325474841412 0.01392949969781953623 -0.99750096963297951724 -0.29021680910514274787 0.2828469914007862851 -0.91420554754844540746 0.93009363308304782159 0.30815149080856724106 -0.19992121550959629506 0.22516668805843825796 -0.90831725634162685523 -0.35250492822202234011 13.801837336253683475 -21.885584633485350992 8.8937201952306708108 0 16.735604808084435291 -22.477047531436593175 8.6859220682542463976 0.015679458223207966283 19.38860468012736149 -23.876775288018162513 8.6375862587742258114 0.031358916446415932566 21.798205261719420633 -25.660605252044856428 8.5289698093067496387 0.047038374669623898849 24.181461167571448811 -27.442331197441077961 8.1474407835218620733 0.062717832892831865133 26.722715204973187753 -28.804863862104099326 7.3194666198105053923 0.078397291116039824477 29.375348420718591314 -29.263169625368014692 5.9952781855901369212 0.094076749339247797699 31.756879989412130527 -28.434600077495655768 4.3699376827894189645 0.10975620756245577092 33.314222860087028266 -26.349868579689520232 2.877115601740591444 0.12543566578566373027 33.714274112624195823 -23.524266819521312044 1.9519719713916903192 0.14111512400887168961 33.069717469872934146 -20.600210338030027657 1.7664198906467614147 0.15679458223207964895 31.785130351132107052 -17.92445926367824427 2.2025462868857021981 0.17247404045528763605 30.286561090693957965 -15.453658191099640007 3.0084348564848215624 0.1881534986784955954 28.929155889376534816 -12.933259529227456142 3.9056741802340417813 0.20383295690170138981 28.058505462061109625 -10.142978629978312455 4.5811742444093601634 0 
0.17739957264417802185 0.25608715174337620679 0.95023616135023414309 0.82202921135242623674 -0.56944532282152260372 2.7755575615628913511e-17 0.54110753765676855576 0.78112188231328982813 -0.31153047629786073669 0.76820340753151006297 -0.63370232527755943064 0.091021357904559618834 -0.57507942216550045345 -0.62056898135078064627 0.53308329329200354607 -0.28133109116976490194 -0.46186091231351045217 -0.84115237312758128763 9.7629142515830409366 1.677150595783430731 -0.8459082076196153821 0 10.295112969515574974 4.1432382298407093302 0.77741440535069017415 0.064452637697317100018 10.467199953469075169 6.7993030849837241547 2.1615046910960278304 0.12890527539463420004 10.63569086386937812 9.4456088819797656697 3.5646089636419615587 0.19335791309195130006 11.207167840641666601 11.910247769313464516 5.1767446656849349651 0.25781055078926840007 12.536405849959486147 13.900766478269149573 6.985320458714625147 0.32226318848658552785 14.731728653963388709 15.016420127945057317 8.698746316170423043 0.38671582618390260011 17.499898276307288114 14.97896124746188562 9.854503113715729512 0.45116846388121967237 20.277068197636673119 13.872691075335159994 10.106393206016219821 0.51562110157853680015 22.601947456806470882 12.100773112168269563 9.4316862837922847973 0.58007373927585392792 24.374012453675895529 10.09960328697795795 8.0696594449215712785 0.6445263769731710557 25.812999893478952629 8.1206215866679922755 6.3338685412920705531 0.70897901467048807245 27.275409303542623718 6.2246876120879512939 4.5264347773100457317 0.77343165236780520022 29.088377903025687488 4.3970084702247103081 2.9860741021274890272 0.83788428960279448532 31.392988125620270523 2.6717702037282737848 2.1420808286182038138 0 
0.65104284291701519649 -0.5046885703454716543 0.56695031850169619325 -0.61267053459278075778 -0.79033841868012222331 2.7755575615628913511e-17 0.44808261819482209098 -0.34735375472398166696 -0.82375198716047137726 0.68012446782165247861 0.50719650127473281387 -0.52932260235605221865 0.67415971836067722922 -0.14907090069833259238 0.7233854717264093237 0.28799198323940489175 -0.84884013551413683984 -0.44331821745804256274 11.234991531491559158 -0.71142548613433120863 -13.457001941287344948 0 13.188120060242605192 -2.549437089912673482 -12.112754086702878453 0.044224556020603197903 14.076180689493259734 -5.0020740562765420023 -10.630900910960848549 0.088449112041206395807 14.259550106195655772 -7.7091121259930979193 -9.3509228901772036835 0.13267366806180957983 14.333011436024102991 -10.54132279247662396 -8.364407688899637705 0.17689822408241279161 14.913192890552789294 -13.393656275001658784 -7.6380497351426486219 0.22112278010301600339 16.471572483032645096 -15.903834294758851797 -7.1180103430320178504 0.26534733612361915966 19.0364892985087657 -17.417298934570307978 -6.7566590869486073956 0.30957189214422237145 22.024767467424137379 -17.399208230106314232 -6.4924502418289105066 0.35379644816482558323 24.613267124581259537 -15.904321500022630786 -6.2376017777624896965 0.39802100418542879501 26.362209948924054004 -13.490761784356292807 -5.897119402737317273 0.44224556020603200679 27.420087950620459338 -10.728884512552735231 -5.3941784488940767162 0.48647011622663516306 28.284114019873062063 -7.9441344621866667453 -4.6880252521805729771 0.53069467224723831933 29.526227529753629852 -5.3574405362954653498 -3.8127251345744843647 0.57491922826784280787 31.566600933218587954 -3.334961381213433107 -2.9487491848562727981 0 
0.46508758504533337375 0.41378544263282879268 -0.78260791313521349544 0.66469961446620562384 -0.74711071637909043375 5.5511151231257827021e-17 -0.58469475862639419539 -0.5201991781391781533 -0.62251494303200971547 0.35631069986241697967 -0.89567413040009447034 0.26610249396724805493 -0.90681792624922852308 -0.40013146181934167167 -0.13257474078935541084 0.22521974557441135079 -0.19406871307439402252 -0.954784478722316865 6.2911556375480159886 15.048430324385506651 13.07786569856860126 0 7.6864183926840166095 17.042529167784124411 11.323781422689418008 0.01460448655522100618 9.0084563619755702035 19.068846969733648677 9.550007642129372698 0.029208973110442012361 10.605350584873782793 20.864406646241899779 7.7539253098211071702 0.043813459665663016807 12.712262491618055549 22.092501982907052138 6.0067279783488789491 0.058417946220884024722 15.300739369431523684 22.373965593073524616 4.5165843617980367952 0.073022432776105025698 18.004059679327152566 21.480859493920057446 3.5708778544904169472 0.087626919331326033613 20.27561603916841193 19.532280343302012682 3.3634776236450956155 0.10223140588654704153 21.715049095383065492 16.948085320215568572 3.8634166985717461884 0.11683589244176804944 22.272219299191043262 14.173258562585923315 4.8583531548235292519 0.13144037899698904348 22.187890049139173954 11.444954776217088011 6.1030483099331762631 0.1460448655522100514 21.825691698016907338 8.7711231605312551807 7.4143306870500200745 0.16064935210743105931 21.573826414754709191 6.0547156660572820641 8.662415788837252606 0.17525383866265206723 21.818926208157019886 3.2552943104005613861 9.7127182117448143117 0.18985832522814699574 22.887858307744270547 0.53484053165287726017 10.388377448468050446 0 
