19
-0.62771309169414490903 -0.20984321370805231188 -0.7496279745156624319 0.31705103146605617681 -0.94840847921468407478 0 -0.7109535272871833067 -0.23767032253600134384 0.66185942602908154342 -0.061935301359632294327 -0.99535936430111637829 -0.073646142760970131902 -0.18634805736286630395 0.084022499384679885659 -0.97888437576367381965 0.98052966296924304324 -0.046903683173383323157 -0.19068724273583015361 19.764681396185860507 3.1380114307557875897 -11.477258731158471505 0 17.881542121103425558 4.0891645251539561201 -13.610119313020021536 -0.032533151786416768247 16.240041843736673144 5.1576315551696465533 -15.882533651118404094 -0.065066303572833536495 14.900859010386854564 6.1926708655046409646 -18.359486228516331607 -0.097599455359250297803 13.959552492078483255 7.0379089813651223295 -21.079692994571551878 -0.13013260714566707299 13.548092142257891268 7.5266440872823983099 -24.01087761511512042 -0.16266575893208384818 13.809138240231881412 7.4981767888036259251 -26.999361591547639705 -0.19519891071850059561 14.833419070882607471 6.845515786007220882 -29.742508347746564823 -0.22773206250491737079 16.576857671067983802 5.5822957222099534036 -31.831682328182875352 -0.26026521429133414598 18.812719828476527795 3.8832190886322242029 -32.887143841699213453 -0.29279836607775089341 21.178614082546921793 2.0459676603041874188 -32.72283656289318543 -0.32533151786416769635 23.308244179113479788 0.37953697250025192345 -31.42374126351741026 -0.35786466965058444378 24.960011405378171645 -0.90911160883124630949 -29.276408852582463282 -0.39039782143700119121 26.061543478415934771 -1.7604855878142124936 -26.619005439958041137 -0.42293097322341799416 26.6698274683944625 -2.236871734025816405 -23.720202492595827692 -0.45546412500983474159 26.903025575795410873 -2.4712646513452338759 -20.738476057630844451 -0.48799727679625154453 26.88898737407582118 -2.6290451445431615163 -17.742658601508416893 -0.52053042858266829196 26.741575266590558613 -2.8915291512709191402 -14.757801666448067124 -0.55306358086579188171 26.555769362511657761 -3.4505733233595141662 -11.81621267754033866 0 
0.13039187774529159558 -0.32499434241911123733 -0.93668385040718304957 -0.92808806322317505266 -0.3723607751934342458 1.3877787807814456755e-17 -0.34878432464878977859 0.86932510057682921278 -0.35017619049040660251 0.10994131225792423689 0.26975425103238548363 0.95663240166166318978 0.17310301026879887365 0.94256143441459638854 -0.28568039868037564677 -0.97874831069835543929 0.19700402636559261049 0.056931168096741369133 28.052981279578389717 -3.3344387605028344979 7.5593898519507920497 0 28.444156912814264615 -6.1187029501723593228 6.5130368780044225474 -0.059727651190598939068 29.433723895578342677 -8.8147882766253182751 5.6458925512465061303 -0.11945530238119787814 31.065927713837336199 -11.224291534029600115 4.9177569396436524585 -0.17918295357179681027 33.297574924353284587 -13.123815531161374892 4.2762591060721089065 -0.23891060476239575627 35.983941635539260062 -14.308175791886917239 3.6592736136590597873 -0.29863825595299470228 38.8917086283122444 -14.641799274334738712 3.0008463292034610603 -0.35836590714359362053 41.742034487300628598 -14.098142407967117151 2.2392539734718441835 -0.41809355833419259429 44.270845567641110563 -12.768619922057842686 1.3241368257753807214 -0.47782120952479151255 46.283059714799783535 -10.83693350190932847 0.21980309101337056066 -0.5375488607153904308 47.68159830478138872 -8.5320581263004164896 -1.0961098270294185042 -0.59727651190598940456 48.466958969501718002 -6.0807485276875201663 -2.6369831153732743445 -0.65700416309658837832 48.716865883851035335 -3.6749846992864139139 -4.4117665961224146187 -0.71673181428718724106 48.559979030111740883 -1.4584392248363045042 -6.4272881696200521162 -0.77645946547778621483 48.153793066119526145 0.47264657572408746988 -8.6869203187834340696 -0.83618711666838518859 47.670193279809581099 2.061734230382800348 -11.185109422934175427 -0.89591476785898405133 47.286782342306231897 3.2838057753602591937 -13.89795893576226149 -0.95564241904958302509 47.179196855169429625 4.1405167628910719557 -16.771012229451308428 -1.015370069356223981 47.509020791943200379 4.6598257936974682991 -19.70725716154637297 0 
0.69638039116122907313 0.57423397230200223795 -0.4304761269343482244 0.63619845253523898965 -0.77152545582875442509 0 -0.33212329005641971769 -0.27386824580899554737 -0.90260196329257069703 0.22789603385060475116 0.030850439288070283239 0.97319661330632323271 0.62987980895849227103 -0.76686073683000277601 -0.12319105720367093393 0.74250577372945547605 0.64107165021101808478 -0.19419658924436530856 -3.2598820027341988137 2.9835691159419042151 2.2891022935208953371 0 -1.1707408292505117053 4.8921644735476217392 1.292732423351636184 -0.010414527477313558282 0.47514360200731692307 6.6321907118526448599 -0.51373358501171340063 -0.020829054954627116564 1.7013466431938568668 8.0383205604919449883 -2.8630381208132718029 -0.03124358243194067658 2.6522226220686619946 9.0638059490090014947 -5.5171354936447656314 -0.041658109909254233127 3.5379885519628899715 9.7449025392570849391 -8.3012958636983462668 -0.052072637386567789675 4.5901558004143714342 10.160680344992504942 -11.079801725863990924 -0.062487164863881353161 6.0243919333412820905 10.408103715852272231 -13.703113124136091727 -0.072901692341194909708 7.9911184841682620927 10.591342510076561467 -15.961078465254340486 -0.083316219818508466255 10.506956264420528768 10.814025425151513105 -17.580011717507606051 -0.093730747295822022802 13.4001309817909533 11.164682059428058025 -18.291720138866704559 -0.10414527477313557935 16.332945680220795737 11.697508616229455924 -17.953143994934141148 -0.1145598022504491359 18.926372914141783355 12.423457141167439488 -16.631370421425273776 -0.12497432972776270632 20.918473589988192174 13.323741199283443137 -14.576863156887759132 -0.13538885720507626287 22.250251281267772185 14.378786515363552567 -12.104364482763978472 -0.14580338468238981942 23.044195642094258858 15.592312109019930588 -9.4781453404749491654 -0.15621791215970337596 23.529372333447078347 16.996167599637679757 -6.8716497064530646099 -0.16663243963701693251 23.976847496996342102 18.633632490060570319 -4.3980953125083050992 -0.17704696557897375842 24.660535598548161573 20.523271916936050019 -2.170577991319943667 0 
0.87797942172580145659 0.17141904024493481717 0.44695374220106093288 0.19162448758510025604 -0.98146831622714536536 0 0.43867093678949681257 0.085647281823521340116 -0.89455707047257049247 0.6169300867593119353 -0.55332595291914077329 -0.55966745293725361776 -0.22391744673453689574 -0.80514056765387798098 0.54918998840645083526 -0.75449204442395123582 -0.21349252011280586694 -0.62061477484575655605 4.0137643275831891287 2.2997411082496768131 2.3875704746567265602 0 6.6477025927605932765 2.8746145710049777477 3.7035832850252168313 0.0066748899342331255782 8.7821198749531586003 3.7770258491184196536 5.6088045284571768079 0.013349779868466251156 10.425159645700345479 4.8389255102830031063 7.8831838572928552011 0.020024669802699377602 11.735668699940077886 5.9206456459725655961 10.355524917494081549 0.026699559736932502313 12.953435871749984898 6.9176682367730411016 12.909544244025715543 0.033374449671165630493 14.33823401382728413 7.7426297096809024723 15.439720850189397439 0.040049339605398755204 16.113701078760001906 8.3067674766752759297 17.791203747139569202 0.046724229539631879915 18.397888545446612341 8.5213820991026008045 19.724183387128405798 0.053399119473865004626 21.131294731102062912 8.327830371869451298 20.945241800104327012 0.060074009408098129337 24.060584752527965691 7.739378867809137752 21.215287719602820005 0.066748899342331260987 26.82954073609312573 6.8567730641034394523 20.471086390247453579 0.073423789276564385697 29.14239781609611768 5.8326800739523454453 18.858047255063265624 0.080098679210797510408 30.888710413529551602 4.8075625887157693583 16.644560351501265671 0.086773569145030635119 32.157607586008893463 3.8638937879129735542 14.095166768359524312 0.09344845907926375983 33.171992275108699744 3.0215148998098309008 11.400459079939313511 0.10012334901349688454 34.211387145920994612 2.260910611543080595 8.691000240336398619 0.10679823894773000925 35.551645660796879156 1.5525470057156742776 6.1021978423029317185 0.11347312888195529301 37.40243592107479742 0.88079466551208385194 3.83872170903105836 0 
-0.035054432592507588085 0.0070494641258775419743 0.99936054145196029364 -0.19715343481746558374 -0.9803726450384442348 0 0.97974573737031012133 -0.19702736336829629327 0.035756232867077776538 0.88687953147381504149 0.4608503911122497354 0.03258241342308526578 0.29093817774575170265 -0.50232450445664178496 -0.81426351321446976961 -0.35888671385657028301 0.73163311108374240455 -0.57958029416393785915 4.7702255635370960363 -1.7310852422923659333 5.530370877605363944 0 4.665062265759573279 -2.3225455467447626567 8.4696080897162939749 -0.03075452212632015514 4.7814979362392859841 -2.7114225039256134586 11.442026291860788234 -0.06150904425264031028 5.2827635938434216456 -2.8147716507979168021 14.398046332557246529 -0.092263566378960465419 6.302923551545332792 -2.5762039876204889666 17.209156792007512138 -0.12301808850528062056 7.9089129629244547814 -1.9846625487804416821 19.673063720318090475 -0.1537726106316007757 10.066030555777860656 -1.0903146034812101206 21.556393030580004222 -0.18452713275792093084 12.63243276517896696 -0.0028233127634281645658 22.665844423113153283 -0.21528165488424108598 15.39724445609161485 1.1347966491417302848 22.914013586082681684 -0.24603617701056124112 18.148117564030517457 2.1866441790958668356 22.342800058950359698 -0.2767906991368813685 20.73332372577885252 3.0583048710732092523 21.0950384812561893 -0.3075452212632015514 23.091026252858739554 3.7111408889200103722 19.358647880162095589 -0.33829974338952173429 25.24347695736792474 4.1576339328852540689 17.317173482433641851 -0.36905426551584186168 27.27138975181662417 4.4481907800130775499 15.125560339972620838 -0.39980878764216198906 29.283945662811742494 4.6587585565394427078 12.910768704285445097 -0.43056330976848217196 31.390980196590415829 4.8824794154649548972 10.787004658661910383 -0.46131783189480235485 33.676549496377475634 5.223122437091965331 8.8738534199904588462 -0.49207235402112248224 36.172072625531399126 5.7853865673957720617 7.306635406950267253 -0.5228268753343208175 38.83271121995284858 6.6582011006330148462 6.2299752653805535729 0 
0.31235426756780754198 0.0269040696580837152 0.94958463686393490555 0.085815449561832679581 -0.99631105013268850268 -3.4694469519536141888e-18 0.94608166674377469629 0.08148903250948824617 -0.31351079316666041752 0.66858407444065526271 -0.25612883078374615309 0.69813562969217035636 0.6589657472438826824 0.63912238108606023168 -0.39659390559386520358 -0.34461497263416029924 0.72520383619795902863 0.59608717198084448796 23.805978923466039276 -35.473148235122664573 13.587626223057842623 0 24.74304172616946218 -35.215701886437166479 16.425871223289167489 -0.069153843882506269014 25.593056789436637644 -35.167034356593255495 19.302519141694308047 -0.13830768776501253803 26.344756174473939581 -35.114722226679923267 22.206351294426450949 -0.20746153164751879316 27.031589569252535199 -34.849385189155931641 25.114594570924499095 -0.27661537553002507606 27.718962856975100095 -34.186405609955862417 27.95853268769390354 -0.34576921941253135895 28.488793513433808613 -32.996804265800555811 30.602808605717314094 -0.41492306329503758633 29.419908975232878845 -31.245529817898919589 32.853591322663781682 -0.48407690717754386922 30.566704017111085534 -29.018076857904464561 34.503820843032400489 -0.55323075106005015211 31.94451333528172654 -26.509198767282086351 35.402215082439916216 -0.62238459494255637949 33.530688229257371802 -23.965115486227922759 35.510116865609631986 -0.6915384388250627179 35.28162386519826299 -21.603551284104199226 34.912441937166988737 -0.76069228270756894528 37.155039966128654783 -19.552093513022978044 33.780261392186623937 -0.82984612659007517266 39.124273422752281704 -17.828456520514038175 32.31356042950172025 -0.89899997047258151106 41.17807053595210931 -16.356634793259530625 30.696252828047441596 -0.96815381435508773844 43.307321095215066009 -14.998659357476164189 29.076924966772754289 -1.0373076582375939658 45.483926175022610039 -13.587353010935711239 27.570064315259116938 -1.1064615021201003042 47.638239855965046843 -11.9577136523364711 26.265009514331580931 -1.1756153460026057544 49.643992079287031061 -9.980816410604836264 25.231164596429110247 0 
0.53924394640414807789 0.47571564643093672275 -0.694917685778162042 0.66155295547642867238 -0.74989845119216136382 -5.5511151231257827021e-17 -0.52111769627108461833 -0.45972484883938335987 -0.71908929208598548755 0.099262817649159396094 -0.46391818013340030413 -0.88029927591363144046 -0.62235429624243743252 -0.71922446864983691217 0.30885480997377939838 -0.77641614034030037583 0.51720023766146250299 -0.36011371979139722432 -1.8381262576729540115 -2.6099843552901318411 4.7602850155136398058 0 -0.2203944184605097778 -0.62532548886084571294 3.1969319267003859508 -0.037310660043499498106 1.2066009837691256124 1.9900533003346545513 2.8456018629131021314 -0.074621320086998996213 2.2196453482465172691 4.721400289544027018 3.5621785524053168892 -0.11193198013049848738 2.8365948620585226259 7.2885170158517738059 4.9867128268062632657 -0.14924264017399799243 3.2449364283127306585 9.6711074454186398697 6.7633778527560703964 -0.18655330021749749747 3.7154151426056878371 11.985741372440152475 8.6130099232718748681 -0.22386396026099697476 4.5501411530957085461 14.336312390245149473 10.279762249475520974 -0.26117462030449650756 6.0148596331004187121 16.675333880329784364 11.456018126796351453 -0.29848528034799598485 8.1933962807230766856 18.709564786727231223 11.796392512741157077 -0.33579594039149546214 10.824708855825347698 19.963239185983823631 11.086152913644912843 -0.37310660043499499494 13.336387952721349137 20.054878866129556059 9.4481632053471660271 -0.41041726047849447223 15.162304238224212583 18.972030197420075126 7.3283923603185687767 -0.44772792052199394952 16.071639009646450091 17.04979301336272357 5.2122390884767693109 -0.48503858056549348232 16.20587971052765397 14.701926842291532793 3.3495754333374678779 -0.52234924060899301512 15.890211146419799704 12.212733525213632646 1.7051026487365772422 -0.55965990065249249241 15.471103124939679319 9.7361182749836689965 0.064752874108882196857 -0.5969705606959919697 15.269158789416755084 7.4225571525689479913 -1.8343613451937756942 -0.63428122073949522175 15.566947242364227222 5.5554942638416235923 -4.1636097662146678289 0 
0.074120967089642164627 0.18671104563497623041 0.97961475472534087494 0.92944072834662294635 -0.36897145213484816573 -1.3877787807814456755e-17 0.36144987858373228695 0.91049385113101977129 -0.20088537110603640889 0.87898026596930844967 0.30482719686831238892 0.36670706577039235974 0.12511910581139484844 -0.88949105799224637003 0.43948932536842311158 0.46015095501094038788 -0.3404203839390963493 -0.81998479303050342271 -18.024305378516888965 7.9161124727247029753 -10.197899574897306252 0 -17.801942477247962415 10.704434657764572592 -9.1135499391461092245 0.049338173077895508545 -18.004379513763318243 13.519420793028581684 -8.096265454642242787 0.09867634615579101709 -18.328499302412499361 16.281808338872515662 -6.9719046333098741997 0.14801451923368652563 -18.44187128983210755 18.951332664689857666 -5.6077913006684410036 0.19735269231158203418 -18.011819641722453866 21.429688388342313488 -3.9729186431081853215 0.24669086538947754272 -16.780713997746261157 23.509732143996959763 -2.1959074594239869072 0.29602903846737305127 -14.691004903932217474 24.921058642749191137 -0.57072450628511517401 0.34536721154526855981 -11.961368961512041764 25.471047265787426284 0.545761112873202614 0.39470538462316406836 -8.9976612423679167563 25.175533071689525144 0.9050182213901047934 0.4440435577010595769 -6.1751675889098347483 24.255941837804286365 0.47158064142595990109 0.49338173077895508545 -3.6674518537178930622 23.015797516268332146 -0.61166172301067445183 0.5427199038568506495 -1.425379746438830697 21.719353807062443451 -2.125718691134244942 0.59205807693474610254 0.74080712557014949393 20.549075094397782237 -3.8398093658952063834 0.64139625001264155557 3.0564806818038547931 19.623681389387819252 -5.5075389743917648744 0.69073442309053711963 5.6797708320468363041 19.025184554335361042 -6.83424734784735044 0.74007259616843268368 8.6003636240636005539 18.799764503615282507 -7.4817839745243723826 0.78941076924632813672 11.580369812881514235 18.929023950013238675 -7.1611473161049055136 0.83874894130471311371 14.217310610789443359 19.304381267447421777 -5.7806944510720903452 0 
-0.22133910477073254208 -0.2591982028781219527 0.94011982870485311103 0.76045967900962108121 -0.6493851527411014235 -2.7755575615628913511e-17 0.61049985855843935667 0.71492322316747292099 0.3408441105196881038 0.97606061348360939611 0.21562212747628312082 0.0285092432134265647 -0.18421179524848935172 0.88923698862155409195 -0.41871660172316815807 -0.11563603805617554687 0.40344104428016652752 0.9076693398439757976 -0.22585827247475265267 0.19622962905610563666 1.889407715267324761 0 -0.88987558678695033443 2.4776086660849689913 3.7209072909426428311 -0.045450359504335638428 -1.0194856164761192385 5.0871673878129533009 5.1951697745552669616 -0.090900719008671276855 -0.47474630951026819403 7.8488271600047339049 6.2326933546391618535 -0.13635107851300692916 0.80438681891262353574 10.506112924060575509 6.7827810886613102426 -0.18180143801734255371 2.7680073292229101511 12.77317619077281563 6.8502987734339058079 -0.22725179752167817826 5.2608510547847400218 14.406403683552676753 6.5064322430018872723 -0.27270215702601385832 8.065319381187688208 15.26472631856792006 5.8754005348508799855 -0.31815251653034948287 10.963471388681034213 15.331145311708688439 5.1032066227278134463 -0.36360287603468510742 13.789192071996771105 14.692105940702838041 4.3241510342831430691 -0.40905323553902073197 16.452773873246073322 13.494070105178149532 3.6385494146352810318 -0.45450359504335635652 18.938607715346773119 11.901488749349253382 3.1053250643487815275 -0.49995395454769203658 21.287468070866331971 10.070347326591623016 2.7450583041063953971 -0.54540431405202771664 23.57467033289050562 8.1391729082914530125 2.5468460668221033494 -0.59085467355636334119 25.889732086150537782 6.2325435245260187855 2.4742463604914548547 -0.63630503306069896574 28.317787080944622602 4.470574776594483879 2.4685831310549231077 -0.68175539256503459029 30.92026141761905933 2.9783237952945018634 2.4504363534122881596 -0.72720575206937021484 33.712635973362822028 1.8892296567939206309 2.3221116109121875404 -0.77265611276640389082 36.640817813813647774 1.336594271048446636 1.9752034967436493673 0 
0.58673371037091570646 0.099217770958277634596 -0.8036786590674466213 0.16673475150826469471 -0.98600178632671731105 1.3877787807814456755e-17 -0.7924285934731629677 -0.13400116151210617055 -0.5950635369097579952 -0.57607591207957131729 0.79471897724969009502 0.19120222467559450097 0.75152370350344566141 0.42295837749964571017 0.50627890927366558937 0.32147887425794430261 0.4353480884327777245 -0.84090628211696172301 24.234666054319301765 -10.229679997733333252 5.4063249857289381595 0 25.994867185432049439 -9.7294757432085390292 3.0290392053094494784 -0.050815611326703855055 27.588730657202962249 -9.7326555005539816534 0.48747096431733571986 -0.10163122265340771011 29.136817062427510905 -10.006384006318393531 -2.0676268327350761922 -0.15244683398011155129 30.771396110220976539 -10.285024239545515812 -4.5677335357919783831 -0.20326244530681542022 32.582470374181468742 -10.285395998805405782 -6.9593912004107778557 -0.25407805663351928915 34.563047157441125989 -9.7278448233594687622 -9.1426121749874180722 -0.30489366796022310258 36.562614524746031464 -8.4001987961996320564 -10.942352064146907864 -0.35570927928692697151 38.289899988111102402 -6.2613611400699635823 -12.143106271351294723 -0.40652489061363084044 39.404582914374110203 -3.5117315704427913836 -12.58690713246394921 -0.45734050194033470937 39.666759777275508725 -0.53991611580629217393 -12.271432637445057523 -0.50815611326703857831 39.038208340312195332 2.2493674489382495807 -11.363252609696040452 -0.55897172459374244724 37.662528360419813112 4.6047475513928981528 -10.114379436708231808 -0.60978733592044620515 35.762699236565154592 6.4868225033470316987 -8.754800663843301578 -0.66060294724715007408 33.549898427685711511 8.0216688372474784785 -7.4327652792843270646 -0.71141855857385394302 31.193880544044233716 9.4216685226004592835 -6.2124372787826063202 -0.76223416990055781195 28.846317226848114501 10.922270732338157373 -5.1001610929665845973 -0.81304978122726168088 26.686555808264749601 12.734180765085284293 -4.0743017213066696769 -0.86386539255396532777 24.958328072026031208 14.988751875595614393 -3.1098650985328299967 0 
-0.57411204030942619703 -0.19412309639744607104 -0.79543169952976833237 0.32031228613573353714 -0.94731200739275978062 0 -0.75352200002537916834 -0.2547865461412121002 0.60604324217268890074 0.46573045178160726865 -0.66204163619990941125 -0.58719333972810583422 -0.88417924196495567557 -0.37539917835137864843 -0.27803331629749999943 -0.036362265627648479582 0.64867274401724062116 -0.76019830097650742395 5.3661184255579454927 1.6691397170514876702 5.3220303907241968133 0 3.6437823046296671237 2.6300765754586885592 3.0614643906480591973 0.02841323055808586337 2.3024691726016603965 3.0875083274850863013 0.41728636362658194647 0.05682646111617172674 1.442341727178644728 2.9306651166158759203 -2.4524762029444393541 0.08523969167425758664 1.1298483893613782136 2.1066317792703266321 -5.3200989912817018279 0.11365292223234345348 1.3724885480440838226 0.64379416313653015091 -7.9280046380403614847 0.14206615279042930644 2.1098051665417987266 -1.3489095040090188782 -10.045891239999489741 0.17047938334851517328 3.2269254585483122533 -3.7099055206063487056 -11.521595458824227975 0.19889261390660104012 4.5846946672351007734 -6.267969256731018568 -12.304381413899125874 0.22730584446468690696 6.0522389719337246206 -8.8812178467049527342 -12.435692577172458684 0.25571907502277274604 7.5295673997486716189 -11.458847861656943579 -12.019360581420665213 0.28413230558085861288 8.9560701526355170898 -13.963924833853191387 -11.188882714861625445 0.31254553613894447972 10.30801732506810886 -16.403471791791254475 -10.083954422481665958 0.34095876669703034656 11.590603149869426858 -18.813269926255472342 -8.8398222105302242113 0.3693719972551162134 12.828762552971097577 -21.241808264148779983 -7.5871521169508087112 0.39778522781320208024 14.058494773290000524 -23.734287884236124455 -6.4578494246618891594 0.42619845837128794708 15.318414711745905521 -26.315462778935934551 -5.5917326844674795083 0.45461168892937381392 16.640262743058414685 -28.970102680301145881 -5.1383615603026520091 0.48302492027382076811 18.037454098403227221 -31.622640406196019569 -5.2474483571855952135 0 
-0.73658064377656284893 -0.36526071539538812472 0.56923946191611984879 0.44426326043431418888 -0.89589628608911697771 0 0.50997951982601885668 0.2528921793187300926 0.82217177949467878939 0.080688323305514841888 -0.96832418167658673713 0.23629996543062242731 -0.7463679756028944734 -0.21582617989749799947 -0.62956644213719781256 0.66062412874234410776 -0.1255680662080188581 -0.74014081178664703486 17.934110718281399244 18.443616733993476231 -11.808165352572641993 0 15.72436878695171103 19.776406515296418576 -10.278226793094585645 -0.037208651245311245848 13.689440041235856782 21.227620930026898094 -8.6189839605790918853 -0.074417302490622491695 11.928204838933943677 22.696276519520193204 -6.6847883153890261809 -0.1116259537359337306 10.545500143840202512 24.039790085926927787 -4.3862906419694285276 -0.14883460498124498339 9.6415265723424870004 25.081648638524054462 -1.7222088075655086481 -0.18604325622655623618 9.2841492084169843224 25.641485405348959148 1.2033361795254939874 -0.22325190747186746121 9.4773321251704807366 25.581483687129967564 4.1964984128733364699 -0.26046055871717871399 10.146274274969140805 24.847274089639928008 7.027293070410217446 -0.29766920996248996678 11.152204191038268988 23.479205454145539278 9.5004401695196865063 -0.33487786120780121957 12.330219380397496209 21.587871850626367376 11.50920160360256439 -0.37208651245311247235 13.529476797269420985 19.310873431788088794 13.050974419540752436 -0.40929516369842372514 14.638224973266916962 16.775368500739485711 14.209381797086901855 -0.44650381494373492242 15.589871503934691788 14.080843610413952049 15.12257700585932696 -0.4837124661890461752 16.356821110897939775 11.302364694702365711 15.954361379016120281 -0.52092111743435742799 16.940823075111378415 8.5069504962551025784 16.873393945555257289 -0.55812976867966868078 17.365282234858465671 5.7745216492755391258 18.036871884614601669 -0.59533841992497993356 17.670881994398239812 3.2154224342838064743 19.572311598825457679 -0.63254707216531191882 17.912946964314784282 0.9763185074751170589 21.554183985052482342 0 
0.13620050835907154818 0.14918498044978689698 -0.97938412440213040711 0.73851474019033791496 -0.67423733100563154608 0 -0.66033733806618000184 -0.72328961217938092521 -0.20200677431480562607 0.88254239107601772929 0.17847812949992505893 0.43504538297059786034 -0.30372639307188792346 0.92265037501030500167 0.23762694216962085281 -0.35898357358710331066 -0.34185061471869726546 0.86848658660400834819 11.644426750150447702 9.315997420703174825 1.2953199994048334442 0 12.053028275227662292 11.531541641274188237 -0.68569201479370645025 0.065555419694627498073 12.300545161161844376 13.868136989528300873 -2.5509218786058744932 0.13111083938925499615 12.55173551646360508 16.375915650515178612 -4.1781803169746405402 0.19666625908388249422 12.987177788281917046 19.052918783068758302 -5.4603876580672920937 0.26222167877850999229 13.783089128183897643 21.818619591506077882 -6.3073940578640286247 0.32777709847313751812 15.07827238782693513 24.501210173041702234 -6.6626156658491115792 0.39333251816776498844 16.932955367974773964 26.855424132290035999 -6.5292716955764040776 0.45888793786239245875 19.298905275030641349 28.619501080789607528 -5.9905198440336562271 0.52444335755701998458 22.02487663769892734 29.595131642993145249 -5.2049203118783697875 0.58999877725164751041 24.904466735452913895 29.711122667273450304 -4.3715755248541272593 0.65555419694627503624 27.744800674851497035 29.036768522245314017 -3.6803968855230069224 0.72110961664090245105 30.421304491254254287 27.744563819128273963 -3.2723124475816764978 0.78666503633552997687 32.897882247013924939 26.052171911425062945 -3.2234762853924388004 0.8522204560301575027 35.215773913704694564 24.175723878195878314 -3.5495763373589217515 0.91777587572478491751 37.466531949716866734 22.3079851766637276 -4.217156402400339843 0.98333129541941244334 39.761537932260694106 20.616688846873355345 -5.1512258181568819637 1.0488867151140399692 42.202127724351520044 19.250377555279165165 -6.2359774317536196264 1.1144421341546164594 44.849754897579579449 18.339198376063507112 -7.3129281525149218979 0 
0.90366606380323943881 -0.10143112566238926542 -0.4160521263943017245 -0.11154358134030029071 -0.99375954307960223666 0 -0.41345577102289821081 0.04640794420226771605 -0.90934076567741084496 -0.6975538824054172693 0.13130179335305922073 0.70439933290953626877 0.44799114133961814854 -0.68731408938615856652 0.57175456256378265341 0.55921598548535356166 0.71439427600838645294 0.42061657121908324619 18.647705989619986156 -1.7363707764791029842 1.742192487418501079 0 21.358704181029704472 -2.0710015205000038563 0.50182517434980655757 -0.029033148655645466679 24.132749417457635133 -2.2785014641312084649 -0.62140412629665486843 -0.058066297311290933358 27.035985841079622105 -2.2253739583127134516 -1.3753323110564830145 -0.087099445966936403507 29.998308670836234313 -1.768421214429561461 -1.5011735015025688966 -0.11613259462258186672 32.750435875964384991 -0.80650959517432441181 -0.79371525373755458244 -0.1451657432782273438 34.854142267370313846 0.64144119069697813629 0.78039061727740910435 -0.17419889193387280701 35.873876936049853725 2.3926382158174641646 2.992491470833823719 -0.20323204058951827022 35.603332343889682932 4.1556038597795232903 5.4046908918962346391 -0.23226518924516373343 34.164205239148692783 5.6633188410009891456 7.5623931745240993152 -0.26129833790080919664 31.899373659288603022 6.7819494929813277651 9.1807864276267778791 -0.29033148655645468761 29.177299866328077371 7.5254240680304693711 10.199397021137521335 -0.31936463521210012306 26.261506380301380403 8.0012833780337011547 10.720663868947251984 -0.34839778386774561403 23.288950480025377487 8.3510100103098441338 10.924663523298638879 -0.37743093252339104948 20.312653506572100781 8.7159225676134557403 11.016900356701059494 -0.40646408117903654045 17.362324071809293713 9.2237471148431211532 11.211020072881066056 -0.4354972298346819759 14.504420986199795252 9.9785775192557704116 11.723495699588157848 -0.46453037849032746687 11.89441666611501347 11.039552761244568302 12.75411541973002727 -0.49356352638689277024 9.8017550188987634385 12.38352618526341864 14.431763376186092174 0 
0.57525807191251887573 0.6260004757053106994 -0.52649934009095966658 0.73631908700569692616 -0.67663446713206720773 -2.7755575615628913511e-17 -0.35624760042783165659 -0.38767151340487748801 -0.85017553768841391815 0.096216615572393054956 0.86874390869645445878 -0.48582546659330372307 -0.36963122283610738705 0.48437260707525126024 0.79294131978337956124 0.92418348935288707757 0.10328213116474230238 0.36771956623164708811 -0.6924923625957518647 -1.805729184800523468 12.758875225829612532 0 1.0332818531418048735 0.4032280762165674215 11.690132424546117562 0.044412271270773955034 2.8245047626949579822 2.1483288867479291007 10.032998435668579518 0.088824542541547910068 4.5481621456621530442 3.5118549494642636866 7.9909846721106925216 0.13323681381232185816 6.1635797260784812579 4.6550538688713913871 5.7363129687561844605 0.17764908508309582014 7.6967167327785812603 5.7677298242419601237 3.4100572490491432021 0.22206135635386978211 9.2087032164115498745 7.034125574347608989 1.1494911699871779298 0.26647362762464371633 10.76589243684037811 8.6039401336011049892 -0.87803379928113756137 0.3108858988954176783 12.410338453077256915 10.555256237639969896 -2.4554246051839583309 0.35529817016619164027 14.132145171430263275 12.849840911972957969 -3.3330574982381522275 0.39971044143696560225 15.855154199079111166 15.305411300195478574 -3.2960813979579515198 0.44412271270773956422 17.45275518287178329 17.623463523793148511 -2.2596234940699053695 0.48853498397851352619 18.796259534951932579 19.484811611899790051 -0.32821886642554370939 0.53294725524928743265 19.810155729261737179 20.666160049746885363 2.2362292760125050961 0.57735952652006139463 20.498829596498193695 21.104829696442628517 5.1229722248414448771 0.6217717977908353566 20.933549709323759913 20.883371434396181598 8.0830365197214657513 0.66618406906160931857 21.218512929820263935 20.168812888924360749 10.982729249011638828 0.71059634033238328055 21.460046994057321967 19.157289606797849757 13.796713999987494148 0.7550086107807041369 21.748696840774488948 18.04839593828953781 16.569264468046160488 0 
0.47091864871515620727 -0.41129108875464964745 0.78043274316452571071 -0.6578134145310954306 -0.75318092890283772078 -2.7755575615628913511e-17 0.5878070584428469747 -0.51337912759292603226 -0.62523974073685839592 0.64680426859280915064 0.48778213523157459841 -0.58627026760620148949 0.23628683358191088226 -0.8590650750993613638 -0.45406577609456888478 -0.72512948526863463261 0.15516373704398514488 -0.67090345378496152318 3.3219435432351787085 -11.330765133400532818 1.8715907238401854329 0 4.7346994893806471083 -13.304205376993818888 3.635011899168726579 0.022845533178371145444 6.1804034127219535932 -15.082504994579448265 5.5708917452141282212 0.045691066356742290888 7.7732458119577163558 -16.571401933002036344 7.6314872572943031059 0.068536599535113429393 9.5992513230540001956 -17.667742898359779957 9.7442436918812216362 0.091382132713484581776 11.697687878170677678 -18.267746715274174818 11.802529023969343669 0.11422766589185573416 14.046698189378192367 -18.287955941758706757 13.668460533864996265 0.13707319907022685879 16.561590398063962937 -17.69221087605034981 15.191729520548591381 0.15991873224859801117 19.112380261861240172 -16.511592362698753078 16.240324293015980572 0.18276426542696916355 21.558186262462541549 -14.84492983173447378 16.730444967447503757 0.20560979860534031594 23.785754733717482168 -12.837451766240752349 16.641349750482742564 0.22845533178371146832 25.736681066354872627 -10.647853829243912216 16.009261566892529771 0.25130086496208259295 27.415297705287848373 -8.4193893675218642869 14.906447804723368833 0.27414639814045371757 28.879903604695041253 -6.2654935256661801191 13.417931739343540443 0.29699193131882489771 30.225707923451579973 -4.270904384288240152 11.626159293952284202 0.31983746449719602234 31.566559321090366552 -2.502458820621936475 9.6075603962567353022 0.34268299767556720248 33.017931440245959607 -1.0218552383972741016 7.4393006799193370782 0.36552853085393832711 34.680119831171957401 0.10623077002825243031 5.2111838296182906305 0.388374064032308286 36.620532636950386518 0.81509127077397514061 3.0357953738123844012 0 
0.962237298382991324 -0.20847906987821854252 -0.17503102303110432136 -0.21174783846520739417 -0.97732433352767422718 6.9388939039072283776e-18 -0.17106207793054101218 0.037062440791190288947 -0.98456291874957646559 0.47609320323444265233 0.078758562987152114232 -0.87586091966143042598 0.87875124427932860272 -0.08070522891068440674 0.47040718181593105252 -0.033637962356539846676 -0.99362153498335259449 -0.10763239617246822544 -0.94918483160098787721 -6.6692397374510079544 -3.2789717032614049685 0 1.9375270635479862058 -7.3044832528466301369 -3.7921579370530280606 0.061410845858414962739 4.689840851087425655 -8.4978567375841613796 -3.7681377517965284341 0.12282169171682992548 7.1898886422805290408 -10.117772736281708035 -3.4136707199418063752 0.18423253757524488128 9.4687934606525328007 -12.012767205506884594 -2.9493286428513174613 0.24564338343365985096 11.658137219927141359 -14.028085544278036778 -2.5681551146461831792 0.30705422929207482063 13.924342231930658897 -15.988377833328254241 -2.4212169069798030741 0.36846507515048976256 16.401049894192667011 -17.670865137965403591 -2.6087325497476663294 0.42987592100890475999 19.123071715786014835 -18.80504960783197177 -3.1602797202361414541 0.49128676686731970191 21.98197211669948814 -19.128982849326941817 -4.0098151360706326685 0.55269761272573469935 24.743324271837138895 -18.49218190702176301 -4.9943753604492329146 0.61410845858414964127 27.142662284019554164 -16.936388324621120205 -5.9013650219626407889 0.67551930444256458319 29.009789331689418646 -14.679125511532530979 -6.5483364557965932917 0.73693015030097952511 30.337760478198593006 -12.005448581734047053 -6.8448879032837890435 0.79834099615939446704 31.264734520762921477 -9.1525269698093136839 -6.805190481123836399 0.85975184201780951998 32.008134146662712283 -6.2595304172716073055 -6.5259842519831243735 0.9211626878762244619 32.801502281532329164 -3.3892617048645292677 -6.1624549002369075623 0.98257353373463940382 33.848059511820004275 -0.5886084354770524385 -5.915410981697312387 1.0439843795930550119 35.276339121523321296 2.0476452973609395869 -6.0163248687669446113 0 
-0.2813987191316491554 0.19076266828904070438 -0.94043838993222350631 -0.56112580939590517293 -0.82773052742410702098 0 -0.77842956450847733407 0.52770425273770082963 0.33996416684951863418 0.26053900995184903211 -0.84395550451845557927 -0.46889074493565136015 -0.93745411884981311168 -0.33727604872028782435 0.086166362411040670066 -0.23086619359453897093 0.41711386137675893204 -0.87904313165085312676 6.6583643254217719232 25.96561415742780099 -1.1732831759947288663 0 5.8141681680268249011 24.282236729240086248 -3.5085718695201606465 -0.028640255950433294446 4.7938529743150031237 23.155871353472587515 -6.0951214174944441382 -0.057280511900866588892 3.8374932530627505756 22.470949934824087535 -8.8548827047542388868 -0.085920767851299886808 3.1767111015734337265 22.074032370779605117 -11.75416622136331668 -0.11456102380173317778 3.0374229291425698385 21.810439807931494727 -14.739317461263061304 -0.14320127975216648264 3.6175196825444868587 21.541771935814146843 -17.670408429279614637 -0.17184153570259977362 5.0229529199259239647 21.159492930737322069 -20.293113726847902711 -0.20048179165303306459 7.1917674312481745247 20.600363072027974454 -22.28899993569489979 -0.22912204760346635557 9.8769778729943027429 19.853247369647807119 -23.398688033317029067 -0.2577623035538996743 12.732145845437161213 18.943088569171866453 -23.538654603762825701 -0.28640255950433296528 15.450719883774542751 17.895143278854039437 -22.823702678458229087 -0.31504281545476625626 17.860382832392520669 16.700852283033231771 -21.494339857920984116 -0.34368307140519954723 19.926575039910552789 15.304244071251574155 -19.826899051898461579 -0.37232332735563283821 21.695749339647843357 13.613985842655273117 -18.091077996321875077 -0.40096358330606612919 23.228410237748168043 11.540606583708964195 -16.557433248045470009 -0.42960383925649942016 24.550454679778518141 9.0579988779759208484 -15.513950960499760967 -0.45824409520693271114 25.634198977507125505 6.2738001733050143827 -15.242517966038803934 -0.48688435115736600212 26.415816007362654005 3.4614378167555694965 -15.935116546822420958 0 
-0.30701958918869759474 -0.37722393990970021216 0.87375114936313891256 0.77558530891208832259 -0.63124276518605781927 2.7755575615628913511e-17 0.55154909160848397676 0.67766855509110235367 0.48637324040966084526 -0.89057134315250630063 0.10249621127674901633 -0.44314468227594933092 -0.027290573768593298642 -0.98456508412506238415 -0.172878048650458499 -0.45402412638418376822 -0.14186656334641178923 0.87962262980516636723 0.30824698117657195473 -12.903678693894708118 -16.474928164878484438 0 -0.61281178638952082949 -10.57692276715844315 -14.820280890053032508 0.01798746394211651195 -0.99572835139073856414 -8.2609580095642005659 -12.952213827393086021 0.0359749278842330239 -0.85897671967219801914 -6.0202978605131098888 -10.962051919426203384 0.05396239182634953585 -0.22548953574154434465 -3.9050895713485975769 -8.9311429604797005766 0.071949855768466047801 0.88238404938886305651 -1.9575367589161625226 -6.9362350283179310395 0.089937319710582552812 2.4433226878369329604 -0.21739841690163125287 -5.0559709391243465859 0.1079247836526990717 4.4330819881611391864 1.2737399274807637006 -3.3774689462407971874 0.12591224759481559059 6.815782698674142992 2.4697892182311655951 -2.0018931936955866036 0.1438997115369320956 9.5297005146336033476 3.319995857496938374 -1.0470088544202726943 0.16188717547904860061 12.467655807440134907 3.7730811923902560778 -0.64310754614594822787 0.17987463942116510562 15.455126760056703716 3.7883327367194254975 -0.91657408888105273981 0.19786210336328163839 18.235870428184725256 3.3554722181063962871 -1.9558460566935060854 0.2158495673053981434 20.482885951061213348 2.5212330412794421441 -3.759991659149972687 0.23383703124751464841 21.853811249290732377 1.4115400588400994764 -6.1867391315794222351 0.25182449518963118118 22.09124144710346016 0.2306743064588912262 -8.9343066488270999059 0.26981195913174765844 21.128048256822140161 -0.77661803127781214862 -11.590913700242520434 0.2877994230738641912 19.133307720766914883 -1.3900536573615769331 -13.746069956507078302 0.30578688701598294442 16.461593691309396092 -1.4719253786673558437 -15.108142335659632494 0 
