17
0.78054865983238275184 -0.16300571161832913547 -0.60346742050724955231 -0.20442467423603521981 -0.97888229760451339612 -1.3877787807814456755e-17 -0.59072357511560535936 0.12336363084925498768 -0.79738765502503661242 0.39596275468193548042 -0.15720579781748122983 -0.90470980653315713482 0.5604020199539083702 0.82185846283768393405 0.1024609344758176388 0.72743595796212356941 -0.54757191691562101532 0.41352378754925300797 2.9844127237208653014 0.2325736949483001581 0.053965314116098284103 0 5.3260587032180133349 -0.38070032775980555684 -1.718205411230717683 0.12445543211321111188 7.6939607851355686918 -1.6336719462292266236 -3.0684161309710278331 0.24891086422642222376 9.9093942467976390276 -3.3013070826799970625 -4.2133483029667662123 0.37336629633963336339 11.978921165663505732 -5.1239811423655003964 -5.3944250777076216963 0.49782172845284444751 14.023011427100936288 -6.8171474109248348938 -6.7926040951601764917 0.62227716056605553163 16.187529680332030324 -8.0588335939468027647 -8.4578625277622183631 0.74673259267926672678 18.55050338798195142 -8.5183898050313633377 -10.248155535698288077 0.8711880247924778109 21.045233676799636413 -7.9702784837572187016 -11.82163946526948628 0.99564345690568889502 23.457470356821264801 -6.446864261587014866 -12.749143270688330531 1.1200988890189000902 25.534805899087867687 -4.2826047775180144939 -12.724537601988993529 1.2445543211321110633 27.140012606443363552 -1.9574378728450723131 -11.71613088143893755 1.3690097532453222584 28.320745918264968566 0.1476102785842390297 -9.9343781920590963352 1.4934651853585334536 29.257516765327252983 1.8920679706762693062 -7.6806376318084712551 1.6179206174717444267 30.161005067869954388 3.365078350873027091 -5.2282969582509473128 1.7423760495849556218 31.186555640480595031 4.8003439192772505706 -2.8017237613487306902 1.8668314807677663936 32.374443904526401639 6.4815499791389763473 -0.61941588746235876073 0 
-0.22551725453449697478 0.17321421186924024216 0.95871727047849786274 -0.60913484513856264169 -0.79306666834385319831 -2.7755575615628913511e-17 0.76032671158209497175 -0.58398809608458546183 0.2843610298304940498 0.33805401886173819248 0.53751919876993148328 -0.77252352150931813402 -0.046741179251060749333 -0.81024742711309094556 -0.58422116447355476598 -0.93996528791953148918 0.23360697294889809505 -0.2487831177873717492 25.734322303371182983 -7.4609678948741722238 35.443652225031989644 0 25.057770539767691531 -9.2883724302898595937 37.724632359778276225 -0.075658056863499301148 26.67632273173897417 -10.722326359840298693 39.804056542583893474 -0.1513161137269986023 29.549030643934948159 -11.194365485687399087 40.528421619532451814 -0.22697417059049790344 32.444215609029576797 -10.845356142283161915 39.824074731304101249 -0.30263222745399720459 34.812979857574305242 -10.065209261065925617 38.156639875210530022 -0.37829028431749650574 36.623511060849807563 -9.1389740680884408164 35.951175618478622198 -0.45394834118099580689 38.011461712174479999 -8.2078256632536081838 33.459878941980257139 -0.52960639804449516355 39.116923760543983235 -7.3275830785843565351 30.813536536005297961 -0.60526445490799440918 40.044765795383376883 -6.515584622680429483 28.078620033876951823 -0.68092251177149365482 40.866113357736146838 -5.7756574777317410962 25.289732036526210379 -0.75658056863499301148 41.628371376720899377 -5.1105140449828052596 22.465453886922631455 -0.83223862549849236814 42.365194061281009397 -4.528646389066203426 19.616151778870104749 -0.90789668236199161377 43.105395289381775115 -4.0494685044894129788 16.748663163956766908 -0.98355473922549085941 43.881765917529008902 -3.7086311532359959031 13.870976741425335987 -1.0592127960889903271 44.741026382129980732 -3.5644103765033783304 11.000285029002608184 -1.1348708527759896469 45.755188438715208576 -3.7046339142565769542 8.1803891652440192672 0 
0.97945877494970168264 -0.1112633457083770927 0.16816948616145449558 -0.11287084139044029074 -0.99360966841301134878 0 0.16709482738206926644 -0.018981431399241383007 -0.98575809604800734842 -0.26392156413650202929 -0.9645179485003285702 -0.0071087976803023145145 -0.59895409989088621572 0.15810629012227367385 0.785019991622932789 -0.75604192622343391328 0.21144154758346017653 -0.61942963906150838582 5.76052826767138626 25.998582790983871149 3.2115330772788435176 0 8.698904592520491974 25.659970266812550221 3.712817559425051428 0.04069289912007732074 11.535448524821010352 26.300275771279370218 4.4503691698715597269 0.081385798240154641481 14.081417035451034181 27.601692552504726308 5.3583187350155414563 0.12207869736023196916 16.392152134780022976 29.224332640563343233 6.3720076192075394417 0.16277159648030928296 18.666633887793235402 30.874572458947625364 7.4224670806237531551 0.20346449560038659676 21.126817145989484459 32.282581791216394151 8.4048243377072484606 0.24415739472046393832 23.896333092560904987 33.164878394778384063 9.1473436409890567234 0.28485029384054122437 26.882547279460339951 33.250220787713892889 9.4215962405871653829 0.32554319296061856592 29.731721174172029976 32.397889609521769216 9.0270251807541654898 0.36623609208069590748 31.958612050557050566 30.723975946184808095 7.9139618072311419539 0.40692899120077319353 33.211206982789398978 28.581185801290637016 6.2289055157173045529 0.44762189032085053508 33.451820204364089761 26.367388164661427652 4.2186335826592049614 0.48831478944092787664 32.915405347838976979 24.329456068087047527 2.0834279270398554651 0.5290076885610052182 31.949742237401171252 22.504908461757413107 -0.093391627236957860947 0.56970058768108244873 30.904746054718664539 20.780153567294135541 -2.314474882513395837 0.61039348668620285743 30.112981362309170663 18.983291267621471121 -4.5826006611836973548 0 
0.28236015808706949048 -0.19604679078025469274 0.93906250960721915355 -0.57032387216571012178 -0.82141991748308063048 0 0.77136464915301627965 -0.5355697666848385774 -0.34374642259984594661 0.70056957691971377677 0.3666445954413800612 0.6121878866231843519 0.2606658916616630961 0.66712943503009314306 -0.69784784146736422716 -0.66427069844963293477 0.64846746838222868448 0.37179884565606280411 21.636280956857174118 24.885169648503190132 -12.042408045470798683 0 22.483361431118382256 23.174198032006060544 -9.7283140980117508434 -0.111720511389817867 23.359391532606164077 21.591040421671149119 -7.3353606956678678586 -0.223441022779635734 24.359767486376046719 20.315903508041191827 -4.8108232845193370508 -0.335161534169453601 25.60095844347674543 19.523260679231906778 -2.1971742154315911932 -0.44688204555927146799 27.181971139351027489 19.350426580807475574 0.34654424714144455022 -0.55860255694908933499 29.141449921834670533 19.848167761277327514 2.5629941295998177608 -0.67032306833890720199 31.42984277883009625 20.939731414732609238 4.1666421342220472113 -0.78204357972872506899 33.918510036172456523 22.423655341526721685 4.944104500661668844 -0.89376409111854293599 36.447803772994774363 24.032950928101275423 4.8309639222348152998 -1.005484602508360803 38.887718546726091517 25.522180425290084571 3.9204725562263180727 -1.11720511389817867 41.176899217358602812 26.735618860589138279 2.408115976577924755 -1.228925625287996537 43.325346519134889434 27.630900534377861533 0.51532405027054728475 -1.340646136677814404 45.389885421463283421 28.265822815587348771 -1.5666402410030297876 -1.452366648067632271 47.439133069128075704 28.770239296380506033 -3.6988157184625576335 -1.564087159457450138 49.518702530089505842 29.317943742916853012 -5.7905619372166992065 -1.6758076708472688932 51.620411260848655388 30.099941417901838747 -7.7833740325655949022 0 
-0.51680994344443265121 -0.84888311762502721702 0.11092761138768231222 0.85415454199849683015 -0.52001924808927757482 -6.9388939039072283776e-18 0.057684493066162176311 0.094749323099833082651 0.99382848874029716679 0.61001726551358970152 -0.62185412058723343875 0.49109712734244415078 -0.53088240397321029285 -0.78084436146649216504 -0.32931133645474580662 0.58825403434821221804 -0.059829222581144370086 -0.80645995263149150567 -10.688400402753213569 7.2717562428345523529 -38.07018378892947652 0 -12.238830233086511967 9.8342198688300435094 -37.89713030973098995 0.049806737283148438955 -13.81524337004769265 12.348515712717906823 -37.457516470287494315 0.09961347456629687791 -15.199844320946398923 14.763839984397923999 -36.339886519249958496 0.14942021184944531687 -16.008276481993405582 16.822202207110308336 -34.312679027999088532 0.19922694913259375582 -15.802197103669708866 18.057870154318973022 -31.586763764490076056 0.24903368641574219478 -14.420913579592545162 18.080462291723023327 -28.923779457044943797 0.29884042369889063373 -12.214663763966576937 16.951261556367956729 -27.233419118303864082 0.34864716098203907269 -9.8109442665789856619 15.178349938017353438 -26.95253404558392063 0.39845389826518751164 -7.6570770565037813427 13.317305175473476808 -27.89983102398299053 0.4482606355483359506 -5.8358313075541419224 11.662819705310143448 -29.616150985885653313 0.49806737283148438955 -4.1790026384781722157 10.239452997914890275 -31.672594408312772174 0.54787411011463282851 -2.4335638266585073453 8.9211790951095597535 -33.725789630998150415 0.59768084739778126746 -0.38625334788948062492 7.5374917881559850841 -35.4269482881813218 0.64748758468092970642 2.0024679110345724453 5.9668072856134779514 -36.33632299810217603 0.69729432196407814537 4.4379255335613194688 4.2491036706004958745 -35.992807820576643962 0.7471010574374978841 6.2679773301020880183 2.656456458680865218 -34.228045717532005199 0 
0.67598802981464090056 0.34352527004975863534 0.65194368804718161314 0.45303975445565514146 -0.89149031451988292041 2.7755575615628913511e-17 0.58120148350643430213 0.29535640835180937414 -0.75826738530378545722 -0.74436131528593563189 -0.66014835685402750709 -0.10064978513996333809 -0.29435372206142534912 0.18907280281977115188 0.93680700335899624864 -0.59940146697716534252 0.72694953207000856388 -0.33505560614444035439 19.585560003810872587 0.70391557821364181269 -18.626135880057592686 0 21.613524093254795844 2.063034841580607015 -16.882531429538289558 -0.011161456531705062079 24.026528547546778469 2.982639111319890457 -15.355530346852003021 -0.022322913063410124157 26.634294653727064173 3.5819567266233267588 -13.998925224758504982 -0.033484369595115186236 29.333745153340476719 3.9742924229449467788 -12.750309472345158213 -0.044645826126820248314 32.068308798444981278 4.257074349849857775 -11.54939441959924018 -0.055807282658525310393 34.801830115587193859 4.5170906508400054946 -10.340984911690553005 -0.066968739190230372471 37.501392728541702581 4.8401233349250354365 -9.0729104591296447779 -0.078130195721935441489 40.121869934817986802 5.3215134942625184067 -7.6940104993764801833 -0.089291652253640496628 42.585216700174711946 6.0753354714594740571 -6.1565841711212510035 -0.10045310878534555177 44.747815088098086278 7.2354353587015518556 -4.4310858839187190483 -0.11161456531705062079 46.355961606336791192 8.9283654004158226059 -2.5475087343588289635 -0.1227760218487556898 47.023154926386119712 11.177266062058791363 -0.67740089959122051777 -0.13393747838046074494 46.342094205730433032 13.710484126679450156 0.77825791667547872255 -0.14509893491216580008 44.259338463946100717 15.815205817657549403 1.2601449625368841279 -0.15626039144387088298 41.482925274866431664 16.606343669615654335 0.44431317483011989466 -0.16742184797555328957 39.249841329008638979 15.723282503431377677 -1.3538912261013935634 0 
-0.22569207907495297816 -0.099884782236080618678 0.96906455704482141744 0.40470743233633849067 -0.91444622270078190773 1.3877787807814456755e-17 0.88615742374284334204 0.39218762864976092208 0.24680738295181545161 0.97791711963554739384 -0.1470160990457095862 -0.14854081508156469216 -0.12002437158228806968 -0.97691740025800288816 0.17671033727380719425 -0.17109137134873386721 -0.15497954605214220303 -0.97298976508259404916 4.8244914088358115123 -4.9076427854432580489 0.50448075285011384494 0 4.1474151716109526333 -3.6935204884342427434 3.1629530240786438711 0.011640572048986230075 3.8471641538102501201 -2.639191442330174997 5.9554957532808341369 0.02328114409797246015 4.1150706908429786068 -1.8124839405783219615 8.8268663795557831264 0.034921716146958686755 5.0886760802087644961 -1.2860758419608460112 11.615226430762373155 0.046562288195944920299 6.7980406379991693555 -1.1135447912054479147 14.074545723037918066 0.058202860244931153844 9.1353347794534958126 -1.3022094344293011492 15.945749012391569721 0.06984343229391737351 11.88070727238751445 -1.8015816690518173804 17.047342438757329575 0.081484004342903607054 14.779890509290519063 -2.5176524023105986139 17.33361407583089786 0.093124576391889840599 17.629542773927198596 -3.3440641304667457767 16.890308268392796975 0.10476514844087607414 20.326055706134582124 -4.1907058491826827407 15.884313011993370424 0.11640572048986230769 22.866933255674048553 -4.9970027278068123167 14.508142238713141126 0.12804629253884852735 25.322094476227501758 -5.7303039697059130475 12.947861803326746966 0.13968686458783474702 27.795753167572993192 -6.3767214691904818835 11.378410141131563904 0.15132743663682099444 30.388413477057426348 -6.9312007054648523408 9.9746003666269817955 0.16296800868580721411 33.15965276366543435 -7.3905094865006137894 8.9214019446096148869 0.17460858073479601504 36.093404122572074755 -7.7505826012474958731 8.4081278305634139514 0 
-0.58956233269802682528 0.47506062334825227556 -0.65324854382358277238 -0.62743799335493966041 -0.77866652971264072036 5.5511151231257827021e-17 -0.5086627766589448818 0.40987295549870528255 0.75714353988683602559 0.99954069994913230524 0.023638673589312139689 -0.018963181593190183566 0.0023352780470097117549 -0.68396575519803781695 -0.72951037839966415 -0.030214824534348972557 0.72913102994408074409 -0.68370681256737741993 -13.076692594703116512 -2.7556108906114245016 -12.656243068193079537 0 -14.845379592797197432 -4.6379248706762439269 -14.182231398169914627 -0.18423282381586919554 -16.417228741033387251 -7.1805137052726459856 -13.92822924528028139 -0.36846564763173839108 -16.75682343714094813 -9.502219540997836944 -12.058925242470406758 -0.5526984714476075311 -15.480129862965554821 -10.789618681459344884 -9.668816782915673258 -0.73693129526347678215 -13.046336764648756912 -10.914954984229302326 -7.9192648753797882932 -0.9211641190793460332 -10.171496441419781931 -10.307009549485918853 -7.3145326406937414276 -1.1053969428952150622 -7.3256504470243033467 -9.4726606286120684786 -7.7673358413186610605 -1.2896297667110843133 -4.6750007496898833281 -8.7452508283476060313 -8.969391205213113949 -1.4738625905269535643 -2.2130735691358802697 -8.2797316095881114961 -10.61930327049776146 -1.6580954143428228154 0.13097094694243455182 -8.1199587928026684125 -12.484760274080612064 -1.8423282381586920664 2.4417678780843976583 -8.2519784969376210881 -14.393369601108931377 -2.0265610619745610954 4.8015830783532846837 -8.6293162242763337133 -16.206899221369738484 -2.2107938857904301244 7.2861157068880242349 -9.1752186328476899035 -17.797210523624606537 -2.3950267096062995975 9.9566410806933181021 -9.7670163947439263552 -19.02931154571305683 -2.5792595334221686265 12.8334025112419301 -10.207802635319554341 -19.757285597734195903 -2.7634923572380412082 15.832024611089325461 -10.200796801178528384 -19.847930071337241742 0 
0.024805596753282081746 0.14245057996412166523 0.98949103817952721585 0.98517486043250668271 -0.17155318234235861219 0 0.16975033649894236132 0.97482169543773233844 -0.14459420929760999353 0.66020849190623986935 0.042097256382176678757 0.74990170570547531881 -0.39707140179738958929 -0.82793318476630506364 0.39605674269904789231 0.63754140970570982727 -0.55924454630136266609 -0.52989290271019751088 -7.3028100199886889499 4.2054293599078871324 -9.9756709582273703774 0 -7.2283932297288426838 7.1609539412054070695 -9.4664199487305431546 0.068010418554012741499 -6.7186949632037524793 9.9116046436079461301 -8.3828276760740525475 0.136020837108025483 -5.6175138167191480676 12.165664479533072395 -6.7376592004402064973 0.2040312556620382245 -3.8935656260096815906 13.588049591107489888 -4.736467775433184535 0.272041674216050966 -1.6854708712349315558 13.954931412890868359 -2.739055628512911067 0.34005209277006370749 0.74823806957289440422 13.275614495718405905 -1.1217909587243133362 0.40806251132407644899 3.1515294399349085275 11.780362197743142971 -0.12761195232187041992 0.47607292987808919049 5.3757160422221073048 9.7930824189016654202 0.19443656727645852733 0.54408334843210193199 7.4065483194383059384 7.5985309013972530678 -0.049854562135398294842 0.61209376698611461798 9.3280698056913671223 5.3803708360577724434 -0.67238140758302433753 0.68010418554012741499 11.266720224714804388 3.2276344909112619774 -1.4517271443981469847 0.748114604094140212 13.339200239634628531 1.1733117360444689226 -2.1478606155427928392 0.81612502264815289799 15.603559160322836519 -0.76234954320621373114 -2.5026925812287936779 0.88413544120216558397 18.009729658779615846 -2.5371214868284948096 -2.2566692945038950846 0.95214585975617838098 20.363931837286020965 -4.0711792050814779031 -1.2057892580102591573 1.0201562783101922882 22.344557313004731469 -5.2623934104736473927 0.70683497110688064957 0 
0.58720611547840662059 -0.049124025525224247757 0.80794542393713542072 -0.083365999305024460209 -0.99651899638686003424 0 0.80513296299719028237 -0.06735517765044092553 -0.58925732234656424957 -0.099493213489654619419 0.17423159766284729288 -0.97966547905157597143 0.87829872039379419668 -0.44733928411410683879 -0.16875699287111589619 -0.46764565455494810919 -0.8772291121845705586 -0.10852016638277073302 4.3450635405463025052 -29.723477702623341656 6.0609335021524337606 0 6.106681886981522922 -29.973575700538415134 8.4763323911440053848 -0.17635901782184768005 6.4670669440552606133 -29.096984375934315636 11.322672191734501013 -0.3527180356436953601 5.5796306322261601807 -27.186360217321254851 13.458537083437056125 -0.5290770534655430124 4.0933138189579167943 -24.707585806095750058 14.262605652265357037 -0.70543607128739072021 2.6635170159287877567 -22.115036388692853819 13.778480618052821427 -0.88179508910923842802 1.6688781891796817813 -19.648978215554414817 12.389501199811471466 -1.0581541069310860248 1.2217515281554627293 -17.360378785690112835 10.502068886654448931 -1.2345131247529337326 1.2812479121804210003 -15.204080899762704604 8.4171597454755016088 -1.4108721425747814404 1.7432498789549777385 -13.106235361318429256 6.3229768390598799499 -1.5872311603966291482 2.4864850658114758808 -10.99569523972476226 4.324671544821560687 -1.763590178218476856 3.389014000132321236 -8.8143565926480942352 2.4734004313346411585 -1.9399491960403245638 4.3293947526265075254 -6.5195958733689067799 0.78527758000970682151 -2.1163082138621720496 5.181078492427287685 -4.0867792872508585944 -0.74966227658007011936 -2.2926672316840197574 5.8053544689332534645 -1.5170607465812255832 -2.1662884285808385876 -2.4690262495058674652 6.0481614088320219125 1.1449821614545072634 -3.528113222230351731 -2.6453852668777622092 5.7496817683630538909 3.7798783226358843024 -4.9310501858952013876 0 
-0.49007969008872132033 0.20178132350907987402 -0.84800129412959446285 -0.38072367649869992556 -0.92468885694233038386 -2.7755575615628913511e-17 -0.78413734735431128708 0.32285417037667479834 0.52999415577394171084 0.73893134104581248423 -0.057826110069009638293 -0.67129472976817283758 0.28950844856657037552 0.92689982514562507809 0.23883377557118656842 0.60841213944892214016 -0.37082725781595038406 0.70165647822270393874 5.9818838311692417165 -3.1942000167944768485 -21.549643820141017869 0 4.5116447609030778665 -4.3363710462905764587 -23.902055862203951619 -0.085078060228092153294 5.3553726659180220793 -7.0410149600285523164 -24.888445503043559626 -0.17015612045618430659 7.6380695536543354862 -8.7546647005978588396 -23.965030971634078583 -0.25523418068427644601 10.05079745276771952 -8.9692054639231368895 -22.195077923999527059 -0.34031224091236861318 12.247396243916741199 -8.2701504128984453246 -20.275108051904808804 -0.42539030114046078035 14.283412463058482444 -7.1242759235747419311 -18.393190927246173771 -0.51046836136855289201 16.239432507342417722 -5.7688046473363563393 -16.566531733883561373 -0.59554642159664505918 18.161464356834983391 -4.3160327097564694654 -14.779006235185695672 -0.68062448182473722635 20.071262431983313945 -2.8194024552932321903 -13.014702058951874264 -0.76570254205282939353 21.979162447443513884 -1.3054159299509247028 -11.263199178469852413 -0.8507806022809215607 23.891915515333881359 0.21051385763601090928 -9.5186841780409530145 -0.93585866250901372787 25.817540002477876726 1.7145548006479507386 -7.7780431472580300323 -1.020936722737105784 27.76944912138349153 3.1855936042435510913 -6.0384754644059723816 -1.1060147829651980622 29.771095402693880771 4.5815857388200562639 -4.2935919369246313693 -1.1910928431932901184 31.859727991424048099 5.812287418306796738 -2.5263944657581496323 -1.2761709034213821745 34.076522014561490437 6.6808127640064540742 -0.70115804741136278366 0 
0.73054328906127119492 0.66674957845940630019 0.14748390567022612307 0.67412146357457569668 -0.7386205063143536087 -1.3877787807814456755e-17 0.10893463707936076879 0.099422066344107509761 -0.98906445571977563702 -0.98815861505676438892 -0.013327007816360710024 0.15285595294838957847 0.15227362077737693902 0.037205206054869988108 0.98763784711692881313 -0.018849294534419309965 0.9992187765975361069 -0.034735293153756369167 33.340854059723902481 -13.997877967339226402 13.261213140330246674 0 35.532483926907715954 -11.975513576615499645 13.588017051568328952 -0.22004267316341874494 37.58845056594824996 -12.7933924286590468 15.613868813798911006 -0.44008534632683748988 36.947978041309418984 -15.160934773889689353 17.341450414975245309 -0.66012801949025623482 34.439402362245978395 -16.724044428634524451 17.855003011750834929 -0.88017069265367497977 31.468511292766521592 -17.124521018890646928 17.739137771302910807 -1.1002133658170936137 28.492062363960680926 -16.835770771015852176 17.499606836843881297 -1.3202560389805124696 25.561732891943968582 -16.223200269430517295 17.304859395223338936 -1.5402987121439313256 22.659441910349777061 -15.474542101046138143 17.177509463663195532 -1.7603413853073499595 19.769037813693277172 -14.674664773706357579 17.101612037889321272 -1.9803840584707685935 16.882399260814587194 -13.8588746663865372 17.059134210337305149 -2.2004267316341872274 13.995957450361508734 -13.041539059012192681 17.038733725383394813 -2.4204694047976063054 11.107512845943350754 -12.231058384115609527 17.035760036292117547 -2.6405120779610249393 8.2138814368155923518 -11.439409036634380357 17.049492433819644077 -2.8605547511244435732 5.3086548229590322379 -10.691819840198323988 17.077218153136463741 -3.0805974242878626512 2.3803010293318087598 -10.040475905244234056 17.099469279025743873 -3.3006400976721463891 -0.58417481583849495408 -9.5836550429121629691 17.042921395422496289 0 
0.94786294499885381803 0.02743024442085923581 0.31749554199879964633 0.02892693062617013311 -0.99958152878319472823 0 0.31736267925300920556 0.0091841715175175683838 -0.94825976441631654179 0.27905706973971089457 0.79447496019354679753 0.5393854738994632303 0.22774070991649708606 0.49091910577839104057 -0.84091176744559503753 -0.93287797748420187016 0.3575024044775191312 -0.043939844307602060614 -6.1513181313295852704 6.9544697175907765896 2.0446455002170154103 0 -3.3077292963330240383 7.0412505094692869889 2.996733537976043138 0.1658085052222496858 -0.3657934948671621167 7.6284708056219843186 2.9846004858126331527 0.33161701044449937159 2.3145741322582193966 8.8323403987800315207 2.3793395162799972908 0.49742551566674908514 4.6006538220177555232 10.621960859310805247 1.6236184310835719558 0.66323402088899874318 6.5371430664976504232 12.856648351084503545 1.1174590627598282033 0.82904252611124840122 8.2768679202778692172 15.300226193687356258 1.1654164520335721367 0.99485103133349817028 10.019496562635129777 17.617492790290580018 1.9358270722823622823 1.1606595365557477173 11.949320982360694288 19.387296443075040742 3.3999220877623428372 1.3264680417779974864 14.159995166966911739 20.183312177256858888 5.2651997735901545639 1.4922765470002472554 16.584020068687056693 19.749976536188185605 6.9787578864321675454 1.6580850522224968024 18.986429978408978059 18.202148134648972189 7.8912237669016427333 1.8238935574447465715 21.071180067752571574 16.071375049241488853 7.5542324834974206027 1.9897020626669963406 22.650702116915603312 14.09107922126552026 5.9469067236676229626 2.1555105678892458876 23.749768480177678498 12.858443449944058301 3.4423820313790369774 2.3213190731114954346 24.576134564309612074 12.625476782041214818 0.56785881741357524533 2.4871275783337454257 25.413305773528740872 13.308698911790701302 -2.2307751150390355832 0 
0.85271846104767301533 -0.46752663837661379009 0.23300229311479131455 -0.48075895876739482837 -0.87685279469526156149 0 0.204308711888109229 -0.11201793982828241181 -0.97247618551985581803 0.027981376245714117967 -0.37152908835303743995 0.92799955769976383291 0.83243943491501459775 -0.50530507742445862629 -0.22740133229036618712 0.55340909802944837637 0.77886642965056795962 0.29513633287280915951 14.089906067835842762 -12.209202338587166636 -6.7487877395482165355 0 16.648061450978861586 -13.651479214889350899 -6.135861603883888904 -0.045599598974217503411 19.167658199054358192 -15.263785037970757585 -5.9076237433702667445 -0.091199197948435006822 21.657894498584276732 -16.930857741571763597 -5.7675521217971361665 -0.13679879692265251023 24.179249777782036546 -18.520708987155767744 -5.4281963149849827843 -0.18239839589687001364 26.755163392170494774 -19.844875050459901189 -4.6463663347032841955 -0.22799799487108751705 29.29964332911110958 -20.653695084105461177 -3.2783714877570302448 -0.27359759384530502047 31.599205779128169524 -20.700748700529743473 -1.3523004904556257255 -0.31919719281952252388 33.38564454606478904 -19.858997440694349024 0.9060244083733356435 -0.36479679179374002729 34.471233468442491699 -18.199021991612642779 3.1567866270722517719 -0.4103963907679575307 34.844588003780977203 -15.948824185801578679 5.1054260154951576212 -0.45599598974217503411 34.656666390206289918 -13.367264443074354574 6.6220800810098738864 -0.50159558871639253752 34.134336458843250739 -10.639162083934943226 7.7555036457239818759 -0.54719518769061004093 33.50386521750202462 -7.8548295117472175519 8.6774707773075672179 -0.59279478666482754434 32.960787202914673344 -5.0589035177114176633 9.6197485076416437977 -0.63839438563904504775 32.668546005159527112 -2.3265938734481945716 10.823513359353972518 -0.68399398454150761584 32.752490133896678515 0.17072443129683900764 12.483740653442332302 0 
0.31627615895227467746 0.27428288963311414639 0.90815102694040072961 0.65517179223511101682 -0.75547992869396118909 0 0.68608987307628144237 0.59499493594069896574 -0.41864270239321693667 0.24878803479193928316 -0.45839122792132058759 0.85321860968285756499 -0.95510599355679026701 0.030198409227880224082 0.29472121937858769547 -0.16086346638146575838 -0.88823732090297213837 -0.43029920629586310143 4.3678107056917463424 0.38681381026028416326 3.2881841889459533235 0 5.3166391825485703748 2.3523291869656173247 5.3464538081747976506 -0.16629312222051570447 7.0566695396519518724 3.5991996641607708618 7.4482584966745388755 -0.33258624444103140894 9.102301514112541625 4.1280636193631448094 9.5779776529966120791 -0.49887936666154708565 11.131318264659171291 4.1628930285303127334 11.787477176449412397 -0.66517248888206281787 12.997135287348053012 4.0188928667125081162 14.132258668733411966 -0.8314656111025785501 14.684656358175255164 4.0353324864928374893 16.612583772820272543 -0.9977587333230941713 16.26388663146670055 4.5370179590415409265 19.113454560120835879 -1.1640518555436099035 17.845990237961647296 5.7691038313673299598 21.344804065331125287 -1.3303449777641256357 19.525286593721997264 7.7632260253966869357 22.829201177165970194 -1.496638099984641368 21.303447391543876677 10.170059647687404336 23.041957949495905922 -1.6629312222051571002 23.044147121918353349 12.244246089861803739 21.750578769112987487 -1.8292243444256728324 24.537712054667224493 13.17625514286668853 19.321471336651647732 -1.9955174666461883426 25.658726946994821816 12.590874169175808817 16.601064524688304402 -2.1618105888667042969 26.464125942404038483 10.718052370194094181 14.400188178766923031 -2.328103711087219807 27.141050579759028238 8.1043656943164794626 13.092346391140843309 -2.4943968332463342108 27.887414684134860465 5.2390477136461131025 12.609755991996442148 0 
0.1481799650209850161 -0.15944838543512793172 0.97602198251295058107 -0.7325168241562118876 -0.68074892752621884995 1.3877787807814456755e-17 0.6644259178377051045 -0.71495252293703648316 -0.21767197718468367373 0.096233277237132208715 -0.71528770203689029383 0.69217242047555327389 0.806824202969765647 0.4632960019919333261 0.36659448992107429577 -0.58290124537043475073 0.52318287228566207059 0.62169592269253404204 6.569111678215945993 -1.4811887272603625476 1.1638019203232459198 0 7.0136515732789010968 -3.6787391997289979884 3.1570796738363613443 -0.082387681422812858445 7.5518112624084237083 -5.8567641485401047419 5.1487147770483181475 -0.16477536284562571689 8.0954965786497314895 -7.8357922985033070518 7.3368354305571328311 -0.24716304426843857533 8.6056037750551688248 -9.3761430291424634476 9.8601504219654163563 -0.32955072569125143378 9.0798300918799466075 -10.179540452286897079 12.711404621640360446 -0.41193840711406426447 9.5409715334748987914 -9.970165580630871105 15.66834104209432077 -0.49432608853687715067 10.023839659364803367 -8.6415366132816959777 18.314380581278470572 -0.57671376995969003687 10.560985147283259877 -6.3663726383849663648 20.194551747405832032 -0.65910145138250286756 11.172296242455015403 -3.5497358734508006606 21.026906217594440562 -0.74148913280531569825 11.862829895340615494 -0.63846758873986531047 20.808585559431193701 -0.82387681422812852894 12.625845985917145242 2.0639605899513617793 19.752795501152711211 -0.90626449565094147065 13.443357410224754389 4.4624093723897235719 18.146827430743293519 -0.98865217707375430134 14.27939664736402392 6.6282198587778058396 16.246742778947343311 -1.0710398584965672431 15.066464253916361571 8.7209670286469922473 14.246504680099590701 -1.1534275399193800737 15.689648927811795431 10.91557927035003317 12.298350306248016395 -1.2358152213421917942 15.978348759523200329 13.336051879259338548 10.549646570136724577 0 
-0.54575351666651517046 0.069811030336224697002 0.83503264552323130943 -0.12688291438848270376 -0.99191770124153211263 -6.9388939039072283776e-18 0.8282836622090383738 -0.1059513756735124268 0.55020040068185482873 0.38984115592436774378 -0.81221133576966297873 0.43397767130903486255 -0.38034490958154371087 -0.57120145604865180111 -0.72736967654921369508 0.83866657433270774824 0.118497437335835204 -0.53159828295610567217 18.259626756503731571 23.719575751840757505 -25.305016000861066061 0 16.622366206504185726 23.338927008675309338 -22.820165014233950274 0.0098390226798719063878 15.006951367969271871 23.348965019928289877 -20.292249182627497106 0.019678045359743812776 13.768158476186060923 23.695914118369302059 -17.582077309818451738 0.029517068039615720898 13.271229185681850282 24.293525746069484228 -14.684507585210031522 0.039356090719487625551 13.814009512308478733 24.996746356632531416 -11.819053203798320695 0.049195113399359530204 15.46708585858587881 25.605806058387660329 -9.3908182741228820589 0.059034136079231441796 17.983649294425383403 25.92682223968167321 -7.7896300566097425033 0.06887315875910333951 20.917527517856100872 25.844851870713984709 -7.1686530208478469461 0.078712181438975251102 23.866351588933810035 25.339622882903313439 -7.390422121554665047 0.088551204118847162694 26.628498841872115577 24.440084871514383025 -8.1396835024501559275 0.098390226798719060408 29.191965780705103839 23.176217937256041068 -9.0514410380298677694 0.108229249478590972 31.627549257170780805 21.575392511975692855 -9.7622932690631341046 0.11806827215846288359 33.971111526430554761 19.708964393476605892 -9.9177496706414824956 0.12790729483833479518 36.140221143105769386 17.758537324483732789 -9.2171946519798808595 0.13774631751820667902 37.927000854906545158 16.035912982468431665 -7.5319827731481430177 0.14758534019808161597 39.096524322679641728 14.894878253723799588 -5.0159830501500159983 0 
-0.10400553599413399353 -0.24995907580745282961 0.96265430394511675161 0.92326575122514953353 -0.38416188334432710416 0 0.36981509041307814023 0.88878574910201169068 0.27073361648665472678 0.93089792866330323129 -0.08865397424123404313 0.35435789713452914285 -0.32763614398335405564 0.22627153282937456646 0.91730897225894592051 -0.16150419055272124957 -0.97002147722732412483 0.18158945495713793572 3.167422406699230919 6.1060993834460504104 7.2315709776899410599 0 2.855405798716828869 8.8758966371214995661 8.3410162489291757026 0.12495271479135738879 2.9965602738719550047 11.171978711232965153 10.266660876809291736 0.24990542958271477758 3.8216850023116455404 12.669535806890243279 12.731704526849227932 0.37485814437407216637 5.4053789431731518178 13.168169877740236728 15.230347671724087988 0.49981085916542955516 7.6177594034843396642 12.714320476191614873 17.20502297250012802 0.62476357395678694395 10.189628703087826977 11.592971077198315655 18.26711221858083789 0.74971628874814433274 12.843936663604274884 10.195532227671980863 18.309593536479241038 0.87466900353950172153 15.398961029295639591 8.8691547683809730529 17.465450178146834759 0.99962171833085911032 17.79659452111818041 7.8340755440057829873 15.988976230041519244 1.1245744331222164991 20.075280406091632557 7.1752449164635230261 14.1522550912620666 1.2495271479135738879 22.325922313150631027 6.8697658196666608887 12.192330479676801502 1.3744798627049312767 24.652319316434606833 6.8167929506575850596 10.298899411374982549 1.4994325774962886655 27.138641563485663255 6.8573860414293381638 8.6206371430270891665 1.6243852922876460543 29.818174650581639185 6.7871960030105773498 7.2733487615319889485 1.7493380070790034431 32.638987620658731714 6.3732956466972741083 6.339713774407362834 1.8742907218703603878 35.431681406648642962 5.390387214747215161 5.8552012027492059687 0 
-0.4921232854282847069 -0.10960179331718594709 0.86359835504760451563 0.21738606290490403161 -0.97608570302750841119 0 0.84294600752004067434 0.18773424633495011671 0.50418040537001451717 0.90786242872868716525 0.40112282399020771084 0.12200938724938621693 -0.28910073648117634582 0.80967276393982057225 -0.51073552793994447807 -0.30365535508021435085 0.42840459312217149535 0.8510363857808525001 18.784128577552753114 2.5092096790679163654 -13.778544423845040967 0 17.307758721267898494 3.1613678677826282382 -11.249706401284917945 -0.077648258783400370131 15.666883503050483384 2.7267963590768764526 -8.7761173127572060793 -0.15529651756680074026 13.928227608835847207 1.5899705068137119923 -6.6116966364222937713 -0.23294477635020111039 12.079453387101706241 0.15806131987710084208 -4.7324184329363454538 -0.31059303513360148052 10.089536460257013673 -1.2159445470244758525 -2.9569311931272665994 -0.38824129391700185066 7.9906098917984662577 -2.2090807845595068493 -1.0574044908476947224 -0.46588955270040222079 5.967550858689984139 -2.5062334431091484177 1.1378031004468969201 -0.54353781148380253541 4.4102809321651195162 -1.866650788514510273 3.6209112447149225389 -0.62118607026720296105 3.8225720696903344731 -0.29732709434640430812 6.1092391209531546892 -0.69883432905060338669 4.5408798664754410623 1.8112590652037876549 8.1186764345238362495 -0.77648258783400370131 6.4712398212749935311 3.8126027803431914442 9.2448578484616614759 -0.85413084661740401593 9.1465065629581143725 5.1593803976354548624 9.4154897679859175241 -0.93177910540080444157 12.055180741064386751 5.6524148317263662733 8.8709419141936844966 -1.0094273641842048672 14.90184789356277939 5.4076715095803820077 7.9562840642429337734 -1.0870756229676050708 17.638366403720873166 4.6942806119615960725 6.9550052617321220794 -1.1647238812085136672 20.361953689906933107 3.8269784025180677567 6.0440391964914770284 0 
0.62205122435876747389 0.40806194847063986808 0.66823477946310405606 0.54850688741473829779 -0.83614603656215202854 0 0.55874186234105815974 0.36653137894558135423 -0.74395045501424150736 0.87776087971421579148 0.18284479028102368359 -0.44283588462365386373 -0.20193879546195936392 -0.69699380684722556101 -0.68805548911696456926 -0.43446123064169794858 0.69337393654773360474 -0.57487044034773682188 1.0731656119079531209 -1.3009316791504801358 -7.1221652301741045221 0 2.9393192849842555425 0.34458898309373475755 -5.4459396431509299319 -0.049158745467160022691 4.4566945693658359673 2.0699655935719469824 -3.5170447089529330853 -0.098317490934320045382 5.8690080265833550754 3.8228289519089777571 -1.5338977298052711706 -0.14747623640148005419 7.4589447895602658534 5.5353679094221881485 0.34741424742897036859 -0.19663498186864009076 9.462150574993549057 7.0739515961427921198 1.9660335966123887452 -0.24579372733580012733 11.973387230086304456 8.2236708233269286694 3.137275110283511026 -0.29495247280296010839 14.87458394497888392 8.7441617993774869433 3.6959261491792778642 -0.34411121827012014496 17.860911856514515961 8.4828276136181859357 3.5797794732408574347 -0.39326996373728018153 20.591517510423567927 7.4594765440776988896 2.8751474553563998171 -0.44242870920444021809 22.866487813298920884 5.8455854389451866737 1.7706755037435462086 -0.49158745467160025466 24.701861525229556804 3.8678817388466937288 0.45914600735051713798 -0.54074620013876029123 26.284788360535891627 1.732618412568014632 -0.93190523951207238085 -0.58990494560592021678 27.87986969493615419 -0.37755830897401670976 -2.3471434486151747656 -0.63906369107308025335 29.73714242664187779 -2.2572476197178872326 -3.767467777962050679 -0.68822243654024028992 32.002259750313008624 -3.6430397202369331211 -5.1634513281363059178 -0.73738118200740099262 34.635542389455665102 -4.2488561066227985563 -6.4668350200613833323 0 
