9
0.31960386390248990418 0.63411076686460099427 -0.70410006783481193793 0.89298702291734199932 -0.45008241123290126939 2.7755575615628913511e-17 -0.31690305628034154406 -0.62875222341170722284 -0.71010076360683738184 0.89940843068168363494 0.23451145314524876606 -0.36887511865455963056 0.15951783176158948474 -0.96179114687240918613 -0.22251258649329691552 -0.4069625734251160476 0.14128753710628383367 -0.9024518245810397854 19.36950765729957169 2.6853536488620166622 5.9434427527789441825 0 20.328319249007041236 5.3643147176140431043 4.9927335839379196614 0.056415081597420244086 19.589952658664540053 8.2506470798687452373 4.6407493721140662402 0.11283016319484048817 18.312599523010053559 10.897421883707039569 4.0382716545004120334 0.16924524479226071838 17.914340996190947664 13.28100916926395314 2.2606709880541111524 0.22566032638968097634 19.177350883052145747 14.419137860397960083 -0.21105090343587590285 0.28207540798710123431 21.488508251096327228 14.010591593904464958 -2.0796434770134708536 0.33849048958452143676 24.140962910015598908 13.251106490967028861 -3.2576417388051406299 0.39490557047017610381 26.839188202060650923 13.729659986251800063 -4.4785294590804891612 0 
-0.21104793628799523031 0.085502136867152772615 -0.9737289937039613763 -0.37548695544477694863 -0.92682767885449579559 0 -0.90247898306796614509 0.36562253527420679466 0.22771000597310395164 0.65934648481328539393 0.67275526322654266576 -0.33565245234520324491 0.72573065853423290861 -0.45287471268163959071 0.51789912712514807325 0.19641085567715393934 -0.58506824423695014126 -0.78684047008123614297 -0.30412843597010524865 -3.0390471183830500834 -1.0685771775484314006 0 -0.93727224483409088407 -4.1655079847173812624 -3.7760141267523299469 -0.59127852582904349976 1.3751516243907317971 -5.8676225683313694148 -4.6451756732521731763 -1.1825570516580869995 4.0255915140988642875 -5.1795455425680776429 -3.4197398630795556862 -1.7738355774871306103 5.3103778226229936266 -2.6765361438880934664 -2.3784483690716187176 -2.365114103316173999 5.9558788558446735806 0.25311220303183074032 -2.3560572419100784813 -2.9563926291452173878 6.8160595017284650865 3.0578495791115805069 -2.983388036384025721 -3.5476711549742612206 8.3197810227749791068 5.5939912095528239178 -3.5372882584176812415 -4.1389496807109766863 10.297820477214838064 7.7711831851555217554 -2.9480556913862172586 0 
0.14457318212503561528 0.12384541444545571487 -0.9817132515816798799 0.65056587521133668606 -0.75944982850120346107 -1.3877787807814456755e-17 -0.74556196055106560561 -0.63866914072180291928 -0.19036567881035015848 0.60058785449343587981 -0.75378598812295583009 -0.26664754479362995365 -0.27910825852996778984 0.11486468099132191023 -0.95336492754932533611 0.74926150912437761153 0.64700292825478056269 -0.14140156213563792598 -0.30744613086730798734 -5.9028050393027999831 -3.3950621194470360642 0 0.12627341550779885848 -3.951107413668789814 -5.63174800110023277 0.32438310547066590006 0.53614290467198277845 -1.0261125618630893008 -6.1574937252639090346 0.64876621094133180012 1.5846719343483521847 1.1656099370095742707 -4.3976984637610936346 0.97314931641199775569 3.3091669715503306826 1.0919734247640267011 -1.943994830525592743 1.2975324218826636002 5.361733868849050566 -0.56376478805135810113 -0.51378238640013595973 1.6219155273533294448 7.6975561920480082279 -2.3711060895354019173 0.01297607797749493648 1.9462986328239955114 10.249049611001886717 -3.6789147368721484277 0.89587478619920535294 2.2706817382946624662 12.050813174482193801 -4.5162395124620520193 3.1436593135723369663 0 
0.49537941245740901852 0.61706429038663757058 0.61141712377311441262 0.77980245478616350141 -0.62602566361889100399 -5.5511151231257827021e-17 0.38276281065801776027 0.47678457401657042825 -0.79130847383116775795 0.82195065391205590632 -0.56394354107406718946 -0.079779728091692925229 -0.48081701555044253915 -0.7621282082764773147 0.43356152009426762728 -0.30530660014272348324 -0.31800672419011488667 -0.89758542951585584824 2.43802995364436903 -2.8758584132817164303 -3.8960976236488336077 0 3.9241681910165961966 -0.53645104892322592605 -2.7478091916747802159 0.69835513901150758631 4.9663473132394226894 -0.10491611467541497871 0.03205240599229206705 1.3967102780230151726 6.2596000840975145607 -2.3438728608539838305 1.5534037657910251262 2.09506541703452287 8.0535623238076912145 -4.3578880476893973039 0.23985334655255105551 2.7934205560460303452 10.250813054708299177 -4.1701300569239210247 -1.7940705313746130312 3.4917756950575378205 12.897702128717222436 -3.008328226906585634 -2.5967008099904487217 4.1901308340690457399 15.894080209494429567 -2.8724289252314276766 -2.5397116865202953306 4.8884859767225794513 18.359932171230596509 -4.3148799718827541838 -3.4556314869484681118 0 
0.098031167701726346086 -0.11739015751543914468 -0.9882355190325513572 -0.76755832353046549166 -0.64097911040774258051 -1.3877787807814456755e-17 -0.63343832386281884173 0.75852839824188467155 -0.15293972316721252125 0.33927421675876834328 -0.76287803327540459897 -0.5503727029827827355 0.81437366121856369361 0.53104340328016497175 -0.23406931397791561067 0.4708381311620757903 -0.36879534999572671783 0.80143711173449738716 11.317110140522860462 1.5474246928895043496 3.9606174770532249774 0 11.611203643628039472 -0.75525027770189190335 2.0603025054647683412 0.19695771165936099001 12.181017207221124465 -0.10029111214044651723 -0.81133134905303661011 0.39391542331872198002 12.883389231203624448 2.7103557621527540888 -1.590359247535462206 0.59087313497808291451 13.610554209733958686 5.1838745401235399868 -0.056428348002695104257 0.78783084663744396003 14.490299021423220793 6.6640716828620929491 2.4002118684573803264 0.98478855829680500555 15.6415297589292841 7.7301646121869920236 4.9571874631293377789 1.181746269956165829 16.994410446834340433 9.1576797552469280106 7.2225593187304077958 1.3787039815170694101 18.012233097110645019 11.600800738902620424 8.635073712216634334 0 
-0.38995296182813393715 -0.33194174550822996839 0.85892453984643823972 0.64819437112143951651 -0.76147492227024882183 -2.7755575615628913511e-17 0.65404949721557570363 0.55675005194653404139 0.51210217227579168942 0.71160404411238520339 -0.53911503656120407513 -0.45052709325467971135 -0.58772179918352907002 -0.80813516119501638268 0.038738198264522669123 -0.3849711303037861021 0.23721833528190416907 -0.89192190815043248531 6.7327048171665158094 2.5032833185776528495 -5.053892281507458506 0 5.5628459316821139424 4.4478664319419713991 -3.0917437898607316171 -0.2725219754673279815 5.4431517454055251548 5.0075814253225949813 -0.14684950389723350206 -0.545043950934655963 4.3995741369533822862 6.3553681840277924664 2.3218369672894541011 -0.81756592640198388899 3.1768362713358695437 8.99478839096189553 1.5881387435103331285 -1.090087901869311926 4.2575814641662921289 9.0541165639486127503 -1.209790957250351795 -1.362609877336639963 6.3359101675567197631 6.9186734319851117547 -1.5568206436450793273 -1.635131852803967778 8.4577055175206758975 4.9921192274123722399 -0.67003823630654646415 -1.9076538245949432593 10.592517649857828843 3.2289538298617843637 -1.824951627217905159 0 
0.29886087740085814923 0.61708404888013457246 0.72793506068665836395 0.90000375793754949783 -0.43588213509880036067 -2.7755575615628913511e-17 0.3172938884653754843 0.65514429015249064925 -0.68564608029442641879 0.39064590697105483486 -0.89107431124178526627 -0.23104620146572424355 -0.91653919137305317477 -0.35311944278633145 -0.18778330544407029201 0.085741973641805788175 0.28511967833043183607 -0.95464919367522582672 4.1630802828128796733 4.9604553456522895161 3.8895913829281743013 0 5.0596629150154539545 7.6604666194649375655 4.8414730483243006987 0.49865861441658348996 4.5092849587373793341 7.8335487065470008616 7.7854612780256822191 0.99731722883316697992 4.2364394638055982156 5.1867981660375299668 9.1711873437505335716 1.4959758432497505254 5.2526507651214187078 2.4147113402315509845 8.6393346620562549987 1.9946344576663339598 7.2159703424685508466 0.36099204799631506857 7.6762016948140239236 2.4932930720829173943 9.5875163245354411146 -1.3791018775769516846 7.086414590988831641 2.9919516864995010508 11.815933861987875986 -3.3876100738784709065 7.0794846064950993636 3.4906103008659883358 12.987871582901037826 -6.1372276479976299868 7.3367105274205153265 0 
0.59795642567606610562 -0.68813193337109679337 -0.41100189204875947624 -0.75483314897611841765 -0.65591685235767238638 -2.7755575615628913511e-17 -0.26958306734567027974 0.31023785241030799043 -0.91163449075401925548 -0.5442985957003341202 -0.787462184063357995 -0.28920986737801768207 0.65648197440965905258 -0.18519769662848850622 -0.73125455926011018182 0.52227431106061572574 -0.58788189445982164116 0.61775757556867838538 7.5586376986777423781 -5.458605242269229052 4.0527938082975225598 0 9.352506975705940917 -7.723104689197584527 3.2440446062605117206 -0.36118521221072386052 10.570391415307641481 -8.1680791225825579716 0.53872665971246591621 -0.72237042442144772103 11.139385482840239661 -8.1397565238382973973 -2.4066885783124938314 -1.0835556366321714705 13.121375044289370848 -8.5638877683330623114 -4.6184330911694715383 -1.4447408488428954421 16.056783688822562794 -8.4809242817786412161 -4.0048916095662425718 -1.8059260610536194136 16.75362577482675519 -7.1756845912420228473 -1.3951558943186912476 -2.167111273264342941 15.251530590365211637 -5.3076023453671776764 0.40872779622520583054 -2.5282964854750673567 13.618634803264210831 -3.3381564221382005186 1.9755507294070526747 0 
0.90873064236854594888 0.35857893261436468713 0.21361125603673741802 0.36705092928182259104 -0.93020084676017700254 0 0.19870137124287814978 0.078406210033341833254 -0.97691874344512763528 -0.17558559405021684219 -0.67846506498660008599 0.71334063024249583229 -0.50964168183221791875 0.68258970881191427527 0.52377155856660828626 -0.84227967760195876501 -0.27158137825851430547 -0.46562699629848036675 -0.75414407249979553693 -2.7844172536744027369 -1.3011998965106359449 0 1.9720478546058419766 -1.6832644658289348527 -0.70509578278200146784 0.17893065939147798082 4.5865800040098392287 -2.4585798196172281571 0.54514631382898059986 0.35786131878295596165 6.7737671708480826638 -3.5546839252455471048 2.2814605603012321211 0.53679197817443391472 8.220649488480921363 -3.4426137494470960831 4.9070961305484948056 0.7157226375659119233 7.5456568522091558293 -1.5378883518029451416 7.1243800956838887473 0.89465329695738993188 5.1148857772376556952 0.1595433872918131657 6.6661034621364159136 1.0735839563488678294 3.3173353397694453903 -0.15640758622505956943 4.2851384723144914091 1.2525146157403441727 2.7905785576187986941 -1.6853326317217129926 1.7582994395086135597 0 
0.72236981307870107294 0.35944532530002692994 -0.59074606327304479692 0.4454879675677012596 -0.89528792617369679085 5.5511151231257827021e-17 -0.52888781788299965569 -0.26317026307612950697 -0.80685753930133152778 -0.60134746192920418562 -0.79502464988719856454 0.079479784241288986557 0.095618176289980372218 0.027151899528304171416 0.99504770675329079488 -0.79324548179884524224 0.60596912497563992783 0.059691081259891309863 16.486858961349167174 -3.1108383981490050907 14.061414852442116086 0 18.653968400585270615 -1.7743744954459013119 12.474751398793117119 0.24865218757179063935 20.124060373061524842 -1.2369147191183629264 9.9154626811081278959 0.49730437514358127871 20.122261696609101023 -1.256021052943053995 6.9155340626725214648 0.74595656271537191806 18.638129962214495805 -1.2777066596411175148 4.3084559670724855707 0.99460875028716255741 16.355466716326485965 -0.85762746691187807802 2.4076677345810701958 1.2432609378589531968 13.961784218603186858 0.036579974843830916076 0.83581855908789892684 1.4919131254307438361 11.800865910883304721 0.99636205160688451343 -1.0105942818385615922 1.7405653130025349196 9.9968235250956904991 1.283216580476824964 -3.390330727235097541 0 
0.86764479803869776209 0.23516018494422744056 0.43805501007679858994 0.26159482092865327107 -0.96517778137672960437 0 0.42280096274688527824 0.1145929219179395997 -0.89894816766408514042 -0.35565299336333267011 -0.89554062999717021221 0.26742836112868256793 0.2246387028333557967 0.19584023341539180674 0.95455961373041153806 -0.9072201505153247858 0.39956674411176468231 0.13152192022197284338 3.2484656361258004154 1.7361526651501009155 4.3489871840852885043 0 5.8514000302418942567 2.5209371279360608398 5.6173900723259446721 -0.26762293883337656686 8.7665216093868174596 1.8125899003849001989 5.5999437704318335562 -0.53524587766675313372 11.465105561122625133 0.51463467820624464455 5.7815557185291117648 -0.80286881650012964506 14.240278786053929494 0.38089014626945144615 6.9131529456033105063 -1.0704917553335062674 15.981754703725943756 2.5746945589647949326 7.9875941156212695304 -1.3381146941668828898 15.572158156273744112 5.4865539281768436197 7.393241145340683218 -1.6057376330002592901 14.129219472165759797 7.007907146977784052 5.2476807783919960926 -1.8733605635977208514 13.062260492075761675 7.6818232554778509424 2.5260203268460212911 0 
-0.50281793905819138768 0.28089425032751136335 -0.81747938218295024271 -0.48769930662715005321 -0.87301167593302941849 -2.7755575615628913511e-17 -0.71366904548023513133 0.39868412787261603425 0.57595786278666394331 0.91570686980419679912 -0.14420109893761526298 0.37508261977674106635 -0.20294623393446387105 -0.97156732440303472664 0.12194162654379225863 0.34683390077271397667 -0.18778439023921070228 -0.91893594339174200503 0.86569604024153090638 -0.030151469436211188885 -1.901196842211081206 0 -0.64275777693304314564 -1.4932493893176614908 -4.0422039786517869331 0.19990822681395778448 -1.0340347031714383075 -3.0341301721509275069 -6.5863354864444039194 0.39981645362791556897 0.41277459701827834415 -4.6213412588440245798 -8.6809580814111590996 0.5997246804418733257 3.0833972597809404803 -5.9234769698674716309 -9.0958838314231034161 0.79963290725583113794 5.6179568321203534609 -6.8332398136633845098 -7.7736380828332061199 0.99954113406978895018 7.581299712808907465 -7.6395294092705192668 -5.6534466810673338344 1.1994493608837466514 9.6283932560254701372 -8.5384407797581456379 -3.6531061706387779608 1.3993575876977055739 12.375513865438065864 -9.1472794815615277031 -2.6126044683206419705 0 
0.95580810007219141333 -0.020667736645219023095 -0.29326390930073825691 -0.021618258471762952927 -0.99976629814204498459 0 -0.29319537298026343564 0.0063398549917030077097 -0.95603152641617872298 -0.72572325137232118752 0.56753916821854488717 -0.38887665776617236224 0.61770328442859523399 0.78639490354955832174 -0.005070313344053778426 0.30293302035881175538 -0.2438900330253024884 -0.9212758745170767094 8.8814152282702565344 -3.2896543636827715318 -0.54274563933041974906 0 11.748839528486829664 -3.3545091390980603663 -1.422331758271210056 -0.25141274296375720754 13.799630473482059401 -1.2855486574693266721 -2.1390284684115177249 -0.50282548592751441507 15.309010812117398004 1.0759826620758650151 -3.2090554329470366568 -0.75423822889127167812 17.700950564662967679 2.3729130799231787918 -4.4726200696442921512 -1.0056509718550288301 20.489607717821680666 1.2715659580980880339 -4.3707309569454189102 -1.2570637148187859822 20.729036214877915256 -0.86583086505987727488 -2.2792843725760687512 -1.5084764577825433562 18.456595249235061118 -1.007599513980434125 -0.32584851224603139652 -1.7598892007463000642 16.279425495118097444 0.84551033930535091088 0.58295054883040320348 0 
0.086811328687889030564 0.015547359368767551396 -0.99610344484300517021 0.17628879166187666483 -0.98433848951181202036 0 -0.98050296029427608246 -0.17560187266160620645 -0.088192557349803107902 0.85994603036374150928 -0.21575893889538150239 -0.46253746350796526299 -0.49161778728383304093 -0.59365655929623872833 -0.63709013556222904295 -0.13713050750212671391 0.77525477740629922252 -0.61658353369265284094 19.182560896019115404 1.2028003395036392931 4.4208615664357440167 0 19.442994882082782482 1.731666714489269232 1.4793526855529157693 -0.06681639958245624844 19.637152720122823979 2.2467908056818846063 -1.4697110986652954789 -0.13363279916491249688 20.556005783785252561 2.1162039526381555277 -4.322539880426123915 -0.20044919874736874532 22.515089163178782172 1.135842440492542238 -6.3721309666720253873 -0.26726559832982499376 25.065349491565267925 -0.30987015822329533332 -7.0093563574306152475 -0.33408199791228121445 27.665807331724984408 -1.7403799648886166818 -6.5719949481633133104 -0.40089839749473749064 30.283215218574802918 -3.1100139829457802421 -6.0492311662384290472 -0.46771479707719276764 32.863053309666014457 -4.5848673447973000705 -6.4606226887448201524 0 
0.48481324050668961334 -0.010818765736192222787 -0.87455078533916397188 -0.022309772314819089484 -0.99975110605553274556 -1.7347234759768070944e-18 -0.87433311494456378288 0.019511028898662973602 -0.48493393762723174811 0.84060635420762563896 -0.35092367101573840316 -0.41259366740971870069 0.51978677090711156161 0.30841536727171375842 0.79668166416744645719 -0.1523242267524163307 -0.88415639925948152911 0.44166139925602104777 2.5974156302380411177 0.33276831317434985014 -11.35068763775402445 0 4.0518553517581104018 0.26583899622989259903 -13.973686982587715022 -0.49010814459430152024 5.9364630349188907132 -1.043554942613843739 -15.905981392968710608 -0.98021628918860304047 8.5092162785534739555 -2.5543258845097156495 -16.219751867089531316 -1.4703244337829044497 11.318084931081118683 -2.820552208958152729 -15.200277412801368015 -1.9604325783772060809 13.779222210465791321 -1.4600137537215065464 -14.155420351938420964 -2.4505407229715077122 15.871130513878508594 0.68701510328738746303 -14.036211407930169415 -2.9406488675658088994 18.037770705105579339 2.6644426202730251418 -14.665083111583692599 -3.4307570119696770838 20.559589767728454035 4.2238029329943582724 -15.122055791840946171 0 
-0.0034484077618550657007 0.0025605631721007733777 0.99999077595753349534 -0.59615727988377165136 -0.80286767131425984534 0 0.80286026562876444679 -0.59615178090370546382 0.0042951134851527544845 0.32215645518270369374 -0.94353537318496860653 -0.07717653745029519341 -0.28273301567753572616 -0.018091323938562997586 -0.95902802140711007617 0.90348063633372943659 0.33077742297026885288 -0.27259683824862462886 14.33505668686532708 9.0147789154089679187 -0.23952315233652543558 0 14.324711463579761883 7.2263070757576528536 2.1690576445497682379 0.26749754293074740064 15.223273881935746488 4.4834825087379384101 2.9872844535786855502 0.53499508586149480127 17.445996105339556692 2.6405177807250561628 2.1730810251877055173 0.80249262879224225742 20.173904613498290672 3.0943740227146263599 1.0101237246018572868 1.0699901717229896025 22.169803134743965245 5.3333850364749606499 1.0665562639011676449 1.3374877146537369477 23.057022478460428516 7.5811553846319466032 2.8442975317668475199 1.6049852575844845148 23.483683377234655154 8.4285843926505492618 5.6903174500698288085 1.872482800515232082 24.450152742782766069 7.5803853456179428605 8.4007593590710172293 0 
-0.32570761524978897317 -0.48786311524649561555 0.80987908366019689677 0.8316838240852633124 -0.55524950855891108681 2.7755575615628913511e-17 0.44968496319446576992 0.67356333334518181388 0.58659685461969524045 0.47181711722027092071 -0.84688734410055865887 0.24529662513017791436 -0.62899815211541942883 -0.51826241353100066522 -0.5794526687801254683 0.61785915266615609731 0.11910456382240075524 -0.77721565240500334326 13.215206206846879411 0.43740810260956952682 -4.6113909541123492275 0 12.23808336109751238 2.932459574865359464 -3.2623360645289518622 -0.050720253290514175082 12.194165662143209516 4.6955199891640173604 -0.83546953343202434716 -0.10144050658102835016 13.13576807356916909 4.9081117233033744185 2.0049757932940521776 -0.15216075987154253912 14.568495328470360661 3.5099906017209536735 4.2393708260679758837 -0.20288101316205670033 15.946095253560232052 1.1739034435516813026 5.5219172144326984508 -0.25360126645257086153 17.136042883890382882 -1.4641298482742985954 6.3123801527059857364 -0.30432151974308507825 18.338216411143370976 -4.0074610828134318297 7.3546069282195709604 -0.35504177297615296949 19.753667762804184349 -5.8944555391596864524 9.2081843862180434712 0 
0.041286495040234072462 0.011001521630555120487 -0.99908677893819886062 0.25748324507770270486 -0.9662827632242313447 0 -0.9654003334531993108 -0.25724810595523694978 -0.042727136001548773891 0.75324083457394719332 -0.64118059028089435802 0.14668229537809690521 -0.41731037544447380228 -0.63823924010192245593 -0.64691786413772300879 0.50840957472960301988 0.42607290812860332263 -0.74831917073004305951 9.4296407526606778049 -2.0412094623892729217 -7.2879760159547490872 0 9.5535002377813800223 -1.2687597271561648071 -10.184177016314347242 -0.048987179886165355125 8.7360551333121652107 -0.01912139100987602508 -12.786138464050120334 -0.09797435977233071025 8.5901815308975510987 0.86791110493673462312 -15.648287206664409865 -0.14696153965849606537 10.293477027802776291 0.69164168868201580942 -18.111547991045540584 -0.1959487195446614205 13.042324065076698503 -0.47153928894930996485 -18.41286174674121412 -0.24493589943082677562 15.133087026012594478 -1.6973673168639855646 -16.644795867218316943 -0.29392307931699213075 16.704246204309015411 -2.7072039004571131215 -14.297093844826724407 -0.34291025920315615361 18.963968708030858323 -3.9591350267905349725 -12.77186512063791568 0 
0.77129796294347585661 0.59511937287802862961 0.22568204267177813249 0.61087944309799613318 -0.79172362981048016728 -1.3877787807814456755e-17 0.17867780600714383565 0.13786452054455403116 -0.97420101396759672951 0.53365160179758674985 0.0018349485282547761678 -0.84570243044629367368 -0.82042664987863767045 0.24378670926455583978 -0.51717323263571390868 0.20522202627346095016 0.96982713580815904653 0.13160260856972832988 -6.964615163042939372 -5.0750341490142121259 2.061847944916323172 0 -4.650721274212511247 -3.2423958197202238374 2.5978813629377546235 0.52573640271872046359 -2.1921659776285071786 -1.6031375400207912296 2.0798499475133627179 1.0514728054374409272 0.046600758603507999589 0.38817643667467477409 2.2301867778867228154 1.5772092081561615018 2.2178748753526149606 1.3396079934195652683 4.0687429175902263268 2.1029456108748818544 3.9712542108403661167 -0.076961895426051807334 6.0483718364096130671 2.6286820135936022069 5.3802336127509704511 -2.6964350480530008269 6.4397069151413610655 3.1544184163123230036 7.0938245871049421254 -5.1283208296478761667 6.0529798337861464574 3.680154818734277633 8.694779392497702375 -7.5896007792837876238 6.6686459126065296132 0 
0.41478213674461500426 0.5990549420440606232 -0.68490069021001798166 0.82215892430173653782 -0.56925802865748931225 2.7755575615628913511e-17 -0.38988521673510878607 -0.56309721471658558123 -0.72863642823416474581 0.72533118999686263528 0.62841243495018672682 -0.28105600228017318942 -0.58991092728423055735 0.77783299201303257586 0.216750857914595918 0.35482356557646138606 0.00858184921986110405 0.93489389193403904521 3.5617679814556684192 0.80593105060007419471 -7.407779292827891382 0 4.8061143916895137096 3.2724078235052838082 -8.5774349430332179622 -0.38478873047760819848 7.0026463693502680741 3.7309788792891445119 -10.568642167141691246 -0.76957746095521639695 9.3739991922130254665 2.131950312470132225 -11.47403348171619264 -1.1543661914328247065 11.277419065125084074 0.0037249306617862117628 -10.553354705873950081 -1.5391549219104327939 12.880138872731668798 -1.4685120730940555145 -8.4884498493781350703 -1.9239436523880408814 14.690768362626837273 -2.2635391508211148981 -6.2324403519623938763 -2.3087323828656494129 16.93042865187629431 -3.1097793128529671591 -4.4247371095916019357 -2.693521113343260609 19.106422221866882438 -4.8795120947056602745 -3.3602664128622183881 0 
0.87426235260858353726 -0.022785669302419351429 -0.48491870667746511669 -0.026053889209421757928 -0.99966053981192204425 -1.7347234759768070944e-18 -0.4847540960820937439 0.012634018259350770358 -0.87455923064950535917 -0.49561880266964702946 -0.67012018705000697683 0.55254043955928688892 -0.54660447012889168406 -0.25373507481400497943 -0.79802384992194652646 0.67497078134939991756 -0.69753669919022576185 -0.24053481579053223594 18.647234841779798842 -4.8422118025722769019 -4.469513771435825511 0 21.270021899605549009 -4.9203734702005421653 -5.9237760596821065207 -0.31153196396488258557 21.772664574669587267 -5.4619640562471296619 -8.8313557948444483259 -0.62306392792976517114 19.456484030613353298 -6.8601284126674375585 -10.127652103542352791 -0.93459589189464775671 17.586623277291032252 -8.0677353437925312107 -8.1163653332686749309 -1.2461278558595303423 18.077609202989751935 -8.7614150930670113837 -5.2392578617451697198 -1.5576598198244129279 19.670304634052488524 -9.7751694013850567444 -2.907812422990972312 -1.8691917837892955134 20.56817020816649233 -11.635950194928735613 -0.7326511843861722717 -2.180723751106248276 19.081313800157552407 -13.275763605315413329 1.2922611596620261487 0 
-0.21165050436863430683 -0.094524135091015260013 -0.97276371842590747541 0.40778502052357279428 -0.91307796876093194616 0 -0.88820912010465857822 -0.39667847288289587171 0.2317989389842020076 0.77904150610584244063 0.023245124618448770315 0.62654129628126931095 -0.60938849180547871587 0.26308108372507876815 0.74795321340380771513 -0.14744489756985154627 -0.96449365346149917855 0.21911639512620936787 0.92497160609542283805 0.13367171534328861626 -3.5124321072863868842 0 0.29002009298951991756 1.3570267769140071934 -6.1770594676003627299 -0.42963470749496873724 -0.25030005569219243577 0.14354835774801880111 -8.8669412986248747899 -0.85926941498993747448 0.55939078414621545843 -2.4310908984043679837 -10.176741909429621202 -1.2889041224849062672 2.7414566934750377314 -4.4898121830212014416 -10.192886946636962264 -1.718538829979874949 5.5905045157721371396 -5.4040021875968644594 -9.9756090329337983036 -2.1481735374748436307 8.5527181753102468065 -5.7731068619465730762 -10.274068220875609114 -2.5778082449698125345 11.34069115463866595 -6.5604454627559105617 -11.053360693851404406 -3.0074429524252064283 13.677815672956194604 -8.3886109381723468204 -11.495695386560958795 0 
-0.25319717331538887928 0.83505221037679910889 0.48844549068439496731 -0.95697634749594984171 -0.29016593585965760882 0 0.1417302429208672776 -0.46743078162601930936 0.87259440900688844955 0.46654605660890924312 0.84608755003525182303 0.25781899607674663155 0.6523295318740691684 -0.13229276463624084492 -0.74630074786901978712 -0.59732818358724226737 0.51636661598155797481 -0.61364856309790272171 11.465270984310720337 3.2908994830033151402 0.024601172282493168758 0 10.705679464364553866 0.41997044051546561505 0.44979190104509497727 0.069222556957973288561 9.8877263349193196262 -2.4663679673102634204 0.45455199263311951707 0.13844511391594657712 9.6128406916718791564 -4.8065142800948255086 -1.4023584200405863065 0.2076676708739198518 10.446449196197496789 -4.8683888582046783711 -4.2835401913126940343 0.27689022783189315424 11.878512789081311141 -2.7401529334510983382 -5.8391050868394822615 0.34611278478986645668 13.272699334423155193 -0.084033304710097303514 -5.803127097730055084 0.41533534174783970361 14.785049103779138946 2.5060667380286036909 -5.867764844476598185 0.48455789870581156276 16.184687273605867119 4.463055333650810752 -7.6597493952383235438 0 
-0.33041479412980856445 -0.88959032936247117718 -0.31536504201468845698 0.9374268098246019143 -0.34818238930490119643 0 -0.10980455383191470298 -0.29563164526603091797 0.94897043698688199331 0.9809573650559916258 -0.079678929384962765559 0.17712683634749265549 0.12570070230710034265 0.95567261943882197972 -0.26625021670308990362 -0.14806073544970338451 0.28344507874896490707 0.94748979200363203645 2.8217375241713313905 -5.6793795276977192543 -4.0851730671851873566 0 1.8304931417819056971 -2.8670990982239135114 -4.4145867286809314933 -0.036408420450780347444 2.6839880323683056318 -0.12319947450505135123 -3.5529015610080580956 -0.072816840901560694888 4.8659453852833784993 1.2369827912757935806 -2.0072863143816013221 -0.10922526135234103539 7.4321700903773528779 1.0572923020466529209 -0.46384514913722546536 -0.14563368180312138978 9.9524748516792129749 -0.034377917279668261663 0.74294590539236093907 -0.18204210225390174416 12.541985640898124288 -1.3281924381665968227 1.5306663891817378076 -0.21845052270468207078 15.416881701920658543 -2.1435222748848001828 1.7955973140155350176 -0.25485894315546325783 18.359753797088632865 -1.7664201679634965458 1.3514151076664242535 0 
0.92179500675473502458 -0.35866626257484451878 -0.14714780872520871746 -0.36261348649887331641 -0.93193962219080028753 0 -0.13713287326957512846 0.053357779952517260524 -0.98911451429415875314 0.63232207026090603286 0.52310592235124309113 -0.57142715499179519423 0.7739960228696062261 -0.39500997772695478627 0.49487096709969025099 0.033150505923649070672 -0.75520017975183606485 -0.6546554303294218613 0.71192524281478597459 0.79862539624706130326 1.9697729921095827876 0 3.4773102630789911593 -0.28921506324955870149 1.5583743723008574023 0.10595884527357249394 6.2126995788086825101 -1.4198261782270866771 1.0690971567247002927 0.21191769054714498788 9.1347204810755631144 -1.7164712139461111295 0.45772835708798303989 0.31787653582071750957 11.89941323961934927 -0.64185097512430300259 0.0087235757436289682043 0.42383538109428997576 13.940057074052480957 1.5570070717095445545 0.03639186087421675958 0.52979422636786244194 15.283544680396733639 4.1929449116426278366 0.53328044693219667227 0.63575307164143501915 16.595945546829582895 6.8230559736329272624 1.1333830100220476655 0.74171191708962624922 18.492911757612301216 9.1450440422417447195 1.2328345277929890766 0 
-0.37546158345733721129 0.81946249621796452001 -0.43302403702327146862 -0.90911750690644343997 -0.41653974436566398865 0 -0.18037172168586138032 0.39366973296916002445 0.90138237355745332025 0.95455566591710128144 0.04723860932985073785 -0.29426517710075961176 0.013083473711359525082 0.9797649669956863816 0.19972338912502435315 0.29774536668301626596 -0.19449710341422415949 0.93462215540948556658 2.3095349044524113857 -1.0724507477344475959 -5.6441831843183001283 0 1.1831501540803996964 -3.7998032684537781378 -6.185298349375884186 -0.04264216054043383497 1.5254744601008674021 -6.7778032087318855758 -6.0656249264715214053 -0.08528432108086766994 3.4730618542971023466 -8.9363682953431116118 -5.3257329679419163071 -0.12792648162130149103 6.2567330605469342331 -9.5078031064663353078 -4.3641673867235937223 -0.17056864216173533988 9.0384184457589515915 -8.7380245531887581478 -3.5458291590488704159 -0.21321080270216918873 11.653025160529162818 -7.4109208187294912662 -2.9112790000695465409 -0.25585296324260298206 14.375100197622744602 -6.3309034250059230686 -2.2602324008935901212 -0.29849512444219733487 17.238767195374048669 -6.2916530038718487816 -1.3669963008445396024 0 
-0.031111502738942437701 0.071673611854311564118 0.99694281067726375767 -0.91730827150591842667 -0.39817776812225996741 0 0.39696046330100565047 -0.91450388645261293519 0.078134705726186318153 0.35995644787185410163 0.47519435262730758129 0.80288335570404689712 0.92036191154467283937 -0.039866182225099633385 -0.38903038350831947723 -0.15285714707959197067 0.87897725496505829668 -0.45170087208326115125 8.2012735999238177698 0.22086872771498919366 -0.48719820663966689755 0 8.1079390917069904532 -2.5310560868027662806 0.70368318326335010937 0.19489433479611187328 7.0962624511292515805 -5.3361149068159789977 0.37481377388934328243 0.38978866959222374655 5.7192081246862711552 -7.9838099923938825597 0.069113573164457445253 0.58468300438833564758 4.0261748958516907493 -10.075794268284742117 1.3947136499067256388 0.7795773391844474931 2.7737134766613995573 -9.9531092753228289638 4.1179890282905571297 0.97447167398055933862 2.7323392169558546883 -7.5500840437182015208 5.913461620229675475 1.1693660087766712952 3.4704495560236230389 -4.6423226398312129604 5.9017888619183773713 1.3642603435727835848 4.5503188996391870091 -1.88123690519719311 5.4432174206796020144 0 
-0.70440185358466278487 -0.70603570263160986276 0.0730179106519792398 0.70792541779235207411 -0.70628719572389520032 6.9388939039072283776e-18 0.051571615352004336608 0.051691234904627042512 0.99733062959282459126 0.77506926825508881684 0.10968115189585303515 0.62228423917476827221 -0.61750687077789245816 -0.077352411258474307321 0.782752750882802939 0.13398840975478720772 -0.99095239511860466752 0.007775388098650304336 5.514556696059028873 -6.2219547986507199866 -6.9002814202180138281 0 3.4013511353050405184 -4.0981785452736634312 -6.7455665741620007836 0.074338687083596463601 2.8500242499090631121 -1.4993726901316539735 -8.139209723981137401 0.1486773741671929272 2.5799061363606341502 0.9225349152028819999 -9.8889018617388337873 0.22301606125078937692 1.0371029771136044406 3.3760703449526294762 -10.663439963226538865 0.2973547483343858544 -1.3332079648027548302 4.3813443026592082674 -9.1236379276322772114 0.37169343541798233188 -1.9746621418094476574 2.9100137652113264863 -6.5891417986603402213 0.44603212250157875385 -0.40105549818041508203 0.69188524356717362451 -5.3227767314091973816 0.52037080958517345497 1.9241523065848484819 -1.1606353687665060814 -4.9208115021448328719 0 
0.51392779946384037348 0.64784763439214765324 0.56229143649068058508 0.78342843317110455459 -0.62148201108243528168 0 0.34945401276465948293 0.44051509907542352185 -0.8269391395074048301 0.64257502373475849922 0.63040406826651818051 0.43553191569079940937 -0.35669922669029358042 0.74917820404224177988 -0.55811977233080334315 -0.67813199345763153225 0.20327992842645339899 0.7062678458970890194 3.1154314656676120876 -0.62803812296031935603 -0.648265504834611761 0 4.6572148640591333191 1.7222471765529943077 0.40009653345936668778 -0.21524011577601168121 6.0463998448871221214 4.2491030082533143286 1.2278588495297864114 -0.43048023155202336243 7.8506681402144344872 6.5883208587822688074 0.70570617830759341249 -0.6457203473280350714 10.017224208789565765 7.45556169067181429 -1.1794644089029908685 -0.86096046310404672486 11.956228548787530386 6.3457455162398028747 -3.1815995896263440379 -1.0762005788800583783 13.603036704906049437 4.198974027063809622 -4.4775244358818921953 -1.2914406946560701428 15.451681945659240469 2.1424270552960780201 -5.6407633114442807809 -1.5066808104320814632 17.379407016863513746 1.0723293752251952249 -7.6751592918171755997 0 
0.5602440834277235826 0.15514067558190447471 0.81366942781710804855 0.26687294816023898747 -0.96373172072951007738 0 0.78415903777517748097 0.21714635902940643275 -0.58132784402244130906 0.4831428553570003559 -0.24341826181780140681 -0.8410235021276666334 -0.75280382720512240002 -0.60596838052528945173 -0.25707726377273865115 -0.44705634886757267266 0.75733075443768860247 -0.47601549273110482785 -2.2931209481273953088 1.3431799026302115863 1.4863843451500571291 0 -0.612388697844224561 2.1437987471109285487 3.838861458475589572 -0.1223444591431213091 1.1452623663873260362 3.0481174371555361802 6.0956058535002348719 -0.24468891828624261819 3.757413882679260464 3.2528460197885022964 7.5566745341154266669 -0.36703337742936392729 6.5151866494701389243 2.0722222303296211621 7.5291638995160514725 -0.48937783657248523639 8.0592432695025149059 -0.16138988460690409377 6.253688396953894113 -0.61172229571560654549 8.3267834970003296036 -2.688042652685627143 4.6585483718274174336 -0.73406675485872785458 8.5467901601355400487 -5.2886095123915861649 3.1791396364128896579 -0.85641121395393637883 9.9962187262065391735 -7.5470209940069503673 1.8379705898101665884 0 
0.36738796673270468496 -0.11322771748184630447 -0.9231498068536114765 -0.29452605012303334497 -0.955643451188216142 0 -0.88220206738532036539 0.27189166628443539597 -0.3844404168478383621 -0.13354386194496847828 -0.47710897073570457394 -0.86863862853337370229 -0.38146982837827442259 0.8337034256793228737 -0.39927355039823508864 0.91468399295815450145 0.27803889665670661335 -0.29333865236625122908 10.21558764491921778 10.496580014998901476 -5.1295405736824051246 0 11.317751545117332057 9.6130018646298012186 -7.7761467758383666649 0.48660059034163033465 14.269770257921081225 10.067603458443713293 -7.4953213668709226525 0.97320118068326066929 15.062797505697995248 10.258316798536991854 -4.6083321295627062142 1.4598017710248909484 13.855297805892618612 9.260908647898563828 -2.0495941489940712188 1.9464023613665213386 12.322841442716683247 7.4126835226641638599 -0.25080255938458628773 2.4330029517081515067 11.125776092187184219 5.1727346220640884056 1.3459654155302860357 2.9196035420497818968 10.416757516140938478 3.0073762885866033301 3.297506916378000863 3.4062041323914078461 10.016125930306033709 1.8629668034517816722 6.0415588952524643673 0 
0.031739724414918915607 -0.017258422817984238329 -0.99934715526482631454 -0.47769648653943014294 -0.87852493803413700402 1.7347234759768070944e-18 -0.8779513976536224007 0.47738462490318184228 -0.036128427368200224934 0.61788790511537627914 0.057704046520254737018 0.78414589186408445443 0.20343540560395412253 -0.97507605436596045401 -0.088547862474855770776 0.759492312310590445 0.2142356908110775171 -0.61422674666918708475 0.45324462902699741429 4.050761203750656847 -3.6452655506926903151 0 0.54846380227175417499 2.6176717441323664737 -6.2791197436535579612 -0.31163966937696979675 -0.72123895624694778217 0.016014538283077174585 -7.0660284416054413015 -0.62327933875393959351 -1.438905807989822927 -1.6714094283131615271 -4.6916875547365739507 -0.93491900813090933475 -0.043234436894704804388 -0.78192781977864367349 -2.1895102349451511792 -1.246558677507879187 2.4272412057647412276 0.89343995371262918681 -1.8896789246718639355 -1.5581983468848490393 5.1789895624529354023 1.8460314577058212215 -2.6111115645463081059 -1.8698380162618186695 8.1535568867592349562 2.1927174521890018255 -2.4329202171931729737 -2.1814776845985193177 10.007220602105363128 2.8030236690008627498 -0.15444328026140263788 0 
0.74978254538845301447 0.18934480250286195302 0.63401473200231284189 0.24484633202660471829 -0.96956189781422286167 -1.3877787807814456755e-17 0.61471652680233834776 0.15523618158159716018 -0.77332096803593486367 -0.74047369097176862773 -0.085561637297187242979 0.66661677086739279385 -0.34069115441999175964 0.90276734590605411945 -0.26256552794628662539 -0.57933431650353561793 -0.42153330282287715391 -0.69762556169668632489 15.515807330354446592 0.2555437156597321624 11.077259436505400458 0 17.765154966519805413 0.99008271173954631728 12.921409016912415169 -0.059644423678559863045 19.884109977250741252 2.6107292149328960029 14.293835285655637435 -0.11928884735711972609 21.079313287081443917 5.3619007209236029254 14.343860757493233749 -0.17893327103567957526 20.531208552553223967 7.8253605486807806813 12.721859870378304791 -0.23857769471423945218 18.699339122815015202 8.4401357862223811424 10.4270228598441701 -0.2982221183927993291 16.664776460111966117 7.3818295455720308595 8.4929718922372909873 -0.35786654207135915051 14.707091964189221045 5.7746343008480929271 6.8853629610564093255 -0.41751096427647221843 12.485670891273915828 4.7525608375881160939 5.1473600115458015836 0 
