5
0.15050591576957872419 -0.41256087479081521296 -0.89841053751066279887 -0.93943911794920575975 -0.34271583515620868132 0 -0.30789951767610573841 0.84400200291528926222 -0.43915658493275733232 0.12550335376172555568 -0.1593677416715502948 0.97920928871670154248 0.89034437423432355452 -0.41731423340938916811 -0.18203221105954023318 0.43764803605620067328 0.89467913438754353983 0.089517836366312053542 3.0462887046600961582 2.5010145968255699245 5.2969643050692276631 0 3.4978064519688323308 -0.3173027570220474658 4.3732657520409103924 0.11635145260556434277 3.9493240712096255862 -3.1356107383581610648 3.449571017852680388 0.23270290521112868554 4.3258343833195675998 -0.46458698325209102364 4.762511261980299615 0.34905425797114630893 4.7023444457166858612 2.2064461392924048511 6.0754553701524312004 0 
0.55373095525153925855 -0.79947032221021396836 0.23287170953405800233 -0.82207114297218020216 -0.56938478719791352223 0 0.13259360877746392826 -0.19143711242254859983 -0.97250746367248286361 0.64366114154219156163 0.29018203954009502699 -0.70816291825889443601 0.59961716894282324208 -0.76621346998299677544 0.23103283127211463044 -0.47556238873316775129 -0.57333350010701988886 -0.66717996978134552766 5.1840028356718192981 -7.1637785081951079746 -2.0524908578568812345 0 6.8451957014264372958 -9.6299919371116491362 -1.6547100315244893665 0.026459434027091860431 9.4507268856740491714 -8.8396284517479077891 -2.9142626542859844108 0.052918868054183720862 10.385331979908485778 -6.3320975079261154761 -4.2703031695569100279 0.07937830208125037923 12.316315404535060907 -4.5332460010976456388 -5.6969903357564133373 0 
0.19557758805602587504 0.10700125162365226039 -0.97483339048329664678 0.47996688174961882334 -0.87728660791302837119 1.3877787807814456755e-17 -0.85520827841744762043 -0.46788774265567667499 -0.22293465589459326992 0.44224110797306231957 -0.52875865047055470303 0.72445641136738947452 -0.57358378043485813702 -0.78770306200945672259 -0.22477885337144629108 0.68951029668947960705 -0.31612999802847524533 -0.65164206057137075145 3.4918277023042350038 5.6162628014704836232 -5.6836129282788903083 0 4.0785604664723127399 7.0561634467193403708 -8.2492377635312337247 0.0085108189330656783961 6.3271707471926337263 5.5466438049937538679 -6.9588493499139234544 0.017021637866131356792 6.5108865987152233501 3.9014525748779602665 -4.4569312224544130885 0.025532455793565115437 7.8376099226344102533 2.1807012335733850783 -2.3884003323859746004 0 
0.50815588022276936275 -0.8183784946389326409 0.26839195388002412557 -0.84954860813296040334 -0.52751034342404101718 0 0.14157953176350090985 -0.22801201085286021408 -0.96330979393571147806 -0.6838742406068719637 -0.55050617165869986103 0.47880996021392085993 0.42493277645883514859 0.23293855090344478542 0.87474097137037598593 -0.59308360163248441399 0.80167486331347903583 0.074627441373496791743 3.1907227328438096947 4.4367782938095245981 5.299082586036533371 0 4.715190373512117894 1.8881324694106433881 5.7238211813270361006 -0.080640136022728264864 6.2396513640353754582 -0.66050624486079334563 6.1485556780226078288 -0.16128027204545652973 4.1880352917669352308 0.61428497800919346084 4.3693089749980407177 -0.24192040858004562609 2.1364125698789839802 1.8890833077973676613 2.5900581704731822086 0 
0.87931159094272492993 -0.43005029266054145554 -0.20461640163084818256 -0.43934586767480660052 -0.8983179885525343078 1.3877787807814456755e-17 -0.18381059433788105029 0.089897370515001753799 -0.97884223865934760767 0.28449254524579781211 0.76299258058693364415 -0.58043631318936195207 0.95818017811828448682 -0.24581841938328341524 0.14650614646872972546 -0.030898834294845967108 -0.59784247646114563324 -0.80101787456836703871 0.27367442066478986362 -2.8869766250167714361 -1.2128235445859019137 0 2.9116091934929646534 -4.2050142280411915152 -1.7642553275995451756 0.13631101286764771285 4.7639851075346495435 -1.9015097765732638102 -2.2766133229149678741 0.27262202573529542571 4.4763182815095916567 1.0649767363379925023 -1.9341985688300549207 0.40893303863338981152 5.3297959172469866473 3.9395172706928454076 -2.0268950717145943763 0 
0.99455376058721789434 -0.10409652703880378777 0.0051701412246276737261 -0.10409791833553216911 -0.99456705324387717493 0 0.0051420521226326343367 -0.00053820093898445991922 -0.99998663473054372197 -0.040685674814017219747 -0.86302494920698546998 0.50352022095563186976 -0.65971876880442448243 -0.35527037418844048533 -0.6622341786038983269 0.75041043566311238511 -0.35912518467838733249 -0.55489934202304846966 2.9335955927935941645 0.58383401607510165832 -3.8701329243135802471 0 5.9172568745552478475 0.27154026106850515099 -3.8547067679456823441 -0.069339123219130369136 6.9818541555913373742 -1.7440479888224496019 -1.9043281800187119579 -0.13867824643826073827 5.6934856630781442988 -3.3569129673558282256 0.27255062820143827196 -0.20801736965738035212 5.5714286386360916126 -5.336069273769101784 2.5237819351907759824 0 
0.67537382104842658137 -0.73599881823359292188 -0.046646987053852756455 -0.73680087253848658424 -0.67610980929618580415 -3.4694469519536141888e-18 -0.031538485521222028862 0.034369540762570212344 -0.99891143681449434677 0.22377250342356158619 -0.24177150147775208766 0.94417816527641940105 0.55658849996017445427 -0.76354359310250807802 -0.32743002785968494672 0.80008443830862896462 0.59878854573656059568 -0.03629282396094843377 3.7062717749549989321 -3.4685528210950309358 -5.2467302837244318425 0 5.7323932381002791203 -5.6789554387104903554 -5.341345740288097943 -0.049852882297499644115 7.2591682509142465562 -4.8838191818123775079 -2.8843849360704942875 -0.099705764594999288231 6.9631419858002674417 -2.6177189646287422065 -0.94088113188747435345 -0.14955864727128923009 7.6344594960709528664 -0.94795346474821884364 1.4593721830384129845 0 
0.12109402764100499206 0.11353842035868412508 -0.98612639330469908927 0.683982069779261459 -0.7294988198897084386 -2.7755575615628913511e-17 -0.71937804017787265742 -0.67449277155650633198 -0.16599619401620546721 0.38376721879635655732 0.66839496643348450533 0.63715845017051364607 -0.56155043764818879382 -0.37882904397946326469 0.7356287524388467336 0.73306468183540096639 -0.64010680693458321677 0.22995531731528845443 2.6658654077694308171 1.1808721170992129146 -2.732811223783031096 0 3.029147490692445821 3.2328183264369974026 -4.8909453443166492903 0.14596335047123198958 5.1420667545183027514 2.2374979960048069216 -3.0081682400053391113 0.29192670094246397916 5.139867279160504232 0.14429076391758899334 -0.8590897578493865705 0.43789005483385057271 6.2911689355495727938 -1.5403605490269782763 1.3401042876568156625 0 
-0.79880683048599820939 -0.43581707018663196074 -0.41469401840737230014 0.4789404268677243115 -0.87784740559607643551 0 -0.36403806817512324168 -0.19861373019551881169 0.90996091734598483214 0.58509779785346494041 -0.20261868441539676589 0.78524278772415367911 -0.64139131873626142877 -0.70815499857027419672 0.29518413617553163064 0.49626378388593428426 -0.67635949518411397907 -0.54429779540018863315 3.8296575286407090744 6.7033015152784258817 -6.7062501323472503145 0 1.4332370371827143352 8.1401227958815987051 -7.798364336872619873 -0.31201227333976960798 2.0740003141737703984 5.8907753983582029633 -5.919588483208516827 -0.62402454667953921597 4.6512751079108625163 4.6124707418402497439 -5.0689134835026443682 -0.93603681965348828342 6.4065685014712583367 2.6882967856314650135 -3.5801221318448415154 0 
0.48223474116549885915 0.23645996573632457882 -0.84352613416361965637 0.44026287656394991199 -0.89786892112358829277 2.7755575615628913511e-17 -0.7573759000210401604 -0.37137324228374352098 -0.53708813148586653785 0.97297819968177057248 -0.1719146717176528727 -0.15413879651869882847 -0.18730887876030155592 -0.97802615803817349871 -0.091543531342464540268 -0.13501409882519624372 0.11794142546748268008 -0.98379927489153951026 -1.6859668415605852942 0.78100896270198916227 4.6963746343943597594 0 -0.23926261806408866128 2.1017975923938387872 2.4242469343312391672 -0.072378706697326003483 2.4377210303187104579 2.2921945250598976251 1.0835577255447992329 -0.14475741339465200697 5.112117466665047516 1.071598616064274978 1.6816694919497021665 -0.21713612012079286373 8.0310520657103587894 0.50967197978337075437 1.2766271954741117423 0 
-0.92265176251014258124 0.10999093448169496023 0.36961563747867942631 -0.11837359114901865875 -0.99296912989200480926 1.3877787807814456755e-17 0.36701691794168295191 -0.043752730353185109724 0.92918473972145554374 0.73375003336068478355 0.67887629391023707193 -0.027163691021190820157 0.61234396946985303334 -0.67810349558069193954 -0.40646096040720713916 -0.29435650425478376846 0.28160722087323586393 -0.91326426709630748046 1.3532326835833572432 1.9401883265792747579 0.34517665960076726606 0 -1.4147226039470703896 1.5850675531322186984 1.4462274134258161773 0.42390016416180259506 -1.3582191490507886655 3.3867826530476481395 3.8442620375640323971 0.84780032832360519013 0.86620571130894896683 5.2028937472266161279 2.9761276671729559595 1.2717004924854058423 3.067455811391000875 7.0399256556361837767 2.0930581544086122037 0 
-0.90892599795521977768 0.039206043916175353781 -0.41511012558302007314 -0.043094401278687279044 -0.99907100477315013975 3.4694469519536141888e-18 -0.41472449025773627795 0.017888922326720946981 0.90977117103063309678 0.8847791023864335358 0.35977495119792379796 -0.29618900126572594855 0.0059998017629895317171 0.62673699294187890096 0.77920776693830262616 0.46597204031901007237 -0.69120382389618106878 0.55236521566101182135 0.012644947089071933988 3.9472565510002795008 -7.9310545739840137003 0 -2.7141330467765873991 3.8179733471642176568 -9.1752280447572225341 0.30004041146907772797 -0.70781711139276726197 3.0712792468169882731 -7.0735277117822317194 0.60008082293815545594 2.1521520543838432715 3.8509720852087996334 -6.6123818930127438165 0.90012123325247073158 4.8064893615431438789 3.8689714904977683396 -5.2144657720557132663 0 
-0.51238750237637731288 -0.29308942293973805349 -0.80719120260899124286 0.4965176269226064254 -0.86802663908151100891 0 -0.70066346669684531623 -0.40078466039222110373 0.59029006634929137576 0.85208630856522349362 -0.07409273515085974815 0.51813047522178745652 -0.49115704546217031634 -0.45527566656429196978 0.74262293536310286513 0.18086923300706009288 -0.88726226902326044144 -0.42432533098924657411 -2.6697704303952463079 3.7046386540402096443 0.28093850919266571964 0 -4.2069329375243782465 5.194191534808028976 -1.8210518908978703401 0.2988758805659119111 -1.4408281221593415289 4.1833937270154732957 -2.3928490083206908068 0.5977517611318238222 0.47954175958434674953 2.4928277847660877953 -0.82627110935903913536 0.89662764169773567779 3.0358006852800167863 1.019356648379575514 -0.28366341033785880121 0 
-0.0029911857549003903999 0.10006071419312044524 0.99497683705850292757 -0.99955348236137520068 -0.029880359757672846771 -4.336808689942017736e-19 0.029730265841862522913 -0.9945325623507331736 0.10010541302575827471 0.21703887618891548605 -0.69335597352446254327 0.68713289849970005108 0.48541810325925899283 0.68736989984715113344 0.54027019704246037612 -0.8469140400600499996 0.21628711187230448276 0.48575353214063482499 3.945470328982324304 0.80693418204374722791 0.79678998901069064686 0 3.9364967717176231332 -2.1917262650403781521 0.88598078653627820866 -0.14467634192975922791 4.841590905458351024 -1.8943968451612742676 -1.9587230338150483089 -0.28935268385951845582 5.1302104826887786615 0.47807345198819817256 -3.7720463760287499255 -0.4340290265823962268 5.7813271112555248976 1.9343277617659762058 -6.3127884962089000354 0 
0.81274637569674479387 -0.15895019525255119075 0.56051598034398764092 -0.19193554557615680189 -0.9814075332624989656 0 0.55009460562360423808 -0.10758294049147765215 -0.82814360818581356227 -0.92753081584326990683 -0.37364657750295870997 0.0086499006609196404938 0.13906278751848888398 -0.36650311147506986487 -0.91996576588842704503 0.34691227535027635565 -0.85209371808470601994 0.39190326460987290336 10.539915396850645379 -1.5587944533069020281 1.1328712417708430849 0 12.978154523940879983 -2.1346010900353724615 2.7831550586416557991 -0.36214918429303272207 15.416382703925584963 -2.7104056446393980373 4.4334375972875115224 -0.72429836858606544414 12.633801203501509036 -2.2932193641559899255 5.4741757015428413879 -1.0864475528954244954 9.8512087559716992047 -1.8760310016005117273 6.5149125275936672352 0 
0.089041652592088030294 0.16776610050692822296 -0.98179739234954654936 0.88329908320848393721 -0.46880990774838704471 1.3877787807814456755e-17 -0.46027634493499824941 -0.86722073655883513688 -0.18993125170869276652 0.64583774863985010661 -0.39839769613242415058 0.65128555806818444474 -0.51643616244339396459 -0.85624633390986282233 -0.011657863726318450776 0.56230533747471223016 -0.32881832580058145687 -0.75874318189038936211 -0.89125002121780028119 -0.24563168785410027795 -4.1119466945484219877 0 -0.62412506344153617643 2.4042655617713517557 -5.492775729353416736 -0.35747176262867991214 2.035286182838109692 1.7210279360253755154 -4.2841739871573816245 -0.71494352525735982429 2.9279825540776416304 -0.43613333166730949841 -2.4000963732424951402 -1.072415287886040236 4.8654957999971921723 -1.9854418189974909481 -0.71318036081835933793 0 
-0.73833472600858918167 0.44437485913518814939 -0.50733895665363937244 -0.51566767421481007894 -0.85678868443151634526 0 -0.43468227723212976565 0.26161829981615059015 0.86174658865677955522 0.99236003644881698449 -0.0097975303126802970599 0.12298604172455901429 0.046847365373428040414 -0.89225921240349725938 -0.44908665337400083262 0.1141353688252307319 0.45141721974340237589 -0.88498339606021192427 3.8905581455662883172 -5.0338308380064376024 -1.3758028752560989005 0 1.6755539675405208833 -6.5808338606508680613 -2.6798497069524884751 0.38554063896615137219 4.5418416392879947807 -7.2841068872259802092 -3.218182349652735752 0.77108127793230274438 7.1335341414337412047 -6.3231731104335260341 -2.0521050461341134863 1.1566219186258850371 10.11061425078019127 -6.1826310143132419128 -1.7096989396584212351 0 
0.11888629463426320099 -0.17716492755285762062 0.97697422555220247986 -0.83036708200276987402 -0.55721675237397938485 -1.3877787807814456755e-17 0.54438640511528235688 -0.81124723686369870634 -0.21335735892317869711 0.49548819961166445935 -0.54172160070589725489 -0.67899127488814747799 0.6406803049678987394 -0.29991205068750281804 0.70681080118986361338 -0.58653234426741629459 -0.78523274841352408426 0.19846747831095953862 -3.0912947164356552321 -6.3267704481502420322 -0.59502151279049542154 0 -2.7346358325328656846 -8.8178716941585513212 1.0381377025553515381 0.10680225029676036763 -0.38157994102965470118 -7.7229084178738762745 -0.46658266893084776594 0.21360450059352073526 -0.0094507346687080495684 -5.2941300168351066446 -2.1877901909154386928 0.32040675089028325395 1.4770138641662857726 -3.3720891019314107595 -3.9473872237176879096 0 
-0.1267936572457888933 -0.025480793416081018443 -0.99160178380694974365 0.19702356287728040041 -0.98039875340146298566 3.4694469519536141888e-18 -0.97216515271500025808 -0.19536891640111195279 0.12932866020676003771 0.36593421553017835279 -0.1534993754132978061 -0.9178943793552943875 0.29275597167124484121 0.95521853594196515225 -0.043028939607131486134 0.88339464055151373234 -0.25297329965950232644 0.39448500440985778681 8.1564617803210666125 0.2895595568991637947 -1.1823014030423593113 0 7.7760808085836998771 0.88063024553100499592 -4.0987968611873597524 0.34449075164945691663 7.3957025038074739598 1.4717014523284071004 -7.0152822758597643826 0.68898150329891383326 8.493502483292141747 2.3499688493871571104 -4.3651083976876554615 1.033472254820976044 9.5913051298825529045 3.2282367644009970498 -1.7149244760330972781 0 
0.87544677693090922066 0.2115599247732842525 -0.43455188296819630134 0.2348977694992034071 -0.97202008100877179686 -1.3877787807814456755e-17 -0.42239315648526037927 -0.10207526804090823191 -0.90064680147591436032 0.83592522954895198684 0.25308551061851958242 0.48700794133001046315 0.53772821780358592836 -0.55533445755059385185 -0.63439104977511051597 0.1098971081571801095 0.79218139625463990239 -0.6003093044812298773 2.4301310791150143586 -5.3956452416845905873 2.8734214768558530295 0 5.0564714099077416876 -4.6909519331869802272 1.6062420074000718362 -0.22778344563441374482 6.9962882975403575259 -5.6731475466977689948 -0.46072333437755330632 -0.45556689126882748964 9.624886691905704339 -4.9237664636914342253 0.77573874504656781248 -0.68335033690324153977 12.132662380552559966 -3.3105818102806767733 1.1054300695181087377 0 
-0.18166956635036213275 -0.088820909847027049167 -0.9793400914064621654 0.4392288002333271657 -0.89837523398944596487 -1.3877787807814456755e-17 -0.87981488377252592414 -0.4301543733688575899 0.2022201408465099659 0.44241978819325139538 -0.38304973509365525253 -0.81088694123146332071 -0.8615694247593285171 0.069429390415708613915 -0.50286945230982449395 0.24892339651972883452 0.92111479208141233688 -0.29930700371674945348 11.56958447023866654 2.6543421530212043535 0.34030977554498065274 0 11.024575771187580031 3.9720285537211861282 -2.2991348757725971197 -0.095589268091174239839 10.479570791807699237 5.2897072014581203447 -4.9385727997012018875 -0.19117853618234847968 11.806826436728265151 2.7050066801836547548 -4.1918093374122689099 -0.28676780427572151622 13.134085801318084563 0.12029840593957219497 -3.4450391477536239648 0 
0.27500079265621535374 -0.30461867608776821426 -0.91191119426015854188 -0.74227068198510348651 -0.6701001676356822534 2.7755575615628913511e-17 -0.611071844142587417 0.67688494407333810177 -0.41038758970394245695 0.78330427024878124254 0.20738924914866965765 -0.58602399229688140192 0.60458114179934330235 -0.47347383923480623746 0.64054989387311223048 -0.14462386798390805542 -0.85604452156287091924 -0.49625770917091993617 -3.4471373493930030918 -2.5111639823033300445 0.96274439351050489222 0 -2.6221349714243569196 -4.737976028258640504 -0.87047113891725746981 0.31017788796165329801 -0.22730058659425292356 -3.6344085509664503242 -2.3011517786594892776 0.62035577592330659602 1.6860385381985114606 -1.4127798050101061378 -1.6659025236874773768 0.93053366369612677822 4.0359513489448550771 0.40096362038792354721 -2.0997741276392010157 0 
-0.10116184830409881423 -0.042501340465713723094 -0.99396172788810921439 0.38733601340885948083 -0.92193861656648901093 0 -0.91637170032920045593 -0.3849971731611619985 0.1097273142553120695 0.78152529876347709425 0.094431673594564585761 0.61668538689901475358 -0.39700908949461588549 -0.68722517620414791395 0.60836283585524353335 0.48125044441674447171 -0.72028065100577864932 -0.49959362839749843488 -0.43741394909078223918 6.2574438092242559151 -5.8548316965800353273 0 -0.74089949400307864025 7.4194518494508345796 -8.6039467975676373612 0.22278360818786846487 2.1290274298812303932 6.654789140460962038 -8.1810870166025519978 0.44556721637573692973 3.5574896491960372735 5.2359018572304325545 -5.9570693532755427668 0.66835082456360617176 5.902065545486467002 4.0448745887465831217 -4.5133180200253093517 0 
0.57396563045420145865 -0.118728001468472108 -0.8102265835706782271 -0.20256714176906814862 -0.97926837642982733634 0 -0.79342927103354399243 0.16412528321922939534 -0.58611678296683022982 0.86504137778964107497 -0.041115543757512890144 0.50001292660622631558 -0.47692478180616260097 -0.37671531874022379238 0.79412109978616951533 0.15571180819367400061 -0.92541616621278843802 -0.34548336009290064874 -1.0417379715604084822 2.513425819044911691 3.8316129850018540992 0 0.68015891980219578272 1.9057243937377073006 1.4513251719012218999 0.54328124777485875541 2.6976479001822104564 0.29934298473342901836 2.9840407302989704341 1.0865624955497175108 5.4378864976452199187 -0.71736190619618889208 2.3077401169664275571 1.6298437433245762662 8.0330106310141431436 -2.1481362516146771391 2.7748755415474497532 0 
0.76643727624711144308 0.14250219261644186952 0.62631224375579253039 0.18279535116336589895 -0.98315098514575149924 0 0.61575949945735353186 0.11448696653525576583 -0.7795723015356461616 0.21485903784974103026 -0.090620418983233211319 -0.97243176291068711414 -0.70661788499142552666 -0.7017542303549176852 -0.090731277899199269665 -0.67418599693595537836 0.70663211067873255011 -0.21481224754001193578 -2.7877744581300163418 -0.058216356059475060647 -4.4822254136610268915 0 -0.48846262938868179049 0.49016969743062266396 -2.6349469152889661849 -0.34523981849960255763 1.8108452014191838142 1.038549304301372711 -0.78767776697644498185 -0.69047963699920511527 2.4554263110610392573 -1.0812979054056537365 -2.8102264068942934827 -1.0357194559889910668 3.1000034245060823501 -3.2011515604564415582 -4.8327843976551694283 0 
-0.76328953838449886682 0.40612386673547162808 0.50244650009787839018 -0.46972006417493317176 -0.88281541746363745293 0 0.44356751673705208106 -0.23600920227044608346 0.8646083012204962559 0.88227166280408719778 0.39813868369656590929 -0.25116190307703289974 -0.46157879620126091025 0.8364289694440852907 -0.29551919391487996291 0.09242146888199723187 0.37665921947971925388 0.92172995203075780424 1.549928163389225233 4.7251880435612321207 0.35978909210048470868 0 -0.73994045176427114541 3.3160278510364324944 1.6904916423116409518 0.45347066154880105726 1.1221492748994363886 1.0029286677493842728 2.1172632656653100902 0.90694132309760211452 4.112553643734102593 0.77734442897390665372 2.1988099832145864276 1.360411984225927462 6.7593686321463630762 -0.60739195962987513333 2.476074389860578151 0 
0.81698192333979868796 0.57658127301232442452 0.0097248417720109826129 0.57660853932623534757 -0.81702055811103402316 -8.6736173798840354721e-19 0.0079453956521099069338 0.005607426809338010229 -0.99995271260820595138 -0.46154380071521744489 -0.72164757626964148862 -0.51594776449317347744 -0.52762832197576425841 -0.24423949277310991191 0.81360643066471194373 -0.71315192902381630002 0.64774365750201345904 -0.26803447594577006763 2.8908529809108785003 -0.21310287447961684393 -5.5294365233240370117 0 5.3417987509302751192 1.5167227434990890877 -5.5056003363677072926 0.47002165670754036952 7.7927369421730183774 3.2465418158410930261 -5.4817684239589539175 0.94004331341508073905 6.4081131512314684073 1.6636632867462985974 -7.6212198769702750312 1.4100649710313055696 5.0234817490187140265 0.080778320894056454549 -9.760675664053824363 0 
-0.47673339799833891473 -0.8660420261341119641 -0.15065349714653269997 0.87604060220138890713 -0.48223735161705100216 1.3877787807814456755e-17 -0.07265074347579096592 -0.13197858036399379156 0.98858662938435493128 0.14183977178669796015 -0.019661412373394127756 -0.98969435079876133532 0.073774885559685116077 -0.99681220162528028084 0.030375993014507912671 -0.98713663968072462573 -0.077323111386218335017 -0.13993709674493690076 9.467338254464081615 -2.9819883169670475809 -0.29467012354389510165 0 8.0371380604690649818 -0.35386651036288085947 -0.51262235397126798553 -0.32287587376976450981 7.5673127280144116824 0.68227787815342355593 -3.2885202204098771261 -0.64575174753952901963 8.8172566203513618177 0.051895326704771371773 -5.9418739012940315902 -0.96862762082470865721 9.2427759357114567251 0.27321998338382758043 -8.9032838203362061336 0 
0.2481816467272392468 -0.32667308665008198965 -0.9119707038530701082 -0.79626774651674181449 -0.60494435765378440362 -2.7755575615628913511e-17 -0.55169153164146511603 0.72617285724637103961 -0.41025532941539732956 0.06149639099204419479 0.18982306279397878623 -0.97989050343722938763 -0.25079455220725421771 -0.94731246565467375209 -0.19925156209783081995 -0.96608503066661621794 0.25800445199022481457 -0.010649707747511810707 1.1651114654109875346 0.59305688901828546022 2.8496647621414155083 0 1.9096564055927052195 -1.7957463505319397612 1.1945901672170200492 -0.12601581342018688958 2.7498578171093428502 -3.4358595590391711738 -1.1726931389728467714 -0.25203162684037377916 2.247886297206843409 -3.1751162172225471103 -4.1188775621744575517 -0.378047440166831894 2.4323754701829760627 -3.9274998738443107626 -7.0171326541743050953 0 
-0.20522545881229020681 0.87727805090874921845 0.43389599266302425473 -0.97371155445093582337 -0.22778456648496106518 1.3877787807814456755e-17 0.098834810588309146562 -0.42248954148594536351 0.90096296680328014084 0.6741152528259115595 0.50314322014506940306 -0.54075458937442844043 0.66045612522091012853 -0.0828136426307102963 0.74628386506235966369 0.33070580969441409902 -0.86022601717007096678 -0.38812996124761994787 3.093647190896561483 -0.14579775911708736658 -6.4450352348841732919 0 2.477970814459690807 -3.0669324224698950587 -6.1485308031192458245 -0.091934211820787467562 4.8405916583908128459 -2.1052650115679840681 -4.569537915249333615 -0.18386842364157493512 6.1856047075735611784 0.56557626903616009528 -4.3296488606154817091 -0.27580263593034098912 8.2079504660512956349 2.5469446446988919242 -3.3375314315322412995 0 
0.54942888700497016785 -0.033300456921530892374 -0.83487662423456143745 -0.060498203616230768198 -0.99816830612838503001 -3.4694469519536141888e-18 -0.83334738583839618187 0.050508536007373892873 -0.55043711930310723623 -0.74006538470051641543 -0.26851713101008367612 -0.61660504110993930027 0.55433170435252820951 0.27560081362764299318 -0.7853410425270045403 0.38081437462062517341 -0.92300744410968582621 -0.0551150632804461027 12.696058359733214616 -6.0877197870885453312 0.15531468665982117727 0 14.344345020748125563 -6.2692143979372376705 -2.3447274708553673683 -0.086476759164054617379 12.323278734557984393 -4.053210465773227078 -2.2767742459729078952 -0.17295351832810923476 10.273985404895288553 -3.2203900239983318521 -0.25024841044192924766 -0.25943027749216207578 8.0537892507937378639 -1.5573949109407467795 0.89219471341994671665 0 
-0.17879554831208255283 -0.17365511837750816082 -0.96844000937852392497 0.69671965713552852506 -0.71734351559134590381 0 -0.69470416096690623675 -0.67473119129053338305 0.24924676173407872559 0.64357961430586529961 -0.07688812007336226495 -0.76150738475834744978 -0.76404164416247821734 -0.12333386763660220131 -0.63326860263184847621 -0.045228818638232817784 0.9893821173264563118 -0.13812088864182869852 2.7943552009291323657 9.2885919092120019513 3.3108064306974682722 0 2.2579685559928845962 11.378750880618587971 1.226693947796749562 -0.35933157769481155475 4.1709259180035607173 9.4677484737353800881 -0.072792078805328772062 -0.71866315538962310949 5.7976564346751446877 7.1765218377249571091 0.97793544528646703107 -1.0779947330844350528 7.7283952775927406975 4.884396905237522013 0.84224898937176784219 0 
-0.011361017011815466304 0.0048977046612999168562 -0.99992346696210099299 -0.39587805560583377851 -0.91830308999248422275 8.6736173798840354721e-19 -0.91823280946729490815 0.3958477578556007237 0.01237175082565436339 -0.028162239449108200651 0.89199095242222636859 -0.45117516450498551528 -0.24473114142198004739 -0.4437705226321638774 -0.86207562989628205852 -0.96918190072220489206 0.086138632678174842372 0.23079553564319352232 3.0828588315394682695 1.5777169535989088445 2.7271784606392230899 0 3.0487757805040218706 0.39008278678140761997 -0.027519967762661856625 0.12004619935879491666 5.6435145936217017137 -1.0947114371832111779 -0.27795280482194478777 0.24009239871758983331 5.0737397525805061349 1.4438267470266545889 -1.7716664720020203205 0.36013859807638159971 4.9892530342331813387 0.70963332276071433569 -4.6792121741686347747 0 
-0.50215396786746191449 0.74221689378380462099 -0.44379665967296832996 -0.82824919507972194488 -0.56035994757815510425 0 -0.24868587294970490031 0.36757422615320534121 0.89612751596138129351 -0.88318915269219899766 -0.46835543624591530198 -0.024901925743483876996 0.28440753004847207919 -0.57702078238884269012 0.7656104580941244242 -0.37294674877060257634 0.66909655658228128772 0.64282230869126733008 10.233416225251730225 -1.1481030110839043346 0.22185758188548732051 0 8.7269543216493445925 -3.6328505963230703912 -0.52420003696362738044 0.26670822846179181864 5.8444438483282317165 -3.9319813415622366648 -1.2998250557395765181 0.53341645692358363728 3.8694139818422490507 -2.0686091810564768423 -2.5754071552019417446 0.80012468538537540041 1.2198465237656515026 -1.2153865909110599386 -3.6942474015137500842 0 
0.17966755264535375081 -0.57248433681066768219 0.79998828405975985767 -0.95411572105021025259 -0.29943812523597740372 0 0.23954699198960127671 -0.76328139847739850943 -0.60001562093592264446 0.82624743915098597391 -0.14964332102095900812 0.54306725713327186345 0.29848679472163175408 -0.7012931875913019919 -0.64737431090122610211 0.47772460965837132418 0.69698977145425100588 -0.5347751450982991539 1.1251898158189561627 -6.6472815148992339118 -0.0084199747038127270571 0 1.6641924737550173319 -9.5096286780498644475 0.71022100126499110306 -0.29527173552665264555 3.9342926884638993457 -9.7039732715356468162 2.6618396101447294733 -0.59054347105330529111 6.2085533962691359378 -7.8679512058130054442 3.3377062786883735512 -0.8858152072142306821 8.6872957137220936374 -6.9724908216481100709 4.7708801076634879124 0 
-0.31929450897413536037 0.030333796455119146906 0.94716993054656528628 -0.094576720446056444791 -0.99551757591198197783 3.4694469519536141888e-18 0.94292431323443670621 -0.089580225736213242582 0.32073216656334119223 0.88334190374005094881 0.42908798102848116907 0.1886546729710241177 0.46609327609862516439 -0.84671290168209778493 -0.25658199488805305544 0.049640095412408311026 0.31458030240621226437 -0.9479320093052365781 5.3552653808134635938 -2.3872123571296270939 3.2905383181679752624 0 4.3973818538910576237 -2.6709425184677964005 6.119311257871284937 0.062357695190682564668 6.7854894590132479593 -1.4388542969502107205 7.4530431203573552779 0.12471539038136512934 9.2557623244613385083 -0.10742949992535755221 6.3923317826395287256 0.18707308557205007404 11.905788035681490911 1.290850328370517941 6.5412520688767532562 0 
0.93064530394329092466 -0.0744145619104570194 0.35827613822856563264 -0.079705776958938490129 -0.99681843337659659099 0 0.3571362588252156578 -0.02855667796335588024 -0.93361566438016985181 -0.49356895787382887297 0.18626609583906555967 -0.84952611811775047279 0.60553896822738884076 -0.62753738977016615408 -0.4894071744453236672 -0.62426936636475394149 -0.75597735811419530805 0.19694159600559224543 0.79464352210673894206 -0.31932345156566555033 4.8621338023574338649 0 3.586579433936611494 -0.55844078244248107623 5.9335425788330811159 0.33413842004374622041 6.3785071159735728941 -0.7975541536465846626 7.0049456842292441294 0.66827684008749244082 4.8978084729314295132 1.0190587911063202498 5.1321432553438333102 1.0024152598741418174 3.4171015996234022083 2.8356756956862017027 3.2593351559025229847 0 
0.87882887846437851564 -0.0048533849560000365958 0.47711240502790502882 -0.0055224754963566864349 -0.99998475101593042869 8.6736173798840354721e-19 0.47710512954844125355 -0.0026348415657744123086 -0.8788422799163048138 -0.75083786147287046031 0.072414114174369492716 0.65650491380277387066 -0.58808876870539683601 -0.52575653992074133924 -0.61459878038696058589 0.30065612566754151835 -0.84754720033689612269 0.43734384333116260724 7.8435899759710565604 6.9187040148201077727 -1.3484711524734365184 0 10.480076611364191663 6.9021365883310377143 0.082844236171887297715 0.10747418428134554447 9.079930207896556027 4.9088539306225467129 1.8339451172062524176 0.21494836856269108893 6.3504682946264985333 3.6676484203772972137 1.7364528481772052437 0.3224225513843069213 4.0979547102078868193 1.9033821142611064836 2.6384212251798295767 0 
-0.2767311427803024193 -0.13563390170556194336 -0.95132713580746441906 0.44010850504029774832 -0.8979445995111248191 0 -0.8542390639666990193 -0.41868716354449148076 0.30818286888853213545 0.33265243922960563427 -0.72757871313720079431 -0.59997630858577022384 -0.13531914481079271306 0.59279843937452425529 -0.79390096317034608564 0.93329046053319797416 0.34528137288991184173 0.0987405175851759076 5.9468693687118019398 2.9467406770038877539 -9.7327493312613597709 0 5.1166759403708947929 4.2670661921247807769 -12.295466523161456607 0.30811956573603133114 5.999491784423153895 5.0793968175561401424 -9.5457946989656932146 0.61623913147206266228 6.9462644286954589035 3.5228107650936109074 -7.1623690350238220503 0.92435869720056640375 7.9442217463842776937 3.1168533306612316025 -4.3624976534242279058 0 
-0.11530508953241040693 0.13917109787642975571 0.98353248133642845463 -0.77004359481425954659 -0.63799127116719400732 0 0.62748513800205263369 -0.75736288754489244912 0.18073145314584276866 0.28478617601435990414 0.95385509881929386733 0.09516976624723433309 0.82315652617890278098 -0.29421877958934566921 0.48564250549765286546 0.4912333125513776988 -0.059964657869377824273 -0.86896149077298545649 11.302052171546719705 -3.0106449206729308798 -2.0933984698093723864 0 10.956136902949488388 -5.3207757051157091865 -0.21094305580321437432 0.32358163723735883233 11.990768387298015085 -3.7207796010460993941 2.106272980589172672 0.64716327447471766465 12.522461018513663333 -0.79341484271000273232 2.4908401306422036647 0.97074491184714184477 13.376819546556742324 1.6760547358267057216 3.964540068296336095 0 
-0.24801784251464384368 0.073683997915598195561 -0.96594917994972973041 -0.28478902600889510754 -0.95859022040958929978 0 -0.9259494373124732558 0.2750917261319745788 0.25873187232044791983 0.76158382538150937169 -0.137606296512523818 -0.6332887051553771629 -0.43456037077036224758 0.61651413849851866011 -0.65655738605803137808 0.48077787082309864086 0.77522566017356331347 0.40972895276666876363 4.2106733791616335338 7.3574655841756140262 -2.249350070565398596 0 3.4666198516177022526 6.5030985061489285926 -5.0271983825028181414 -0.23869708067412420682 5.5911361657867866271 4.4430414015060417654 -4.5347197974808857168 -0.47739416134824841365 7.6553308912160007438 4.1130164669119331222 -2.3829200929757732297 -0.7160912420223722874 9.9400823673605280817 2.8093353546008463795 -0.94058648050647719607 0 
-0.26164729863823676936 -0.016983758277427450645 -0.96501411547711946071 0.064774569260787867586 -0.9978999224256305256 0 -0.9629875109742559447 -0.062508373660610613842 0.26219793464082197243 0.90530668742137043736 -0.32208678874526736058 0.2769113616771741726 -0.32793415311967388792 -0.94433501724618940099 -0.026278630487941934124 0.269961095211564861 -0.067018472963810860055 -0.96053606457736484536 4.7241705899763388743 -1.2224561584970246031 1.3060144036643492882 0 3.9392286940616285662 -1.0281324507146609726 -1.5829481292584186569 0.12929065316686930154 6.7689621442763376891 -1.9373470550074991525 -1.9902286276535250398 0.25858130633373860308 8.9184154748791666378 -2.8317702928728669676 -0.098162105594819526466 0.38787195950060915361 11.634335537143277506 -3.8155727522318878542 0.71172118003987405732 0 
-0.46001157104764955896 0.75575580980979262247 -0.46607135767070928534 -0.85420543511355884192 -0.51993564469312514298 0 -0.2423271118235203192 0.39812068687307539117 0.88474713311713104602 0.76613143766776159449 -0.17751386240147479234 -0.61768232034957826215 -0.26212716159999288612 0.79121561956773778235 -0.55250990443934333562 0.58679806694352665275 0.58520652081752433382 0.55964395522866960953 3.1148202570691267965 6.9179689571833336004 0.69740214213491924511 0 1.7347855439261781196 4.3553526518426570746 -0.029579193335641740248 0.26123639801837994501 3.672754143859747078 2.4843114839581441622 1.2908081187470590301 0.52247279603675989001 5.9485085575815626058 2.9136532863260411474 3.197810046229359493 0.78370919489421420057 8.2469028705848472782 2.1272718015260627666 4.9582042470599398953 0 
-0.27161000531598888941 -0.034279139780814892047 0.96179672779030389584 0.12521392536782149918 -0.99212976615661607749 0 0.95422716263279261373 0.12043034369255004035 0.27376459671013736452 0.85212825176395212701 0.17777610706196761425 0.49221245240607414129 0.24714938083408644065 0.69233811959196889241 -0.67792706961234727725 -0.46129667904618365526 0.69933081150321696473 0.54602361668998689037 0.059109840870220864417 3.0172573878694919358 2.3528522345789468773 0 -0.7557201750777458038 3.3928991639729564334 5.2155337224773248295 -0.45712831296910622081 1.8834942987263314507 4.7770209678708495105 4.8709269980075529105 -0.91425662593821244162 3.9309852096239907837 4.7522207585604370195 2.678401987723312061 -1.3713849389073187179 6.4873699649158469427 5.4936689010626968965 1.2945119505847610952 0 
-0.44475080834875080349 0.092608784112280531642 0.8908537094149510116 -0.20385376039031899431 -0.97900135054795855982 1.3877787807814456755e-17 0.87214698465789530779 -0.18160387862190227604 0.45429029091718692301 0.66343922473379235427 -0.56384957001644786523 -0.49185572831562279772 -0.27546547339395782705 -0.79524932891594435347 0.54009006455088881538 -0.69567748853363586825 -0.22282766267007261818 -0.68292068697362307006 1.9439462669035521003 -0.88911687726435673085 -0.085703282857409135431 0 0.60969384185729968983 -1.5006781584353137138 2.5307376711162765659 -0.43314517097562249548 2.8459620997756034377 -3.1141332988222982792 1.3492696055680599709 -0.86629034195124499096 4.2586095778931563061 -3.0157382621020820679 -1.2954885158187217087 -1.2994355129268673199 6.2489272520945329248 -3.8421346822839557156 -3.3825209814196295355 0 
-0.43714857590555045164 0.0031707552160458712248 -0.89938371616074375137 -0.0072530759278948879823 -0.99997369609884467767 -4.336808689942017736e-19 -0.89936005886037284629 0.006523298381626138967 0.43716007492095038112 0.53969148056454518958 0.53072997413322786642 -0.65349736063934704688 0.70384572903312925263 0.14142889020500706843 0.69613149529180362585 0.4618812569566681514 -0.83565756358207143872 -0.2972240584141949693 1.1621695741715285521 -2.7214449711456580872 -4.0891111760860638924 0 -0.14927615354512280277 -2.743204198929342752 -6.7871913526671825423 -0.12731207720700885022 1.27644666069243784 -0.11961688979177029224 -6.4971843016990016295 -0.25462415441401770044 2.8190269895598714101 1.1279473107528703579 -4.2468444394055033797 -0.38193623162102652291 4.4381014312535063127 3.239484497852259004 -2.8612006685355000357 0 
-0.105821578079481185 0.030861698376683528028 0.99390610682602953396 -0.27997551506773599161 -0.9600071410997712551 0 0.95415696013566031475 -0.27826937418758601606 0.11022999053762604083 0.28425486010963613159 0.93393716859302000621 -0.216703806206775762 0.31768277012891121824 -0.30500958322574583947 -0.89780109807444441472 -0.90458655310991220588 0.18636126008618192351 -0.38339620325691531333 9.1310630162182491176 4.3216173504953161455 1.3478591564352058185 0 8.8135982819798055488 3.4816908052921080596 4.2103300368421869848 -0.21055227238652871047 10.644902353450691024 4.7134428467568838528 2.1783230716784558467 -0.42110454477305742094 10.377000007729872522 5.228945896325097209 -0.76489605759623735537 -0.63165681677074247968 11.229764588058781527 6.1819942067118311968 -3.4786557169259735289 0 
0.20484094078454354038 0.12854994590240703678 -0.97031701025334571309 0.53155722291897633536 -0.84702238386164618866 1.3877787807814456755e-17 -0.82188022712629404953 -0.51577901532131231743 -0.24183651422605451087 0.89380680721159611046 0.3260061429799381294 0.30794380351219374781 0.35648787896058076186 -0.933124610929049636 -0.046849254345149360379 0.27207679712977905773 0.15165241579959759521 -0.95025036766409476385 -1.4422157612257962001 -0.14529109906182213763 -2.1038339591542154494 0 -0.82769293887216555117 1.4493805696951067574 -4.5694746405330981531 -0.28385032404796561867 1.8536964724945741434 2.7373560079893120012 -4.9583320650733204715 -0.56770064809593123734 4.0882445007916157209 3.410063903978297617 -3.0730522563193161112 -0.85155097214389596783 6.7696649224264042743 4.4795275408600394584 -2.256821864929978716 0 
