7
0.95788502521549212521 0.28389100196791539066 -0.043152954355049163992 0.28415569942440588314 -0.95877814873130418061 1.7347234759768070944e-18 -0.041374109688820499831 -0.01226215792698846091 -0.99906847739803650299 -0.77930460089179076633 0.52268838736342726481 0.34566051082573245878 -0.28330414224316607941 -0.78588716490935306425 0.54965455244053362804 0.5589482104960631359 0.33042126709120706041 0.7605252686381238636 7.0754313743096055589 -5.4920783446583447684 0.40477724337818871136 0 9.9490864499560824896 -4.639611246385126897 0.28065491431172717718 -0.52250390969654403328 11.183773289251897509 -7.3261632948634076712 -0.22722044796635143538 -1.0450078193930880666 8.8024604707650055957 -8.8644739480701986167 0.75404893139851847383 -1.5675117290896320998 6.9154542913901826395 -7.5298193587851285358 2.6666178799008162237 -2.0900156387861761331 5.8090004324850195161 -6.3368813441070948045 5.1870669614396103242 -2.6125195466131514443 3.4710866298096454408 -7.1867937708365934313 6.8639115929277991768 0 
-0.28511001482971409793 0.79673297013300781177 -0.53284974781530658472 -0.94153116995319530158 -0.33692589097094827189 0 -0.17953087603631726066 0.5016946464698106567 0.84620987128085678464 0.67863001298348213375 0.69366536513817256271 -0.24143253029731698289 0.49924717609648072703 -0.19455226906003506016 0.84433504710113849168 0.53871473215211851393 -0.69352561294541781312 -0.47833948357934430451 -1.6424533281803093132 -7.6491147518809077255 -3.6437096095963541487 0 -2.497783372669451829 -10.473708261740494407 -4.1823022377053060694 0.51537313541176721365 -0.57863513123289445073 -11.946406863085952565 -5.9565615728694583098 1.0307462708235344273 1.996825811376219395 -10.487195148390693333 -5.4690760807886533712 1.546119406235301641 2.3765265830708273143 -9.105638240006708628 -2.8333343059878237646 2.0614925416470688546 2.7545566996927353109 -8.8050771867317720876 0.12753772355483961043 2.5768656770588389548 4.7904467386431797138 -7.3073356584423319049 1.7436819200111948192 0 
0.61673884906255427296 0.71303054231744011915 -0.33349758286904163107 0.75632969546199557698 -0.65419063869973337333 0 -0.21817099674191556269 -0.2522341252886539098 -0.94275095450522194973 0.3002713063504348634 -0.66464669420480460005 0.68416512222213476946 0.8350174671631582779 0.52986862592645567194 0.14827362810437361151 -0.46106720997597216982 0.52676751147108069606 0.71409594365430895113 3.3643895401686823021 -6.9482442351261255453 3.9185977477819649017 0 5.214606087356345121 -4.6792551487401388144 3.2640847575562181859 0.25024172142068895619 7.4357254211018055656 -3.3310648296236644583 4.7637566874520009819 0.50048344284137791238 10.259161337095408228 -4.3383527028871453624 4.8800673043760207648 0.75072516426206692408 11.224014283922512547 -5.334628821939723764 2.2199107890504650165 1.0009668856827558248 10.482323339404329587 -3.9288502813177315076 -0.32443251282106611022 1.2512086071034436152 11.383137258455635177 -1.423797879828256896 -1.7076341427489822866 0 
0.027453214055485428841 0.0085684634396164128384 -0.99958636568948244783 0.29793710031951614603 -0.95458550389852381279 0 -0.95419065458178864425 -0.29781386331244785737 -0.028759303324182697997 0.43143806890779101693 -0.82808909485078918689 0.35795201310555130325 0.31567787243866846092 -0.23311884767964805021 -0.91978425932884333438 0.8451086755854013699 0.50982747458891775061 0.1608330581832431716 3.077339569747150172 0.44909886715525715317 1.9450281667140048025 0 3.1596992119136064758 1.3429101681138055913 -0.91754379703136135227 0.38201510969729801648 2.5212014218767939688 4.0131996072026705491 -2.1266169508931547227 0.76403021939459603296 2.8887166742960483923 6.218139965203445918 -0.12583946255698369443 1.1460453290918941605 4.6848050267177763217 5.8114083625894110696 2.2424159558124299174 1.5280604387891920659 7.12500135002231616 5.0778222895448275054 3.8258623946689205297 1.9100755457813183291 8.4193155567456887667 6.0248559068608322775 6.3611884214251261938 0 
0.7730239035931674163 0.10082785983065981061 0.6263128508625304125 0.12933748764134350706 -0.991600632457757869 0 0.62105221903170648723 0.081005730608047152308 -0.77957181378270079541 0.66585802164282659188 0.74562179645540838102 -0.026100415025659740031 0.018484111226897970148 -0.051459283066695726827 -0.99850402093252155211 -0.74584947050061911611 0.66437946900613320533 -0.048046732636829403429 -2.2644164312860453059 4.4605285255500435326 2.7762547063187041907 0 0.054655279493456720985 4.8485409884740739983 4.6394113634138234303 0.7150229145234794359 2.1007468439293450757 3.2411793583086372372 6.1326940835980545685 1.4300458290469588718 3.7414204789403338047 1.1896429557111516395 4.6837881470195732447 2.1450687435704383077 4.94181905133795496 1.6601516794249346898 1.9749780413416853087 2.8600916580939177436 6.7985543340723770811 3.2330363664978465366 0.2203882603251514638 3.5751145726174007322 8.7961283990008567457 3.2884887001785401139 -2.0171601511767054404 0 
0.65000977930673364824 0.48194610508165997009 0.58755020092093335204 0.59559246258523046436 -0.80328675982594222038 -5.5511151231257827021e-17 0.47197129713285779218 0.34994047105894565686 -0.80918771703342806667 0.22962104267607849617 0.95579767831365824993 -0.18364360835752230328 0.27612412541122632881 0.11695808808472393792 0.95397917849261870682 0.93328968928529232318 -0.26976212440182611996 -0.23706275985902480752 11.32435567157187073 -8.7857536190769547346 -4.9995993895608394908 0 13.274385009492071674 -6.9989762313212633416 -3.5836854981622661143 -0.68996187991545498974 14.322410595321446891 -4.188169291453546883 -3.5516764168188870165 -1.3799237598309099795 15.892324760993856714 -2.2091442823483147251 -5.1699620220562580997 -2.0698856397463649692 18.657655241580215488 -2.138846918979500078 -6.330978896342344342 -2.759847519661819959 21.218774032278020059 -2.8271615165925751967 -4.9285404645044899041 -3.4498093995772793896 21.907637160306254742 -1.9987891403588966543 -2.1286713966486132676 0 
-0.45934399950939341917 -0.20869420236057642515 -0.8633943594996421611 0.41364109589373521114 -0.9104400275624033867 -2.7755575615628913511e-17 -0.78606878446007766303 -0.35713538905190178596 0.50452966214505456932 0.23252007738916510848 0.32555893512747324792 -0.91648556637276223924 -0.44872448612467513707 -0.80011793392974195349 -0.39806736534931841387 -0.86289092541472633968 0.50380816940842421126 -0.03995721804943042077 3.0796492314340837559 -3.2230590076952951861 6.5611197684917872408 0 1.7016172329059036095 -1.9821357200140896637 4.2029134151115545848 -0.29734707573249025137 0.94340861184959823316 -0.49910841969792651973 1.7077688490192508564 -0.59469415146498050273 2.9449264839082855971 -0.16895662365477076561 -0.5024044473805282518 -0.89204122719747069858 5.8442029095774392644 -0.9129413052705193099 -0.30067983183583707474 -1.1893883029299610055 8.5427011272558210919 -2.1781043104046240444 -0.64340860080567408019 -1.4867353789534705211 9.2402613594233145022 -3.5242777687786528418 -3.232081377049851767 0 
0.75171259733216821974 0.63028514064855056809 0.19408454984815948219 0.64250245006734385544 -0.76628363003359289962 0 0.14872381339108342591 0.12469979879766002195 -0.98098480493340844966 -0.57791572549298986239 0.79840247165797972873 0.16901747684289802898 -0.79114938724785432989 -0.49728676825480511159 -0.35607375243906402851 -0.20024000920209417131 -0.33949869420827011313 0.91904546968342337721 10.858840004010668068 6.5809629173818082748 -4.6993363799361622668 0 13.113977796007173282 8.5084702675838403962 -4.2531649397629118781 -0.15423740070821856385 14.634637708058747307 9.1915496168462560433 -6.7473515247793729444 -0.3084748014164371277 13.411831818768654045 7.2462468406982258884 -8.6762068501906846052 -0.46271220212465569155 11.567121749886155158 5.2164308138828348049 -7.4609314391639935948 -0.6169496028328742554 10.167874027174237384 3.315633167353234434 -5.6091536292933739105 -0.77118700054434619062 8.434126850695266242 0.94218500560967211044 -6.2098736568996582008 0 
0.86593680469521450149 -0.50011062176361620324 0.0065434145101313373472 -0.50012132854400437321 -0.86595534338404533958 0 0.0056663047590249284585 -0.0032725011580210005072 -0.99997859163411528804 -0.14159560915015059757 -0.36980971532694745241 0.9182545714120891045 0.16472305164804684763 0.90586636209763171657 0.39022102746489234493 -0.97612345516597043282 0.20651127927985776789 -0.06735051451209508877 4.3546324721284266346 0.43176564735149725038 1.3417483851283151797 0 6.9524428862140705832 -1.0685983382805157582 1.3587472994053899633 -0.2321393158452559613 7.4536034276023919176 -3.9675886837825311559 1.9458614503144184837 -0.4642786316905119226 9.9092693265457452156 -4.5573006620311167225 3.5650888685182136051 -0.69641794753576791166 10.935844832551328665 -1.8656376983984352957 2.727811601966918964 -0.92855726338102384521 9.1068857707948929203 -1.220294377835937194 0.43904716958151990269 -1.1606965792262817772 8.6820989433444406558 -0.72612522289179814994 -2.4893231959163917288 0 
0.88565176316422955516 -0.02769393602022348494 -0.4635234625256842711 -0.031254278187269494971 -0.99951146571462257118 -1.7347234759768070944e-18 -0.46329701542216344956 0.014487091244104124618 -0.88608464589349533735 0.40872292689763722873 -0.093370313709147917391 -0.90786978887177682829 0.53351218498451458139 0.83153024742514736189 0.15466801896359294588 0.74047978871896125153 -0.54757596015067067086 0.38967967661117980382 8.7789362308526026624 3.9235543510113504162 -0.55263010421899994018 0 11.435891520345290218 3.829791516449541966 -1.9425211504854904554 0.40676478563987039649 13.986603574374058212 4.9654721593301385241 -3.0398352269934716396 0.81352957127974079299 15.891323358260486032 7.0898889234261686099 -2.1131011996120259155 1.2202943569196111895 16.793070906956170774 8.2256123256430360158 0.51310868142089116617 1.627059142559481586 17.771353251629662395 8.5376384269738512245 3.3319057888779939347 2.0338239268025173345 18.997522032322571306 10.138174981927393858 5.5533451550348802428 0 
0.52726989445715433114 -0.27997892618992825664 0.80224575990694790839 -0.46898120187486541655 -0.88320814777039213794 -2.7755575615628913511e-17 0.70854999166406595901 -0.3762381806801752826 -0.59699392016278018946 0.4404152252239955101 0.86684624201327964421 -0.23369215241071270017 0.87602592489018127342 -0.47189470105870329197 -0.099468437370954537746 -0.19650192953556328002 -0.16091296970776394759 -0.96720939194604038658 5.5596231801613411605 2.3978773466746390319 -6.1274808796929596255 0 7.141432863532804376 0.99093374105004272678 -4.0018309047007623036 0.063334563561906906393 9.4069561623655353344 0.42327345579480440962 -2.1189694260362741396 0.12666912712381381279 11.860842023094104292 2.0250531837344789565 -1.4765631007958435195 0.1900036906857207053 12.731453315138411497 4.7545717809162022505 -2.3663670035919750489 0.25333825424762762557 12.686979527801405254 7.4682235357038617707 -3.6446980588884700936 0.31667282126200169134 14.008225203473392284 10.096301310374405702 -4.2342038474951602112 0 
-0.24440659075191623062 0.92855843893309519821 0.27936471481409197448 -0.96706194905218811897 -0.25454112967334591167 1.3877787807814456755e-17 0.071109810099651074577 -0.27016298560452445265 0.96018506347310006444 0.81901803925479510493 -0.26266655216253048666 0.5101134518421160946 0.57131875735565051944 0.29128418148147006139 -0.76729942207215640071 0.052955914389477456994 0.91986945160371458297 0.38863332736328159989 3.4510122720156886089 -2.6164997714607380885 -3.2841162240398062977 0 2.7177924997599398615 -5.5176856186173024454 -3.0707867937408530601 0.20540382025150877299 3.8528671146437991624 -8.2043994372918813696 -3.7730430771818230795 0.41080764050301754597 6.7883357311941665557 -8.1994804386705499866 -4.3918643804170738321 0.61621146075452637447 8.4639749922312645936 -5.7975060839326006956 -3.7416764303250968915 0.82161528100603509195 9.3557349928548774187 -3.2770025060127441208 -2.3808543226257397052 1.0270190975280792944 11.812789110619263511 -1.5630462339457922294 -2.2219865794573068207 0 
0.13496956437590237887 0.16684583394335297801 -0.97670143052415281382 0.77746384273652036079 -0.62892763752069547056 0 -0.61427452326263887183 -0.75935004738156430815 -0.21460269246231228335 0.78858765030486821512 0.59459014130806997489 0.15681862659102874247 0.5521830089661702301 -0.7969385275086855458 0.24491408285632526587 0.27059830449526728335 -0.10654364003326488586 -0.95677845417460627431 9.8066820443984141775 -11.329669349377381238 5.6790074474249854219 0 10.211590737526121231 -8.9972778211678203775 3.8361838776370689175 0.98972204048144618582 10.138077182991098724 -6.291611888149618359 2.5423568080016600845 1.9794440809628923716 10.987986749972968425 -3.4378123830098901159 2.9076267297931512879 2.9691661214443385575 13.365798879881374717 -1.6894625514165293456 3.4454743635614129005 3.9588881619257847433 15.959932411168434641 -0.19354876055304415239 3.2645390737556803096 4.9486102023792959415 18.325695362083035178 1.4630002663454708678 4.0763339872414805498 0 
0.14527291235404865555 0.18615148843403492296 0.97172187599640169609 0.7883487591052273924 -0.61522860305519588842 -1.3877787807814456755e-17 0.59783109232744058303 0.76605573513716740397 -0.23612834584190378617 0.6541381764298054291 -0.32120952779136036082 0.68478294765066949346 -0.73304536659441055235 -0.49234604909965096198 0.46929719629508814815 0.18640744795086516827 -0.8089621790862759898 -0.55752350278390061522 -1.9235763756718740058 -4.4153281198599785284 0.17952075976287176773 0 -1.4877576386097279837 -2.0502818425442965733 1.9730140367451936001 -0.80109121489913359682 1.0492564103755475102 -0.46512959936436049091 1.7475781031384844955 -1.6021824297982671936 3.4164959477879355276 -2.280365084373600304 1.4297147572799064896 -2.4032736446974007904 3.8856572181890958184 -4.7729098413201489493 3.0319384581442490045 -3.2043648595965343873 4.8353046863206738948 -6.2826438645783060366 5.444174345285303751 -4.0054560744956670959 6.7977192156100905152 -8.4817799643615376937 6.0033966891378991448 0 
0.77344790326158974203 0.45611506149879527117 0.4401560991446109572 0.507967765526152637 -0.86137607883337896642 -2.7755575615628913511e-17 0.37913993475578100512 0.22358511016519586057 -0.89792127070573357628 -0.2798997504731048358 0.47580802091832752332 -0.83382423622420476228 -0.87478955052293572159 0.23137943621307982545 0.42568391888066098305 0.39547360465772352089 0.84856955149681290163 0.35146883829370256791 7.1520803328431412638 -0.34464789507471493835 5.9613239235373640668 0 9.4724240426279102678 1.1792554015037430837 7.0987437278047069711 0.21410851821474102818 11.874745506174308574 2.7730333642767863722 6.2688444177704321092 0.42821703642948205637 12.720515380749528589 4.7572004191008137042 8.3539569849772323806 0.64232555464422302904 11.040693622276700481 3.3874868951462069333 10.428089152888528446 0.85643407285896411274 10.167018483058157585 0.6365052175965191239 9.6102864036551984839 1.0705425910737047523 9.3273192316388424672 -1.9878634339722882629 10.796707217628368269 0 
0.99096567023998660684 -0.056789835218593306965 -0.12149878609129710627 -0.057213698317079959843 -0.99836195476634737034 8.6736173798840354721e-19 -0.12129976558384567009 0.0069513948933189063234 -0.99259158014680992643 -0.20373847422284957487 -0.41134804891782705827 -0.88841624071875324731 0.68169799324589441802 0.5917148799969293993 -0.43030378431375565507 0.70269373138364088494 -0.69330100493343893575 0.15986005264736583009 1.8026722047367826907 -7.3242852660866084591 -8.4797341938549006812 0 4.7755692154567421781 -7.4959263610378483733 -8.8436334906064377748 0.41274096167071167018 7.3176743234639598512 -5.9714087336443020249 -9.3057391333310999215 0.82548192334142334037 7.8455043200758822763 -3.227532904990350282 -8.2137313806876051103 1.2382228850121350661 6.7316418329483784788 -1.946880776360879084 -5.7400225139287286424 1.6509638466828466807 5.9148197981254870825 -1.5322854676362096527 -2.883289298980270754 2.0637048029948417138 5.3036043754569375253 0.51280851210147426755 -0.77520810482934798813 0 
0.20804274311272902276 -0.054035729190909417841 -0.97662600672362709364 -0.25139249400481006314 -0.96788522767838636174 0 -0.94526188487433082663 0.24551644754021104133 -0.21494567451117099766 0.76237080531563983232 -0.28914329680242328857 0.57895328750824903707 0.5245153680876255553 0.80008936027595534135 -0.2911024634267390665 -0.37904403944962228312 0.52559791617493956117 0.76162487267044731709 5.4132801727127768388 -6.1416382659097310537 14.677496069147194291 0 6.0374084020509641846 -6.8958157479241615206 11.841710414524200701 0.60415682676733861722 6.4732075095435588352 -6.4362745643383600935 8.9093217822317107846 1.2083136535346772344 8.0149064543610268885 -4.700566601707826031 7.0092106716617177398 1.8124704803020157406 10.680340700736019599 -3.4738724800827478489 6.3841613536482482161 2.4166273070693544689 13.522873854661282778 -2.929354918023701515 5.5945283542307100433 3.020784132639446451 15.809986270608201053 -1.3558088137608228507 4.4573962358818448593 0 
-0.024123971957923966841 -0.010392889952866869382 -0.99965495137842486084 0.39565681339336550293 -0.91839843532935505621 1.7347234759768070944e-18 -0.91808154321518786745 -0.39552029255528731166 0.026267435820785840772 0.9218966185193835372 0.023787115085999691044 -0.38670505287416601092 -0.38287480681097540991 0.2086386466540812723 -0.89993155152589876522 0.059274843500292134779 0.97770347666265278175 0.20145074993600067814 4.7586687964895446612 5.9010117470324336963 10.126417744152766076 0 4.6862968806157727641 7.0879821872125301496 7.3721731145072020297 -0.31479596664818709773 6.7528952384518223795 6.5324908283467193471 5.269664950872303244 -0.62959193329637419545 9.5013051329485431751 5.5081356593594188453 5.89965003835131796 -0.94438789994456129318 11.583223178945253551 5.4352617996419478885 8.0584348176867042213 -1.2591838665927483909 13.993126979963154355 5.7169258506065538938 9.8228108606049246987 -1.5739798332409353776 16.758816835521304967 4.5683014301736246665 10.000635391105799243 0 
0.75513467636148956519 -0.034941279744809157493 -0.65463785983261246759 -0.046222131114511740002 -0.99893118611605735691 0 -0.65393817379906871157 0.030258756989706384055 -0.75594263834882124975 0.23571000469985836645 -0.078403982019427942429 0.96865556793314822048 -0.95051596826315454258 0.18897578918675195236 0.24659185951284276483 -0.20238623411969031141 -0.97884675343219151866 -0.029980752727514825562 4.7551650405268306443 4.4208794944039571106 2.3934404775220943229 0 7.020569069611299895 4.2822131010604218559 0.43162595612488807717 0.39115148765277679699 7.0864491375010150165 5.6089058769775306246 -2.2582732380221210988 0.78230297530555359398 8.6853418054558364503 6.5836554732529144474 -4.6020683871093535089 1.1734544629583303355 10.776162579336080682 4.595296680916547416 -5.4235535084453951882 1.564605950611107188 10.500616478062998027 1.6314053087056628044 -5.0501486776566277825 1.9557574359376057593 11.207746492162572238 -1.2201425960838010454 -5.6573073800156992164 0 
-0.80315659554753060512 0.48036931513420272344 0.35239864373461671221 -0.51329734725721487543 -0.85821083266217623731 5.5511151231257827021e-17 0.30243233346850711962 -0.18088528900601918981 0.93584998578511635614 0.216342001856963978 -0.58591492017199431341 0.78096084700346291019 0.87348707129721636644 -0.24117316421127404924 -0.42291351496604251414 0.43613813695792802427 0.7736531594869673345 0.45961322251073249978 18.173861231285496132 -0.2724962448711238383 -0.19635179442488778778 0 15.76439144464290365 -1.8123882866427685201 0.71094520598063359884 -0.044812976681503122189 13.771232688409611455 -4.045378961585725186 0.91364731856124015152 -0.089625953363006244379 11.29600368066632754 -4.4115471033337101403 2.5686706573924182884 -0.13443893004450935269 10.745170394080545861 -2.1638693687290557754 4.4777195213907843296 -0.17925190672601248876 12.24350376900189552 0.34875022730641003221 5.1423677449491158598 -0.22406487582026587968 12.892529774572789592 2.9692114411980594646 6.4507821558228988224 0 
0.51305501086028648672 -0.83753819374805127396 0.18789446464545847548 -0.85272590451122609601 -0.52235862372082153549 0 0.098148293956962284756 -0.16022247731745126176 -0.98218922319255597131 0.98060408017309530493 0.14907824493886739914 0.12724509748443307844 -0.19450520039024649099 0.66016698347508651068 0.72549795378798576095 0.024152949489161201074 -0.73617608682661739294 0.67635893149689518822 2.1944321001911220037 4.4959862851244878357 4.548108646030001978 0 3.7335971327719814639 1.9378085715908097697 4.8425535279008888878 -0.71960861314412993828 5.2819359148081757027 -0.052038055750204606498 6.4683338162404266924 -1.4392172262882598766 8.1914155856964558922 -0.37789008767728610172 7.1230768942855391401 -2.1588258394323895928 10.654446446576610441 -0.87717254046914683308 5.4847272048691619872 -2.8784344525765197531 12.680755883613008095 -2.6886889949135124311 4.2148911275899338946 -3.5980430661657871738 15.622568124132296674 -3.2722045960842534029 4.2873499760574178552 0 
0.96478493731478542905 0.2220203375840749116 -0.14105670643240908468 0.22426262339550720459 -0.97452874547022205753 3.4694469519536141888e-18 -0.13746381515973701837 -0.031633747032061974858 -0.99000151796370550183 0.42401939836840724096 -0.5692929273428878334 0.70435297449833988992 -0.8747404291125795428 -0.055978656029499793134 0.48134766203345263902 -0.23459908670588147661 -0.82022676922086401596 -0.52171957560577530977 1.439643126729160505 7.3696110094822504522 -1.143036984558230662 0 4.3339979386735167921 8.0423988796687719827 -1.5554284300374416894 -0.88204929335101422971 6.4647522242936279468 7.8564156099386597276 -3.6590640997116143929 -1.7640985867020284594 7.5582050392616917378 5.4853044715418572963 -5.1362685244331354184 -2.6461478800530429112 8.8649601801267952084 2.8466470854532630597 -4.5618996754585454667 -3.5281971734040569189 11.044527335933546297 0.84252288784208095862 -4.0792116558695958872 -4.4102464667550709265 12.316585531038768409 -1.7816983994956578918 -4.7830089159872413163 0 
0.80283745457546729085 -0.54743782948602448535 -0.23614369434396340064 -0.56337100592011835065 -0.82620403635455219593 1.3877787807814456755e-17 -0.19510287342665813548 0.13303651062425161933 -0.97171814618313345768 -0.97982701692254736692 0.16169688558189287964 0.11744417440545097675 -0.17119764464594683373 -0.98231335664143226705 -0.075840858589032236758 0.1031037505444967195 -0.094417088267736842822 0.99017929187935460611 6.756670471393803723 4.2889457515599902493 -7.3040947877260498089 0 9.1651828351202055956 2.5988327337996350863 -7.8894034080060242431 -0.0045253901352101267436 10.540107628407085372 2.1825540547790449608 -5.2557189702030262524 -0.0090507802704202534871 12.187981961153669275 2.8317083182375668571 -2.8343320051747271648 -0.013576170405630380231 15.040146200257369813 2.8700720255061571429 -3.7636475486329592499 -0.018101560540840506974 14.086548121447439286 1.9395376218420496972 -6.4515325175015476589 -0.022626950676080077179 11.147067070679796075 1.4259446879042099177 -6.142221265868055724 0 
-0.22042463878891443985 -0.19250977848236669465 -0.9562180524354508826 0.65780417390482170958 -0.75318899938421501883 0 -0.72021291810698007119 -0.62900422605517947172 0.2926551489322429811 0.68239293978255688433 -0.38018073929460466376 -0.62434163821126598126 -0.7025768861542285304 -0.10531798651621659957 -0.7037711565260386104 0.20180583434764182149 0.91889647250687467306 -0.33897445042019636041 3.0628123434338507813 1.1881979971353104908 -0.94134540607676342461 0 2.4015384270671074063 3.1616105188497756195 -3.1019841603977038602 0.55420599103561418719 4.2607007633158815452 5.5095280841747689138 -2.9265924914288423686 1.1084119820712283744 6.6357582555532603763 4.2578603194880626504 -1.5877983640002573118 1.6626179731068426726 7.129039826073323205 1.3267410366795677756 -1.994273528627014791 2.2168239641424567488 7.8818011607091751358 -1.1881687689714603984 -3.4463704773027434847 2.7710299551486685665 9.9289799800568445676 -3.2958994274341453234 -2.8409529742598174096 0 
0.42380717918631455321 -0.22423286081760901434 0.87755746193607730987 -0.46766673253395796284 -0.88390487456570310254 0 0.77567731831680519772 -0.41040443083443867156 -0.47947148090403679532 -0.61535656173071551223 -0.53829026772272114965 -0.57582974012285348397 -0.16167163149636654129 -0.62879854295232584516 0.76057522701593116565 -0.77149114415154174118 0.56112029018387266088 0.29990904361107839637 1.2550085877310352966 0.16373034930353186356 6.2947212514514010451 0 2.5264301252899787897 -1.2392698482983421915 8.6217532064018165272 -0.30344420699409768716 2.1134980785317729612 -1.2394882293451605637 11.593200088332352493 -0.60688841398819537432 2.6986817046193669611 -1.5290920866142474477 14.521285835532035335 -0.91033262098229306147 4.3925344420890137798 -3.8330820324074674765 15.42816688307473072 -1.2137768279763907486 4.4946250904445408381 -5.9332853550796045283 13.288375612835746864 -1.5172210194688413587 2.6485554052523929691 -6.4183002495687038191 10.973902180381122307 0 
0.58757545197311444873 -0.6553565629428050876 0.47461865075698772554 -0.74456131160130856195 -0.66755408265288807002 0 0.31683361801603238117 -0.35338268511806630867 -0.88019153390248905389 -0.12205386645278715196 0.94489626641852053623 -0.30376619198367998953 0.99150554091452247629 0.10222008458814962895 -0.080422737099604582611 -0.044940138180982774907 -0.31100176850804600592 -0.94934624029652214805 6.6016532561841048121 7.0278078920007516217 0.39133129503844943375 0 8.3643796121034483804 4.7941239571968257138 1.3418321490865465773 -0.76642439404038675832 10.514496497247733942 2.834811997971316444 0.60827531118269240196 -1.5328487880807735166 11.478979910543761989 1.3433353902297024973 3.0259620765735415482 -2.299273182121160275 10.827376754757843003 3.7949785366329304992 4.6274611275897612472 -3.0656975761615470333 11.15750939785689333 6.2757893851944617225 2.9731934375287423222 -3.8321219854291861395 10.791347798498531319 9.2503060079380290404 2.8383730229857944138 0 
0.86233717693121691994 -0.4717482448166896436 -0.18392440510892485439 -0.47993576101372847909 -0.87730363347029027832 0 -0.16135754888592138134 0.08827189933494913876 -0.98294039148125778027 0.43046218139090769439 -0.80680169341498575442 -0.4046891867778197871 0.74279187110384470305 0.061919232849471872449 0.66665301681263144928 -0.51279873889688065702 -0.58756875011018461219 0.62593962750390308436 5.2385994848341370655 -2.8358721781109608173 6.3044111628505534739 0 7.8256110156277873813 -4.2756794611521460325 5.8203385161927894131 0.33038595152068828131 9.8569234464285546693 -3.2234564978448756456 3.8795817967158328088 0.66077190304137656263 10.94270074878950183 -0.94518552180627823933 2.257661410787142664 0.99115785456206484394 11.786815886880502191 1.6670000935445914436 1.0477150216945907424 1.3215438060827531253 12.775925428066690515 4.2664274235248118572 -0.076847014952917014341 1.651929757088212769 14.067311972239419759 6.4948030368363420806 -1.6152432316435594295 0 
0.23451799214325017018 -0.071508114200904263069 0.96947815909618551 -0.29165832576584621583 -0.95652256691176074099 -1.3877787807814456755e-17 0.92732773730357143105 -0.28275637674854825487 -0.24517768869836245593 -0.31512263346539326481 0.523089802883049515 -0.79188053644322353719 -0.7741249313648854713 -0.62436805118043614549 -0.104379726501150627 -0.54902487786724707419 0.5801220516278596806 0.60168936229414660133 8.7967323095519613929 10.271568028916281179 2.8768490801933781498 0 9.5002862859817120977 9.3965930516187423649 5.6588322921040923319 -0.55374163407222742883 11.431240859599261839 7.4431260294618351026 6.8652183112141358379 -1.1074832681444548577 11.866774094496630454 4.8229576269910880981 5.4705970921732260948 -1.6612249022166822865 9.810615060805609744 3.2292925350379095839 3.9764610166169989114 -2.2149665362889097153 7.3677366831789381507 1.5544936154002564344 3.499591641268857245 -2.7687081712446586224 6.4223687827827573571 -0.76788117869440020158 1.8525170076671164665 0 
-0.042065602324701842352 0.047790827712584617315 -0.99797120293503782662 -0.75063815557505131348 -0.66071352293931828736 6.9388939039072283776e-18 -0.65937306928319805444 0.74911526308817200093 0.063666931074097696253 -0.57061637839763568181 0.2375432920332799791 0.78611076389676681764 0.7995617676432070775 0.37908079575268316397 0.46583122481729588582 -0.18734441125274051143 0.89435503839443097895 -0.40624024526240587463 12.332312355648126001 -2.1742968785358272044 -3.2461522985125643714 0 12.206115548674020488 -4.4262113452609810338 -5.2242715063621583127 -0.11112824256812156576 11.494196080489896161 -7.2996937417251492874 -5.7103560278265090844 -0.22225648513624313152 13.70548064908621555 -8.6777511142441277059 -7.1973401101533198698 -0.33338472770436466952 14.94868024987185251 -5.9935079563500268662 -7.6965729437969789828 -0.44451297027248626303 12.933642573014310528 -3.9290260431292609589 -6.8734424207206528123 -0.55564122283618910814 11.221793437821403927 -1.5303407401996391712 -7.4354756544788749295 0 
-0.30331030800217378962 0.12614210304715192668 -0.94450570506401321236 -0.38400005578943197104 -0.92333306945744852978 1.3877787807814456755e-17 -0.87209335177682656415 0.36269024343801781196 0.32849501229323385676 0.41781304778706895853 0.27555213178662479878 -0.86573857472491555498 -0.15363205529187265452 0.96060281277953862844 0.23160187319370789671 0.89544929989680410731 0.036238912068187745241 0.44368602926668637698 8.4966744510995209083 -1.9517351822327015931 1.4449645812311104898 0 7.586743527092999706 -3.1037353496009973952 -1.1713154740993689806 -0.06175305300722500057 7.1152694265621700964 -5.8204587123169604368 -2.3533115691344281828 -0.12350610601445000114 7.9133907602135415971 -8.0383412656805734997 -0.49752620529294577789 -0.18525915902167500171 9.1896460037414797739 -7.3155908419477571059 2.1194942241971448382 -0.24701221202890000228 10.437130033170088694 -5.6384240145961577184 4.2714481696413830747 -0.30876526503611473329 11.690569176531296236 -6.0993201804717758208 6.9577960693317955077 0 
0.86847534990398145283 0.27606074867931046368 -0.41175360307807340465 0.30293229229227058852 -0.95301208087125022228 1.3877787807814456755e-17 -0.3924061580756695311 -0.12473346284004251106 -0.91129521580672434578 0.048503241890563264516 -0.27873238535089728263 -0.95914320770295014018 0.81634615661216036742 0.56437295065781656334 -0.12272784993775687212 0.57552270859685517035 -0.77704017265672231662 0.25491602924679129805 6.5835295389132824084 3.344966867215745765 3.9966547021733478395 0 9.1889555886252267669 4.2537637440925575305 2.8194362279463391907 0.44750771345115569755 11.966499779569193862 3.7031355070010842923 1.8284372321918156423 0.8950154269023113951 14.700969305606005122 4.8648835049516918616 1.4125507804849131155 1.3425231403534669816 15.742664834434323851 7.2037591467871138207 2.9760312434983031693 1.7900308538046227902 15.419885083301911877 8.6990416192015942443 5.5567221570171883016 2.2375385672557781547 15.565394808973600504 11.148080089038073126 7.2832902828077523694 0 
-0.31559061500583729387 0.11608200231883389342 -0.94176830083512974578 -0.34521245461226457429 -0.9385245661039326448 2.7755575615628913511e-17 -0.88387268591172818422 0.32511014680731692428 0.3362624979716179463 0.82920874243061304387 0.54970664870068797203 -0.10117045937871099737 0.54882045874923723883 -0.8350339847613248434 -0.038914629021749636006 -0.10587240214011547912 -0.023256067334816610259 -0.99410773550817910227 -0.20820459160232474005 0.11248086410263624657 8.9506758637513410548 0 -1.1549764366198367327 -0.92315649973415747631 6.2990578060161563911 1.0358812023196326546 -1.4820132965145669246 -2.9854690219571917709 4.145006465038695076 2.0717624046392653092 -2.5128122814525162276 -2.5825394048148382353 1.3566303593852833131 3.1076436069588977418 -1.0290152808596646494 -0.20836271585141841189 0.27886808926814465881 4.1435248092785306184 1.9267323279288235405 0.29849152508766918501 0.36058727770509918509 5.1794060115981617187 4.414358555220662339 1.94495290133537857 0.042970071284752164864 0 
-0.63659909090465605086 0.27775845195095105744 0.71943855875896500773 -0.39990787860269677578 -0.91655533855381088326 0 0.65940525179198883343 -0.2877091478182793316 0.69455608857083916963 0.96088509756961004715 0.05436195008142599705 -0.27155958398109564245 0.23724404480627447889 -0.66745120878615216142 0.70584994658486921448 -0.14288139302442290357 -0.74266658890329018128 -0.65424096879831039608 -0.60174283182492727118 -5.7798672958818455569 -0.3383496124747267797 0 -2.5115401045388954238 -6.9795909316899358288 1.6398661429012397761 0.05226956686947736852 0.3387629352613257816 -6.9148992786689458256 2.5734257366232906605 0.10453913373895473704 3.1020408252044635589 -6.0587002223194827977 1.7788953854757838524 0.15680870060843210556 5.8160334757559510876 -5.1523468612529494948 0.87735867714774540271 0.20907826747790947408 8.5386382147628872019 -4.2512841888334511609 -0.0032715349934193671544 0.26134783435544850505 11.421293507471705908 -3.5395520544146026332 -0.43191571406672490951 0 
0.7966684723153034664 -0.51215126012096923169 0.32096796097944690906 -0.54076300203128357946 -0.84117499703338427519 0 0.26999022362469760061 -0.17356759813510566626 -0.94709005275353630449 -0.35844691419817831246 -0.92168932549105175855 -0.14833946534100050929 0.85501945366181175689 -0.2603330074611747702 -0.4485180699660556991 0.3747766582401562685 -0.28760304675380293782 0.88137786671567286412 4.1048465654606189901 -3.4510783654695131872 -0.8685884838125019769 0 6.4948519824065291672 -5.0733673715633642587 -0.058617812938409175061 -0.54877408395546001252 7.8633998084449325816 -3.8697685580727148036 -2.4415554152143741362 -1.097548167910920025 5.8389229603816605874 -3.8401230540164368321 -4.655291278175445413 -1.6463222518663800376 6.6710609270009539884 -5.1452391901809715336 -7.2251469698216137516 -2.1950963358218400501 9.179011820528215182 -3.5083235293019137124 -7.0500827658630313977 -2.7438704178336568162 8.1036710779336793564 -0.94326516831647699846 -5.9257527911425613709 0 
0.63536400193134379144 0.75655258408133652104 -0.15472806005905992421 0.76577473418172681274 -0.64310889940110849139 0 -0.099506992411050695924 -0.11848683906218093753 -0.98795709797053421486 -0.25450122336193459205 0.43329057927074848822 0.86457411551728668986 0.45262595002877481498 0.84341514952890195289 -0.28944884678590432348 -0.85461036541094470564 0.31766359479858530257 -0.41076874743803537537 5.1166374189561656394 -0.67644126913607183216 0.87933494710976844999 0 7.0227294247501967916 1.6208829334091086061 0.5808139698766163761 -0.33947164394063655823 8.6537907181019413372 4.1211040134997158901 0.87835994615640056171 -0.67894328788127311647 8.9142220695636531502 5.5986156010338925526 -1.7195497943615534187 -1.0184149318219097857 8.4362762787853728952 3.7250571844176860736 -4.0133123541318314054 -1.3578865757625462329 8.5452214114156230806 1.788307013511754473 -6.3017899558513743585 -1.6973582197031824581 7.7817177413298193045 3.1461848635980755873 -8.8656210520842080314 0 
0.01049980660652819614 0.015335147760620178314 0.99982727873587506906 0.82512323535318143897 -0.56495278252283920306 0 0.56485520316407089592 0.82498071902491243446 -0.018585281693171810252 0.93018405181326169195 0.33971301420145477712 0.13911397390063134916 -0.20672803511887022365 0.79791669434524070681 -0.56620885579532820309 -0.30334987926180967399 0.49791968917419399121 0.81243758768567542194 1.3073576601833991617 2.2354058253262536482 1.7466789519377670103 0 1.3388570800029837571 4.710775531385797521 3.4412445614299795871 -0.21789734941242727695 2.3478985133770677862 7.3990104295687393332 4.3102830774846561113 -0.4357946988248545539 5.0396279338166189987 8.6293416795448809609 3.8195512334612327088 -0.65369204823728188636 7.6086373336160786351 7.3727863321783031481 2.9133236485052642628 -0.8715893976497091078 9.7420129661419245792 5.325592921375521982 2.4056612575659030995 -1.0894867470621363292 12.532565121581709988 4.7054088160189131429 1.4956116197804747436 0 
-0.02783990941827411969 0.0021121355364007443622 -0.99961016317715489787 -0.075649782966993775468 -0.99713444947862817092 4.336808689942017736e-19 -0.9967457297528938831 0.075620291895953012373 0.027919915346251232557 0.8633473726086681177 -0.29188384854311444361 0.41162499094366244989 -0.06892003079421477052 -0.87629166903477762052 -0.47682590128428248288 0.49988132948234242914 0.38329718201403972788 -0.77666075392996525295 -1.0009324890714168532 1.5451032343798516422 -1.3987080193776790793 0 -1.0844522173262391984 1.3181538854788703574 -4.3889452086363611727 1.1105360729028639355 1.8209133500718095444 1.9863343929802523835 -4.053779042217954931 2.221072145805727871 4.179820852915636209 1.7158207163311023358 -2.2200839356954200632 3.3316082187085918065 6.4830440070531114571 1.1434073523732071198 -0.38500665450538212875 4.442144291611455742 8.8440419189521932708 0.52557402718776269346 1.359691269183078921 5.5526803644990483377 11.434084036778198623 0.31881393480511460714 2.8593352576301063195 0 
0.0059951059707366036525 0.028669238616750584298 -0.99957097469941358359 0.97882779954472109996 -0.20468546318299871145 0 -0.20459764794063181603 -0.97840785765379945094 -0.029289358792307901291 0.92476103290509859001 0.11251905288371001623 0.36353334751910815204 -0.16715198999299726856 0.9783033849109767921 0.12240383700320051075 -0.34187314059703016733 -0.1739596212052619828 0.92350463232646839984 8.319487768254644422 7.7801965438941209641 5.6370514052013138695 0 8.3374730861668542303 10.716679942528283931 5.0232584613794184492 -0.68388109197164026476 8.6545190403718219585 12.486709633077063941 2.6219121983962443423 -1.3677621839432805295 10.825684847885511886 12.144710422369271896 0.58009546399260192295 -2.0516432759149205722 13.766553006387086455 11.615007785642582405 0.84602051625632812559 -2.735524367886561059 16.678307700224948462 12.148795431225472896 1.3326072521842553531 -3.4194054598582002136 19.452590798940242678 11.647339461246481562 0.30698783039316568377 0 
0.75022547688595964122 -0.38488298087414934967 -0.53761215096448833339 -0.45645934199309501356 -0.88974427174735493118 0 -0.4783373317424275406 0.24539808867674278714 -0.84319225277236542482 0.70155650779254796756 -0.53945955429401570846 -0.46561986174864467003 0.70938640944804309818 0.59079926237162971869 0.3843529025148004763 0.067745025384434137683 -0.59994968194177833443 0.79716434357892740348 -1.7382019781831248295 -2.539710498204604594 -0.099530314647827827779 0 0.51247445247475420516 -3.9090885241838897457 -1.5345423098751105329 -0.71949399767869148814 2.2446466795193349419 -5.2597429813399001475 -3.5779076754064749188 -1.4389879953573829763 4.9947874891888464077 -6.2599490626988796294 -4.2384026912477166249 -2.1584819930360743534 7.6525211146344096491 -4.939724847187473955 -3.7986300240215862267 -2.8779759907147659526 9.2231663449615357564 -2.3915260926635406591 -3.9980962671711237633 -3.5974699861259842315 11.327835868339176884 -0.26336686431940936615 -3.7948611910178202677 0 
