11
0.74335823931705391487 0.27107679591869338065 0.61150298343826947622 0.34259651649613892532 -0.93948263788359109849 0 0.57449643595427135612 0.20949879195294734968 -0.79124212555076678388 0.063009377955792644777 0.99619532523674836355 -0.060205417248565852584 0.11552875553906451211 -0.067200346699985841203 -0.99102836490536250214 -0.99130364920806179896 0.055488623877796447448 -0.11932345824241470666 14.885538120447701971 5.7085074405743077008 7.6614458696956946326 0 17.115612838398863715 6.7362969900627245323 9.384935177558508812 0.35342512506329748501 19.725711853450391686 5.5215845643131178377 10.228638569385227086 0.70685025012659497001 21.241229158982900316 3.297609429063714348 8.9030889117213121153 1.060275375189892344 21.165218066293061128 2.2405517428864794027 6.0965205095477177366 1.41370050025318994 20.445422693795073599 3.080164766553604494 3.307802299393167722 1.7671256253164875361 20.109801294928399074 5.1287627279437657535 1.1420193763411101706 2.120550750379784688 20.541965304835773765 7.4999917387935886026 -0.64418209105206269971 2.473975875443082284 21.596491404420603999 9.5588783073469976159 -2.5544096549852386424 2.8274010005063798801 22.709931508685436086 10.87139378078709484 -5.0115518543271821983 3.1808261226095821961 22.898959642552817684 11.217980047404280342 -7.9854628019513658188 0 
-0.54291545849550726377 -0.80775403006534174377 0.22973078121969769949 0.82995174038590746601 -0.55783519845058426867 0 0.12815191593189789732 0.19066546169350234718 0.97325421558819225076 0.29359815752075058004 -0.055356228189768652559 -0.95432479266810543717 -0.95333652160220860861 -0.090429038667257793938 -0.28804872078368526367 -0.070353382859833724083 0.99436325201926001327 -0.07932291317053163926 11.214129685160459715 9.9058139136035521233 1.7496384796552233443 0 9.5853833096739382569 12.395669134761273966 2.1340942274509169252 0.054442282142412749824 9.3786016551398336816 14.990493622608124014 3.6254413302800805319 0.10888456428482549965 9.8151934347711780049 17.425872431740828006 5.3220079600002065945 0.16332684642723824253 9.770953108829127487 20.085846263004082601 6.7085842265509167959 0.21776912856965099929 8.2490820120258945281 22.629283828886027408 7.1720603161324154584 0.2722114107120637283 5.5207158024411056019 23.507516762369537133 6.2862472763503429718 0.32665369285447648506 3.4709523637254950934 21.928158879651441282 4.7683376763520222141 0.38109597499688924183 3.2146466373521649373 19.117330149420428853 3.7517045398021071634 0.43553825713930199859 4.0840351883361147856 16.264916638137535188 3.4231926861675758822 0.48998054366165399998 4.9648296608983715217 13.404907073330910805 3.2121325375880744879 0 
-0.48848737880023335167 -0.71912810650590708317 -0.49420122135230115656 0.82720439162111425446 -0.56190114298045557018 0 -0.27769223114019503384 -0.40880542064714192607 0.86934754431924055051 0.78819926428510855843 0.096134463021372365543 -0.60786518636948250194 0.1489197228376010762 0.9285761999888862972 0.33995463956853477772 0.59713050159105540704 -0.35847511187499869756 0.71758676007561728039 6.3461058808702119904 -5.5681784722271885357 -4.0047711912684889057 0 4.8806437444695118799 -3.0865652973638457723 -4.8378478846890740073 -0.044238517471760024913 4.9355013012461519395 -0.087138958691030582449 -4.8571426367600443186 -0.088477034943520049826 6.3606566558845463177 2.4150078574188929004 -4.0156274038027115481 -0.13271555241528007474 8.5565787606943466415 3.8627782075185814747 -2.572754979891575644 -0.17695406988704009965 10.962569117405731589 4.2812054871288056646 -0.83030221681248783661 -0.22119258735880012456 13.297486566986416179 3.9944322072582925109 1.0314004378437930942 -0.26543110483056014948 15.51923252186530533 3.3762453813556581039 2.950176917607626681 -0.30966962230232020215 17.707812290439832736 2.773088347555460853 4.9113840626103444365 -0.3539081397740801993 19.967366140883804349 2.5223620049786497077 6.8688159909655066571 -0.39814665724583736539 22.331963933739114481 2.9691211734914664255 8.6602074957386907528 0 
0.71767661544033434229 -0.6347466048764205393 -0.28642105936534001387 -0.66250293071316079807 -0.74905932128001240233 -2.7755575615628913511e-17 -0.21454636432850365813 0.18975479124750604942 -0.95810384445113072616 0.35271712704163216134 -0.41541393448245023112 -0.83846400717580471529 0.86914038034155005619 0.47742242485353303394 0.12908457501466882866 0.34667798827044404852 -0.77427326654404327044 0.5294480910948445862 0.91583828890749430229 11.662663481223276563 4.9813714639898218906 0 3.0688681352284974402 9.6751546890837936132 4.3377323710043107496 0.21196855340751907804 4.7704104132477542777 7.2048736540970725883 4.3874256196270540187 0.42393710681503815607 6.4119243427840917349 4.7019017309980934982 4.1859579598628116059 0.63590566022255723411 8.6458311970676984259 2.9169304156486193236 3.2784758432259146765 0.84787421363007631214 11.398144750836349814 2.8888659884916831899 2.0851936093017018337 1.0598427670375953902 13.692930775374302144 4.7649612444632225561 1.6224149848352376058 1.2718113204451144682 14.867121968926539921 7.4108841388600437128 2.4100405270945981506 1.4837798738526335462 15.336023229629084597 9.8536593090359279046 4.0872427413650402883 1.6957484272601526243 15.913593112113446182 12.154804188493397277 5.9233115296323379795 1.9077169807662963663 16.971744493238347218 14.762225329518047445 6.9633454944436703471 0 
0.4036225418197248449 -0.11946015536739629237 0.90709322289089011626 -0.28380066998950542745 -0.95888329827644191994 1.3877787807814456755e-17 0.86979654140982431976 -0.25743366439937453993 -0.42092978628913635397 -0.14729443026417374241 0.71979492107386333632 -0.67838014594283613246 -0.40088730476341816189 -0.67044590578931029246 -0.6243329690877079674 -0.90420889162442741327 0.17999321933512413274 0.38730959360788230761 1.1219573237650279918 0.80136638245179758755 3.591774008106758842 0 2.332824949224202804 -0.050035627516718639285 6.2011636323362315792 0.1683219863439702757 3.2030018947911682581 -0.78084090833937180864 8.9776251262048525348 0.3366439726879405514 2.9599746292509721002 -2.256229735729768926 11.578424189441138381 0.50496595903191088262 1.544382192948068333 -4.6676678441232590799 12.665167780384784635 0.67328794537588110281 0.11026559090530872742 -6.9242175488660890892 11.30456754435326161 0.841609931719851323 -0.095027140467107737432 -7.9485406836703180744 8.4923450486174516527 1.0099319180638217652 0.96649036338718286032 -8.0011332365459555405 5.6869166010483978013 1.1782539044077919854 2.5742612931434165624 -8.0022688911810195833 3.154112869393420393 1.3465758907517622056 3.7560116523154887247 -8.6175514758926254899 0.46619919445407154157 1.5148978744990282408 3.314128361522966415 -9.8202133901828752016 -2.2464274804192121415 0 
-0.32728381092411640285 0.32907918674886477151 -0.88577209030071224483 -0.70903830596443706558 -0.70516996580617430368 0 -0.62461987462941692684 0.62804634237739553893 0.46412046285884328567 0.98101035681563908408 -0.027320803010056654569 0.19202149239951968318 0.18970069277895318383 0.34138415747777672848 -0.9205816119075884707 -0.040402066526827810911 0.93952670571201668537 0.34008416939676500146 5.9970649810657192802 0.74816335835909342222 4.7761782149004972098 0 5.0152135482933699606 -1.3789515595342178855 2.9023185910122464293 -0.075211251744918175555 5.86318242369986109 -3.6375901418745639759 1.1192200119983961581 -0.15042250348983635111 8.1502318475602919534 -5.1561061431098362817 -0.090520285369400446673 -0.22563375523475454054 11.075683091591159268 -5.5704152036286052052 -0.61021120437531706227 -0.30084500697967270222 14.023623456624429551 -5.0140206273903240586 -0.61945988580369570897 -0.3760562587245908639 16.763262449663507425 -3.8163932695920026461 -0.37434469987422397397 -0.45126751046950908108 19.337122697090805445 -2.3034781898386857968 -0.080501543105434836267 -0.52647876221442724276 21.905923666158997776 -0.76806059935821402451 0.12870394284748840064 -0.60169001395934540444 24.634579323704613785 0.47764932744931509756 0.18001455102181473933 -0.67690126447405918331 27.577610394151527373 1.0467514057861821986 0.058808351441344663968 0 
0.21997913183249101499 -0.16699706613656331577 -0.96110413663661020678 -0.60465382642195519836 -0.79648838672844946007 -2.7755575615628913511e-17 -0.76550828326773268095 0.58113529380729622709 -0.27618623886789900324 0.21690086128146418565 0.90244613922345418011 0.3722163110021395882 0.66228019792956072109 -0.41615815317535759243 0.62305483785623383408 0.71717428551624806676 0.11137036116650778084 -0.68793726955871548068 4.6256319131638150566 1.6010782708108393102 0.32573496198079676667 0 5.2855693086612882681 -0.21288320845502628487 -1.9707898878224014982 0.024881170232263515041 6.9311305055353269466 -1.3036315851982722691 -4.22964255704167158 0.049762340464527030082 9.5431128680019785548 -1.0729948225088548064 -5.6871435622639383567 0.074643510696790538184 12.086148087726787281 0.50851003245492787386 -5.5089462964800697264 0.099524680929054060163 13.367619885146201142 2.59809967209271786 -3.7793766655367737606 0.12440585116131758214 13.195803070443870908 4.335435631997420991 -1.3396750564611115131 0.14928702139358107637 12.18936509540128732 5.5653216258907871605 1.2048249242266124703 0.17416819162584459835 11.069239004801481485 6.6533522514663241409 3.7663724505742290916 0.19904936185810812033 10.50965959047173115 8.0802373980424313515 6.3452975534475211106 0.2239305320903636487 11.160362174316126982 10.067077991831114403 8.4968204099962640896 0 
0.37712572583217723876 -0.618267277133309201 -0.68958085888582876244 -0.8537142378564986922 -0.52074177869755899906 0 -0.35909356301199696349 0.58870499738414516777 -0.72420869855193159559 0.064149231282742802396 0.78635421787182213649 -0.61443626208177826165 0.61159455231361470329 0.45554714204015755996 0.64686080802546208623 0.78856640792398835504 -0.41728149421492388704 -0.45170695686431305838 11.247150356742089627 6.675221200539604105 -17.753689936479517542 0 12.378527534238621399 4.1140784869701079174 -18.830970625515508488 0.14942669530112118181 14.695821805814674121 2.6367251213543960731 -20.03412649079329455 0.29885339060224236363 17.642661873072441381 2.9971457021765863793 -20.465601430839956976 0.44828008590336354544 19.741404411697729415 4.9030580913469998805 -19.484419199086687513 0.59770678120448472725 20.094348830612432266 7.0307381879167776262 -17.399141159625617803 0.74713347650560590907 19.114061088448757175 8.3931639458750417759 -14.912609537901715839 0.89656017180672709088 17.678544415087312558 8.9575744429906531963 -12.339527939110952914 1.0459868671078482727 16.435675665774009957 9.2510837926430671274 -9.6249108208271199061 1.1954135624089694545 15.795968052320834119 10.000495001476178203 -6.791336660955671789 1.3448402577100915245 15.98841574616905703 11.835278658417021092 -4.4256374371837061688 0 
0.58132770222433649554 0.56852407673292992829 -0.58209833945953048939 0.69918978674821807839 -0.71493611050707284171 2.7755575615628913511e-17 -0.41616312274582240027 -0.40699721383320103252 -0.81311839433040589142 0.21225997901297760651 -0.96961178889453614183 0.12164982591910260268 -0.93244838457757295291 -0.23820715392138291921 -0.27165669864619429452 0.29237939634674126044 -0.055770338509034178553 -0.95467479171417479744 -2.557237879757937371 15.123830307867821787 -3.4466199227083023082 0 -0.8132547730849277734 17.221399668112475467 -4.6951092909457692315 -0.0075414775759164243488 2.0153962953124384683 17.521777770011855324 -5.6482336951631282318 -0.015082955151832848698 4.6003071002428566061 16.017039444406918847 -5.8805268155838934518 -0.022624432727749273914 6.1521943157774865441 13.491812343719294276 -5.4169808834809494158 -0.030165910303665697395 6.6615691923270317076 10.678101515340395977 -4.5094667139687656388 -0.037707387879582124346 6.4754201149911656543 7.9048730190482485725 -3.3805009886157009191 -0.045248865455498547827 5.9732506082238474576 5.2097210278955392582 -2.1623098383436820669 -0.052790343031414971309 5.4965210057685345291 2.5125402169671335884 -0.93840092680454023633 -0.06033182060733139479 5.3881883035530968584 -0.26244721557781014454 0.19636783078398389879 -0.067873299090668054445 6.02496824059210212 -3.0597923693105109066 1.073506019824212343 0 
0.48484691958007353207 0.22110439957154109925 -0.84618928678152260936 0.41492153710167950509 -0.90985719651447471978 2.7755575615628913511e-17 -0.76991141219161907117 -0.35110215955036350177 -0.53288243631797238553 0.30672201704164303582 -0.86916035290991000561 0.38791994688521241885 -0.19353867023569290562 -0.45600387851110441018 -0.86867902352147852163 0.93191436698084306745 0.19136547157820840703 -0.30808256831950792121 6.7854757935958929238 -8.6939781871637791255 6.8600935716241702167 0 8.24001655233611352 -7.4492135758587405547 4.5503593350493130032 -0.11061717087941398685 9.3761868418019265192 -6.2198246010595719113 2.0608337146786541716 -0.2212343417588279737 11.228705050849992375 -5.430113544162287198 -0.16279751520611873694 -0.33185151263824197443 14.08543050225116211 -5.3395276327328158317 -1.0743204125903482726 -0.4424686835176559474 16.76481365959976344 -5.8291439500114021754 0.18310622871129747513 -0.55308585439706992037 17.83896637309922184 -6.3236278589963204055 2.9402153904852643684 -0.66370302527648394886 17.350952552628832848 -6.3862212493863541596 5.8995962044627257015 -0.77432019615589786632 16.346863915321357297 -6.0808866946428112854 8.7100414343503711478 -0.8849373670353118948 15.901647201668881237 -5.8730321453297325007 11.669528932610461425 -0.99555453791472636738 16.82181325279381312 -6.4536481560368130772 14.465272033552990294 0 
0.15762998176547310392 0.37006559423792456665 -0.91553495007560947716 0.92001550803468279405 -0.39188195285785226707 0 -0.3587816241452465027 -0.84230635221732019779 -0.40223843077216220321 0.1321400857044571775 -0.16791830637890606259 -0.97690451945564171776 0.15677700442137731951 0.97668202467505749187 -0.14667376575683210849 0.9787542943122540251 -0.13377468018825688922 0.15538457550816078823 16.437791132203184219 3.9091824417588867391 -4.8320921715888092152 0 16.910681077499603475 6.6692289658629348992 -5.9084370440245486122 0.074554279465293374352 17.225190175761937894 9.5804789522738893481 -6.560927675815829474 0.1491085589305867487 17.393368466296355024 12.555082965790449023 -6.2096177288573679576 0.22366283839588013693 17.515014228272068664 15.069374552570810266 -4.5776005336697762615 0.29821711786117349741 17.72734277084718002 16.522550486830809291 -1.961660128187582286 0.37277139732646685788 18.128812322549563874 16.771147542386568574 1.0009415390818476865 0.44732567679176027386 18.739553497286124184 16.202460430137747949 3.8825403718730497893 0.52187995625705363434 19.498840066073583444 15.417318747291282932 6.6766535892792902018 0.59643423572234699481 20.234982510772866249 15.011308093655845397 9.5564505087245148474 0.67098851518763957813 20.631402767886243055 15.481639106919979909 12.492713391661276034 0 
0.45465517708918734563 0.23892918814736510691 -0.85802186044251826935 0.46519287809338771833 -0.88520934595788713928 2.7755575615628913511e-17 -0.75952896989989127086 -0.39914565872629842458 -0.51361316864227624102 -0.1437469174358424473 0.13211466974673194419 -0.98075610513797162326 -0.42712288549885424338 0.88570520747590908428 0.18191296307077720051 0.89269416062323692085 0.44505280528019308672 -0.070888194372582535863 11.410871565199036226 -7.0518806901675672449 -7.438417392685582108 0 12.774837096466598041 -5.656302055887404201 -9.7170043023852556985 -0.27145031281398729339 15.001109901590883311 -5.8332553983586761248 -11.720101300810741307 -0.54290062562797458678 17.559001824346712084 -7.3717548196500368718 -12.020348602830594587 -0.81435093844196182467 19.374010312160415026 -8.9147255722633040875 -10.196906335698161072 -1.0858012512559491736 20.082278793665036432 -9.2796282656140256506 -7.3046416648638716751 -1.3572515640699365225 20.23349146809483301 -8.4213384249049170194 -4.434016839039691682 -1.6287018768839236493 20.476766000239123855 -6.9900795127114117022 -1.8086916765974390131 -1.9001521896979109982 21.025205618976407607 -5.7902987544941124654 0.88570176844467174426 -2.1716025025118983471 21.504151133866802326 -5.6241240255877009702 3.8425541915077632282 -2.4430528153258861401 21.072910381559275095 -6.9054926820842634783 6.5206366733774743238 0 
-0.14087931438359807546 -0.027303691758218808644 0.98965020446376872343 0.19026859964215364629 -0.9817320713872058624 0 0.97157134517698751086 0.18829935853889240294 0.14350077632131644223 0.31280045068845707679 0.2619788566379638306 -0.91297478427597500428 0.90697574419248472299 0.20304512985027306504 0.36900904418533458928 0.28204765110808194262 -0.9434721797269650656 -0.17409586033465185295 0.89512458279464501842 -11.536872551016037036 2.6708960117922768696 0 0.47248663964385079206 -10.966066752089576042 5.5856100473232395132 0.075296995869738647666 0.97686457407570737033 -11.127995257220186787 8.5384734982145076287 0.15059399173947729533 2.7979976215666932937 -11.600196692840818002 10.875236436312322397 0.225890987609215943 5.6230380213350823482 -11.78022143171571301 11.868553019014559169 0.30118798347895459067 8.5091686959488601616 -11.179993262565266932 11.31184259425863381 0.37648497934869323833 10.584982129459286071 -9.6831602161565442088 9.7464442909383723901 0.451781975218431886 11.627291201323419756 -7.4568332214212622588 8.0268311643798622157 0.52707897108817047815 12.002031076049661351 -4.7246545576587184456 6.8458194303668973291 0.60237596695790918133 12.340798660811813647 -1.7524484351014981698 6.619513108476130725 0.67767296282764788451 13.279200012877186765 0.96847879747595655431 7.4656560618003755536 0 
0.51576235501334122269 -0.041564291345788956233 -0.85572285398720915328 -0.080327647967326498701 -0.996768513232654918 -6.9388939039072283776e-18 -0.85295759690803463204 0.068738204172680505977 -0.51743443755125673178 -0.32786866031141020938 0.65056828726585225198 -0.6850277696484838863 0.22306322267825517969 0.75791740086658498932 0.61302855737072425857 0.91801140530714109289 0.048188349915887274122 -0.39361522157862716131 6.5718177436458375951 -7.8684136807221101151 -4.9225647732210431329 0 8.1191048086858614852 -8.1093966246240896112 -7.48143756394514714 -0.050025721247718195339 8.84783922239131293 -10.370285588527179854 -9.3137357838362628826 -0.10005144249543639068 8.2290166165547393717 -13.275018557292794341 -8.8900319216760284036 -0.15007716374315457908 6.8864284360678738039 -14.509152299398024866 -6.5079456712285121966 -0.20010288499087278136 5.8554896824530331401 -13.571929339224972466 -3.8511098709514879346 -0.25012860623859095588 5.4524205308306186168 -11.446371110133124915 -1.7727580001884113425 -0.30015432748630915816 5.4611381961367637672 -8.9577789698825629472 -0.097395312096432609672 -0.35018004873402736044 5.5470814609284238017 -6.5257018636066632666 1.6569199188533114686 -0.40020576998174556271 5.3120430531602611524 -4.5762245042188638422 3.92502215013494693 -0.45023149122946737322 4.3284370722260208098 -3.9070348361840760987 6.6790563660563613269 0 
0.8345811277139041362 0.55087280437352825757 -0.0036735085997732473684 0.5508765213332428301 -0.83458675896744571876 0 -0.0030658616363237931567 -0.0020236496385308390747 -0.99999325264452032513 -0.37459888107430311388 -0.84136671910920801665 0.38958660432988101441 -0.14994184596947129906 -0.35967869978359628957 -0.92094987689300900069 0.91498257968397811446 -0.40340212802783925738 0.0085791594846831298327 8.7988080240997046388 0.14180730997127000137 -5.581454279905576854 0 11.302551407241416825 1.7944368739709983807 -5.5906518648145482331 -0.092673748940014746833 13.280045517648265019 3.8507986451693181351 -6.5184954399429724248 -0.18534749788002949367 15.37045854798698663 5.6922628083675723687 -7.6316925927148480113 -0.27802124682004425438 18.08212329744164748 6.9275958850061041261 -7.9792786822272487868 -0.37069499576005898733 20.800525165426055452 7.1262128448210440013 -6.725968437810259104 -0.46336874470007372029 22.091030103918861016 6.3374909709868587626 -4.1351278772921968852 -0.55604249364008850876 21.427845800956390576 5.2799133176144543711 -1.4071801468658426959 -0.6487162425801031862 19.605501181570335945 4.5488745285336236179 0.86100498775593170553 -0.74138999152011797467 17.651764189430856788 4.1464286413507949192 3.1017535537069527152 -0.83406374049693410289 16.527967546207946725 3.696603103442378746 5.8467012927588868365 0 
-0.27685721021768650019 -0.39032588234430326546 0.87806365983487844051 0.81565333749710089428 -0.57854095190387333503 -2.7755575615628913511e-17 0.50799578559306968195 0.7161955546792381222 0.47854384258642279626 -0.32044015783635326766 -0.60533732637734283255 0.72861843686537597353 -0.35966100892011193535 -0.63383142249989044004 -0.68476396408859974141 0.87633444751897138225 -0.48148151485399359739 -0.014611192474373091432 8.2721076262331525442 -1.0918637978328404881 -0.46547084987143705348 0 7.4415359955800930436 1.3550962146584624168 1.0585165069077719924 -0.47275584266882453299 6.6973882327802298775 2.7078557281849588989 3.6307301192123841993 -0.94551168533764906599 5.2266560097253069728 3.2143563469482345774 6.195962511823936758 -1.418267528006473599 2.8966734672715519494 3.8638893817121435781 7.9705896867575569686 -1.891023370675298132 0.59599964763093837838 5.6885695215741201025 8.584953904362413013 -2.363779213344122887 0.071395235010871679893 8.639647000028546131 8.458865670038598239 -2.836535056012947198 2.0260814373381088593 10.885157272755920488 8.8287649351618391336 -3.3092908986817715089 4.522328811634950263 10.852394497375048132 10.49238509682137277 -3.7820467413505962639 5.3256221189059784749 9.3985608718893587366 12.990605043814895225 -4.2548025910625266732 4.3643016453969174506 8.3195778451290216537 15.61960838637180693 0 
-0.55012956477066854433 0.034600025647329488154 0.83436221162660473283 -0.06277029382328250251 -0.99802800071608166466 -3.4694469519536141888e-18 0.83271684994274830505 -0.05237316117884580069 0.55121656343905445219 -0.41826441578468331883 0.85590152280224651715 -0.30411751306541628947 -0.30983865616536709897 -0.44917009236908600478 -0.83800133369033846797 -0.85384710905052385588 -0.25627877669823301288 0.45306324390764768362 8.450274935105719365 1.6997601620906350739 -0.25116420301735897791 0 6.799886240793713732 1.5114492806207875386 2.2469863468108859372 -0.033319925045856645107 5.635150185993543559 1.616301316443724323 5.0096678516835906336 -0.066639850091713290214 4.0727374593209928477 1.3935540497418530403 7.5609932673153146254 -0.099959775137569928383 1.6371331442986516436 0.46761994650963162323 9.0477500682205178606 -0.13327970018342658043 -0.97525024425365069991 -0.90086614970287481885 8.4976238682855189666 -0.16659962522928323247 -2.5089344726813913589 -1.9528225061375370508 6.1436563828417458666 -0.19991955027513985677 -2.6869371762318152719 -2.310797633763325365 3.1704131078229358387 -0.23323947532099650881 -2.2867548114884548305 -2.2737664836424906767 0.19744983600490223496 -0.26655940036685316086 -2.3251002423195368252 -2.4442891366369789985 -2.7974524514150438392 -0.29987932541270601039 -3.5798934896735863376 -3.3738051051330804064 -5.3589937785666155179 0 
0.95041133721889514696 0.21477405666565238529 -0.22492308611872341428 0.22042203600223275739 -0.97540459607520324514 0 -0.21939101196362156831 -0.049578004586194553138 -0.97437652133599217397 -0.41503684084561887069 0.86168851902035759061 0.2919543062353966989 0.90973071034804886548 0.38896534896769680012 0.1452445935381865838 0.011595490094160866568 0.32588165565269411328 -0.94533945814111430828 -2.2044296956936904053 -5.9349327409296819269 4.3089863090337328089 0 0.64680431596299481356 -5.2736666329229837658 3.6508132731428681872 0.26451195283676320891 3.3096336014103147072 -3.9266343803872683083 3.9587772840388977258 0.52902390567352641781 5.7876133505812159541 -2.6060606981818486005 5.0150469900868666073 0.79353585851028962672 8.2474799923961601422 -1.7693604474213098232 6.5147115163701965201 1.0580478113470528356 10.843603516047345181 -1.8116014774495983186 8.0174978893566031246 1.3225597641838160445 13.504328972968981049 -3.0106431507530335701 8.7123680824148994617 1.5870717170205792534 15.504859814776581928 -4.9198531315137365993 7.5492812127931214761 1.8515836698573424624 15.698306035144737436 -5.8331007887078447638 4.6982292531122604728 2.1160956226941056713 14.28078984785841854 -4.4412989056282032863 2.4502275700703335382 2.3806075755308686581 13.035679325321561706 -1.7121067745840568008 2.4850140403528153676 0 
0.47713181469179338778 0.45507881001832062307 0.75183010586250509366 0.69018588497535238169 -0.72363211936783855549 0 0.54404841290983085855 0.51890252696582594982 -0.65935687750927018946 0.3355791772332561429 -0.30505386225576247572 0.8912512310960888362 0.23878378822383589108 0.94276064313265417471 0.23277601302878928036 -0.91124580563584745008 0.13470156228844282209 0.3892127577920945769 7.4445004647607300186 -7.9540470866572743347 8.1254810574995275374 0 8.8758959088361102374 -5.8834894317312169676 9.7576262962290201131 0.37454338895655070463 11.713248286081899607 -4.9244584659780032965 9.9297631449891614608 0.74908677791310140925 14.241524586657646978 -4.8031009703234808228 8.3194565821541726081 1.1236301668696522249 15.643520031117398972 -4.7589311098202360384 5.667575027182992109 1.4981735558262028185 16.098492749552036685 -4.2768485524328756497 2.7417226880731360161 1.8727169447827534121 16.125912728697642251 -3.2369757345314256192 -0.07215748776674064946 2.2472603337393044498 16.1858709591225427 -1.7767006832166127861 -2.6920825081825654479 2.6218037226958550434 16.567106514807154127 -0.17358870753513674923 -5.1990122705504333567 2.996347111652405637 17.354453960749342656 1.2015273415525409284 -7.7463905392143352913 3.370890499948438368 18.361191492449105311 1.9178787062240538752 -10.480127956121879862 0 
-0.38272427310210954676 -0.80213398923978529442 -0.45837014964407363227 0.90253019483487273433 -0.43062657536585702278 0 -0.19738636779116294773 -0.41369290046475576395 0.88876138862760556414 0.98632223570246313482 -0.09526540732411740986 0.13451003503926312055 -0.13418425725038241048 0.0098470409172201067705 0.99090747342591889435 -0.09572372989524095821 -0.99540320370819812545 -0.0030707625109156477805 1.0603441468613397092 -3.6957039367443798028 7.4069254709845750995 0 -0.087828672444989042134 -0.9881133522397615998 6.8147663676110861175 0.45004872607600154844 0.76675717464490467101 1.3448769973299696812 8.496069153884471703 0.90009745215200309687 3.2770485496877568288 1.6353024180250335107 10.112881364996997746 1.3501461782280046453 6.1254295644042198177 0.72052913196300283349 10.336343698027905091 1.8001949043040061937 8.8100299653414477774 -0.27108149566441908096 9.4365430134328374123 2.2502436303800079642 11.372333232305850359 -0.90380459846667215995 8.0102653512210029163 2.7002923564560092906 13.942054619209018895 -1.1525429852651938312 6.4823048968387526614 3.150341082532010617 16.622378691530830253 -1.1383801055730151663 5.1348388827485322849 3.6003898086080123875 19.476765101736926766 -1.0983945266948706987 4.212408569149186377 4.0504385387445074329 22.435731808844316504 -1.5009472984460288103 3.925237379463462517 0 
0.63060090872912266668 -0.035020706836030021658 0.77531673785796051401 -0.0554500092815404938 -0.99846146468988827838 3.4694469519536141888e-18 0.77412388568024548263 -0.042991320310357614143 -0.63157260548355831364 0.7273687795916161658 0.028384008879739963671 -0.68565954125594807955 0.25407772984873328026 -0.93927890413853831753 0.23065048761106063391 -0.63747875703455103569 -0.34197878337730369669 -0.69041389473957037737 1.9438504037486126208 -0.50441876392740425672 -1.4791500665740642262 0 3.8356531299359808429 -0.670768791772025752 0.84322159046667222171 -0.42771189184046021214 5.2471545925212419448 0.94553200723791019922 2.9397053655165943375 -0.85542378368092042429 6.5001784005101868047 3.6624952945153546047 3.1587529232437536741 -1.2831356755213807475 7.9472710535117601083 5.4871262870868431349 1.2675665426150848347 -1.7108475673618408486 9.772980082676495428 5.2330870639995383797 -1.0993356841902532928 -2.1385594592023009497 12.002961347086550603 3.6249218202424242641 -2.2997504688303340714 -2.5662713510427614949 14.62041261520445623 2.1713093859808672015 -2.1100668920709146903 -2.993983242883221596 17.537873984548557615 1.8583902369687488321 -1.4851496286511660649 -3.4216951347236816972 20.421593002372329551 2.6413470724251069122 -1.7518447939293952942 -3.8494070265641426865 22.603699341147176938 3.4035802619713053652 -3.664281065033047291 0 
-0.60866715677801808138 0.74362966083559922659 0.27665722435045064787 -0.773833409834481456 -0.63338918038117686393 0 0.17523169257786336273 -0.21408660327445247495 0.9609686676550408535 0.096274817662230255388 -0.62409714234676050282 -0.77539274977182504056 0.19574141937545602721 0.77567060427796608035 -0.60001700842554184234 0.97591826308609774809 -0.094009949333369757785 0.19683920646393368581 10.959085373737851299 3.3977857595623475184 -8.1960762298899130229 0 9.1330839034037971658 1.0762855300589033725 -7.6703811521563229903 -0.16639523041326406694 7.4385476056193002847 -1.2656762328290467323 -8.4727288552511694775 -0.33279046082652813388 4.9662758390614341053 -2.8281063666047345784 -9.1410733692187289279 -0.49918569123979217306 2.1870838370475089718 -3.0669034244848298876 -8.0369593438166226917 -0.66558092165305626775 1.4299988655361985934 -2.1652580926763556057 -5.2776373181118110267 -0.83197615206632036244 3.3826190175811072791 -1.5278754086165562409 -3.0910834413713264013 -0.99837138247958434611 6.2339263265186861673 -2.0449917775767549877 -2.3147862747189149601 -1.1647666128928484408 8.7932079438097083823 -3.4570672201037027094 -1.6394193018748346447 -1.3311618433061125355 10.616003921640716712 -4.6986131264628410165 0.39429123070022020769 -1.4975570746760844543 10.904828374627408394 -4.1113888683364754328 3.3220460199585128969 0 
0.6219105918271573552 0.65020517708961078629 0.43641773962462016012 0.7226556222937545737 -0.6912082548459805853 -2.7755575615628913511e-17 0.30165554418976131545 0.3153797332084637417 -0.89974416171539406406 0.97285603605403991878 0.12739115571039769104 -0.19319064822084414113 -0.10830172362113905937 -0.48712447392950186664 -0.86659130134083206531 -0.2045039602890637298 0.86399145849115610574 -0.46010530303443980538 -5.3962273764155126443 -3.664679960428460781 6.2059046994247779594 0 -3.5304956009340404677 -1.4967130935471972819 7.1108713319940619613 0.40481793963233725364 -1.8362706984139631761 -0.57957569983230250443 9.4105345255325367759 0.80963587926467450728 -0.28526893612453690929 -1.6623754674182193991 11.739027213367627667 1.2144538188970117609 1.2264055013183865483 -4.0936352591289981717 12.635563175628240273 1.6192717585293490146 2.873439693458496702 -6.4431088372707296941 11.759639246746443675 2.0240896981616862682 4.8160375051398789381 -7.738343961858117126 9.8758427321692305867 2.4289076377940235218 7.1282192875637564455 -7.938389837032763019 7.974839888631832352 2.8337255774263607755 9.7837568321516883429 -7.5957497028543876638 6.6217946346733125296 3.2385435170586980291 12.669085444709997645 -7.3663150198706661698 5.8329688988138332917 3.6433614548844972525 15.587653552872115625 -7.6912201907340769225 5.2194570179466479587 0 
-0.95053577148303280975 -0.0045991047614947107303 -0.31058106086261610956 0.0048383775412463103996 -0.99998829498288055451 -2.168404344971008868e-19 -0.31057742550598171904 -0.0015027084296141361014 0.95054689765074273922 0.65387514722947659429 0.4747895355796208916 -0.58908589249762000062 0.3276172488990885534 0.52414009172721065521 0.78609420712022992639 0.68199283724935266804 -0.70700216488231437673 0.18717293819433000746 -3.3360180871337288266 6.2210420087538889078 -0.026177576576523618052 0 -6.1876254015828271449 6.2355571413776278433 -0.95790985309446885498 0.19244654378639347581 -8.3882800714606453596 5.4163369683221356254 0.90915665152282010286 0.38489308757278695161 -8.189050614139963713 4.9409995178919956516 3.8645481228064242352 0.57733963135918042742 -6.3558318107355269433 5.3292708564180655273 6.207317537932563134 0.76978617514557390322 -4.0186326195166941488 6.4148071909598245455 7.7432610338195901889 0.96223271893196737903 -1.6723614843557275123 7.932241216270811357 8.8352363731753964515 1.1546792627183608548 0.55763984494168239436 9.6833472186425932904 9.8154014779980212069 1.3471258065047542196 2.668092367289931488 11.496355795312920733 10.937449862404317713 1.5395723502911478064 4.6921450421329629066 13.130035116177582566 12.432207476945016822 1.7320188926678301566 6.6537704838213898029 14.112886862874853833 14.478185988693075714 0 
0.83173458486498452746 -0.55208180563623510118 -0.058508633763796752403 -0.55302919855374743641 -0.83316187235554639567 -3.4694469519536141888e-18 -0.048747162855609829646 0.032356982838867259789 -0.99828690253608642902 -0.8382237804980597895 0.253091997529142132 0.48303761198714961766 -0.30231045789309735072 0.52154384829259092804 -0.79787242172957739683 -0.45386042001479420804 -0.81482295935673276777 -0.36065809854920860555 3.7263696650692992307 1.9172215239625103322 2.1443023408709933619 0 6.2215734196642529241 0.25813392830126802302 1.9980608523041638591 -0.25389488246391656023 8.5028991569123508754 -1.6900784740863696864 1.9935299524770835333 -0.50778976492783312047 10.766083345445380814 -3.6506754892102435406 2.1780885132388596581 -0.7616846473917496807 13.202339144641758395 -5.3835235385790678464 2.4268923978134298025 -1.0155795298556662409 15.91177974255141514 -6.6714368608124701154 2.4418726408831425978 -1.2694744123195826901 18.757337758354143631 -7.3425501774014882983 1.7692496933431161033 -1.5233692947834993614 21.164379804381198369 -7.3760907260099228822 -0.021007395771943472573 -1.7772641772474160327 22.14978204537939277 -7.0839546823632693062 -2.8394446307902669879 -2.0311590597113324819 21.062913903863218934 -7.1194223120857511589 -5.6354059485947090025 -2.2850539421752502633 18.54824256236903679 -8.0263536857650414902 -6.9969872086390898502 0 
0.68793301952740437688 -0.13754454676258207058 0.71262167964480549465 -0.19605849151639365147 -0.98059220265323165933 2.7755575615628913511e-17 0.69879126250134515619 -0.13971553153303936656 -0.70154853125084393195 0.37438240250335519388 0.31073493105553912086 0.87365989911276420443 -0.71365923841352219004 0.69812784607850986163 0.057515232389447057404 -0.5920543118015837436 -0.6450281491157501268 0.4831256345149392839 -4.5739988953262145088 7.9464531138872906979 1.7003654232539489044 0 -2.5101998367440012672 7.3582776393381097435 3.796739210757984484 -0.35138709822167951691 0.34255543799044735342 7.4557405378648669014 4.7199370264464057811 -0.70277419644335903381 3.2148557877634025282 7.4417706616290866251 3.8541220672042135753 -1.0541612946650384952 5.1280908174534509669 6.520065589277615814 1.7351731934067218255 -1.4055483928867180676 5.8170464262173506853 4.4976213216057416844 -0.3707817415789521065 -1.75693549110839764 5.8686114008703897937 1.7523944429893509867 -1.5795346558433109863 -2.1083225893300769904 6.0989862271898127588 -1.221494415303644443 -1.9003701347773973573 -2.4597096875517565628 6.9747700267005239283 -4.0895279813653040435 -1.9864528311949776196 -2.8110967857734361353 8.3562815254807958354 -6.663939601203646923 -2.6674908266624761666 -3.1624838839950419889 9.479428732990861306 -8.8049173164442144923 -4.4436537620672265092 0 
-0.3298953313049423075 0.28166821807070541173 -0.90101725028551826746 -0.64932938985215893357 -0.76050729350494927772 -2.7755575615628913511e-17 -0.68523019041591093359 0.58505698137416550786 0.43378325773123621589 0.48808917136493285005 -0.52497563496608390388 0.69725859154853786492 -0.8675938469238809736 -0.20475636530211058228 0.45316194417458544041 -0.095130844504370537518 -0.82612070156861860948 -0.55540499535353415883 2.6759782710015342921 0.2088026374361589832 -3.6072160184996362453 0 1.6862922770867072586 -1.7391855321203180118 -5.662906589747368713 0.060069959648048287804 3.1562894827282814703 -3.537002127866444301 -7.5620957870846137183 0.12013991929609657561 6.0747141689194847913 -4.1738501794365889808 -7.8398761148776978658 0.18020987894414486341 8.6313396941487017244 -3.6456552576602869742 -6.3618152702737189585 0.24027983859219315121 10.015770386497669264 -2.6685037636984936249 -3.8862268063946832086 0.30034979824024143902 10.420546509469286178 -1.9162389116616838081 -1.0104193694133134507 0.36041975788828972682 10.34878498385927692 -1.8855982128104518125 1.9885681484137536223 0.42048971753633801463 10.357715017283826597 -2.9981358021971939998 4.774638852969942171 0.48055967718438630243 11.001334199861574348 -5.3347885377042754129 6.5426244934335837655 0.54062962290597738058 12.46560171395637262 -7.9375700784759182227 6.2572319599204710983 0 
0.27640168680175819516 -0.081762660624923155783 0.95755781802493600274 -0.28366050040086338013 -0.95892477312473878293 -1.3877787807814456755e-17 0.9182259134033816661 -0.27162132982371217649 -0.28824126203464278673 0.72892518445117882031 -0.38132307159448380895 0.56856027872386893929 0.45176454434074159172 0.891934486320364317 0.019017586309266087952 -0.51437036457149953872 0.24299297763963551011 0.82242175364493275147 -0.48701313565688053586 -1.7668992533887291074 5.8936104147170311762 0 0.34219192474839399409 -2.6178807545913191923 8.6482881549271759525 -0.20053304194415622064 1.7255683256980356433 -1.5730246210496230397 11.096655340618783114 -0.40106608388831244127 3.4565094261709528034 0.69678546882302772048 12.019555694966172155 -0.60159912583246866191 5.2185258658521069819 2.9740914377345442077 11.17744029891473545 -0.80213216777662488255 6.8894263619252322783 4.4693782276884164162 9.1843978194911688462 -1.0026652097207811032 8.5636083023247007162 5.0914974317875376641 6.7739834098274247509 -1.2031982516649373238 10.406648415961111453 5.1640044629089230099 4.4079827367733086518 -1.4037312936090935445 12.525369899467849066 5.1633753100307409056 2.2840636891053884838 -1.6042643355532497651 14.85867858552942522 5.6100606322207280385 0.45208924105816183925 -1.8047973791735587579 17.045454138882959683 6.9653542652429525361 -1.0910218526563397745 0 
-0.035704223437365456562 0.02838538303817478986 0.99895919759443163599 -0.62231268082514601403 -0.7827687572228593238 -3.4694469519536141888e-18 0.78195404961733816496 -0.62166497628992778424 0.045612734422409026425 0.95970552816339804725 -0.24978485879846235029 -0.12873547890012987382 0.1257200443623551489 -0.028059130018753153379 0.99166887400387726537 -0.2513160752083741234 -0.96789473060742647892 0.0044744613347342809817 -8.7158207167201702248 -0.27031846134389353464 -4.6807164348860874625 0 -8.8229333870322665945 -2.1372565038193314102 -2.3348542860340728566 0.05574262595624786959 -9.4446942710606762716 -3.8993974240269348996 0.0121198485942755705 0.11148525191249573918 -9.6337390441149377551 -5.9015691283644535758 2.2382336970027911782 0.16722787786874360183 -8.5482924307232330818 -8.0463683187988035428 4.03311830941375149 0.22297050382499147836 -6.0762800705499939724 -9.5620056153677150945 4.8024936906457682539 0.27871312978123935489 -3.1171672949767117444 -9.742198569122448859 4.3429912834658894738 0.33445575573748720366 -0.57029941775734782627 -8.7159234346412457484 3.1345921792537043693 0.39019838169373510794 1.5855808403758075986 -7.1424331907677967024 1.7647972327081806743 0.44594100764998295672 3.9582251486640012139 -5.749566467493240296 0.56877404462478864389 0.50168363454419440117 6.8373417331541936903 -5.3724063344061674385 -0.18517418100033355977 0 
