5
0.9140203824400487953 -0.34657383261889190829 0.21083955755028355172 -0.3545437344725718698 -0.9350394325087272307 0 0.19714330024220821924 -0.074751844108422269009 -0.97752068058532703976 -0.30990480194221914356 0.46027018526651586328 -0.83193171011080102595 0.7978136582199943927 -0.35006015588964112251 -0.49086785799861698543 -0.51715798407332369546 -0.81584878734557664259 -0.25872451699823251214 4.9628769659051634733 -4.0352767413828516396 2.0178811724846461573 0 7.7049381132253103033 -5.0989079448005671935 2.6093110732112707595 0.1318597430391988401 10.446991923215973586 -6.1625322399316297961 3.200736691686795421 0.2637194860783976802 9.5172849662291731931 -3.7690981667330025751 1.6492669654250984301 0.39557921445943383665 8.5875705602691656537 -1.3756571920740854331 0.097793013283393070978 0 
-0.18235977263016273087 0.018035935278061989567 -0.98306643639426583015 -0.098422831372632593738 -0.99514468609574291413 0 -0.97829334025683201137 0.096756182097327683711 0.18324950650705476574 0.30448559554556792195 0.86339792608461518597 -0.4022841574534676834 -0.85467358353146383187 0.43409363643519338627 0.28477320874681349983 0.42050159062570346968 0.25711230238799498427 0.87009865891288296069 6.0995546022750630755 6.2871606883298198909 0.48521417715305403817 0 5.5524752843845748274 5.9918921942119220958 -2.449665843617442107 -0.37735380944032570483 5.9063141173181046284 3.023348715527034436 -2.1996904536887695869 -0.75470761888065140965 7.2271460497501749387 1.2911875107136125962 -0.13690703514500590643 -1.1320614257293029059 8.1406028363868792042 -1.2728332398807791215 1.1245977367321047247 0 
0.43383695365685281953 -0.29241922490919425304 -0.85221857204900663962 -0.55892028912748226155 -0.82922138805125600314 0 -0.70667786723753645006 0.4763222506894411179 -0.5231859186319450794 0.38658983494943371939 0.84405419299432271618 -0.3716460934847455877 0.76991409686416001357 -0.51721650439031952029 -0.37379054433747105346 -0.50772096959217061229 -0.14163194157731917588 -0.84979986476900859493 2.1992655520796660085 0.41220442095213627454 6.8760488688315462014 0 3.500776413050224356 -1.2645564464303105101 4.7560152671189364071 -0.21501643347879340062 4.8022867513050186972 -2.941302612330381816 2.6359838650588454101 -0.43003286695758680125 5.9620567786450973102 -0.63157502307247836981 1.1128187566833844802 -0.64504930046111930153 7.1218262834919272564 1.6781672675209713397 -0.41034415209277486092 0 
0.93801093281956327008 -0.2972758289980673152 -0.17822056953248871514 -0.3021124796273708113 -0.95327228515959783195 0 -0.16989272958068049602 0.053842658182062422267 -0.98399056326547951201 -0.97491782601652376972 -0.073576033503782153899 -0.21005189789446174209 -0.22159890375862711931 0.23304534370324858639 0.94688108737645049207 -0.020716137868573035463 0.96967852150704292313 -0.24350442821379086888 3.728415631047951706 4.023996984335795446 -0.94511705108514831863 0 6.5424484295066420714 3.1176595454536828456 -1.4547952398271899455 -0.1780971538746016769 9.5357051423659626721 3.3180062241643404342 -1.4713922448888760997 -0.35619430774920335381 11.70150856001423989 1.4560409075031413018 -2.3892052525209384051 -0.53429146162380281027 8.7767550819646693583 0.79124419622725916668 -2.4513536661266583927 0 
-0.11802966192796512934 0.094867011694986583259 -0.9884681325147683939 -0.62647837043818088709 -0.77943880540624965736 -1.3877787807814456755e-17 -0.77045042038945721341 0.61925390488792408927 0.151429029590651687 0.7418606262292886111 -0.17564035375030759289 0.64714239343837975937 0.53555277318404870268 -0.42556030357632140815 -0.72943927448068257569 0.40351708561789861873 0.88772118041336423033 -0.22164175477545150494 -1.9381136688819680103 -7.0850623105657888345 -0.65850540076083063923 0 -2.2922026546658633706 -8.9644974218803312738 -2.9698566619292021684 -0.22857522926220982806 0.52858439662484635324 -8.0091054443047813294 -2.6087658398827309192 -0.45715045852441965613 1.7880308544537735216 -6.0189573292801608062 -0.75051259803504655199 -0.68572568639442665894 4.0136127331416391328 -4.412299009728013921 0.46003865881864969278 0 
-0.46142928421393991645 -0.067396454353085180622 0.88461332434597861329 0.14452670121505586942 -0.98950090077568597646 6.9388939039072283776e-18 0.87532568127851995143 0.12785024561860858228 0.46632527959521608008 0.65814807134042396797 -0.74544444570183532317 0.10561105322438413268 -0.63108555698033108605 -0.4697213423439217661 0.61732720685018371842 -0.41057537184018449983 -0.47294232092180921168 -0.77958541874472397915 6.6284638419084132011 -0.047909350120946214702 1.1226589271669382697 0 5.2441759892665933407 0.38567075352422142132 3.748635971002498124 -0.21505152544557018524 7.2138444015626896899 -1.8762611957058412671 3.6848378208155829761 -0.43010305089114037047 8.8639903816389242763 -3.085299809867599663 1.4904714258814859562 -0.64515457633671091653 10.83843459566019618 -4.9785564808085931432 0.25874531036093184611 0 
-0.63224011773801291891 -0.62611402453532427614 0.45634818045304281764 0.70365600789617022137 -0.7105407958390741463 0 0.32425399931881843107 0.3211121388682692257 0.8898012914112887195 0.60790812252280534977 -0.79323404170878775155 0.035035262880973416788 -0.69896102758311906555 -0.55555136794263104694 -0.45035115132196784637 0.37669775217108458776 0.24928383953119140348 -0.8921638699576663889 1.9161757888002597383 4.6755512556351135345 -1.1374942578529640969 0 0.019455435586221092592 6.7865192793236239766 -0.16473225989650885914 -0.19807815462653710625 1.4638700239575015427 5.2635208499833625595 1.9786627765910322907 -0.39615630925307421251 3.3629501094616527368 2.9422336276164751112 1.9071053770444659214 -0.59423446387960976445 5.1866744770300696743 0.84535054486711946886 3.037198633557721017 0 
-0.16137455362741953691 0.62529173245729940955 -0.76352374079795348738 -0.96827397214764654443 -0.24989100596343721827 -1.3877787807814456755e-17 -0.19079771566496719903 0.7393001653314644761 0.64577975908036933106 0.71638470693964995117 0.69413483340755421924 0.070496700016798655164 0.53993612828797499237 -0.48756114931339006313 -0.68611449704083482537 -0.44188452001895611732 0.52958564815379316482 -0.72406982552592547009 -1.7470228799337377268 -1.3815435356919891774 8.6534143932345983785 0 -2.231146540815996282 -4.2863654521349285886 8.0810212462396968647 0.09097937337865974472 0.040870698593905310791 -3.7496347792928839127 6.1969305242101535569 0.18195874675731948944 1.7089692669666538549 -1.3167165832568135109 5.6506564553426166242 0.27293812013927992721 3.8581233877856035974 0.30309180160711202134 4.3250028952857491049 0 
0.72254380750953006718 -0.16174117355873604551 -0.67213855640446196205 -0.21844358030471505705 -0.97584957971177999081 0 -0.65590612777537660172 0.14682435272183333441 -0.74042539191638079288 0.37981142090261554856 -0.91990460236548476924 0.097564374126704156431 -0.18625455720921452185 -0.17935345119224688215 -0.96599253592573364191 0.90611948686182408608 0.34872318834891036232 -0.23945691352941708696 6.8194370841616631651 1.9281497599944117383 -2.4963704324799351753 0 8.9870685066902531446 1.2728190190802666226 -4.4640888158060647584 -0.24920950592596727291 10.97280507380474468 0.21724683046480569582 -2.4785013357800833589 -0.49841901185193454582 11.076031325136689532 0.24841895733857027873 0.51956836107237069911 -0.74762851799650598128 12.215465587844535733 -0.31034471428907334234 3.2379268216578429573 0 
-0.61065902901171764672 -0.78391225979477308083 -0.11214775624112394148 0.78888893244103441837 -0.61453580227033566263 6.9388939039072283776e-18 -0.068918811354457140683 -0.088472123696717613894 0.99369154206427745546 -0.7924664716191700542 -0.60263600391655636201 0.093950721886252586135 0.084313666526283137514 -0.26080170058676832578 -0.96170352947670156851 0.60405967999557619308 -0.75419647291308311576 0.25748705452722769893 11.628472928322437951 -2.8121544339622204234 2.3712695669241412588 0 9.7964958412872853444 -0.4454876366391173903 2.1645131328607698507 -0.27883488805918082987 7.5206399881829337772 0.94605868541757276446 3.5371088380008393059 -0.55766977611836165973 5.4379302496813490819 0.018237520265782736217 5.4868413771079129759 -0.83650466357942532269 3.0605308348238389193 0.27117851984463248183 7.2990204170946419993 0 
0.26654005780930101199 -0.4090759135542322289 -0.87270458606150635994 -0.83784347751975474239 -0.54591053037801307024 0 -0.47641862344016178143 0.7311898452332110665 -0.48824861030751032231 0.069010599912641523712 -0.99575007470519860675 0.060986275704372608364 -0.084004420097264997924 -0.066715085676697497008 -0.99422952820124677054 0.99407283158922477018 0.06348925946759187422 -0.088251455673190593032 1.1025479885542921465 2.7609987618391045316 -3.1682206027562784811 0 1.9021681619821952935 0.24746832927984030448 -4.597476473076763881 0.19341441547500368148 2.6909933967163697233 -1.0141166953335618572 -1.9924624664309482647 0.38682883095000736295 2.2817261429889201807 -0.21455602678878432643 0.86992411892794940798 0.58024324738537402801 2.4887579427268460286 -0.46656928708057998634 3.8521426136956229413 0 
-0.23915029430107498376 -0.49176599242608415308 0.83724150961887822131 0.89929782117595113977 -0.43733674534411853818 -2.7755575615628913511e-17 0.36615647688371716351 0.75292946539832172892 0.54683329687492698845 0.91957114384455140854 -0.31394676975892576998 0.23627597670173389188 -0.32123384845610358784 -0.94696577861685815591 -0.0080391998761706884302 0.22626914507838599699 -0.068507225067897303816 -0.9716527332843729603 3.1395081634710351182 2.847246238228606785 -3.4007121942908469236 0 2.4220572805678104444 5.5451397017564598713 -2.3022427636396951556 -0.20695046141189818445 -0.17689310927845880439 6.2552087011821884133 -0.98269780600498668477 -0.4139009228237963689 2.581810127697515167 5.2915099222575072702 -0.30388920712260747425 -0.62085138423517205464 5.3405235592668347522 4.3278083766415749167 0.37491822761605753112 0 
-0.621380264769486379 0.063400676509171166595 0.7809397676986250536 -0.10150501605445118314 -0.99483502738684548294 0 0.77690623518593837638 -0.07926930365780829324 0.6246063394065237695 -0.64385413187266393731 0.75557131331744509239 -0.12068076633105212503 0.75258602463509349789 0.59689401089989846394 -0.27808598539980200481 -0.13808016654988924943 -0.26986946889854690479 -0.95294508622583906643 6.2562133284470604622 0.13613468622087054882 0.058602679946702096458 0 4.3920725341386015472 -0.16838036194248301447 2.3893213855045170035 0.28747988632202886583 5.6451598891522563051 1.3672096666669311116 4.6413594280312269191 0.57495977264405773166 5.3503116408314266295 2.8890524604311460521 2.072896311171175121 0.86243966386909742816 3.4187492452134358167 5.1468105343364269899 1.6586558115215084275 0 
-0.94783889527235198891 0.19142210565880710127 -0.25487056729649254505 -0.19795968925610582523 -0.9802101618681710038 0 -0.2498267200251275133 0.050454098302541071364 0.96697517751282746623 0.74811796696007659691 -0.53567779861862319102 -0.39162329294696995863 0.61013760980412812263 0.32329059855080921615 0.72333621918936508166 -0.26086702477321199733 -0.78008492163082199244 0.56869667699944170813 6.1449263938080918024 3.9136379495152056052 -1.8833546745671441158 0 3.3014097079910360577 3.3197588817468881572 -2.6328348346425265447 0.18596739491379535303 4.6279590510327084374 5.5688503647611415914 -4.1099449669011844932 0.37193478982759070606 7.4160586367840757305 6.6755155818114673139 -4.0676035138218509246 0.55790218492616949764 9.6604125376643050771 8.5059284112238504605 -4.8502045881414863615 0 
-0.72518501109374922109 0.68038217156226832305 -0.10576767136120028556 -0.68422005169063038199 -0.72927561378704486295 6.9388939039072283776e-18 -0.077133783450765769363 0.072368361565958091997 0.99439086867027759453 0.99217327333051530402 0.10387679730960157343 -0.06929506958875059075 -0.12470439069901395612 0.79583042290506855743 -0.59253924167022686831 -0.0064039541689117135057 0.59654299841624147671 0.80255556842598885225 3.3560820610671129316 3.0319627772646384756 4.874514007259890036 0 1.1805270277858652683 0.97930262219274721858 4.6431126569075926724 0.11594225644186527402 3.7604164473595926843 -0.53518910254447538133 4.4184230937457931176 0.23188451288373054804 6.6374800308439780849 0.29342847141437838898 4.6078909063958102266 0.34782676921239891188 9.6139998508355244411 -0.080684700682663049176 4.5886790438890754373 0 
0.49060228891830592879 -0.50939353667274434034 -0.70698487883698968304 -0.72026709841567515547 -0.69369684080285687333 -2.7755575615628913511e-17 -0.49043317694461019407 0.50921794730367619941 -0.70722866252425564682 0.33203604188469293401 -0.3673856546221623276 0.86878066718095880994 0.57982282409365670794 -0.64698422926771115282 -0.49519380018223430051 0.74401448880354692506 0.66816104934118292213 -0.0018034948533504069346 1.2193967399831677767 -5.6359952935259656215 5.0844358106397891106 0 2.691203606738085341 -7.7967965887729908658 3.6131362798059587504 -0.10040461949275093778 4.1630094944545943392 -9.9575898568511096443 2.1418443707444860813 -0.20080923898550187556 5.159118669001110824 -8.2181295070786752888 4.373880258508322072 -0.30121383421008840475 6.1552267944922034459 -6.478661034659774387 6.6059237248842075374 0 
-0.33252204613515434772 -0.30930204590986770663 -0.89093284439965536592 0.68107940262357458128 -0.73220956516690949289 -2.7755575615628913511e-17 -0.65234955059078947315 -0.60679600944143963215 0.4541350754675744783 0.89009225739007014067 0.22374453425126311634 -0.39708205288949327549 0.40605970060264312549 -0.78496978035493292225 0.46790807160810954368 -0.20700553828518841737 -0.57772037121968766726 -0.78954916236865579915 5.5242352658254816333 -1.5832538862686220682 -0.075321385459702128173 0 4.5266691274200185902 0.45998432160210178665 -2.0323700372320705476 -0.21398247401854597616 6.4876974353543221952 2.1759024289394095497 -3.5189543856506300123 -0.42796494803709195232 9.4221765430654045304 2.693312674916638727 -3.1709004978006074538 -0.64194742205563792847 12.092453315235614397 3.911491776724568048 -3.7919171126561725949 0 
0.72159458302681467323 -0.065205456918019558121 0.68923835219354256942 -0.089996323510262335454 -0.99594209759133911497 -6.9388939039072283776e-18 0.68644149022403477822 -0.062028917719690185306 -0.72453467402570204126 -0.57276745198395939696 -0.42981146977870199333 -0.6979968097308715258 -0.12027689925262680104 -0.79822575099667114618 0.59022802199825685765 -0.81084580128035199653 0.42201629221212877408 0.40550133865814946832 4.2614655106357730574 3.6500814992661361202 0.17491517208320317422 0 6.4262492597162168551 3.3800925287353491555 2.2342396427553072868 -0.33487859955235493858 8.5910264018146005327 3.1101034036394437088 4.2935564706263660284 -0.66975719910470987717 6.8727306524022786505 2.7492728603439631208 1.861026709914169075 -1.0046357992007270976 5.1544282964490850674 2.3884421625857279459 -0.5715106939259051444 0 
0.58170479371076833086 -0.013912761078982495075 0.8132809896051127474 -0.023910381440750558962 -0.99971410596197851639 0 0.81304847741894825663 -0.019445858679969344612 -0.58187114720265042944 -0.63585896483914927657 0.35181143174716378308 0.68695858195796355439 -0.71087792438150321228 -0.61357595221383021133 -0.34376900309937369338 0.30055940088563404267 -0.70693229333289209215 0.64024275019899024031 8.5957884551974785836 1.3068235772735334876 -3.7088241523598952654 0 10.340902836329783909 1.2350924329512817934 -1.2696787201030503844 0.13227305010870174518 9.1375848539790549552 -0.75636736320665676203 0.62400914061216861128 0.26454610021740349035 6.8436785129076422862 -2.6747360755934943555 0.38339812790948979426 0.39681915092218372765 4.9361016183901949006 -4.8073698487380047695 1.2850763305663912561 0 
-0.32150899319369480311 0.50864482585384995783 0.79869418955422688544 -0.84529404599809565557 -0.5343013904157173366 -2.7755575615628913511e-17 0.42674341599577819695 -0.67513144300346283888 0.60173714491654606284 0.74377084714138474997 -0.087128119312122997986 -0.66273193507459637885 0.52908714539428003398 -0.52917711676909762186 0.66335388117239246775 -0.40849935069852760794 -0.84402622584436115538 -0.34748814449676401761 1.5489188032652947413 -2.2166763442739210177 -1.822000631314423913 0 0.58439182368421027647 -4.7525584822682080954 -0.5417703833270892666 -0.30025971478788032742 3.4165719762649202629 -4.1298117639370612864 -1.3104589472702479203 -0.60051942957576065485 4.6751315026753710313 -1.8425793087176112195 -2.7885169396233444594 -0.90077914430402805657 6.9064440440995245041 -0.25531787253477178368 -4.0140149917189287265 0 
0.13404688283561175255 -0.51966834914575066318 0.84378684517962621037 -0.96830485378444275391 -0.24977131568194180233 2.7755575615628913511e-17 0.21075375047563107977 -0.8170428977468945364 -0.5366784511248927636 0.9088562649336886512 0.36807168487329100515 0.19622314971817328422 0.035841041877062995713 -0.53760981366693982864 0.84243166367733657296 0.41556673279745492966 -0.75861645318535986249 -0.50180211991233614199 -0.14072893873678538057 0.76870625580166063173 -5.2239276681522568424 0 0.26141170977004990483 -2.1362083055516674079 -4.5916664167253635753 0.17032735369482632226 2.8065599643978504929 -3.2357153669114104844 -3.4456975759095023193 0.34065470738965264452 5.2601211669053373754 -1.9390825752278202376 -2.3060493863393594083 0.51098206108447752349 7.986689961706403551 -1.831559449596631195 -1.0593491879469947303 0 
-0.069286123939540061878 0.15212803444758035698 -0.98592925413771470566 -0.91005744695822621271 -0.41448213862104460459 1.3877787807814456755e-17 -0.4086500657840516082 0.89725225990199730663 0.1671631114673614027 0.11880576733366476905 -0.9451104196725998996 -0.30438706325095649108 0.78275560767459329004 -0.099457532275435522884 0.61433041429483070672 -0.61088366183933606735 -0.31124667692999274937 0.72797435243132035954 8.6426895827752758805 -0.85319857804400101031 11.171409925872850977 0 8.4348312109566556671 -3.5833709189186797595 9.945459728520695819 0.44741931026484138556 8.3947928611639728302 -2.0979768331621451161 7.3393244018615435564 0.89483862052968277112 9.0882627618174733897 0.72178492033115126958 6.5855995516513212706 1.3422579312168154697 9.444680063818468696 3.0700517433549316948 4.7529485661333126245 0 
0.55004450731627030358 -0.71430186127033923338 -0.43269376117172131391 -0.79231215231811635835 -0.61011593430186206177 2.7755575615628913511e-17 -0.26399335836387149978 0.3428285252085875312 -0.90154096359681268336 -0.94255748868337341229 0.071891534567047526982 0.32621616726411312159 0.14401486312360445297 -0.79369295628810809795 0.59102555810906642897 0.30140520852563607024 0.60405554247621906505 0.73774779015418223693 6.1902835461506953152 5.066941416517593666 4.7224818887867883177 0 7.8404170680995060039 2.6900049595632444799 3.9305018136951739294 0.0046551519471556045485 10.00674000118815421 3.0626162946470221193 5.9721202266795403446 0.0093103038943112090969 7.3829754699972260923 4.5158819001025118922 6.0343992485187500918 0.013965479144123176328 4.5553030039471060775 4.947926489473324807 6.9386148740956574699 0 
-0.74334487904261936642 -0.6459361977451196779 -0.17379533723230658482 0.65591809477608176149 -0.75483206936729652092 1.3877787807814456755e-17 -0.13118629404944912031 -0.11399550647838116446 0.98478179347320837778 0.73938017972110892106 -0.5979423304324380517 0.30948654140787101863 0.36618105936549844026 -0.02861070927074346737 -0.93010368189626402291 0.56500299255627173256 0.80102833707182319323 0.19780096463467439216 8.0037341267092330099 -2.7578843875361229721 3.3311883207096713022 0 5.7736994895813751327 -0.79013010320787779861 2.937629438561323969 0.22040748041869803742 7.1337564762006930863 1.174120892101894853 4.7519896621677526483 0.44081496083739607483 9.8402904780474802493 1.2238657233023575444 6.0451458976208112261 0.66122244125609297427 12.058431017210807568 2.3224089013988526986 7.7401548752896260908 0 
0.12925909372263399977 0.079452408998799739503 -0.98842268356927676098 0.52365923066778941042 -0.85192781979250964408 0 -0.8420647818466355794 -0.51759666205247956139 -0.15172540527449326908 0.49020670789851972238 -0.0030930663731900953639 0.87160072078429717823 -0.25723399913780664594 -0.95596560438066913168 0.1412813962582221694 0.83278331708726360816 -0.29346242720578896712 -0.46941639362044085271 4.4796296656185319307 -4.6507005876049873905 -3.9388644222477608992 0 4.867406946786434041 -3.0797228956016189372 -6.4650587677876671933 -0.20479361970770557089 7.2110822615277028191 -3.2737721983421028682 -4.60239108715013856 -0.40958723941541114177 7.5635438433019626103 -4.4945100330981135883 -1.884750569552301025 -0.61438085868238923037 9.0341639669975215554 -5.2662120305115331931 0.61359938170948935543 0 
0.62818079771359325303 0.39288418738701558208 0.67158834168347381066 0.53026211563054215237 -0.84783376243637631475 8.3266726846886740532e-17 0.56939527053790606193 0.35611785489388614323 -0.74092448961742518598 0.8650219383221026126 -0.0363926597543875463 0.50041245042212323391 -0.34672271168474444458 -0.76426286846666813268 0.54376983098097531055 0.36265742433245462539 -0.64387719496741180336 -0.6737223095441086107 -0.016950721167475535367 4.5340307497025804651 1.1933422817007084404 0 1.8675916719733041127 6.1248170965942065891 2.9015280933144267372 0.20678376807004483773 4.3382910617765633177 6.1372465217647871327 4.6031244129417441258 0.41356753614008967546 6.6252123893037158098 4.2178422083551003752 4.8961438171203761627 0.62035131037253576913 9.2202782042700235365 3.1776740733008663753 5.9841160901177392617 0 
-0.41956297157812888488 -0.54218145677190143772 0.72801523391562983356 0.79085813599636711757 -0.61199951693473719772 0 0.44554497147749511088 0.5757567708714741439 0.68556095220393864498 0.86692199862271923649 0.46160611124157091556 -0.18805862481796575825 -0.21868143329180378398 0.013192210121127923017 -0.97570712630664058196 -0.44791146339140752719 0.88698690162626092626 0.11238130318702160837 3.3375972263137754226 1.0385332007823961931 2.845892630708860338 0 2.0789083115793887124 3.4111076087714975458 4.1825275451413457262 0.25095416981048423999 0.82022680641017520209 5.7836762022742984612 5.519157313628226369 0.50190833962096847998 3.4209853925162958532 5.1276377166948901021 4.1754280691114917801 0.75286250940325394332 6.0217513881398190279 4.4715934165829942515 2.8316936785792425901 0 
0.58416789166346483331 0.39562585967184865643 0.70868050171312968466 0.56075023285127978401 -0.82798500974186473034 -2.7755575615628913511e-17 0.58677683211481501679 0.39739275635279930343 -0.70552955040283538146 0.23567931500049252302 0.43335971111382615151 -0.8698589663067455291 -0.25732224414794258038 -0.8352990117888027255 -0.48586090969671169582 -0.93714487841932148093 0.33834142768509861687 -0.085349605531859384921 -0.29176247469742122576 -0.73541287929198517759 0.89162973145992907575 0 1.4607412002929733852 0.94683781926185428546 2.6519602278043743482 0.033257234842677028952 3.2132426364085238113 2.6290832620856288138 4.4122809335279757903 0.066514469685354057904 3.9202828212693372478 1.8571217858281290347 1.6008560890131606769 0.099771704492769230921 4.6273207662334154833 1.085155053366970046 -1.2105785462494509375 0 
-0.39940029678607841257 0.8987994281839901678 0.18066264368520001948 -0.9138364952181944334 -0.40608233156261069885 1.3877787807814456755e-17 0.07336390757395135076 -0.16509611712213673185 0.98354512310146424703 0.23811604666395155827 0.96710633850409444268 -0.089476691637178223937 0.57016613562047158137 -0.064610951994627435768 0.81898473897501056218 0.78626415797284621156 -0.24602998782171298098 -0.56679618821909816262 4.4383607935280764423 3.8315013841038165765 -0.14588275492975810721 0 3.2401599031698413711 1.0899918984492331653 0.074208967792095958949 0.18196368541496529825 3.6329866313534293631 1.7499186485722912909 2.9742303205064568594 0.3639273708299305965 4.5497982227981221826 4.2259053434100852797 4.3986620358083250437 0.54589105550285832447 5.2641463627899769406 5.9364037502715012451 6.7574545097268625682 0 
-0.2675487335622203644 -0.71665277506999769397 0.64407024085399533497 0.93684221539973300263 -0.34975228869146757216 0 0.22526504081674991742 0.60339219131469690183 0.76496635536883339501 0.84317865872862007848 -0.26128194811344068738 0.4698739118685462679 0.06390713896677960304 0.91647930087541018551 0.39494501978883178595 -0.53382171841700665205 -0.30298091467444832059 0.78945356943226852042 6.8022752129501355967 -2.1600920275042057028 2.1446055694529064795 0 5.9996290122634743369 0.65043461869499319405 2.8204006919031563427 -0.1708349128415573015 8.161639637792561075 2.0101287306711581593 1.2465894015883574042 -0.341669825683114603 10.637111640466109463 1.001924056071268998 -0.115618730466471753 -0.51250473849488598077 13.166647616651969699 1.19364547297160839 -1.7170838857174914871 0 
0.24432121981122878474 0.96171073717360011646 0.1241756802073735455 0.96921219889435383799 -0.24622695529606719589 0 0.030575399659279692971 0.12035258406299059741 -0.99226024834467507763 0.82540150047899873975 -0.42868791278682732981 0.36734049114886652143 -0.56422109852894875015 -0.60432979732672120754 0.56253004189805722035 -0.019155024975271842114 -0.67157439609734725927 -0.74068948657631117349 -1.3875111570363998226 3.556722343379348672 -3.3880462010719867294 0 -0.65454749760271346837 6.4643589400624099639 -3.2963200020941476609 0.25230680925658316438 2.2812096094139913127 5.8785105897616318771 -3.1012509891914010751 0.50461361851316632876 3.8851607581212985743 3.3611428962561875622 -3.4016724504515321037 0.7569204268169436034 6.3613652595582950156 1.6684796006693414228 -3.459137525377347977 0 
0.88151310575751051779 0.19017690355278266123 0.43216592847287654822 0.21088727705288690117 -0.97751038683853319622 0 0.42244668391995549017 0.091138295890677678557 -0.90179410636085677311 -0.6025727474561191066 -0.38780411138901194068 0.69750559511229892617 -0.64075784844741179302 -0.28591965330254320854 -0.71251619736564353325 0.47574726870075401131 -0.87627502705779092285 -0.076201136990469153787 3.1486038978890604767 0.83735583894541321115 -7.2027982324949704207 0 5.7931432151615922521 1.4700176701040739147 -5.9354581807351038947 -0.12750692227802898349 8.437672404506860957 2.1026736893352078184 -4.6681177654526377907 -0.25501384455605796697 6.6299642129570113269 0.18040603547934686013 -3.2408763133840681192 -0.38252076256766842643 4.8222459705490559045 -1.7418675098451890104 -1.8136345073081217016 0 
0.031424714609102608054 0.18056651605522730519 -0.98306063932567966379 0.9851916306114698596 -0.17145684872034991364 0 -0.16855247931979427944 -0.96850311424722046461 -0.18328060292509459894 0.85366451487318528724 -0.13466339598694554436 0.50311297521291575841 -0.4988844186746406173 0.06599003230002331577 0.86415256317429722799 -0.14957016029273625946 -0.98869160278537049358 -0.010848121113834652274 1.810540301053279677 -1.2763248400598143917 -0.70741350315016404693 0 1.9048144448805874873 1.6792500517745949651 -1.2130709411095468298 0.20944375564415984581 4.8328503906184163696 1.3455988453826552842 -1.7745176200086028029 0.41888751128831969162 6.5999693371667538244 -1.0646141704942531092 -2.0357067458216020484 0.62833126232608371708 9.1609628817863111294 -2.561267426518174517 -2.4844172266998101328 0 
0.84464212400936100611 -0.015843855163167164246 0.53509686469136030773 -0.018754769621401656821 -0.99982411384025360324 1.7347234759768070944e-18 0.53500274855873719559 -0.010035618422420795881 -0.8447907110033090472 0.41346766926368189177 -0.16840892926920922323 -0.89480887289747967905 -0.4339576910726221648 -0.9003977008357277878 -0.031059663369953610657 -0.80045312719270300672 0.40115135905557480767 -0.4453676888766049391 4.410252291915142564 6.8511386318334217549 3.180045195187588547 0 6.9441786639432256933 6.7948743229692167844 4.7850534408638001338 -0.18042165382694783093 9.4781010098788929241 6.7386061371468226611 6.3900492158110013818 -0.36084330765389566187 10.718508043111869554 5.4367369405755257006 3.9887023047948435561 -0.54126496151008784974 11.958911050531183307 4.1348638671795781008 1.5873429231212643487 0 
-0.30338529999826241434 -0.47590722360963183535 0.82551176506524504006 0.84323165954172440983 -0.5375503402905716932 0 0.44375413022469289981 0.69609765562718473042 0.56438490920546757756 0.90939085157346222221 -0.050955305500249681305 -0.41280968486200675382 -0.40626741696816148774 0.10400220410580979236 -0.9078162410153012285 0.089191171000896504739 0.99327090885745250581 0.073877172610889552118 2.7683138840589407437 -0.18566752422039201065 -3.9524440706681644997 0 1.8581579840641535561 2.3440274544047809968 -2.6211816799940859113 -0.18078807729974399887 0.948009765188979725 4.8737145193256399267 -1.2899215350714048345 -0.36157615459948799774 3.6761746387725642293 3.6549201820859180678 -1.0223457763222214556 -0.54236423191046623238 6.404347193502474056 2.4361179312033467426 -0.75477226331681479543 0 
0.13774942589397848325 0.14968341291343553734 -0.9790914010267199874 0.73583134587761067635 -0.67716484730377446422 0 -0.66300627907269737982 -0.72044614335468681876 -0.20342081613132595441 0.61322999537146960503 -0.69717220940052271327 0.37134873530995249347 -0.73281929786639499191 -0.32665355003715706994 0.59688636684274043454 -0.29483020444199981025 -0.63816014344968008398 -0.71121500396221415397 2.221841135530226552 -3.8975189400659786543 3.5803130576005202101 0 2.6350894132121620572 -1.6900249024331466252 1.5912942203824280707 0.30875136511723072497 4.9537978138343987666 -2.916699351609446822 0.1356839879137490823 0.61750273023446144993 6.0078542379789094952 -5.7205311073011646528 -0.030272050029157004936 0.9262540985752869549 7.847544224093317311 -7.9189890009003507387 -0.91476266335515632466 0 
-0.32079563104965747034 -0.14099977495297250085 0.93659448352137086857 0.40237922703724421369 -0.91547307860412263647 0 0.85742703523294727663 0.37686616432667618959 0.35041514441778465194 0.84829886682294297628 -0.44362223386569998862 0.28911649238138742435 -0.40891759569785113282 -0.2019419733698421815 0.88994709916948577799 -0.33641556515060255794 -0.8731659366990333071 -0.35271208444409818394 -3.0136988794849770557 -2.2041903241438234318 1.3735254574005608674 0 -3.9760857726339495777 -0.99705264303209073518 3.9458065630994028083 0.39672655626773473125 -1.217397797676373683 -2.159645032941076348 4.1407926986565390948 0.79345311253546946251 0.68955813149305633658 -3.2460991154978744433 2.095520929860110293 1.190179668851325534 3.2344547319618848213 -4.4728519025914286189 1.0862742344083031742 0 
-0.79172452988629482551 -0.029292330697874346956 0.61017557156822643805 0.036972837866727559231 -0.99931627088729069186 -3.4694469519536141888e-18 0.60975837676608102278 0.022559922477829862097 0.79226622536959656617 0.85528162519110029205 -0.2509582234059483663 0.45333576046391960146 -0.32280102625722639775 0.42632277286253028592 0.84501384058847495151 -0.40533053062624302409 -0.86906205960433802193 0.28361646196671047582 -0.35530935548656827905 -4.5203917607071417706 -0.31616106075087202498 0 -2.7304829451454528666 -4.4094732471069590929 1.5131140695473710434 0.054922936734149413462 -0.34032573894247925006 -6.1940607928567468221 1.1932143643126986721 0.10984587346829882692 1.9735659877442759402 -6.184878888470207059 -0.71620386327301410745 0.16476880967881865625 4.5394108633175767054 -7.1532819672418881396 -1.9321954551517435128 0 
0.95600447447650527266 0.14099546990549344239 0.25724642319579504868 0.14590580765862704027 -0.98929848644960727277 6.9388939039072283776e-18 0.254493497112175171 0.037533747143675438851 -0.96634583755142744455 -0.2109412197186809057 0.90377107119472332997 0.37242670781663594903 0.65004274731679545507 0.41424180568166829586 -0.63706212655158200864 -0.73003303246115414105 0.10771061831190797964 -0.67487050181382080005 -0.57809782338664206236 -2.6884220058089880467 1.8251518661471806126 0 2.2899156000428737556 -2.2507045828331069259 2.5886323574837062367 -0.24336491834529447309 2.7044327245314416786 0.15327254043853907883 0.84249102728219837921 -0.48672983669058894618 1.1297388915901320772 1.3245305274092638026 -1.4265493210526432044 -0.73009475503588305845 0.49691523243409024824 3.2746587693596498347 -3.6166484184361058496 0 
0.86696143850669393771 0.31829348164710008495 -0.38349331634771832711 0.34464367884854785196 -0.93873358021844466315 1.3877787807814456755e-17 -0.35999805384493821503 -0.13216854735990760106 -0.92354365154909101587 0.13325524953008036078 0.86988159049216917662 -0.47492005326737912752 0.034787409941122615642 -0.4830036624136688217 -0.87492702450236992107 -0.99047103672054148671 0.10006738038840207183 -0.094623701047562847055 -6.2777543929146730761 -2.3650644827719560226 1.8873706364210676156 0 -3.676870077394591263 -1.3311334462263124667 0.80737647488625308156 -0.28120141550878052783 -1.075999976561476057 -0.29720841277827525495 -0.27262990611516230155 -0.56240283101756105566 -0.6762200132931781571 -0.19284017988279361644 -3.2440307968122810145 -0.84360424652872201268 -0.27645426470117950846 -0.088477950054396486967 -6.2154439069734923606 0 
0.46827488709306297476 -0.76549274917168441679 0.44129296514170268662 -0.85304683910063083818 -0.52183435139939038372 0 0.23028182824183421329 -0.37644356903147435656 -0.89736309201818864612 -0.24519486401852585988 -0.20956324850293447937 0.94655307486470818823 0.043361223864717052257 0.97300988551138500871 0.22665296592384420737 -0.96850363082638502021 0.096617842938137604714 -0.22949010763449237404 7.4818535137133466151 -1.6040282641049117274 3.6235643131604291511 0 8.8866781749925358724 -4.163168781406804797 4.3144097978859319298 0.34519990428854213649 8.3643826856297458505 -5.2296797163724111357 1.5594684467996273725 0.69039980857708427298 7.5381064630947918204 -3.9246818403525454144 -1.0123601724446600336 1.0355997163798942307 6.8025218710392163501 -3.7945981687583918429 -3.9178710649238159824 0 
0.50963837928261779275 -0.51141617012855589142 -0.69189755259953522604 -0.70833687382200516414 -0.70587454493278656287 -2.7755575615628913511e-17 -0.48839287008130571888 0.49009654941345137669 -0.72199569022728482537 -0.17280928107716453379 -0.82242764383318356369 -0.54198682920583274303 -0.77236290544286301252 0.45462135805696524127 -0.44359324058680155156 0.61122213201867325871 0.34195349312068645808 -0.71377539455567406979 3.7823299714533362703 0.36890452737803514083 -2.8295946819088300117 0 5.3112451093011898706 -1.7561060940879804626 -4.2947732921527475014 0.02347571780567224084 6.8401521171407715372 -3.8811174782967938768 -5.7599388044741122172 0.04695143561134448168 6.3217322656062577835 -6.1982054018211698576 -3.9262855074583304926 0.070427155145854000717 5.8033044224058505378 -8.5152941181805790194 -2.0926191114324677045 0 
0.090080476153806848805 -0.013412642253794987424 -0.99584416895600447184 -0.14727264435648973473 -0.98909593479310542463 0 -0.98498541920180227027 0.14666060412914178057 -0.09107354806048161 -0.047064655125499343935 0.35079424971218620133 -0.93526911239855570201 0.8615418567327838284 0.48808402239643644549 0.13971261996950196105 0.50550029410015673292 -0.79919796136513010509 -0.32519543541457535119 4.0081256198375996291 -6.4935412742578790812 -4.228180951077021632 0 4.2783670482990201478 -6.9353592073273482299 -7.1831372086824281098 -0.083904539528962804318 4.3014304079316092455 -3.9581146772526216715 -6.8150569308850554862 -0.16780907905792560864 4.0195114451087734508 -2.1968789952970397827 -4.402885591131562748 -0.25171361858688839908 3.8783174797322748084 0.3877465749013114249 -2.8863847088310907729 0 
0.336825683361734185 0.88187753256586598472 0.32990980067806585652 0.93417997170171385157 -0.35680215872579096326 0 0.11771252906672946548 0.3081951282615537635 -0.94401245935451438829 0.4709789736214981537 -0.20730509621554843447 0.85744002909212402308 -0.60203371695948282305 -0.78598371812452838547 0.14065915713913401675 0.64477454203030470925 -0.58245531324403265749 -0.49498646246478927857 4.3525352452850967211 1.328871755045454961 0.0466414390023857095 0 5.3630122953702992206 4.1314116701505962936 0.39977902620257410593 -0.027719878038050677072 7.326201285922690154 3.3986524292284170379 2.5466122480323352129 -0.055439756076101354143 7.9533966502885373728 0.82022622687343860193 3.9460390073692499513 -0.083159634114144009853 9.3663335711530315564 -0.98587492400501064438 5.8803626334601641901 0 
-0.26140195657233172843 -0.033481444536741233886 -0.96464916418970181322 0.12704624689971105722 -0.99189679460551638535 -6.9388939039072283776e-18 -0.95683241387865536343 -0.12255505588524476246 0.26353745469688005798 0.78943754803730648018 -0.5160801907849579262 -0.33233957698144761528 -0.42019835655932274987 -0.059675879179340307612 -0.90546790699009216397 0.44746139374664495314 0.85445890838795446331 -0.26396642775696982364 0.25687307117765101339 2.7708547620887742369 2.010747389591287515 0 -0.52733279853934411641 3.151993502787907353 -0.85974985204467868627 -0.23111300580847005115 2.0332010226344325865 1.5979280895524381467 -0.6907905571747962048 -0.4622260116169401023 3.8145736448181590816 0.84090257201930707076 1.6012879670165665047 -0.69333901788118701415 6.1828862889300779671 -0.41969249765865979107 2.9436721482565024743 0 
-0.67730015391746167808 -0.5660926066264521106 -0.46989750183018808016 0.64130412224869381976 -0.76728679304861768795 0 -0.360546147240841941 -0.30134720495806283092 0.8827209852347164265 0.65281234463910875476 0.25372863621902441711 -0.71376314127953088828 0.41752858924741870217 -0.90670990277180774086 0.059556942303978864517 -0.6320648066834995138 -0.3368960245802448128 -0.69785037706816299696 5.3921370223726938775 1.3977523423427413718 8.0435785925635485683 0 3.3602365606203088433 3.3216647090888229421 6.9619401508410225787 -0.36674004510633051446 4.2472890651613690594 4.9120680235428908489 4.5778899936789851921 -0.73348009021266102891 6.9507045434842211762 5.6180719520838922065 3.4855838057076664604 -1.100220138064541775 8.9091415774015469964 6.8706577198261467032 1.5893893856571672529 0 
-0.73920584747102791034 -0.58006905238316230911 -0.34219089633118460192 0.617337432804278885 -0.78669847721895469483 2.7755575615628913511e-17 -0.26920105706193220296 -0.21124724947008874376 0.93963045420423674248 0.56786994252964051455 -0.81690740628171520932 -0.10092580410114715406 0.091935229647803456965 0.18479436889991948667 -0.9784676564774564822 0.81796799565813582689 0.54636373487353728784 0.18004173764449943329 7.5615211939193187618 -0.71323314829287198791 -0.71421481406609643727 0 5.3439036515062348087 1.1387791501199646671 -1.5218179852518929351 -0.00042489663453610266317 6.2930516976646755367 2.3730223400133101386 1.0424951264542727802 -0.00084979326907220532634 8.467188458348003266 1.6444229284054026063 2.9770059038142950847 -0.0012746899039566979804 10.170798285936923477 1.9202286173488121168 5.4309098907887021213 0 
0.76612951777357607419 0.47419632461286076452 -0.43380111539700128009 0.52629497306176531435 -0.85030206475694025681 0 -0.36886198411593373869 -0.22830734634202862199 -0.90100865272222441238 -0.86567851643832860464 -0.3678811815330476076 -0.3395057325745520771 0.48493364309183573102 -0.44791955030690899786 -0.75113742966952223856 0.12425807005910911862 -0.81488128750555177682 0.56615229337915806695 2.0904386802822187974 -6.8013312599425574945 0.53536961566580032468 0 4.3888272336029467979 -5.2224463407572621065 -0.5712163366820008914 0.50550475735926092558 6.6872045627458023276 -3.6435617060704572623 -1.6777988973989121924 1.0110095147185218512 4.0901802374961393483 -2.1887604923886874175 -1.305028079276659092 1.5165142719935595927 1.4931446881464545129 -0.7339595631416133692 -0.93225386923010977736 0 
