19
-0.75724304636177575123 -0.0087685996236015126271 0.6530743299176430261 0.011578860767195092024 -0.99993296274467013962 -8.6736173798840354721e-19 0.65303054960703899035 0.0075618567367456207204 0.75729381326049494128 0.63121894770399677999 -0.77425817259124407599 0.045682843991225005609 -0.31444312459202650167 -0.2016203969612433422 0.92761777523179955729 -0.70900505037429917277 -0.59989457215818975389 -0.37072677383604146772 7.399887291767238473 12.060859400960799448 10.593712293208795927 0 5.1281581526819106642 12.095595983262384721 12.552803942029912676 0.025077787248091024108 3.1770893563193665088 11.907410759733064509 14.823920927243886325 0.050155574496182048216 1.7200563583678636359 11.42303144745742749 17.401210855844936987 0.075233361744273072325 0.94824365268633514781 10.610427533181955084 20.184006670125032912 0.10031114899236409643 1.0189819270688300623 9.4984816719990767808 22.969419631726861297 0.12538893624045510666 1.9926714463834369617 8.1837818125310786144 25.484063383853563067 0.15046672348854614465 3.7922355315837732448 6.8126985662606207583 27.454251150341804077 0.17554451073663718264 6.2147144456755532005 5.5411758515308129347 28.685014339085128654 0.20062229798472819287 8.9930244866407633708 4.4909133756452677133 29.10681174547250194 0.2257000852328192031 11.87340774239568475 3.7228482221257475082 28.769976885864178229 0.25077787248091021333 14.670427894837441585 3.2351867214249012683 27.801025127237792844 0.27585565972900127907 17.284265703793391111 2.9779649669146324165 26.351301228214762062 0.3009334469770922893 19.68880351479569768 2.8712551970425068681 24.560540353465317054 0.32601123422518329953 21.907096701803727257 2.8186315409140232369 22.541525656348284201 0.35108902147327436527 23.986311279286585574 2.714086070328419531 20.381444397299794957 0.3761668087213653755 25.976746437783852173 2.4448725268036959335 18.153058124022766862 0.40124459596945638573 27.91478140394395524 1.894588685618034507 15.930180024386894289 0.42632238321755439037 29.80843824705593903 0.95125931184193435186 13.803164873263998658 0 
0.90982934805022908087 -0.41107347331252064304 0.056825671709849631674 -0.41173879545383684775 -0.91130190624085904982 0 0.051785342952603230504 -0.023397333620668661625 -0.99838411597677390041 0.071452072937405936015 0.3414006965868180421 0.93719803971358339734 0.89982301786753537964 -0.42746874924226085923 0.087114895035340728091 0.43036395967681673191 0.83708782860061492492 -0.33774373335414892283 17.616731501385398673 -22.846705692988283687 -4.4816965046805341544 0 20.346219545536087026 -24.081922079349794785 -4.3263404758227244074 -0.023953850625834011839 23.141423478324547602 -25.138378571048015431 -4.0602804213590140137 -0.047907701251668023679 26.008338692102064726 -25.878707000101766056 -3.5778713451425656622 -0.071861551877502038987 28.893548718335257064 -26.15994927400221215 -2.805567137776959985 -0.095815402503336047357 31.673530150469229483 -25.858492528825337331 -1.7189245006955913286 -0.11976925312917005573 34.170605234317129373 -24.906442048874602335 -0.35578014460313100997 -0.14372310375500407797 36.197624305700053071 -23.321311698491069109 1.1864570152010562865 -0.16767695438083807247 37.61511443712191749 -21.208042602891115536 2.775407497437174964 -0.19163080500667209471 38.372620121339785726 -18.726919254557831351 4.2821188929621998298 -0.21558465563250611696 38.514861888867578443 -16.043218129463774346 5.615349757562822397 -0.23953850625834011145 38.156648567915993908 -13.284301971705023249 6.7378789097928146745 -0.26349235688417410595 37.446916670584315057 -10.520471556201270502 7.6639134986335921695 -0.28744620751000815595 36.540863791882131295 -7.7696035795415481218 8.4461006060061212253 -0.31140005813584215044 35.587309633684661492 -5.0165044170706352133 9.1610855326001878751 -0.33535390876167614493 34.727928716833019962 -2.2381958565151398588 9.8976230081075691203 -0.35930775938751019494 34.100308756539902788 0.56996376002535731331 10.746356096875961939 -0.38326161001334418943 33.836445640941214208 3.3708412516306793805 11.788185817771374531 -0.40721546050365747815 34.050801859753427436 6.070310305233278747 13.079277696801838715 0 
-0.067916411253972824857 -0.096502287287941801441 0.99301292520821549115 0.81777692762569820228 -0.57553531311560102157 6.9388939039072283776e-18 0.57151400483754966064 0.81206305906938214267 0.11800563702392868892 -0.22912875070722912851 -0.96345943892088836691 0.13872968375078148506 0.19708427786751100963 -0.18548774224191003079 -0.96267963772765041686 0.9532354394465126779 -0.193236143183012965 0.2323832824257537899 20.745762878567692411 -0.6490929143334795981 -12.841708025532554416 0 20.542013644805773964 1.8042378685436148977 -11.127166011019905767 0.019489209465225854762 20.12912830725681701 4.6997736575187403218 -10.459829369516217668 0.038978418930451709523 19.659132144320352609 7.6374314279513093595 -10.846151245708549382 0.058467628395677567754 19.285037738865987933 10.34280592541148458 -12.087522766732195834 0.077956837860903419046 19.137756260198479197 12.729928552020137289 -13.89859224028910667 0.097446047326129270338 19.329087278070222311 14.863327963566343115 -15.999074368632754783 0.11693525679135513551 19.961504490818189339 16.876184761462340589 -18.131790758089305626 0.13642446625658097292 21.11813331969550589 18.890479536734929411 -20.030431594904001713 0.15591367572180683809 22.818491818280925543 20.951589181200407808 -21.394468106053448508 0.17540288518703270326 24.955844879894275579 22.989082241595877321 -21.92390521054775121 0.19489209465225854068 27.270312299924086119 24.8308899879936682 -21.422980807665712888 0.21438130411748440585 29.411318473410979379 26.28338752061416983 -19.904335076791038972 0.23387051358271027102 31.070458535671530598 27.235590341261417535 -17.593377286109078028 0.25335972304793613619 32.090795145140837974 27.716100317509951623 -14.813446868370625964 0.27284893251316194585 32.481058435588813893 27.875795370030544973 -11.843227339687247834 0.29233814197838781102 32.355396705553189918 27.934083375866087806 -8.8464231840764231407 0.31182735144361367619 31.867418306842424158 28.135879377275838209 -5.893261799637745213 0.33131656248985413837 31.180032054720740575 28.727132210878366436 -3.0335554812982041817 0 
0.62507781388660976774 -0.068866796987121656204 0.77751854695529398764 -0.10951053677515082407 -0.99398563487367286307 1.3877787807814456755e-17 0.77284226652141341241 -0.085146473429709559899 -0.62886000758557436541 0.49797068839398700435 -0.33130171305086936195 -0.8014139806803837196 0.65180694237504710475 -0.466562646076003118 0.59788544651818631426 -0.57199030006820139604 -0.82009662370730318504 -0.016389765458085486793 -4.7990648220278364633 4.3878454106615070174 8.6606907226237446196 0 -2.9238313803680071601 4.0593138003360547117 10.979217522187983747 0.008563962747120994895 -0.99235294034074961189 3.4314756095396465874 13.187212836067567778 0.01712792549424198979 1.0987906666542415213 2.5313188833870068351 15.140888787040415409 0.025691888241362984685 3.4174256618579885725 1.4137237814339513875 16.681964391486122423 0.03425585098848397958 5.971853726559015918 0.17084224678980944323 17.646394667000048884 0.042819813735604977945 8.6939680385237121385 -1.0657754490344322207 17.893037846457698237 0.05138377648272596937 11.441690014285653021 -2.1383031227910351824 17.345630959635080615 0.059947739229846960796 14.029372630125488186 -2.8921016739287508379 16.028199206436624991 0.06851170197696795916 16.280043222807883296 -3.2109749729921852612 14.070458397483188051 0.077075664724088957525 18.077466941067797279 -3.0408352472054764881 11.674569109398905908 0.085639627471209955889 19.394560123202058577 -2.3904404671549426276 9.0588018475328944135 0.094203590218330940376 20.290431592685763462 -1.3125391036996196803 6.4063411997198835834 0.10276755296545193874 20.886677394967687604 0.12074238506023780848 3.8392003629907835993 0.1113315157125729371 21.339752602316135466 1.8349565301505730286 1.4192383499730367724 0.11989547845969392159 21.819782304863846178 3.7568870239138001388 -0.83371072662141409992 0.12845944120681493383 22.495995466834624921 5.8057877232425294522 -2.9181202760083566616 0.13702340395393591832 23.522325766622522281 7.8779452232536240075 -4.8293413061560599431 0.1455873667010354755 25.016237831804488678 9.8333660503787729823 -6.5453122063606512526 0 
0.32416141362896744305 -0.9233947860431552801 -0.20557589115065363905 -0.94354785789703454757 -0.3312362296879937662 -1.3877787807814456755e-17 -0.068094183099491986666 0.19397069173047318258 -0.97864117682509910168 -0.7499427213205182019 0.080646613240209788498 -0.65656838068190603863 0.42795951416450095373 0.81599388025309138595 -0.388593156946424656 0.50441705856806695607 -0.57240729481933438905 -0.64646215655918459753 27.195031729016463373 -20.682253365169245285 -23.029165502038669189 0 28.167515969903366368 -23.512896938860350815 -23.233448051337145301 -0.021158949508756626917 28.627836015444295015 -26.47233867057413903 -23.060637627428494767 -0.042317899017513253834 28.466601644193918474 -29.3970043535575698 -22.412328842497124981 -0.063476848526269877282 27.640079751387784057 -32.036737600256834924 -21.251027574562609601 -0.084635798035026507669 26.205710343682348196 -34.11150827046769507 -19.626881315936135053 -0.10579474754378313806 24.323914107320653955 -35.395233787930784786 -17.674745364063394248 -0.12695369705253975456 22.2162991215903034 -35.784714947923092154 -15.575645160012662416 -0.14811264656129638495 20.100179053734880341 -35.316491627293423505 -13.501330546030885671 -0.16927159607005301534 18.133929485596773645 -34.130088138924705277 -11.570966446721524079 -0.19043054557880964572 16.394395233512248922 -32.408296399219629791 -9.8361864687705420351 -0.21158949508756627611 14.883597945908700666 -30.327782487472202178 -8.2905581981083376064 -0.2327484445963229065 13.54923674312996873 -28.034885176730355738 -6.8898022991103342605 -0.25390739410507950913 12.305568350836617597 -25.644067803993863208 -5.5717369699422620855 -0.27506634361383613951 11.049233303656126992 -23.249949122905263721 -4.2718013336214193387 -0.2962252931225927699 9.6710299575278551032 -20.944846459402963745 -2.934987434878489676 -0.31738424263134940029 8.067743761962967497 -18.836190655639281744 -1.5267770274850591683 -0.33854319214010603067 6.1586045450811619517 -17.058713009806098171 -0.044981258228122822374 -0.35970214205415856901 3.9087763811196198915 -15.774834467312604858 1.4682699174761029148 0 
0.29054946492995925578 -0.51867646025620250949 -0.80408689704845359714 -0.87244100742191887932 -0.48871943747781032563 0 -0.39297289600879820037 0.70151838251571763116 -0.59451178457200470895 0.72810640347708210918 0.62633777552409242162 0.27849965200552800892 0.11819701151178518828 -0.51492809838943698342 0.84904565245852459121 0.67519666148860058019 -0.58527774982530311743 -0.44895369903151338686 -10.185381830993240015 -1.0028675910211148903 7.5549833951778309071 0 -9.3137334362033623592 -3.6201906132868715282 6.3760647071514364725 0.068289332089445278773 -8.4512104408265074085 -6.1404657471123638146 4.9961026515567823481 0.13657866417889055755 -7.3960508870897498923 -8.4779571685840124928 3.4395710296833099662 0.2048679962683358502 -5.968312284560286507 -10.537850484092135872 1.7908109608858302497 0.27315732835778111509 -4.0467135372049982678 -12.209372960849607992 0.20542130654049484129 0.34144666044722637999 -1.6127421981285197106 -13.381541690370303499 -1.099097971729393608 0.40973599253667170039 1.2194924800453841307 -13.980459646314185918 -1.8863025050679778083 0.47802532462611696529 4.2181544288917729446 -14.010358560181487064 -1.9704010949463739433 0.54631465671556223018 7.1038416308234078045 -13.569914318811433063 -1.2784707301540942925 0.61460398880500755059 9.6446823396694068009 -12.82778858066019545 0.1333890680845818133 0.68289332089445275997 11.725001643933593343 -11.970600469293053436 2.1177007999278627537 0.75118265298389808038 13.359068699372024014 -11.153627509218576819 4.4972785273104864956 0.81947198507334340079 14.661516649216968844 -10.47473934817293717 7.1131455062566333325 0.88776131716278861017 15.80405683028786612 -9.9711994230476328482 9.8409786021439256132 0.95605064925223393058 16.978482488567923525 -9.6275863224720890088 12.580080454814398294 1.02433998134167914 18.368118549817808116 -9.3847523527615557271 15.227714357009684676 1.0926293134311244604 20.119116095264274691 -9.1471259544850518353 17.652068957963660267 1.1609186466324263876 22.303435305695515467 -8.7925349199497055963 19.677658942429470557 0 
-0.9218515836187687329 -0.3458878722250715021 -0.17478912330914869733 0.35129575708314197957 -0.93626454117166157953 6.9388939039072283776e-18 -0.16364885833683709415 -0.061402677402786071115 0.9846058919043797486 0.48584723204147362008 0.47241011260345788791 -0.73537823779849909034 0.48685326401582207367 0.55247765404146809143 0.6765665829036902057 0.72589693926533327417 -0.68672929695391848881 0.038425333705738695667 6.6079563395971687711 -7.0640412236048435446 -33.959057363708673449 0 3.8424015887408624614 -6.0101539523554174949 -34.45000393871918476 -0.074918152276312058313 1.334582219374688572 -4.5285573041434208363 -35.168172691289036891 -0.14983630455262411663 -0.73475175823162641731 -2.5184557709180381835 -35.991179482345287965 -0.22475445682893618882 -2.1646504050399810737 0.011156212936786006826 -36.737117781927963733 -0.29967260910524823325 -2.7906928318618628992 2.9097960130422766412 -37.190889761505779632 -0.37459076138156027769 -2.5555806067524735603 5.900368630255103497 -37.157160500675040282 -0.44950891365787237763 -1.5518541201150513054 8.6545236409449692871 -36.519110938842587188 -0.52442706593418442207 -0.0024181883150236178036 10.898617804604569415 -35.268810884704826947 -0.5993452182104964665 1.8136221846645099731 12.492733892446024058 -33.490954549253252992 -0.67426337048680851094 3.6451514412755909866 13.446275719370349933 -31.314659875568366942 -0.74918152276312055537 5.3218895000731389899 13.880551377462634122 -28.865177235032458469 -0.82409967503943259981 6.7661797523373712338 13.974602678638399667 -26.237403257101085785 -0.89901782731574475527 7.9788078045788344284 13.922616344372672259 -23.493893057034952676 -0.9739359795920567997 9.0175825898747845599 13.910639653630459733 -20.679497658277082195 -1.0488541318683688441 9.9788516169005276879 14.106203721495203851 -17.844407804238677784 -1.1237722841446808886 10.982779360206221142 14.649949056029234029 -15.070153573872648423 -1.198690436420992933 12.157420517194969634 15.639403357451554299 -12.49311041435504066 -1.2736085910679422195 13.614962213319381945 17.099963149499011195 -10.315419596559030069 0 
0.74276641765625095459 -0.17082326079024137688 0.64739281921804570086 -0.22413147397085941837 -0.97455891683143003323 2.7755575615628913511e-17 0.63092244466158431404 -0.14510110680949073192 -0.76215650467926288059 -0.69975384971103127274 -0.35308455870696797696 -0.62102805429167062812 -0.6837033693508184351 0.078973075298228154195 0.72547429735055390942 -0.20710927683937963018 0.93225240561805344797 -0.29666681591715482469 26.897152410289290714 32.023828567555746361 -5.4632562600341403325 0 29.125451663258044022 31.351434145643167994 -3.5704889260493875014 -0.063394837659328934221 31.487027010532035121 30.667867750764632007 -1.8512663069792478776 -0.12678967531865786844 33.965609448329161069 29.743828553764281253 -0.43606477759873374378 -0.19018451297798680266 36.446493306239212018 28.371728077248704381 0.54503598041245115979 -0.25357935063731573688 38.687449233646695745 26.424558810562107425 0.97704412531085982341 -0.31697418829664469886 40.345209588489865382 23.929935677415741679 0.80779817395130026902 -0.38036902595597360532 41.082305720070216637 21.10846310937494863 0.10358048595658488067 -0.44376386361530251179 40.714763732045007316 18.318740719740279843 -0.93675689973668385679 -0.50715870127463147377 39.298714682968089562 15.914857716641925833 -2.0395298016353593518 -0.57055353893396043574 37.087879231341503328 14.105292602905812771 -2.9547683649504516978 -0.63394837659328939772 34.400816463104831655 12.901765093065739265 -3.5302831272025279041 -0.69734321425261824867 31.500055374776362527 12.162211919584372311 -3.7269060898395238723 -0.76073805191194721065 28.544064843065516612 11.667961983377098889 -3.5932788116771940956 -0.82413288957127617262 25.605104658794246575 11.18295414146591682 -3.2364862657352784225 -0.88752772723060502358 22.718782198530053762 10.486189207980309845 -2.8079059494211962011 -0.95092256488993398555 19.940738962295053938 9.3959865998432441359 -2.5013941935329282451 -1.0143174025492629475 17.395472150086639829 7.8086604741137595198 -2.5457028487263393401 -1.0777122406762826845 15.296210600953548564 5.7575503660613023271 -3.1670306792444833377 0 
-0.028962930110280872553 0.01395710618042645193 0.99948304030958690092 -0.43411838608601505118 -0.90085583023149362614 1.7347234759768070944e-18 0.90039012408039020841 -0.43389396437954130814 0.032150460859911675349 0.56777720236365680773 -0.81725593420226605446 -0.09859912011413345112 0.43033918311598373663 0.19257565910816806798 0.88188593536472903445 -0.70173872342287546555 -0.54314579399111306834 0.46103732009306597206 27.798225809380792128 15.851091618562296759 -1.7348434486852142289 0 27.711337019049949504 14.548736460304251494 0.96632692355595639633 0.03008440991571550982 28.260569633556961833 12.811221050807878541 3.3494807135633064554 0.06016881983143101964 29.521853823593097843 10.789247538572356078 5.1717721796636757503 0.09025322974714652946 31.449549011608795013 8.7351531798041168742 6.2035827114335688748 0.12033763966286203928 33.860027103927500036 6.9524827386356928827 6.3113856134453074631 0.1504220495785775491 36.472782390654920448 5.7117846330122272747 5.5150657122203501359 0.18050645949429305892 38.995293222607308792 5.175547956020237983 3.9823057042664573579 0.21059086941000856874 41.206093857653677048 5.3720241841751938949 1.9639548145316960692 0.24067527932572407856 42.996206684273836629 6.2222622480848475135 -0.28828607607255285483 0.27075968924143956063 44.363098430621377588 7.592509926569707801 -2.5804542775782834951 0.3008440991571550982 45.378284770429182515 9.3405843312122538435 -4.7971282188852875095 0.33092850907287063578 46.15252282152560781 11.341214630709712807 -6.8942800146267479988 0.36101291898858611784 46.811001049765764037 13.491112530190999763 -8.880320611910443418 0.39109732890430159991 47.479637386697376655 15.700734034520971605 -10.79617816685220788 0.42118173882001713748 48.277917584634359116 17.879209733305501118 -12.698020602182223726 0.45126614873573267506 49.31217663499715087 19.917104621625071559 -14.641549546679115679 0.48135055865144815712 50.663553888856689866 21.671764787573767563 -16.665138710173597048 0.51143496760183015937 52.366885495947663287 22.962782336921733872 -18.770354880442209122 0 
0.65587586430032474016 -0.74810033132538911183 -0.10086002626980122843 -0.75193472792101156976 -0.65923756336115613141 6.9388939039072283776e-18 -0.06649071795864594514 0.075840156411289064153 -0.99490062574151350017 0.41828016221743213876 0.62592933844317322212 0.65822045636051940143 0.53699410634022071154 -0.75486381480378195175 0.37658724202467208642 0.73258380793683031129 0.19594153305507422402 -0.65186492463761336325 21.346687540266412242 8.5269786273515162378 9.380620974671982637 0 23.314315133167387017 6.2711744435884817506 9.1811488207960447738 0.03008119086367418496 24.491683412299519063 3.5715778124144876848 8.6102494020757234239 0.06016238172734836992 24.935766547345622257 0.73803541963970409334 7.7305732742242563305 0.090243572591022558349 24.839391308268954361 -2.0470583394739620964 6.6197269010367598696 0.12032476345469673984 24.45071496286166024 -4.7356428192080013417 5.3467520572573201676 0.15040595431837092133 24.026112678954866908 -7.3686140574359511035 3.9729989943770926963 0.1804871451820451167 23.817142235672022821 -10.013207229395151288 2.5721142913529186913 0.21056833604571928431 24.064352978316435383 -12.698485110865593839 1.2575117142116458702 0.24064952690939347968 24.966422636996384199 -15.356893677964286837 0.19962436280598264138 0.27073071777306767505 26.611228864402278305 -17.795081938141507294 -0.39182827094742095353 0.30081190863674184266 28.901850949441488581 -19.731485519908577686 -0.33406900630876790181 0.33089309950041601027 31.549939986345012954 -20.908355371269600198 0.44216665754098949392 0.3609742903640902334 34.179802798049102819 -21.214292813142801464 1.8529037567255104424 0.39105548122776440101 36.487372538904345731 -20.726459220412419171 3.7068513266858538202 0.42113667209143856862 38.345965324112903261 -19.648852767916295647 5.8007476993797704168 0.45121786295511279175 39.809681186324013424 -18.212867568325272316 7.9906109644239151635 0.48129905381878695936 41.053405430256390218 -16.613576186346087127 10.203175353164287031 0.5113802428770327646 42.30824591690868175 -15.002593867325481725 12.400926776974824151 0 
-0.29502656274920990853 -0.37301147644790083602 0.87967139643763769818 0.78432632039187577533 -0.62034846912081609283 0 0.54570280410945937177 0.68994942952191573582 0.47558199533777167911 0.79208854127941552559 -0.080749912011616048479 -0.60504148162251081278 -0.35447934203659031693 -0.86779461635369181671 -0.34824833078832617694 -0.49693071835332652819 0.49031821864750813056 -0.71599434747711598881 -2.0700404905980036574 23.781440880831187457 20.549889059440520356 0 -2.955120178845633383 26.134419842006813894 22.186997471768897583 0.047816285598692262471 -2.3135339917899546691 28.470965929715667642 23.955855731984023294 0.095632571197384524941 -0.35834444649388047521 30.26411420669349539 25.356497890541476181 0.14344885679607677353 2.3899025503761310851 31.230463929449886251 26.072935069593867752 0.19126514239476904988 5.3865490917734639709 31.36696920082224338 26.0345341783921711 0.23908142799346132623 8.2568906825788062065 30.840195152913413068 25.339079213585709027 0.28689771359215354707 10.826660014189091186 29.857254647574947626 24.143201131166215134 0.33471399919084582342 13.063143055319782704 28.593777376042172733 22.593434245837215713 0.38253028478953809977 15.007712849374403419 27.17520896016042542 20.802814856162338941 0.43034657038823037611 16.730841536246668255 25.683578702753980139 18.851950850903445911 0.47816285598692265246 18.309138137235297705 24.17042454363790327 16.797846037320681489 0.5259791415856148733 19.816155750818182923 22.668162272474809527 14.683110248363632877 0.57379542718430709414 21.320229247981703935 21.198265845187993506 12.543678410213093599 0.621611712782999426 22.885308899101872271 19.77674568734152416 10.415343986173319024 0.66942799838169164683 24.572462424629200939 18.417845102527184764 8.3400358190195369446 0.71724428398038397869 26.440317478643944327 17.136791405668024169 6.3727987497254403593 0.76506056957907619953 28.542439373018719806 15.95224481841912656 4.5901248498320477154 0.8128768561760629785 30.918704996856966716 14.888806792309381422 3.0993326947720531983 0 
-0.37477165364032666295 -0.37537201279043314051 0.84772758574989981462 0.707672470177855506 -0.70654063927871280093 0 0.59895399036993390851 0.59991347464554156677 0.53043184327361614372 0.57130147309938350553 -0.76313058097856822926 0.30207009651699584518 -0.45437405157090615671 0.01241812343940468244 0.89072443071315976493 -0.68349019604783878279 -0.64612499300488046572 -0.3396522417428300411 12.895978449982877123 4.1960057012465226123 16.736531088466463757 0 11.771663489061896968 6.3190231117800887972 18.533393059576265927 -0.02416508389619783162 10.496738940171987053 8.826873293416475974 19.575166826889731198 -0.04833016779239566324 9.228251691065198159 11.545235598263367649 19.612870764664751988 -0.072495251688593498329 8.1941757290549848136 14.139890585888345242 18.518153235404319901 -0.09666033558479132648 7.632720153510975436 16.188596612056450397 16.399778562407313132 -0.12082541948098915463 7.7002930884111036036 17.334310329229221992 13.628007462043596476 -0.14499050337718699666 8.4086668878603987309 17.429794151968682314 10.714410677606005962 -0.16915558727338481093 9.6392508722377492347 16.569946262091246325 8.1170460052379862503 -0.19332067116958265296 11.217211209156175755 15.003206520095686116 6.1032524531730478756 -0.21748575506578049499 12.986622596722165568 13.006037494935158705 4.7319369465994318702 -0.24165083896197830926 14.847791913160612864 10.799426628797686334 3.9152804187319123486 -0.26581592285817612353 16.757758840576762793 8.5251218183620309787 3.4915176672657222134 -0.28998100675437399332 18.712209830349976869 6.2597323964982818367 3.272103247178937746 -0.31414609065057180759 20.722195107069332209 4.0426835932848881328 3.060762598552777547 -0.33831117454676962186 22.789197445762955141 1.9062420013928089713 2.6568678490746329146 -0.36247625844296749165 24.87669239875660665 -0.095236371025035904125 1.8590823466503991757 -0.38664134233916530592 26.878090556075587614 -1.8591837373615298645 0.48690975252760893 -0.41080642623536700597 28.591994975373747678 -3.222305892074245115 -1.5635608356159025334 0 
0.16818447037606973349 -0.13035356309902398908 -0.97709873222295695605 -0.61260278307212512328 -0.79039093502664015123 -4.1633363423443370266e-17 -0.77228998057504771868 0.59857340269602887783 -0.21278643633533200763 0.82540983216287222568 -0.51806282679058357488 -0.22429782983035989608 0.13404378670820199515 0.56580592021175801776 -0.8135698641777800999 0.5483893436362394791 0.64146283458285879853 0.53646487269451137436 -7.7102892331208892074 13.307591403459568369 7.8738967107121284883 0 -7.2057358219926799237 11.469783054243192666 5.5570267689869847771 -0.055386171892722477206 -6.509124355898813441 9.4778793175181768049 3.4246316316471476782 -0.11077234378544495441 -5.495657584304088239 7.3178089935912709052 1.606120082075171096 -0.16615851567816741774 -4.0677462661065790783 5.0556130776686529771 0.24835632231557669414 -0.22154468757088990882 -2.1884183058278132705 2.8436256685871494909 -0.51006267093729029671 -0.27693085946361239991 0.092728404657141910716 0.89655812346278973557 -0.5824629860156420591 -0.33231703135633483548 2.6411847000342580927 -0.56482936611784639869 0.025531352822926175333 -0.38770320324905732656 5.2755369169861872081 -1.3810778095489419925 1.2061573270913239497 -0.44308937514177981765 7.8262696694446516332 -1.4977843200520599698 2.7809948674322044759 -0.49847554703450230873 10.185036072034769461 -0.9656914856246295864 4.556689381631805702 -0.55386171892722479981 12.323552367271165764 0.093173006449950954155 6.3748101006428790072 -0.60924789081994723539 14.283268728478416776 1.526662375118372772 8.1368084337111099558 -0.66463406271266967096 16.150280744026130009 3.1799753443242009254 9.8043948064650940921 -0.72002023460539221755 18.028351787726602851 4.9037312263827370629 11.386019738150526592 -0.77540640649811465313 20.014629552940064627 6.5481324165328826936 12.919208037704629888 -0.83079257839083719972 22.176481265955057864 7.9529748188290989575 14.453102176872150153 -0.88617875028355963529 24.527232575695549599 8.9441248217582813851 16.031562458760390655 -0.94156492147419124095 27.0034620721841776 9.3462561818828966409 17.676730489669086666 0 
0.2162403811099490869 -0.11498531518156339393 -0.96954549912318244154 -0.46949787167957396372 -0.88293360366923989702 0 -0.85604430146212306951 0.45519954833484460588 -0.24491125970436619652 0.374807010562791032 0.91564663688650893558 0.14529604671638449154 0.57919290792055333483 -0.1088880694275503741 -0.8078854892562894463 -0.72391662520453148311 0.38695558491223103204 -0.57114805003406587947 16.77234649503719055 -3.1238700404153152412 21.321123614532488943 0 17.421067638367038199 -4.5323636554540369659 18.752990710146118403 0.0046200205812378025358 18.010955290998683864 -6.3255605086259398817 16.421367798170820151 0.0092400411624756050716 18.695166866290044538 -8.3924997026110119691 14.357477932979971769 0.01386006174371340674 19.624496039988699181 -10.612910726399530148 12.566907472578202842 0.018480082324951210143 20.9300087043699925 -12.846180952695437583 11.047647962770176022 0.023100102906189013546 22.699985795543067724 -14.922260655170701327 9.7998242554825782946 0.02772012348742681348 24.953081306220532554 -16.646620040406471475 8.8250870086822992278 0.032340144068664616883 27.618886138836266753 -17.826622535849324436 8.1172544605840446508 0.036960164649902420286 30.541838772995987483 -18.314070094898326602 7.6496191567165237046 0.041580185231140223689 33.516247043359591373 -18.044527424394544823 7.3664431798700285015 0.046200205812378027093 36.341238449914328612 -17.051552330980140226 7.1837172830982005678 0.050820226393615830496 38.87051428178433099 -15.448959760617293924 6.9981146010434942539 0.05544024697485362696 41.036287085885192027 -13.394786134737429961 6.6984375176219295156 0.060060267556091430363 42.844555751430831947 -11.058991118223083561 6.1747522132544716555 0.064680288137329233766 44.353268843914271713 -8.6090284701811246038 5.3253453140299491508 0.069300308718567044108 45.647039451216883776 -6.2131404144212378782 4.0660212252383747256 0.073920329299804840573 46.816028398033211033 -4.0504576029997920728 2.3466555515593334746 0.078540351452962300915 47.940449429721581964 -2.3128788792381338446 0.17490567594573702692 0 
-0.93082808986248732896 0.36285771132263050509 0.043512624106754452247 -0.36320170792270833893 -0.93171053410489457214 0 0.040541170246809692113 -0.015803859391772027976 0.99905287725092128959 0.98331594973356561962 0.17122373175772143128 0.061418048508038218525 -0.18188954578912075455 0.93001151423390726602 0.31936621068137727164 -0.0024364179040640798583 -0.32520918971534951147 0.94563896217979648284 3.0405896410061674651 6.0499509267052280492 10.452104776163137601 0 0.24810537141870536715 4.9603458029371028104 10.573728286903566698 -0.0060814124002845082462 -2.6935786028409491877 4.3717544458045853872 10.567037213852461974 -0.012162824800569016492 -5.6656514662438466345 3.9687153307056930451 10.500995893615941768 -0.018244237200853524739 -8.6135412804503150852 3.4156144145540294765 10.437411556143789682 -0.024325649601138032985 -11.433204012316968701 2.3911822623279102018 10.430151540427324619 -0.030407062001422541231 -13.876343857772264201 0.65263136598658699761 10.522368030707401232 -0.036488474401707049477 -15.538313272069871118 -1.8360122955121311872 10.733270496922514781 -0.042569886801991557723 -16.002083212844780746 -4.7839924042966082141 11.040315766782311968 -0.048651299202276065969 -15.091394295358236732 -7.6224154763887579378 11.377866000167159655 -0.054732711602560574216 -13.01574100905971676 -9.7692645488368761164 11.665368420458287702 -0.060814124002845082462 -10.248842342623062152 -10.914469839784722183 11.846359101188911112 -0.066895536403129590708 -7.2548989940855204139 -11.095237742527521263 11.906599118063445175 -0.072976948803414098954 -4.3019550985159735745 -10.567642335484682903 11.864424275977748735 -0.0790583612036986072 -1.448274927129343137 -9.6490026251745675268 11.752056961407378211 -0.085139773603983115446 1.3748495639759419351 -8.644878049972927414 11.604687476883587038 -0.091221186004267623693 4.2644513059502200392 -7.8516881893379526502 11.459544344964669449 -0.097302598404552131939 7.2502461271127458531 -7.5779077997460113636 11.359309578676903385 -0.1033840108048409423 10.200193976313443045 -8.1235764371133729611 11.352000324964713229 0 
0.28106196313280129573 -0.51504035167636641468 0.80977627096934667872 -0.87780179691251802865 -0.47902401331995220213 2.7755575615628913511e-17 0.38790227921100212116 -0.71082306575401099646 -0.58673877575542854323 -0.057037421339690176636 0.99799133083043389814 0.027568753222053855867 0.97948987172573942495 0.050592231231764581145 0.19503850216222809455 0.19325196959827523058 0.038127807782396896941 -0.98040805102778272317 12.760128361378358264 -3.1611255132214211017 1.2353187871281279264 0 13.603314250776762151 -5.7945309039589751876 2.3990256247611343454 -0.003104947324674007126 14.647194103800952547 -8.3946326120787055913 3.4713191657434898652 -0.0062098946493480142519 16.047616534013961598 -10.812772176685079728 4.5628466452467577597 -0.0093148419740220218116 17.912157060351432847 -12.842268579788386873 5.748019961011783252 -0.012419789298696028504 20.245021228885097031 -14.216032952268898626 7.0404978964053110957 -0.015524736623370035196 22.893901477434599911 -14.664084286727295137 8.3756542121435710868 -0.018629683948044043623 25.547789140286209175 -14.024622904928357059 9.6198048108419040858 -0.021734631272718050315 27.823549157053850678 -12.343955948269103473 10.617910480754815694 -0.024839578597392057008 29.409253257203900489 -9.8794307849775346853 11.259481968448801226 -0.0279445259220660637 30.170842733091046028 -6.9894458637126577472 11.520150187755110238 -0.031049473246740070392 30.158651683993930703 -3.9901507533225757385 11.456276370683696086 -0.034154420571414080554 29.538006322391687775 -1.0690876551249723914 11.169568630436593537 -0.037259367896088087246 28.511416316313457742 1.7217750048276077024 10.773065243379031486 -0.040364315220762093939 27.275190764395841114 4.4260575952554148671 10.37479469521111497 -0.043469262545436100631 26.013217504150077275 7.131364868241591104 10.076880273556664491 -0.046574209870110107323 24.910964892308616214 9.9198503120807490774 9.9799113149071931872 -0.049679157194784114016 24.169322864374379378 12.819714754538132695 10.181699116866784749 -0.052784104519479166373 23.998210600355289301 15.758184369715348083 10.761455025661621931 0 
0.0060970480837691330006 0.012338162051008794151 0.99990529339626321725 0.89651100225273272493 -0.44302146995354529935 8.6736173798840354721e-19 0.44297951289474407632 0.89642609674049711366 -0.013762421230755375254 0.80743996199798573343 0.54374483339707624374 -0.22887171935972713821 -0.45145015900355317529 0.31974472890039706829 -0.83304025249448665491 -0.37978080744602871199 0.77595416391330596095 0.50364836324686357294 21.851687710682138999 12.131358745609380989 -5.7057670176627341974 0 21.869978854933446399 14.820891752367579386 -4.3768284789785019129 -0.020819024770302552857 22.536879046412447991 17.591084657571794736 -3.4380450985594817048 -0.041638049540605105714 23.897804326167769062 20.221486444349523026 -2.9596915101814289528 -0.06245707431090766204 25.900344701074494935 22.455231474355858978 -2.9722059057734977472 -0.083276099081210211428 28.3912978746522775 24.058406241647841028 -3.4464663335035492508 -0.10409512385151276082 31.149600646594777231 24.879380339679055822 -4.2936481189600712582 -0.12491414862181532408 33.943434279711048873 24.880220630348798494 -5.3865613757698760367 -0.14573317339211785959 36.585605149649261136 24.128048713767395128 -6.5920302131933352641 -0.16655219816242042286 38.96539476124315371 22.757258054644026402 -7.7993138362388609863 -0.18737122293272298612 41.051931126887680534 20.925319162010712404 -8.9352604691251151792 -0.20819024770302552163 42.878459167909028338 18.780266090808538593 -9.9660642031502266747 -0.2290092724733280849 44.520442496788056985 16.446077571024357411 -10.890980591010045231 -0.24982829724363064816 46.076006533982329927 14.023238412077567716 -11.733647325856459531 -0.27064732201393321143 47.651129635544926089 11.59876988183204638 -12.534244714061843595 -0.29146634678423571918 49.347790674490894958 9.2606019673559885064 -13.343150534688264841 -0.31228537155453828245 51.25151130208126915 7.112182986978359267 -14.215021191898065567 -0.33310439632484084571 53.415011800338703551 5.2829349861678256417 -15.201462731373544202 -0.35392341938014165725 55.837331686332674963 3.9285845091571847121 -16.340805153711624342 0 
0.61995417240317240992 0.41194663473170273216 0.66779996574806954612 0.55343821333394849216 -0.83289023527817096504 5.5511151231257827021e-17 0.55620407059066401256 0.36958601990808370719 -0.74434078602940823011 0.47275381446808495411 0.77798523201024993856 0.4138149461774357496 0.24427396691650629657 0.33550114061337943383 -0.90981823115059368146 -0.84666053409424335552 0.53120425772115165142 -0.031432094842234026277 29.547960983251002176 -5.9011433005173818955 2.5970862052160983424 0 31.407823500460519739 -4.240828660515536086 4.2656984169880907132 0.0049238031291608712683 33.004220552780651587 -2.6496932985803196559 6.2455542870196056882 0.0098476062583217425367 34.297971211457344509 -1.2599855598606228835 8.5682529731618597424 0.014771409387482614672 35.234893356318032431 -0.22250095805879430144 11.222646890299824207 0.019695212516643485073 35.752552164903313781 0.30082635945880653594 14.130937736035862784 0.024619015645804355474 35.796821574166301616 0.16027716661029453582 17.12731431700460405 0.029542818774965229345 35.347811249786538212 -0.74095322259665363784 19.953291097389399766 0.034466621904126096276 34.448106683906040359 -2.3981749503237872467 22.286551273300855058 0.039390425033286970147 33.218914873927886333 -4.6717932809027589158 23.809604288698754004 0.044314228162447844017 31.849460281302256703 -7.2956151465395864264 24.299597080949990158 0.049238031291608710949 30.557510325166628462 -9.9354324690735129622 23.697786156118425538 0.054161834420769584819 29.537552307594662437 -12.275059227123986005 22.121146502650066878 0.05908563754993045869 28.921559260124457325 -14.088944740865850136 19.812391814790775157 0.064009440679091325621 28.767493548198380893 -15.272424528193752735 17.060005673796897696 0.068933243808252192553 29.072750959233996326 -15.829429957853387023 14.128016161895558866 0.073857046937413073362 29.798922627514009775 -15.837592683351118694 11.21724084364145746 0.078780850066573940294 30.895079705426319094 -15.411988253962970674 8.4572897243936182576 0.083704655842926745102 32.313341148830573957 -14.679166353213451757 5.9173081221108887462 0 
0.02398731756099436313 -0.0081489724411104042662 0.99967904991771328049 -0.32166510863869235415 -0.94685350391940681369 -8.6736173798840354721e-19 0.94654961120941039088 -0.32156187019560611429 -0.025333715787818521931 0.35269002869790633259 -0.64061899754614715086 0.68206821040130560796 0.91119323398988705254 0.40098187442632826638 -0.094553829708786174546 -0.21292400989113541288 0.65484413135074925894 0.72515000492819536859 11.641810373947899748 6.5352351426858410477 1.4159680989809915186 0 11.713772326630882858 5.5702398167697637632 4.2556169326092225802 -0.07768371585238678656 11.548501087674990728 4.8035315567480028065 7.1512814532527384515 -0.15536743170477357312 11.298898126273757114 4.5298212074296335672 10.128325845424260621 -0.23305114755716035968 11.182712939012883879 4.9900461192935985366 13.090536004566310169 -0.31073486340954714624 11.446509440464064156 6.2916375090665583869 15.780562273812336116 -0.38841857926193390504 12.286161350199288123 8.3132860373285044631 17.831871469468342895 -0.46610229511432071936 13.756247406315313953 10.689073231498360528 18.92476771151407533 -0.54378601096670753368 15.742555231943109462 12.937094798659085626 18.955304612413090837 -0.62146972681909429248 18.033955726237437034 14.665973748263859022 18.083273634867843782 -0.69915344267148105128 20.439719169343010918 15.712466236357938598 16.628228644335958819 -0.77683715852386781009 22.865153634634708624 16.140996855241102281 14.915440291521464999 -0.85452087437625467992 25.312593069775399357 16.161851847326342835 13.180612923813026072 -0.93220459022864143872 27.832447972912348177 16.054311853142191779 11.556178211896268593 -1.0098883060810281975 30.455458136262258506 16.125489243891610869 10.10195322365248316 -1.0875720219334150674 33.120940782586771434 16.680881871437428288 8.8422903308034825898 -1.1652557377858017151 35.619594097943483746 17.965441684274260581 7.7903263606607389136 -1.242939453638188585 37.595604251804331852 20.061352875057284706 6.9521828091255919446 -1.3206231694905747887 38.653674337898053182 22.794932577026948195 6.3134107794521998613 0 
