11
0.90345200027602423631 -0.30104785285569685138 -0.30519612299016113388 -0.316130595891041144 -0.94871568256331417768 1.3877787807814456755e-17 -0.28954434813828794359 0.096481832224515118313 -0.9522895182200498132 0.82980417170661691095 0.039193451551821328893 0.55667666555528372285 -0.42873526642273829257 -0.59377438197575238554 0.68089503936710882304 0.35722696978772161547 -0.80367646267933490201 -0.47591284432290081874 -2.4979178546474685163 0.4963490783134858475 -3.0804805106806014692 0 0.21243814618060419264 -0.45204270935963752898 -3.9491135550954652444 -0.4306508550773811006 2.6235845488556801541 -2.1988895923138618294 -3.5817974256349112139 -0.8613017101547622012 4.6255538939172238244 -3.5230374049625452493 -1.7821600481125585702 -1.2919525652321433018 6.3600376676834766698 -3.4408230462736928423 0.66421417529119963774 -1.7226034203095244024 8.1457486732522141892 -1.9098733870416693126 2.5263055349690635154 -2.153254275386905725 10.272910814340926677 0.15259999992536255053 2.9967998110939917389 -2.5839051304642866036 12.821156827040747217 1.534961685656574204 2.2250973459244360875 -3.0145559855416674822 15.625910758276926771 1.5462024764834039203 1.1605526570131785569 -3.4452068406190488048 18.39499265507627257 0.42310066812203883657 0.89436778398010363667 -3.8758576968759688164 20.884405170196124857 -0.86310513114617570807 1.9660486933432690382 0 
-0.41148229998540492014 0.22625126238119039335 -0.88288882826188197495 -0.48181410375143829405 -0.87627345584937033074 0 -0.77365204467184045534 0.42538828950115614713 0.46958206623588283346 0.88058118607103741393 0.45261640892832805116 -0.14041068729462702347 -0.10013087687127858461 0.46730739858673980835 0.87840628568054024417 0.46319605161822552386 -0.75944860365591460027 0.45682298121960496218 -1.7629421036112686849 -11.863526581032802554 -4.0784700754545806234 0 -2.9973890035674832788 -13.308968892287117214 -6.3994262094701017674 0.31669176127649945052 -0.90562751566375465639 -14.209480388530144168 -8.3522582358747232689 0.63338352255299890103 2.0756621775617625225 -14.494302671963756879 -8.1767060797206791989 0.95007528382949835155 4.7452367696385140405 -14.775662848011114292 -6.8372190246165898131 1.2667670451059978021 7.1519752636805007384 -15.235716089581428534 -5.1063335415676931461 1.5834588063824972526 9.452706049134748767 -15.837326052539882681 -3.2774803679258872613 1.9001505676589967031 11.733940002353651977 -16.520578528666423068 -1.4528878422031692441 2.2168423289354963757 14.053302803096613616 -17.233521809948580739 0.31127446062059077603 2.5335340902119956041 16.486022387465894212 -17.881477696577452008 1.9428467533476574403 2.8502258514884943885 19.127765945678998349 -18.181870327191294479 3.3324349082023516644 0 
0.25172003431512496308 0.037673391548304326071 0.96706656435513282943 0.14801532108288412148 -0.98898506799887053731 0 0.95641439190819532712 0.14314066803154662511 -0.25452359440012534142 0.64131412096799123024 0.62997851793843728796 0.43799916116716719472 0.283625962943026666 0.33577277255686815982 -0.89822767623476940102 -0.71293233296834945811 0.70027402646789849161 0.036657556693583170926 5.5043903773208251451 2.8352981331849349544 8.9942288164572090636 0 6.2595504802662000898 3.2793440964335873744 11.863471992181795045 -0.080914504646201992899 7.3379215344052930448 4.2868229783576499159 14.475393328468967979 -0.1618290092924039858 9.0539827604669138594 6.0065085642228215335 16.235445096129595299 -0.24274351393860599257 11.274528725474661783 8.0102181658893663041 16.46839026049515553 -0.3236580185848079716 13.457560055374656827 9.5290668387680401707 15.080072632243904707 -0.40457252323100995062 15.174785760886182473 10.110519893330662811 12.689876069999106889 -0.48548702787721198515 16.475904744826372905 9.9016407962086692152 9.9947917725806174616 -0.56640153252341396417 17.735606067566223487 9.408861543072216449 7.3170410843464992467 -0.64731603716961594319 19.313524863580902036 9.2727033559053690936 4.7691763502007749054 -0.72823054181582091982 21.237467226484877614 10.123581244734449314 2.6303793512957289735 0 
-0.95711661037681150521 0.016379982054212552378 0.28923950340281384674 -0.017111377733786049815 -0.99985358965803183828 1.7347234759768070944e-18 0.28919715574820986648 -0.0049492863982582447485 0.95725676266678516591 0.73801559520624238075 0.65523286378004141906 -0.16125407112684131405 0.11852670832245633392 0.10937852299289807512 0.98690818120133960711 0.66429240598295069553 -0.74746654301747683657 0.0030604612208387574346 -0.92740875602085282026 5.0971181581637630131 -8.9773381765205186866 0 -3.7987585871512874469 5.0457840249624048568 -8.1097467092758890317 -0.35835358626103019919 -4.9872188438420197443 7.1707690644413686343 -6.3570514128585449143 -0.71670717252206039838 -3.8103659293514482442 9.212413727752577941 -4.5005202405345503536 -1.0750607587830907086 -1.5151325402923556673 10.09519457412311283 -2.7822008178292922942 -1.4334143450441207968 0.93174892326928004938 10.0332057661805365 -1.0475715097745950111 -1.7917679313051508849 3.203570984498704366 9.494006274828132419 0.83606648244963721606 -2.1501215175661814172 5.2744504964096270427 8.8337689077338747978 2.9038058694615584976 -2.5084751038272115053 7.223319288293247098 8.3064459096425142803 5.1227792260791460421 -2.8668286900882415935 9.1933991078201060532 8.1296903184220123961 7.3783371471597671842 -3.2251822770965192788 11.407445893438831419 8.4852704433893801905 9.3712143651086243779 0 
0.64626318027946527689 -0.34007072737519750127 0.6831513757561902267 -0.46567374117363324881 -0.88495647733736160223 -2.7755575615628913511e-17 0.60455923497737018568 -0.31812565693629973884 -0.73027679533340283946 -0.061676403854804148774 0.70000950264824035596 -0.71146519058187374096 -0.05971471358379080302 -0.71413333028821179838 -0.69745805576613251198 -0.99630827266922961094 -0.0005317646387847235756 0.085846042641603309553 18.676983620017129084 15.867015793319815486 6.1301140880918154608 0 20.615773160855525248 14.469994569798915407 7.9437917930239265729 0.15358058185008519048 23.394976592724049169 13.879027450333534688 8.9064862036768186471 0.30716116370017038095 26.241997816849242042 13.8093145923950118 9.8496877680632817231 0.46074174555025559918 28.697030384054372121 13.47843835361720366 11.541829744802218016 0.6143223274003407619 29.882813717308636114 12.068823765408225768 13.90971450240004792 0.76790290925042592463 29.01202912197697259 9.6895108182697171628 15.516121701291190504 0.92148349110051119837 26.870179655050680623 7.664166542877062227 14.958974771282388616 1.0750640729505962501 25.146122252772219241 6.860539898887678234 12.639103645538190435 1.2286446548006815238 24.461107428880133341 6.8132705776156052835 9.7187370816932272533 1.3822252366507667976 24.27607821731572102 6.6341264368642374194 6.729812263685536422 0 
0.95493332099694894222 0.034234809135322251394 0.29483949920796892474 0.035827454457841995117 -0.9993579906655428724 1.7347234759768070944e-18 0.2946502094973107444 0.010563348730246452031 -0.95554679095625350005 -0.19986847813361524606 0.77910515155922510644 0.594178217593366087 -0.68300438541930352798 0.32401918030079857047 -0.65461177830466688032 -0.70253654776570306772 -0.53666258823498735886 0.46737101476490006124 2.9659385129964075389 8.6289578525102648143 1.9563350935065584313 0 5.8307384759872542546 8.7364402158837908274 2.840285721998490942 0.19215871810763046623 8.6616526259952841826 9.5443124518890272157 3.4175871359103382474 0.38431743621526093246 11.414766969719803313 10.206781805051983625 4.4083016108397305999 0.57647615432289134318 13.951331102476563828 9.676390733437278513 5.9197608675485140495 0.76863487243052186493 15.563626867636857654 7.463067616376850566 7.1451763673063366511 0.96079359053815238667 15.700011123173871042 4.4683305282895533495 7.0316318362507166384 1.1529523086457826864 14.818368988007406983 2.0794061146770399517 5.4455252281288712979 1.3451110267534132081 13.814039718450498384 0.59558764352889037585 3.0393607891377407704 1.5372697448610437299 13.101383667387414889 -0.73976142852132431571 0.44919281666086297022 1.7294284646855841991 12.501778232986572092 -2.7887745847792348997 -1.6584168266362455668 0 
-0.71419449502412057917 0.093340601826102098659 -0.69369572243742594342 -0.12959145634645732881 -0.99156747346915541375 -1.3877787807814456755e-17 -0.6878461148536390013 0.089897038931973899389 0.7202681755235458283 0.84389331591786642672 0.10141333281795061882 0.52683907151605979813 -0.30536599784325646478 -0.71660561432026637085 0.62707894310514522562 0.44113000205193575454 -0.69006646741558819169 -0.57377050450352573563 1.6413944253139816087 -4.2638500715403298003 -15.587137083244734015 0 -0.50118905975838035083 -4.6526244405797019255 -17.650675427805651907 0.14575605073984285176 0.15557274410571109158 -5.3248361020919290354 -20.499663917734846308 0.29151210147968570352 2.8172045605560409598 -6.0326205461192721202 -21.689089177645634265 0.43726815221952852752 5.6500021318107309654 -6.6953586913087868027 -20.956935340179658311 0.58302420295937140704 7.9475557620252441637 -7.4025076468239356942 -19.162165298973899752 0.72878025369921428656 9.7912072335516064925 -8.2318698844495816758 -16.94561114591457951 0.87453630443905705505 11.426900630537698333 -9.207619499458276735 -14.627762608877121764 1.0202923551789000456 13.101872281850612367 -10.310918338754888168 -12.396797687627287843 1.1660484059187428141 15.077987089444086166 -11.454084764327468804 -10.450483729275244826 1.3118044566585846944 17.609667037197677786 -12.370182757857234535 -9.1270937231194206873 0 
0.5977949970112332867 -0.2177623013376877581 0.77150549036572235728 -0.34227372525320715058 -0.9396002857605421088 2.7755575615628913511e-17 0.72490677921345969548 -0.26406605824077811207 -0.63622266411653904949 -0.19641007310142910569 -0.95345245571867487389 -0.22880449704566477309 -0.62226818527198413111 -0.059130019218147478188 0.7805677077778537809 -0.75776341214300035887 0.29568911970393813027 -0.58168939796605145798 29.702792275917154541 14.888220437397759355 9.2129630364326402514 0 31.496177266950855511 13.861399261638137403 11.387683374073018783 0.44002148786114197998 30.714520935040106053 11.451403971213546029 12.994193902881530533 0.88004297572228395996 28.8266318103572452 9.2261887992864419772 12.298288527887482502 1.3200644635834259955 27.583447072169605008 7.7058637479080163146 10.030443022117436769 1.7600859514445679199 27.335247869111999108 6.4908497927238517633 7.2987492578586596892 2.2001074393057100664 27.743470391473788794 5.1913247856303250671 4.6258119154545065399 2.6401289271668519909 28.409306037174214765 3.6363750657505926611 2.1481524448474482725 3.0801504150279939154 28.994887887293359086 1.7966384085702744589 -0.14803255219226379991 3.5201719028891358398 29.164950722854502629 -0.23305380483323534513 -2.3506279432895338388 3.960193390750275988 28.57572050355021176 -2.0998583606491880715 -4.6239181797185313627 0 
-0.22767157816684727156 0.30697280265746706984 -0.92408514268093133737 -0.80320123250393260506 -0.59570779758549718963 2.7755575615628913511e-17 -0.55048472512793744649 0.74222632553989642545 0.38218666784225097111 0.96285118181983819774 -0.19299698082196628524 -0.18886441449290247707 0.26960849776685996693 0.72626907748976998747 0.63233257468997772222 0.015128106293859643755 -0.65976161791647502941 0.75132266565317851192 -1.7411513264169313775 -8.8672498110221305012 -6.2564682074532553813 0 -2.424166060917473331 -11.27685350853392876 -7.9079223828370679428 -0.20164945048909213576 -2.1788360378174238541 -14.152095976791191134 -8.7281710791667279636 -0.40329890097818427153 -0.58373880831327928931 -16.692322441827037949 -8.6747451011678453625 -0.60494835146727643505 2.0851228628551399247 -17.954157767654475464 -8.1409914435204004945 -0.80659780195636854305 5.0441636182287004075 -17.653226097328229116 -7.7492072644682714611 -1.0082472524454606511 7.7040528067865823303 -16.275669458940139833 -7.9145407916552903416 -1.2098967029345528701 10.023300659670148605 -14.526649389030843906 -8.6642336763959253432 -1.4115461534236448671 12.320999306477398605 -12.908965174390042208 -9.714805665428329462 -1.6131956039127370861 14.921809807389651681 -11.668614915852421277 -10.549849893646157994 -1.8148450544018295272 17.810363352849165608 -10.859789422551836324 -10.504465574764580538 0 
-0.97372851847690600202 -0.0083781047280506951852 0.22755786003989261768 0.0086038299844446459314 -0.99996298636979508156 -4.336808689942017736e-19 0.22754943729741083924 0.0019578691394072870319 0.97376456103827513378 0.44977210550529744815 -0.48522242895491390913 0.74984281522758133853 -0.87805532553122800365 -0.39388808388721596732 0.27179224175444438583 0.16347445799139459499 -0.78064804605580828678 -0.60321201063446028279 -4.1380491029578054807 17.85426982100588944 0.45400935920474405627 0 -7.0592346583885232647 17.880081310959223373 1.136657671096976685 -0.11645042785808312757 -9.7572893409967083045 17.541006489196512064 2.4037647709732765655 -0.23290085571616625515 -11.740484139087548954 16.342664429804720783 4.3092516011198833681 -0.34935128357424938272 -12.409453018618208375 14.19630163036109316 6.2955917968655903394 -0.4658017114323325103 -11.652881835239021768 11.579797102051298197 7.5531524036499666508 -0.58225213929041563787 -10.009044169051080075 9.0750577995826873234 7.7083030396470615386 -0.69870256714849876545 -8.1360226711694458857 6.8376758772860730673 7.0112137415429485188 -0.81515299500658189302 -6.3768600383726292691 4.6143225294793497326 6.030360063121955605 -0.9316034228646650206 -4.8057078701546398491 2.1267084313037893928 5.4444945387266834302 -1.0480538507227490364 -3.456391553638749059 -0.50745754528989550636 5.9349179127008717671 0 
0.58617591069958130401 -0.17673244269426069408 0.79067278024150833282 -0.28866578538598497428 -0.95742992659906578368 2.7755575615628913511e-17 0.75701378195050650355 -0.22824017909173527352 -0.61223896852876302788 0.69656305504836146802 -0.68084164459862783758 -0.22639471133824928817 0.066418496560854856092 -0.25299308172107115578 0.96518551787512374407 -0.71441479103969340869 -0.68734936937594637296 -0.13100515547946844919 -1.9054362784548544152 -10.939561281112665014 4.8076460564854270885 0 -0.14690854635611061418 -11.805558637270619826 7.0786874023369463771 0.051537430873246435625 0.94315805211175463008 -12.540851721240015237 9.7751865210200588052 0.10307486174649287125 2.1473144863917696945 -13.602884804101808669 12.309375072032890941 0.15461229261973929994 4.1338662035448345833 -15.137140103963160342 13.95243575955516846 0.2061497234929857425 6.7356432333694113979 -16.627150720909735782 13.849651273305326526 0.25768715436623218507 9.007210729341775135 -17.280080964752063011 12.00205345756474351 0.30922458523947859987 10.373104517975479055 -16.881461466319898079 9.3609480870794197216 0.36076201611272507019 11.231518135244325407 -15.855525667079719554 6.6756899086494394524 0.412299446985971485 12.43243152543542962 -14.84926320297321034 4.1173244138092908173 0.4638368791049685691 14.522120690580511138 -14.650007713290639444 1.9740800406902074826 0 
0.90505114895243565787 -0.40088844665599665529 0.14202419201536864435 -0.40499379302153559745 -0.91431943412246763359 0 0.12985547887519255372 -0.057518916225123069286 -0.98986318695180375293 -0.61937500768215314473 -0.10315765006640198465 -0.77828857057746314574 0.73124659716336293247 0.28501199844661812 -0.61971491419721913552 0.28574991512813185945 -0.95295679858755522051 -0.10109562814495454131 15.22199392718945532 -7.9947092513694624216 4.6293705882553384257 0 17.937147374046762849 -9.2096906304340695471 5.0189370248809161978 -0.14985056134834240371 20.427234732979378862 -10.809241171603167331 5.5097786344976986683 -0.29970112269668480742 22.029461740388363467 -12.730769698693590541 7.1652493886630601594 -0.44955168404502721113 21.842486599611611098 -13.783724257275199676 9.968153287094562387 -0.59940224539336961485 20.112798114207258493 -12.822766065630872845 12.223076145677374882 -0.74925280674171201856 18.406791846906585874 -10.389733974734818744 12.63523978313881635 -0.89910336809005442227 17.631292611406088611 -7.6254035850807779795 11.76512876053972434 -1.048953929438396937 17.412546348641701144 -4.8069947647990147743 10.760766600893298062 -1.1988044907867392297 16.791982657525046818 -1.8859356937583755531 10.473884889776126528 -1.3486550526922387316 14.933857634478586718 0.30780409773171202303 11.331134635160525548 0 
0.26496417938681676718 0.2612275512505203845 0.92819941290087426555 0.70206772520409066463 -0.71211018053862529253 0 0.66098025149668748757 0.65165885035108928047 -0.37208312228650264331 0.34465690898859868696 0.14343985436173523063 -0.92770503031249607062 -0.50864761703234750989 -0.8020710189719892913 -0.31298511500157522036 -0.78897985828140060338 0.57974743527325678372 -0.20347897807965828476 8.0269876930229973055 -0.47538655621548570052 9.4436688291539514495 0 8.8218802311834476626 1.6308166193967863489 11.426609583644014023 -0.36668067540097604162 8.2198309051924418611 4.2538144193452733788 10.100955348666678546 -0.73336135080195208324 7.7753902222604907024 4.1620439882430062539 7.1354816619408492073 -1.1000420262029280138 8.3492840717488103763 2.3566950746664923066 4.8092443276839720312 -1.4667227016039041665 9.6663795801146807918 0.24385739359427585637 3.1355704225771630078 -1.8334033770048803191 11.362220247971874798 -1.7699693481904530401 1.6972978421140703098 -2.2000840524058560277 13.224395363681576754 -3.6383383773558755081 0.26848661146336361139 -2.5667647278068321803 15.121390819771500347 -5.3621028946143969307 -1.2903736579824864883 -2.933445403207808333 16.854566437984452421 -6.9445807490883133539 -3.1590269280805998164 -3.3001260800701284204 17.888537164950253811 -8.4705236001853467798 -5.5259665029248052903 0 
0.030053145205081687602 -0.083299369690893243501 0.99607129437223607127 -0.94065191976575834865 -0.33937290086421578739 -3.4694469519536141888e-18 0.33803960463868026887 -0.93695637527480801765 -0.088554935083358432557 0.71172050725949298489 0.058851444990962592518 0.69999316208714890131 0.69121193332263608511 -0.23630354707864106856 -0.68292510341210643787 0.12521973797558236252 0.96989542789958971269 -0.20886090146506208765 9.4144369215284342545 3.378114431750830704 -4.666484492445576393 0 9.5045963571436793416 0.55615867245355588011 -3.6523656785295353089 0.23665444628652970716 9.622883513851398618 -2.4411539862010558366 -3.6986910298612922787 0.47330889257305941431 10.762723615542395095 -4.7742948753210407986 -5.2010855984810655528 0.70996333885958917698 13.09168353850158617 -4.9981136415830178521 -7.0787945315653768574 0.94661778514611882862 15.408686766086788111 -3.1364380920591172774 -7.4857520552763485711 1.1832722314326484803 16.746386689641660439 -0.9146814039764982196 -5.9776570708636498352 1.419926677719178354 17.485571665040691158 0.51324256187444317057 -3.4449401682342943865 1.6565811240057080056 18.545370134136220486 1.3479479392966804419 -0.76536693569582536778 1.8932355702922376572 20.450882543727274765 2.4584700920029822768 1.2682869626643689109 2.1298900152674784536 22.586044065505753053 4.5321058919708923085 1.643946176591112085 0 
-0.67060964720810378736 -0.7410309840833830819 0.033996789551889283754 0.74145959067613731452 -0.67099752264399215029 0 0.022811761567166868869 0.0252072456654466176 0.99942194207459955635 0.4921307220970539964 0.82304380066931592808 -0.28355996640576475176 -0.20203341796851215229 0.42482798902149132569 0.88244188350730223824 0.84675253196680244638 -0.37698817212714064162 0.37535325719120260501 5.2015028614937328655 4.9543581848494309128 -6.5195729285742372028 0 3.1896739198694215034 7.1787369568778434115 -6.4511376438727365823 0.22876390037121380194 0.67476552824642765938 8.698237659559080015 -5.8458459635734998372 0.45752780074242760389 -1.5838600065748107415 9.1862055832755924456 -3.9326129219219509991 0.68629170111364135032 -2.2346436957842770177 8.8249541850815482746 -1.0264267583106421178 0.91505560148485520777 -0.82932225985925844824 8.4223843578189310222 1.5933005384231444523 1.1438195018560690652 1.7131423990033538551 8.7167516998657603722 3.1582997763354079268 1.3725834022272827006 4.3448288097310427958 9.8265775645245945213 4.0761969616145172779 1.6013473025984965581 6.664116047157118139 11.316788098084789027 5.2594977570723147053 1.8301112029697104155 8.6220392022789340558 12.289136507703959822 7.3140175628033148314 2.058875105177214504 10.098431368570098599 11.68303625379842714 9.8542751587037251682 0 
0.42133084287394007017 -0.18737125276732186085 0.88734003317755238971 -0.40634327353967686358 -0.91372049558333734431 0 0.81078077486592792233 -0.36056465382417213217 -0.46111567477202558551 0.66554617164788065775 0.42271278277872664786 -0.61511153190321110618 0.69918136186190593673 -0.64147737130265525263 0.31567737538754081505 -0.26113926673286891322 -0.64017238723807901035 -0.72248570780889398435 14.835084257189670609 4.9738083277766946821 7.3089187632999053079 0 16.099076785811490709 3.7547785071576642579 9.7412610878976888529 0.0076810793296254436385 17.550461065400128291 2.3467819513076229043 11.957352354943425965 0.015362158659250887277 19.6913895641259451 1.1111322804874224079 13.657230146575708218 0.023043237988876329181 22.53501263954534295 0.53356114053678560527 14.418917909143457834 0.030724317318501774554 25.474925816891708763 0.96494366344096782484 14.005687188214526628 0.038405396648127219927 27.785799551520128148 2.3319499267303633872 12.66735656110964392 0.046086475977752658362 29.273358320926494258 4.279532893436747365 10.937008998164699847 0.053767555307378103735 30.336338393345954501 6.5177320611031124287 9.2456872334317470319 0.061448634637003549108 31.613583420428970072 8.8576868203823853065 7.8697352959656754479 0.069129713966609704356 33.610221935372607049 10.955230905968107891 7.0863174957670649334 0 
-0.90290065104043248922 0.11889730516824724427 0.41307849759397069489 -0.13055660769617224992 -0.99144085662578373963 6.9388939039072283776e-18 0.40954289950825800704 -0.053930127358100259094 0.91069542374248724226 0.31256018188373119182 -0.86270427497017521112 -0.39755184146095157161 0.81970060340679307131 0.033476608433534227327 0.5718131141048869992 -0.47999693069367577181 -0.5045994952791494903 0.71762266957550802093 4.5644438988161848414 -12.703750727846939483 -1.81944199679154206 0 1.8557419456948873737 -13.095420550935456205 -0.59081329826676798334 0.24589064308617503141 -0.37132560478867615572 -13.975497239042537601 1.2163024296010755965 0.49178128617235006281 -1.3872771507730428109 -15.233287699762488643 3.7433126501740643377 0.73767192925852509422 -0.58868167853335673367 -16.153752800137183954 6.484649931042391735 0.98356257234470012563 1.6601316846474079014 -15.921260040189572749 8.4566351174102720734 1.2294532154308752681 4.1509774011630735657 -14.382517410728876683 9.1108003537454873566 1.4753438585170501884 5.9622856582151264604 -12.021394534341711235 8.7309754377312795981 1.7212345016032251088 7.0267620979055340769 -9.3512249749635909524 7.8724287933942882489 1.9671251446894002513 7.7895107214530350248 -6.6583054633033711411 6.7924255884572071196 2.2130157877214848838 8.7271912671042244369 -4.1992036530829928154 5.3524347963761780278 0 
0.69281662885999384383 -0.29886618045061602578 0.6562652855042184763 -0.39609569864150795393 -0.91820923406252885624 -2.7755575615628913511e-17 0.6025888451446551608 -0.25994385675596209939 -0.75453023467722402096 0.79054911896504320712 0.056681926764538204111 -0.60976983336489609666 -0.49360198470222838019 -0.53037853371735943497 -0.68924283940411379401 -0.36247644227123798633 0.84586391940434713099 -0.39131197100050751914 6.7418318424014245238 9.098787272076432231 -2.4932851316129385211 0 8.8202817289814063884 7.9105001761519080361 -0.68551859617897292765 0.38361073453204730388 10.60709749928243717 7.1405926691910881488 1.598022132472389556 0.76722146906409460776 11.516181770367095893 5.8430419826839736785 4.1455568595812462007 1.1508322035961420227 11.642011936497430824 3.4148542777788879476 5.9028379058310891381 1.5344429381281892155 11.792841673866174546 0.41962163113744249676 5.8268656462815799912 1.9180536726602364084 12.837802946549922822 -1.8598477682784291254 4.1800402602725128531 2.3016644071922840453 14.941322485802167819 -2.8966432748919763718 2.3091419893935940522 2.6852751417243312382 17.667758827564814084 -3.3475390492957228794 1.1415532981670430956 3.068885876256378431 20.477987941656714099 -4.1592341465621807117 0.47539353661282390817 3.4524966105454102383 22.849635298551845608 -5.640040100668864298 -0.61203579020089216023 0 
0.14757595998109615532 0.21858698512784166534 0.96459373104347867489 0.82879637161258745692 -0.55955033232213291505 1.3877787807814456755e-17 0.53973874276122479898 0.79945178436908359565 -0.26374027760586993274 0.49646940733029221171 0.77697079398928126093 -0.38708463270036364001 -0.46329732053713634787 -0.13992738084373637641 -0.87508623624950365727 -0.73408018660648921561 0.61378881822486686115 0.29049882315407538069 -2.9440310496905706117 3.8984893008807230963 -0.14482737732747921755 0 -2.5013031697472820625 6.3848784157184859112 1.4743888509561950961 0.2861562994402118143 -2.5581796798680582761 6.6215295164049319254 4.4644894043325056288 0.5723125988804236286 -2.4260651896706977304 4.5457304811385679244 6.626333584864333659 0.8584688983206354429 -1.6777296808466439781 1.6836022297838812989 7.1245560678476067551 1.1446251977608472572 -0.32565974413627646333 -0.91762303028086589229 6.4877288586431776096 1.4307814972010590715 1.4416302322936962454 -3.0717208749514881561 5.3757232376052037637 1.7169377966412708858 3.4192400467175390055 -4.9427056883100215501 4.1153745279120439449 2.0030940960814827001 5.4164221802346572687 -6.7066089487252718015 2.7370015113808419116 2.2892503955216945144 7.2508045799925309183 -8.3998652535123046192 1.0732943413743827321 2.5754066949619067728 8.7402128019834020023 -9.7897572151237106652 -1.1289462184450909099 0 
-0.3840080274425321516 0.35613793586672237712 0.85188238947420780178 -0.67999886486182115064 -0.73321316394799862515 0 0.62461138209796518428 -0.57927905783823718799 0.52373313290617218296 0.7149723866002517525 0.068753146014830346378 0.69576396235519666345 0.60393847874860062674 0.44063366922231089751 -0.66415381007301932392 -0.35223969152548062489 0.8950502636504531484 0.27351823568692468225 4.4386213332096895456 -18.627414715828201963 -0.56351735832980409668 0 3.2865972508820933129 -20.667411310413665859 1.3103167879640915672 -0.12669829283811948062 3.6073738283194618504 -20.323438946785888248 4.2732081799462893201 -0.25339658567623896124 5.2461484177814066143 -18.239883224029796338 5.6779103493630698196 -0.3800948785143584141 7.2410700827765124288 -16.062377631926707977 5.1499230540285703128 -0.50679317135247792248 9.1762543569227954521 -14.409083322645219738 3.5619396859438379188 -0.63349146419059743085 11.058345356994729869 -13.19958040690024248 1.5632299916437981668 -0.7601897570287168282 12.97424221986116244 -12.21862655615273674 -0.52652369425163825234 -0.88688804986683633658 14.995847479294768689 -11.246918359921805219 -2.5187329847453669984 -1.013586342704955845 17.148993572286567399 -10.024699952442549744 -4.2128821824822777486 -1.140284634459760138 19.293910732087322657 -8.2128845161967429789 -5.2696012570587118518 0 
0.81542174367245900957 0.53235696904868001766 0.22733991609805193068 0.54667130214218218054 -0.83734729199667867761 0 0.19036246310745591481 0.12428020796221650457 -0.97381546637365068442 -0.11236415462526845588 0.50210990822514101062 -0.85747299480362071389 0.011918142166106654098 -0.86219481565050082317 -0.50643662757812846209 -0.9935956192750939886 -0.06712480858475500245 0.090895574313619539875 14.936991539371208049 -3.5015990294286636342 5.8947849102668241628 0 17.3832567703885843 -1.8615851230021172036 6.4658722995891917407 -0.38662593194154715182 18.22598223393264405 0.95051938925584922302 7.083843085599581535 -0.77325186388309430363 17.088422172569234903 3.6169555050526471796 6.3118226536400197091 -1.1598777958246415665 15.466890706452046444 4.3498040225109351198 3.8965566124297925654 -1.5465037277661886073 15.303767230946160538 3.2032925260358386943 1.1290884986249325461 -1.9331296597077356481 16.951618012010982284 1.8004639698687789906 -0.94857061655481544893 -2.3197555916492831329 19.496606928800709113 1.3848120077350354329 -2.4816331323950588938 -2.7063815235908301737 21.832745679054308852 2.1232011108162880397 -4.2128908277975769536 -3.0930074555323772145 23.036590206914329571 3.237228780126049088 -6.7247998280619949441 -3.4796333874739215908 22.699497743038524078 3.2729832066243673694 -9.7055866858872761327 0 
0.38700397383337675761 -0.26376722857799217437 -0.88354670129284063052 -0.56319234388000916081 -0.82632583391477087975 8.3266726846886740532e-17 -0.73009746474845138575 0.4976067376285653876 -0.46834306510776879673 0.82350243721075033765 -0.56111817785669948488 -0.08360697570616315577 0.54988825474946978478 0.825738165781209843 -0.12561603743497698482 0.13952291280121437156 0.057470619024517138884 0.98854968754858441038 2.5062647575235330599 -1.1166977394945460933 -11.708757000187667074 0 3.6672766790236632772 -2.8062747711345732426 -13.899049394433021121 0.21249793358331509063 4.4197682344146960176 -3.9361096714131713625 -16.57435507500320071 0.42499586716663018127 5.1203710829762885126 -3.6939613665123220976 -19.48132801199067643 0.63749380074994532741 6.1765766292017190153 -1.8853296902384899525 -21.629169091904039135 0.84999173433326036253 7.7482597341536179059 0.62434601956323998451 -22.110092389945286584 1.0624896679165753977 9.7139792251773453557 2.6231822853517199334 -21.042110366322393844 1.2749876014998906548 11.951281353805413232 3.6330298927169768497 -19.317377487094887556 1.4874855350832056899 14.475896873855306879 4.0549520058535026834 -17.752665181967653751 1.6999834686665207251 17.225390186842492568 4.7116457745618776087 -16.748161679391163403 1.9124814009262938175 19.695897498474742804 6.3613105388102910709 -16.329592940987517125 0 
-0.017434529597908955678 0.010445327026701920967 0.99979344482798282456 -0.51393883345062030266 -0.85782683303299356314 -1.7347234759768070944e-18 0.85764964446393554542 -0.51383267672647081614 0.020324066497507651402 0.021585756208635065168 -0.77536873878177847708 0.6311397420927123969 0.98634981777597252606 -0.086560661336364419505 -0.14007601108796993716 0.16324243352206932456 0.62554821623034406741 0.76291633687372795158 19.479347974012060973 7.0978473711700438287 -16.107501489914621828 0 19.427044385218334099 5.5560308708181826987 -13.534552556522815081 -0.072521726321557844486 19.394273504888317916 3.7650152002858425782 -11.128059472005581654 -0.14504345264311568897 19.118429157472242252 2.4789629588976027641 -8.4317682322055294009 -0.21756517896467353346 18.593048719582039752 2.5103141513825306674 -5.4783031561458894743 -0.29008690528623137794 18.1003808420543848 4.2198756528601606419 -3.0628077957999373382 -0.36260863160778922243 17.983773076788050815 7.0160521879324644345 -1.9821768865279167926 -0.43513035792934706691 18.336770126512902834 9.989239289598838667 -2.1707460826123945452 -0.5076520842509049114 18.986958061091296912 12.824487648322676847 -2.9046750026835383984 -0.58017381057246275589 19.593919961966598464 15.725828636402180649 -3.3670692535163002646 -0.6526955368940202673 19.65867723059249883 18.684878089730098338 -2.877341952950088988 0 
0.2312669146404318643 0.22203028955313039439 -0.94721600742050826582 0.69255463659231664142 -0.72136542427155747603 -2.7755575615628913511e-17 -0.68328887706970564686 -0.65599883779353529434 -0.32059606249352423646 -0.19751408980643508917 0.052658341505291361706 0.97888471404851751245 -0.73733503988861925915 -0.66601793001016917906 -0.11294758013086032833 0.64600713872246284808 -0.7440747381647095926 0.17037476557499714458 14.594420219958688989 -12.707719074988929719 -3.4985885049712606154 0 15.288220963879984637 -10.630055165211979684 -5.548455136180377778 0.023233040973568444554 14.504003044605948247 -8.6822136352329835063 -7.691097626898666384 0.046466081947136889108 13.807187758282498891 -6.6929147769352033137 -9.8258472997943808735 0.069699122920705333661 14.748234369182597447 -4.6566930709978056058 -11.817886383458919397 0.092932163894273778215 17.59440328109454299 -3.8953339479089059694 -12.383213565445373661 0.11616520486784222277 19.790170256687925843 -5.2994543800540458989 -10.897618330808040099 0.13939824584141066732 19.459457984788492979 -7.4966125237994312158 -8.8819019018113589681 0.16263128681497912575 17.611899167155080193 -9.3370522119840000386 -7.3988895066458200134 0.18586432778854755643 15.693254973816685549 -11.167420154464380744 -5.9958361329853619992 0.20909736882749696552 15.100712704397373898 -13.379425274130234413 -4.0578147168179725668 0 
-0.31790726193446511294 0.69290742910651215158 0.64715861077353764585 -0.90890343671741335996 -0.41700664589820990447 -2.7755575615628913511e-17 0.26986944164281800873 -0.58820468543333526146 0.76235538464791119395 0.99156669225501015141 -0.12291050425934033075 0.041091395123222566876 -0.12516876525832038025 -0.82608827892196934339 0.5494642259796780337 -0.033589805211784944106 -0.5499737842574443647 -0.83450617829670992176 5.8499947582176190508 9.6179769394486100964 2.6676202905988444236 0 4.8962729724142235455 6.8912666292963695724 3.4772286155272986719 -0.13634248347122140954 5.5080284682544684571 4.2860116334642270886 4.8330831877886284431 -0.27268496694244281908 7.4895799065437884678 2.4179751945589518236 6.0915951855230741074 -0.40902745041366422862 10.249414956842711533 1.4704178899719042573 6.7883309396846378547 -0.54536993388488563816 13.24063237268414106 1.2410598538285666503 6.79349117619224252 -0.68171241735610710322 16.182088936638272969 1.3881799350029082607 6.2223470263508842137 -0.81805490082732845725 19.029296804236135898 1.6073299162282588259 5.3028929644389268816 -0.95439738429854981128 21.860322513343685813 1.6906685819974243135 4.3137706997677742748 -1.0907398677697712763 24.7654517762875237 1.5360125002682627482 3.5814516381625636221 -1.2270823522491451918 27.740151853052555708 1.1605062044933016629 3.4806822225272147087 0 
-0.046405809692245447717 0.3107620861999279005 -0.94935421556312460378 -0.98903348717960470893 -0.14769143928254549469 0 -0.14021149048547232319 0.93894311038705580152 0.31420785062204320548 -0.57623409229591082692 -0.81479035853343073637 -0.063803938098431323134 -0.79343033521012384934 0.57643183307908385515 -0.19543450304754361735 0.19601676980365462244 -0.061992043473739821824 -0.97863906140195067174 8.0399998550154769816 19.349979150330838706 3.3826212684450833734 0 7.900782425938740694 16.382878688792025912 2.9619867969886666259 0.025761713441644146921 8.1641333552170820553 14.275142354003115486 0.84347905002834189236 0.051523426883288293843 9.1547681687489816937 12.986878393786076558 -1.6782357927194127001 0.077285140324932444233 10.971513639685072761 11.515112772068139435 -3.5579554583472292606 0.10304685376657658769 12.99035619854804402 9.3047389118939243247 -3.7541113301592572427 0.12880856720822073114 13.842564354915461777 7.0200214853914202351 -2.0066138223819462993 0.15457028064986488847 12.888422050724008372 5.6033767856251994743 0.45970108153325306422 0.18033199409150901804 10.732930020253069969 4.8653818233423224981 2.4114282942798022091 0.20609370753315317537 8.2378562957304684033 3.7178154013424351554 3.6187789238998568919 0.23185542088213689782 6.5091540188427341462 1.3375243957120650506 4.2068292333108212588 0 
-0.35508488410449778883 0.3779939919738345977 0.85500600413808802713 -0.72884843877937588452 -0.68467507132132843228 -2.7755575615628913511e-17 0.58540129686340947046 -0.62316979126303817527 0.51861809926748592137 0.83842122126239204682 -0.46710692177606782938 -0.28082197094558980499 0.50236559152412929574 0.8621478157776609752 0.06580240271008297448 0.21137329109774202762 -0.19624542638924080684 0.95750146967605997972 3.0445728431349010634 -8.6261448276431931248 6.2007801026520237286 0 1.9793181908214076969 -10.812690143981321 7.95698399324225214 0.1900234915745512565 3.213298731022631749 -13.026100194872535454 9.5626140797501637536 0.380046983149102513 5.9054836791958154052 -13.897323969730683402 10.559149813449362654 0.57007047472365379726 8.7865806768034939722 -13.214979515887142369 11.042569510358157814 0.760093966298205026 11.214158589577193581 -11.480555307182118696 11.356658910179458388 0.95011745787275625474 13.151756019453786806 -9.2279091109978281793 11.770555640109174433 1.1401409494473075945 14.822596012093031348 -6.8181566752669491294 12.404111164795617483 1.3301644410218587122 16.516804757715956242 -4.4901226824386952785 13.246678961317508438 1.520187932596410052 18.520908952831163674 -2.4495576033710535491 14.152026884149693231 1.7102114244347297323 21.036172616618344478 -0.94246082879867265625 14.786146757442914179 0 
0.80263876057844241174 0.15452404944086170491 0.57610184703878553059 0.1890484755237781811 -0.98196775603995034576 0 0.56571343798714690543 0.10891117592911524203 -0.81737791861445596719 -0.038127656407676208117 0.41027824138643265162 -0.91116301859860093781 -0.95454689128517711261 -0.28469660997261991842 -0.088250057268547316136 -0.29561210082583222469 0.86638305899581991021 0.40248463440283510639 7.0647432372743788065 8.933641507532493975 -12.578410397520983111 0 9.4726595190097064858 9.5007869341038286848 -10.881270083559542172 0.26508625263403134964 11.297282418602598852 10.202877268611711514 -8.6057817771336662105 0.53017250526806269928 12.065311864421460086 9.9011418769974017806 -5.7215031620211700414 0.79525875790209399341 11.786229677967147822 7.8777008247386266504 -3.5242914195009893419 1.0603450105361253986 11.296457305455589903 4.9205865319604056296 -3.399609880492521885 1.3254312631701568037 11.563899340205750832 2.4452868989430518454 -5.0733349179232529735 1.5905175158041879868 12.828573009438260399 0.78432975026428952692 -7.2278280456793551068 1.855603768438219392 14.656526475898674633 -0.80472257376973599374 -8.9980039849980411049 2.1206900210722507971 16.124494191080408712 -3.1159801972860474706 -10.224030605803676508 2.3857762737580467949 16.010111221857378894 -5.9796208711415790304 -11.110866908281177956 0 
-0.2301510225437043422 -0.66186357047912514062 -0.71341931631734756269 0.94452442112314960454 -0.32844119397843341002 2.7755575615628913511e-17 -0.23431629205854778708 -0.67384196676271590487 0.70073738240890826035 0.66302231949426915225 0.2361432954475620738 -0.71037859474199005483 -0.56888031757758861229 0.77575941493157185569 -0.27307968510646468685 0.48659694627613614415 0.58517832680319792349 0.64868307956547566206 5.8073134177869603079 -2.990435109728608154 -3.9515100921853019145 0 5.1168603501558473923 -0.15686184635915934038 -4.6544589683609451924 -0.25533715704594556195 4.2477678500512316973 2.6995197884412718281 -4.3616071583328608341 -0.5106743140918911239 2.9583192368760773405 5.3637276858190929829 -4.8508091141040114991 -0.76601147113783674136 2.3193972614057156711 6.9643483185584207362 -7.3063726541717919361 -1.0213486281837822478 3.7456389090551684973 6.1622234928455368319 -9.8208170314617841967 -1.2766857852297277542 6.0762455329994686792 4.3219911544863531816 -9.3944161575367282069 -1.5320229422756734827 7.5614735210435544133 3.6841143508516642768 -6.8671229400973050616 -1.7873600993216189892 8.6310500154269913509 4.1609271148550135422 -4.1051208201223898797 -2.0426972563675644956 10.311315637664264955 4.3508668740167486533 -1.6270913522888519331 -2.2980344151957652343 12.300382596147070302 2.6442259212839802629 -0.16730051346044150229 0 
