13
0.21470254636735733311 -0.80328778850181004056 -0.55554616858299399329 -0.96608732664923768763 -0.25821556360477038172 1.3877787807814456755e-17 -0.14345066702912842582 0.53670611283657132518 -0.83148569114131842817 0.71158336888454454261 -0.43816108271839793176 -0.54923945116675942923 0.51098216274176688767 0.85927075031192146071 -0.023473538679417399466 0.48223058642797489437 -0.26394818288715027332 0.83533527296762932757 -1.1352422851530405978 8.0545175737315588549 -1.3077610255670748529 0 -0.49113464605096857074 5.156255593783845903 -1.7381130266544602136 -0.18422392128109549292 0.1520778340069952328 2.2468691992923708334 -2.0870884260270097244 -0.36844784256219098584 0.99666764725773637768 -0.62566961523877795415 -1.8994812560461631357 -0.55267176384328653427 2.323587291104256991 -3.1359026782393510935 -0.93098532146560442069 -0.73689568512438197168 4.2709191490388915824 -4.7580820913861696653 0.67412295739556593599 -0.92111960640547740908 6.6941808875273203228 -5.1330212692452192869 2.4024650562875651261 -1.1053435276865730685 9.2842987579535698472 -4.3684496484909320912 3.7088709041470675487 -1.2895674489676685059 11.826990505513249374 -2.9230955562305971362 4.3764651421645295315 -1.4737913702487639434 14.31208863077014648 -1.2553738784504664405 4.5838819387207383471 -1.6580152915298593808 16.817400384993138829 0.38593796398272456338 4.755750547198281275 -1.8422392128109548182 19.29799373578473265 1.9514245873170652512 5.3849397734462094434 -2.0264631341097434358 21.432743842438366499 3.4843710755423402681 6.8316315327301602167 0 
-0.75664369984839174865 -0.64512095596700269606 0.10634502175446375327 0.64880011345538513012 -0.76095887719395172155 6.9388939039072283776e-18 0.080924188349443065826 0.068996662179711482077 0.99432928969634748473 0.9579093311462458793 -0.21353874890784624307 -0.19186171066115179085 0.10232047109396244511 -0.3704757184947075066 0.92318918061302046585 -0.26821676774217784178 -0.90396291114221183349 -0.33303276232412365454 -9.4787991387446055569 -4.4102587981270318096 -1.7917097261347663117 0 -11.748730238289780914 -2.4638584577608764192 -1.5489371610864370865 -0.055851406045831990255 -11.915553209612854246 -0.088121872415333729611 -3.373213942368370688 -0.11170281209166398051 -10.246078232301115918 1.1231228352226036993 -5.5516904181600530421 -0.16755421813749596383 -7.838559618782488414 1.3573965143197690431 -7.3262292550325067708 -0.22340562418332796102 -5.2004872456558350891 1.1087586123645190028 -8.732913012747324899 -0.27925703022915993046 -2.4828486911537592796 0.65535218390346594575 -9.9198690847441657326 -0.33510843627499192765 0.27113213365378813213 0.1258825139704616014 -10.985351047468665087 -0.39095984232082392484 3.0489040658499799719 -0.41542341839754381994 -11.980826356269217214 -0.44681124836665592204 5.8496908228658188733 -0.92125128122198307601 -12.929368347320387755 -0.50266265441248791923 8.6800104472531707245 -1.3269814883102233338 -13.837484325570050814 -0.55851406045831986091 11.547359787307907908 -1.5070274814186257473 -14.701133784288549222 -0.61436546650415235771 14.421087780746642437 -1.2000660681367187888 -15.505784087515081637 0 
-0.29072265310614930911 -0.50802528778857980463 0.8107963036042112881 0.86793204341994922846 -0.49668296528557481784 -2.7755575615628913511e-17 0.40270871231672267232 0.70371609258454459468 0.58532841555980152926 0.9386647968500503314 -0.22728398801196528223 -0.2593267975891234145 -0.29231572594124977105 -0.92339856922334917488 -0.2487701724960435512 -0.18292051695174416093 0.30931710452163496683 -0.93320041434220235566 -6.6410066662266755699 2.2441539917497634882 -4.8838301535436210443 0 -7.5131746255451234973 4.8479501220096112846 -3.6757040165934529163 -0.19261503664484760923 -8.5497527174698539909 7.643393376007199258 -4.0088956288628558866 -0.38523007328969521845 -8.891220736507122524 9.8122238046109355736 -6.0532844841261850277 -0.57784510993454285543 -7.8675434892372040352 10.467862860339829822 -8.7959405548528710739 -0.77046014657939043691 -5.6708867744531499255 9.6098449679429371884 -10.65025067659836111 -0.96307518322423801838 -3.0692797281385231223 8.1270651600634415956 -10.831902612096985905 -1.1556902198690857109 -0.59997362657372987904 6.9014547873139813206 -9.6485111767229252422 -1.3483052565139332923 1.6892592334650631258 6.3031256935928690055 -7.804215662045860924 -1.5409202931587808738 4.0208494376775067991 6.2798487200306869482 -5.9165834687094314148 -1.7335353298036284553 6.6387266180066113463 6.5236727927104238844 -4.4718412952237640567 -1.9261503664484760368 9.5822823019556633284 6.5207081833987006192 -3.8926559590514226983 -2.1187654034904701561 12.398276692505813656 5.6437610055749516391 -4.44141750990665507 0 
0.3773341176210523451 -0.32133421307987980464 0.86854089551585089701 -0.64835121605191947669 -0.76134138245861637806 0 0.66125612611388262518 -0.56311954579852507852 -0.49561750656784087088 -0.17246282615518004899 -0.4055171080415501117 -0.89767056801489608642 0.33890894859954889817 -0.88011455186194587075 0.33247420976670510884 -0.9248769097310822751 -0.24688914655461222103 0.28922041967990208544 12.068981726076113858 -4.8496528963064546858 -4.1151166508499530394 0 13.200984078939271171 -6.794706544462213671 -2.1313482725083052749 -0.055180072968357675445 13.392004482075066107 -8.5034501906701613905 0.32704578587124549793 -0.11036014593671535089 13.42378471013297947 -10.081545171623769619 2.8782468122874114158 -0.16554021890507303327 14.072195117710840861 -11.85353205760315376 5.2105498440521875736 -0.22072029187343070178 15.821884493679807093 -13.865832748480126924 6.5850358397638153463 -0.27590036484178837028 18.267850949053784149 -15.527462907927162661 6.0788995971071626556 -0.33108043781014606655 20.091406766790324667 -16.046299865228110804 3.7539496209260900805 -0.3862605107785037073 20.368295766827859694 -15.363394420490227077 0.84586598138700541671 -0.44144058374686140356 19.33909739078833212 -14.082058783730891705 -1.6639030320576773114 -0.49662065671521909982 17.738555264494792141 -12.70725242278598266 -3.7965523722369103332 -0.55180072968357674057 16.274054160107578326 -11.436340851192056789 -6.0856602670863475524 -0.60698080343315252705 15.756665681642042287 -10.419614005393409428 -8.8602909962795948218 0 
0.64281644299861551151 0.7219856368546658798 -0.25597609416930000581 0.74686898717861127661 -0.66497121440765794009 -1.3877787807814456755e-17 -0.17021673419908842084 -0.19118060619416188395 -0.96668311209714929966 -0.32525383693449450018 -0.9418043174709243015 -0.084938619911768778459 -0.25016100155919079873 0.17231900916638920318 -0.95274636308873739132 0.91193717703485055459 -0.28863607999181334351 -0.29165013023941466219 25.076151089935368788 5.9326258187326885718 -23.625667434560405411 0 27.004600418931214989 8.1732327802685222906 -24.136317637157670646 -0.14349560213431808431 29.486901793282672912 9.8489837345063460106 -24.309727497660709616 -0.28699120426863616862 32.283112123961664963 10.632415244095215101 -23.556456673306531258 -0.43048680640295422517 34.550331316757159072 10.389671024649208775 -21.60690932961060895 -0.57398240853727233723 35.355943317557780858 9.4624210074331198683 -18.86991522819436895 -0.7174780106715904493 34.466301433891786132 8.534631169708857712 -16.159248803462151756 -0.86097361280590845034 32.422988924785599352 8.1431212746700332161 -13.997861436551012559 -1.0044692149402265624 29.941843582937774926 8.4179974087214066714 -12.334017163142151574 -1.1479648170745446745 27.495150205316218006 9.169422062742988544 -10.769065920591831542 -1.2914604192088627865 25.331568484839003474 10.003059703546060888 -8.8653905818268441408 -1.4349560213431808986 23.649933729061725529 10.349949938432361662 -6.4053612487934117325 -1.5784516234774961241 22.674172218258238587 9.5994669337547975374 -3.6695497176888576263 0 
0.55320362438765291468 -0.024131123368808703178 -0.83269648663202844308 -0.043579248388871956454 -0.99904997327954581099 3.4694469519536141888e-18 -0.83190540271969959374 0.03628828702347816626 -0.55372968238182429523 0.85130657897910144705 0.52182867262542687037 -0.054515548359011400947 0.24827444491563194218 -0.3091246114752405072 0.9180423599061844353 0.46220872837791976417 -0.79507031827773977373 -0.3927165395103698331 0.32881810433018754392 -3.5351622267254669829 17.914571959614296048 0 1.988428977493146288 -3.6658999718920828315 15.418855751455197378 0.10103140331077166414 3.4669361287376054825 -3.95838619787207735 12.824923453436106513 0.20206280662154332828 5.1133470416919362123 -4.1312460392370402573 10.323029446426629008 0.3030942099323150063 7.2392754884858296904 -4.0292362944475552666 8.2087890634944287171 0.40412561324308665656 9.9125047046303134124 -3.6551070594301080519 6.8996574522404268137 0.50515701655385836233 12.867532289928613309 -3.1674462373984226815 6.7266288574235257869 0.60618841986463001259 15.685263108052033942 -2.7860909108993578975 7.6831458847651310506 0.70721982317540166285 18.116999287158311205 -2.6478110992974399629 9.4345854697695248348 0.80825122648617331311 20.233397545559707709 -2.7271794795705854852 11.55934163187333219 0.90928262979694496337 22.312195290948587001 -2.8423071652074636262 13.719290414936953226 1.0103140331077167247 24.614035073718262936 -2.6936256183731659419 15.637466054540713145 1.1113454364184858214 27.167954810655572828 -1.9488022836262794968 17.024092239674473603 0 
0.24607419131583194161 0.92005879668839662955 -0.30485948075229529763 0.96604511178422625139 -0.25837345451458798573 0 -0.078767597183494061919 -0.29450801116183228379 -0.95239734197205794253 -0.028735786077370234493 -0.054939281569915621173 -0.99807611430145748432 -0.93961323747654590388 0.34213945215787600063 0.0082194425572986486161 0.3410296446899595546 0.93804172114980588493 -0.061453322326381565333 28.263842348439158769 5.813174219595507175 -6.5817854620053504178 0 29.002064922386654899 8.7113095549481869284 -6.8180882535558327007 0.055835551743577946371 29.227882661435700129 11.668175472602213105 -6.3642414256322936694 0.11167110348715589274 28.742197060831305322 14.147710095471712322 -4.7468371607937003276 0.16750665523073382523 27.674354142832431336 15.147837708817361246 -2.127791164765831855 0.22334220697431178548 26.603602759586408411 14.082524315404747028 0.46422327374402533318 0.27917775871788974573 26.141486930368031949 11.515814743968535439 1.9469300615428153378 0.33501331046146765047 26.456817521151339889 8.5361473904949214386 2.0957561197932248476 0.39084886220504561072 27.352063689984984052 5.762375755483927442 1.3853066942555203322 0.44668441394862357097 28.551870321024445332 3.192251482222828507 0.40809648209159032906 0.5025199656922014757 29.772195660545456519 0.55331693403780535245 -0.33139289863761783872 0.55835551743577949146 30.613281138564431672 -2.326162426389041471 -0.36537409062146330996 0.6141910691732115346 30.52707378033231933 -5.1450021388186790716 0.65771484344841724123 0 
-0.46393650042851902748 0.71759091697212751271 0.5194479756907710577 -0.83977667909591224848 -0.54293197478748733698 0 0.28202491524115314014 -0.43622029598869010991 0.8545020775578955341 0.73299858961002328783 0.55705076951985654787 -0.39039404171561375989 -0.66684124223471163972 0.4751409953400704822 -0.5740764689500114093 -0.13429752523625657079 0.68112808980733041686 0.71974210658459725209 3.7438270079934086176 3.6772647463786909405 1.7647766035669376627 0 2.3520175067078517017 1.1579347090909544171 2.6108513492903968611 -0.04614343499988266678 0.49773788687810027742 -0.077375224630445327278 4.6197387961466196415 -0.092286869999765333561 -1.0285014954156130873 0.40756211821389709549 7.1565417293049815584 -0.13843030499964800728 -1.6002703295564841834 2.3215407009972119923 9.3947842971859465422 -0.18457373999953066712 -1.0427347493419198976 4.9167280970993765266 10.792691396318211616 -0.23071717499941332696 0.4594813990503927581 7.4741502843708378379 11.243180356128890551 -0.27686060999929601456 2.6081559970164658324 9.542238250414690981 10.917272289706382082 -0.3230040449991786744 5.1439984526756568073 10.905183617977179722 10.073536795670607447 -0.36914747999906133424 7.8744501804697870639 11.469541809969321378 8.9662250400668703776 -0.41529091499894399409 10.638356965754800498 11.184051856542096104 7.8351543267792145286 -0.46143434999882665393 13.250918126145126763 10.020308266880242343 6.9294963516932011061 -0.50757778420565735633 15.449913894975196627 8.0197845401761078676 6.5266037759844310884 0 
0.20534219298154587907 0.78883460598803356589 0.57928796653929748306 0.96774920794992269624 -0.2519156019628338572 1.3877787807814456755e-17 0.14593167680057372859 0.5606054707933264547 -0.81512296730172328907 -0.85475256142644817636 -0.37371388800535076946 -0.36018882360069381932 0.1508099965314732005 0.485198862284222876 -0.86130041738308338317 0.49664313513941127365 -0.79051881315375427395 -0.35836518018478769054 16.563779959721973256 -22.48415398207821525 -2.4209939489573142346 0 17.179806538666611004 -19.580906358228446607 -1.9831989185555931599 -0.11069260532182494117 17.96997030414094354 -16.700470283609639921 -2.2637980034315408062 -0.22138521064364988233 19.344621932863301339 -14.056431259836410064 -2.6093501181350848839 -0.33207781596547480962 21.418570021364043754 -11.915294958398090941 -2.2713054971633033219 -0.44277042128729976467 23.687150311022296734 -10.771105852251128709 -0.67620647514386633681 -0.55346302660912471971 25.039737317933735028 -10.985892138616684122 1.9929348175021672773 -0.66415563193094961925 24.6285497351093845 -12.212553184010674912 4.6996259871953220966 -0.7748482372527746298 22.642867984627731204 -13.562307463341623404 6.4982963673257616577 -0.88554084257459952934 19.86745004542665427 -14.363089515274076291 7.3081190314439474776 -0.99623344789642442887 16.892625968791151081 -14.466980363411776622 7.6818109127733205099 -1.1069260532182494394 13.987175405405464446 -14.078321337128432589 8.3200113398172383938 -1.2176186601966700884 11.422917721126120583 -13.62589134753401332 9.8099407452354743242 0 
-0.66833081430781882126 -0.30318448947479897937 0.67927394178531019797 0.41312272171522279596 -0.91067536301505735974 0 0.61859804352200631339 0.28062349962057531183 0.7338848084075910716 0.94529481567930684349 -0.15919506613574024856 0.28473609249243814201 -0.30326870959058355171 -0.75044278436913869346 0.58725098311672230267 0.12019068696486877312 -0.64147685718686076051 -0.75766855580826431016 1.4152686612798135446 -14.061651899952012812 0.47596998710253329845 0 -0.58972378164364314124 -12.822283734806344313 2.3317641176685519611 -0.31759943762843395598 0.025197882400893555771 -10.054333613384759616 3.3116944584123979567 -0.63519887525686791196 2.6750168890216223794 -8.6507790938179756068 3.2195698727521406823 -0.95279831288530192346 5.6372272722117138244 -9.0358799811669587854 2.9420348704628169756 -1.2703977505137358239 8.3257379057938063482 -10.366410041053264024 2.9821604362065858851 -1.5879971881421697244 10.78899018065245663 -12.032692809881321949 3.37699321473747327 -1.9055966257706038469 13.150878782775299314 -13.765669777084267977 4.0237341639656758474 -2.2231960633990377474 15.491128494693558793 -15.462800110835880574 4.8255946142043093516 -2.5407955010274716479 17.860600319777201861 -17.072829743706318339 5.7163292251993311766 -2.8583949386559055483 20.31387376041639925 -18.537634231026686393 6.6305492194407991136 -3.1759943762843394488 22.928243922980566794 -19.771170579953405877 7.4327061944936216875 -3.4935938147047154168 25.764128370018486436 -20.680976708725168578 7.7932782553882287147 0 
0.40411917220020032726 -0.008294880228739118927 -0.91466873217696453846 -0.020521504533660337583 -0.99978941175213242865 8.6736173798840354721e-19 -0.91447611369127601577 0.018770378534166933665 -0.40420429287401721252 -0.26040724820764271641 0.77716809008256448887 -0.57288552507315249063 0.81718198117520068902 0.49341890269025845406 0.2979117253659463449 0.51420003376458167654 -0.3905733557545370549 -0.76357761822302183674 19.252932745219126787 -13.893170796430345248 -14.117345408444785804 0 20.465290261819728102 -13.954735310031326279 -16.860773749518614295 -0.040194608120185618128 21.621941447791741098 -12.049141674409026948 -18.868461706065538408 -0.080389216240371236255 22.202718921996147827 -9.1693501965657979724 -19.476317864705265492 -0.12058382436055685438 22.125097007507072533 -6.234690709582577206 -18.858450735231745199 -0.16077843248074247251 21.539863936917964082 -3.6424981181919893203 -17.466311559088513405 -0.20097304060092807676 20.62059862599530291 -1.4283965290091780176 -15.662783794832650486 -0.24116764872111370877 19.49690641744151165 0.50865605665796509438 -13.666500607106767617 -0.28136225684129934077 18.259862340097285482 2.2978503727489529851 -11.600463945216725747 -0.32155686496148494502 16.98270692252895131 4.0666503603479124962 -9.5412839467553833828 -0.36175147308167054927 15.742678561989375652 5.9408112876902441357 -7.5538601784511687498 -0.40194608120185615352 14.646651635406598757 8.0476132427090689703 -5.7208007264505651435 -0.44214068912730797312 13.865429890783639522 10.499159186234660268 -4.1782006251568173383 0 
-0.84175840223481612767 0.53982408280897575814 -0.0057229263963010021388 -0.53983292315468511813 -0.84177218716126978038 4.336808689942017736e-19 -0.0048174002695772584134 0.0030894240855142778533 0.99998362392264317222 0.91495416671435481071 -0.29612117472871291035 0.27417352660190819069 0.27923324167264290674 0.95503852628986363182 0.099650439271849466927 -0.29135488593299335713 -0.014617222012823116728 0.95650335454905721644 8.6705477859188899714 -8.2534387986644812685 11.965866431509832424 0 6.1452725792144420325 -9.8729375681285365118 11.951414230701100649 -0.029591891534882449472 4.3080427904254996463 -12.243741087042534943 11.888915786153628318 -0.059183783069764898943 3.7294744022058292643 -15.180882436043734884 11.692898615492733683 -0.088775674604647344945 4.7621765636084463225 -17.972197919819802081 11.316037744534979126 -0.11836756613952979789 7.133242155972135734 -19.733964568242843285 10.792424548311966959 -0.14795945767441223695 10.061358552571093128 -20.025950433202996948 10.208599824973214609 -0.17755134920929468989 12.834431399282799191 -19.040300447158941211 9.6267395099591013263 -0.20714324074417714283 15.184955228254466419 -17.269027525806631473 9.0456685773977554277 -0.23673513227905959577 17.233253104033238401 -15.168641684072376563 8.4188740519911462457 -0.26632702381394202096 19.276840200893278876 -13.095709146426401048 7.6931201635708221787 -0.2959189153488244739 21.61274478863894899 -11.411105531844928151 6.8530945130091449613 -0.32551080688371458738 24.3576072887820132 -10.573405806826997377 5.9790298552101717178 0 
-0.38591857299367104961 -0.37728598372665705929 0.84185636631312421585 0.6990639955087083468 -0.71505910957304807951 -2.7755575615628913511e-17 0.60197706368426440182 0.58851147507929557623 0.53970163840594609361 -0.47119646507712803496 0.58900148047919076433 -0.6565448555065668268 -0.8384775942148215977 -0.53012649586902427234 0.12617932626763103676 -0.27373201365302968213 0.60995340344238613284 0.74365827523836935953 14.37370105830668443 13.801478051250475332 -0.84278677219381559205 0 13.215945339325671171 15.898670037776600594 0.96314441885897772444 0.0090539164951013700183 12.555480393595855659 18.327784099533477757 2.5950755660014106496 0.018107832990202740037 11.222692692402352677 20.520563494573632823 4.1492332054108382877 0.02716174948530410832 8.5864781126011333612 21.380589317636637503 5.2940945818134723666 0.036215665980405480073 6.0188188971564278162 19.833190424124339302 5.1817432671578140813 0.045269582475506851826 5.8865075143768690324 17.130551809959243315 3.8862952867466282747 0.054323498970608216641 8.0701606021105884992 15.524575624719151534 2.6008032529256492893 0.063377415465709588394 10.970337116288877866 15.262261883168427801 1.879567372058332797 0.072431331960810960147 13.933100666630608089 15.281231779502629564 1.4087298990540797483 0.0814852484559123319 16.710051113827478986 14.390531111299873501 0.70502147365080858332 0.090539164951013703653 18.094688644773150088 11.962962728916593846 -0.38569538471334585683 0.099593081275698935872 16.681099249541766483 9.4475299462721284982 -1.206891425672433904 0 
0.0559732678603925074 0.055527643201678654472 0.99688699165226135612 0.7042751328718056536 -0.70992713514726313306 6.9388939039072283776e-18 0.70771712604926340084 0.70208271850407122372 -0.07884367999087928125 0.00082260571462447473756 0.6744726166067794848 -0.73829940591025933205 -0.60251195241950061821 -0.58890983163154109192 -0.53866924675476945961 -0.79810943517257026958 0.44527732892582100321 0.405893372492341864 3.9507977163075991278 3.6250363422672506886 10.752995919625911725 0 4.118717519888776657 5.7378617408826677604 12.876147297773702149 0.025261922447806065689 3.1791408114860191247 7.3740429717645978869 15.208549936942587166 0.050523844895612131378 2.0340936315347692975 8.8509552236504518419 17.55538064796798281 0.075785767343418200537 1.5246794065565154597 10.689686481317759004 19.870456257255195709 0.10104768979122426276 2.4654451074517811371 12.976825050194603861 21.568672093553466595 0.12630961223903033885 4.8521043687022240576 14.794458095038365286 21.565836221522459937 0.15157153468683640107 7.1843965104634808228 14.944969437748085284 19.684958846036593627 0.17683345713464246329 7.9982990181705453381 13.502099061635425059 17.183825660063302365 0.20209537958244852551 7.3471287706216665825 11.438626455620855893 15.105829367242879613 0.22735730203025458773 6.0624628128329174359 9.3294618518770207061 13.402574976842384302 0.25261922447806067771 4.9706560870921263628 7.2643100461428709025 11.520262209598318037 0.27788114738541913606 4.9731239042360027014 5.4567741888843706022 9.1259339040806057852 0 
0.46623785773529913268 -0.19278232026491282092 0.86339865474048260729 -0.38210861204415946801 -0.92411742143608888167 2.7755575615628913511e-17 0.79788173849016286177 -0.32991206160368047318 -0.50452231168930916638 0.52104006287846005296 -0.78517838219857183368 -0.33468217909480096894 0.71936754961570403832 0.19293242181816827596 0.66729859071578501162 -0.45937738454946497324 -0.58844879874073219295 0.66535737000884132009 9.812621903103003973 -1.7300052855944472174 -5.6745562375447518022 0 11.211335476308901704 -2.8763311217269258435 -3.2809110220742629949 0.10644056132477243415 12.720795306706863315 -4.401397317922417507 -1.1843116954257750795 0.2128811226495448683 14.870596520198223089 -6.0150116043062720195 0.14783041584635350785 0.31932168397431731632 17.690854082947776504 -7.0322364920805027211 0.25443671187209027096 0.42576224529908973659 20.441074587091375037 -6.7088524111969816133 -0.89953465473004978747 0.53220280662386221238 22.128847861454143953 -4.933212885998652375 -2.6311461999385192811 0.63864336794863463265 22.43706431343205665 -2.3057763857921060868 -4.0459141576167514387 0.74508392927340705292 21.847322897005426512 0.55479132626903548964 -4.7310209474451330181 0.85152449059817947319 21.08563688918682999 3.4548268579520331478 -4.8292552337796834649 0.95796505192295189346 20.781776862944489892 6.4391640644641254809 -4.7915950814484968845 1.0644056132477244248 21.388965880533842068 9.3465221642938018931 -5.2141612005774273797 1.1708461734591972814 22.952086069169219229 11.504624813140916118 -6.5922933542258217443 0 
-0.68872622469877387008 -0.21282750986206536159 0.69308054254760775859 0.29524105153835472626 -0.95542279724032475041 2.7755575615628913511e-17 0.66218495067367710849 0.20462582818252919581 0.72086015394243674326 0.9650631970963221562 -0.11742893394253034467 -0.23422952649771885958 0.041349502014193684207 -0.81448904221875817466 0.57870356728531469059 -0.25873392567153380428 -0.56817078909311335977 -0.78117777114297504149 0.20131430041253395302 10.098000427260487299 1.1997964795179285602 0 -1.8648643736837877682 10.983723581875551645 3.1863513315389599967 0.48618187431821230371 -1.2855691772651884897 8.5496477791948315428 4.8415347240452204503 0.97236374863642460742 1.20861961810489138 6.9070676601300284858 4.5569425820357647439 1.4585456229546369666 4.0458473066086426684 6.1235052399811582546 3.9771315628829344568 1.9447274972728492148 6.950030658607761147 5.5653560041317362561 3.4729595882719270783 2.4309093715910616851 9.8687582300642038291 5.0417035952730406834 3.0181875867928802393 2.9170912459092739333 12.789998014797772541 4.5182384282677503506 2.5796190715546756245 3.4032731202274861815 15.711106640698018211 3.9912668475514494482 2.1443888448798364976 3.8894549945456984297 18.630352286211781632 3.4593120461989559367 1.7027680004617911091 4.3756368688639106779 21.544478075832625308 2.9300465287196666431 1.2255372239070461138 4.8618187431821233702 24.452264843171807485 2.4920086559008827187 0.63148446175796024704 5.3480006173197356389 27.347454434460757966 2.6160571619433783397 -0.14471731525671316376 0 
-0.34645732554185454388 -0.10637293019206443823 0.9320150864126287571 0.29350776208169937487 -0.95595669023120122265 0 0.89096605725256339259 0.27355366223935234649 0.36241947891809078719 0.9974225177700409839 -0.028884947966500741645 -0.065680901533438335038 0.062021332065917283982 0.80736020673184072383 0.58679029555258443995 0.036078739086086678012 -0.58935147099747930977 0.80707073309534993477 13.636253338447474448 -6.6321239358128449837 6.7266644011708160988 0 12.596881361821910872 -5.7516006495677469701 9.3995625729285059435 0.19838587830295997816 12.685495940338341825 -5.8783266663220929971 12.395568077374878868 0.39677175660591995632 14.099141396321048347 -6.6459357885622170059 14.927824533671179452 0.59515763490887996223 16.536202369585147665 -7.4748470711226620011 16.468477766348311064 0.79354351321183991264 19.465095224603594204 -7.8840779243802465714 16.972577758901469025 0.99192939151479986304 22.448099744384524712 -7.6590150749634346994 16.746649234334576306 1.1903152698177599245 25.277333963459966526 -6.8266982155131916699 16.196469925254518785 1.3887011481207198749 27.943561442332804035 -5.5609757334623024505 15.658705357235183087 1.5870870264236798253 30.550467801758113495 -4.1112556847209313915 15.338762950618779257 1.7854729047266397757 33.233681714291591902 -2.7700753582129311603 15.298617793962447919 1.9838587830295997261 36.086680844726778616 -1.8552664795816491417 15.451921728659003819 2.1822446613007699945 39.078948398036899903 -1.6692024833838940978 15.560157945917259426 0 
0.13945054119962693728 -0.35979086139500254804 -0.92255302428411845028 -0.93241388726488427796 -0.36139222852129399 0 -0.3334034933750973928 0.86020125158073046379 -0.3858703375283292214 0.44530650081866540724 -0.78985480285086362429 -0.42170073599895413485 -0.74724213886323875844 -0.068362581280204837153 -0.66102628040630850847 0.49328623154891365621 0.60947185980497131652 -0.6206550941305006841 -2.3316421789022201416 -5.0173616784321071194 2.3947021569273969632 0 -1.9132905553033392465 -7.8146033402267605084 1.3944916768021047293 0.34610827459097193159 -1.2680659835544199066 -10.007660403470225674 -0.54824106043839715419 0.69221654918194386319 0.28039047995020860427 -10.954053134393404889 -2.9370930684539815481 1.0383248237729159058 2.8535330536464678097 -10.423215781594402429 -4.3852320015088608329 1.3844330983638877264 5.5152585516052363701 -9.2536928452389677346 -3.645385074784791346 1.730541372954859547 7.0559094591147184516 -8.8900253927455707981 -1.0970327573539513377 2.0766496475458318116 7.2884855851847571984 -10.043382191144665683 1.6626172541596626608 2.4227579221368036322 6.9811192755440263369 -12.381131523779753678 3.5174659095864915237 2.7688661967277754528 6.9419325831057134835 -15.245051743966445912 4.4098988466737836234 3.1149744713187472733 7.5557029341122090571 -18.145148462088190655 4.8711298734596395477 3.4610827459097190939 8.7661579824048363463 -20.80059331942165457 5.5664071239193422258 3.8071910205006895822 10.102077484860830126 -23.042319736011371845 7.0462658185660806964 0 
0.88933598018027737453 0.30803055988054628411 0.33793296456022570151 0.32728465667055811616 -0.94492579259327824648 0 0.31932157438046737674 0.11060027428375734937 -0.94117018198811297491 -0.81454376146168983031 -0.36355635645106043619 0.45204561312756030844 -0.47166592534918505564 -0.038588681618416442731 -0.88093255616729815305 0.33771247464128317795 -0.93077263031042223318 -0.14004497540675531209 15.655473304390513434 22.782729474298573535 -18.688983339841772846 0 18.323481244931343781 23.764583444310247273 -17.731018616700371382 -0.050697696465126458609 21.002769141875145209 24.973102831445519456 -17.130262714822823256 -0.10139539293025291722 23.738008876946484094 25.890421406691356054 -16.307458585622342184 -0.15209308939537938277 26.294524904110634367 26.037696216003919147 -14.744599634883483574 -0.20279078586050583444 27.902105813607484208 25.12114845936540064 -12.383333173490019163 -0.25348848232563231386 27.76174971118683743 23.427177056065996652 -9.9113499512263043556 -0.30418617879075876553 25.92249310581463817 21.744448455567006562 -8.2423612868479292359 -0.3548838752558852172 23.187501720753019185 20.655742644470024061 -7.6639659778294229042 -0.40558157172101166887 20.232578371914161863 20.15249931216117929 -7.7872238311394159638 -0.45627926818613812054 17.25783103212828351 19.841933564116605027 -8.020565701676634518 -0.50697696465126462773 14.333725516770222441 19.202012337379755991 -7.8203351215061154278 -0.55767466061884363171 11.890094232385152395 17.787014561332203044 -6.8071976975822616751 0 
0.32481145178252823769 0.2325636266963201082 -0.91673970151225669944 0.58215849662649443719 -0.81307532541922578062 -2.7755575615628913511e-17 -0.74537843113180179966 -0.53368780643019664289 -0.39948506814550532873 0.65628321420760760141 -0.75447247303688624864 0.0079768526961930819041 -0.554227047169321696 -0.48921824630562615877 -0.67342251793923724179 0.51198117439541268592 0.43753490707742737076 -0.73921477403623425673 -2.748245065806699472 -1.8727658820388881633 -5.9773650512253739819 0 -1.7738107104591147589 -0.12629039215940474072 -8.213500344620779714 0.27634724310765723665 -0.68306940734713272878 2.6204845407714167926 -8.7287639200946660623 0.5526944862153144733 0.6044521538295958285 4.8350192388743593597 -7.1673337100812490874 0.82904172932297170995 2.0197259906159645837 5.2506008236594041705 -4.5550059964842501969 1.1053889724306289466 3.5015128061531370918 3.8905143302792235538 -2.3291427805967765963 1.3817362155382861832 5.0981986772273604203 1.6167838516187260645 -1.1974392378489733257 1.6580834586459434199 6.9175943742650307655 -0.76491633544879644724 -1.0658593133549585374 1.9344307017536006565 9.0435596036943532994 -2.8393446461659790359 -1.4866039188479625022 2.2107779448612578932 11.486595665501797114 -4.5152367857817345964 -1.9587968557784694035 2.4871251879689149078 14.14246279716235577 -5.9085663805641752688 -2.0295757452226230733 2.7634724310765723665 16.725193850854498834 -7.274723561591452281 -1.3490566639047887332 3.0398196771634706792 18.694043493477320084 -8.937404703099412373 0.18688685928145565285 0 
-0.64818623532042696223 0.10005150874010541873 -0.75488032160068985199 -0.1525495043582680843 -0.98829583056898862026 -1.3877787807814456755e-17 -0.74604507441653877819 0.11515661890999526196 0.65586256186798730372 0.92924360439080888607 -0.31365676248661517045 -0.19525818560355689968 -0.36925792279007574326 -0.77062350317016825585 -0.51941120782911154308 0.012446290834477324524 0.55476017494783558259 -0.831917206298987022 -6.567020483014047727 -0.92497969387019052245 8.6680463678850987463 0 -8.5115791889753289468 -1.3826282069449948864 6.4299111446354828558 0.02917768646979725794 -8.6235608907953391622 -2.5760044349411939102 3.6797741885784551741 0.05835537293959451588 -7.114758743342541436 -4.0209481363789905117 1.5267193368401865694 0.087533059409391766881 -4.6949088595551984326 -5.368399457431855204 0.37402142597710980043 0.11671074587918903176 -1.9334050056156903974 -6.5098211598737503181 0.10706731578114311865 0.14588843234898629664 0.88579769536489416648 -7.4723523379549545709 0.46152034004473452278 0.17506611881878353376 3.6670608102074906398 -8.3227100754254461634 1.1973673792004115857 0.20424380528858079864 6.4032359220482328865 -9.1275778117313333127 2.1277090941567688986 0.23342149175837806352 9.1215323059846245002 -9.9450777056608696824 3.0985646468012140176 0.26259917822817530064 11.857368614774038917 -10.825548940645967733 3.9587815271121447047 0.29177686469797259328 14.63343964910993833 -11.810240145581204274 4.5278234689792844492 0.320954552561108164 17.421170462282368874 -12.918013913951419624 4.5651623414827007252 0 
0.620678364420706008 0.1350743930476180632 0.77234271944704380175 0.21264657888958574117 -0.97712917901706097812 1.3877787807814456755e-17 0.75467860737309377939 0.16423603702069305976 -0.63520604823721993348 0.42031583004661776659 -0.88164507741250652817 0.21456132104020539386 -0.3537205640170648091 0.058552157462125831167 0.93351668836072820845 -0.83559342123048818696 -0.46826659322529740059 -0.28724559538050659091 6.1376872104187754076 1.7703087524243841244 -8.4794638915655156097 0 7.9997223036808939867 2.4082484890931414867 -6.2154280694462347157 0.00075873283773918056942 9.0462609260588795479 3.7032941282362963342 -3.7199142130658886529 0.0015174656754783611388 9.5220247762016629878 5.1714508052759713408 -1.1473298316605247127 0.0022761985132175414914 9.8449605648718101492 6.4068866662579235793 1.5673404771835786065 0.0030349313509567222777 10.443089588177022264 7.0185944282638219605 4.4427642230234987153 0.003793664188695903064 11.625118153935579457 6.6408194121286596712 7.1740764107668733018 0.0045523970264350829829 13.393680201481624081 5.1705617678858732944 9.1003346450739961426 0.0053111298641742637691 15.386247376900460182 2.9886727863674886763 9.6189641120679176822 0.0060698627019134445554 17.15212233505308248 0.75454621609639027646 8.6753881117717295268 0.0068285955396526253416 18.514313129508678912 -1.0684961679194500128 6.7206608394822122676 0.0075873283773918061279 19.644127174653846168 -2.4155174856977521536 4.2898007267545690269 0.0083460597528919773513 20.9050746647937018 -3.4766791777489514104 1.7830204630631074636 0 
-0.37459531199428636183 0.13764225392213985666 -0.91691491544588610285 -0.34489652945631410486 -0.938640710798860467 -1.3877787807814456755e-17 -0.86065366797620346251 0.3162407721440158026 0.39908274559652862079 0.90246998608734574354 -0.2571269792646108665 0.34559172551692024511 0.27239946177112828174 -0.28083877274959462289 -0.92028697532199199571 0.33368616608769580134 0.92467037383856831578 -0.18340731257759779194 6.396700451479105709 -6.0072582559669029934 -3.1653665840451452596 0 5.272914515496246679 -7.0419478443358451969 -5.747327587973755314 0.29973085177566061166 5.297863919658060361 -5.1359999737485306781 -8.0639372319711188908 0.59946170355132122332 6.8700343470322202677 -2.5896117011310000322 -8.2741247183213744165 0.89919255532698183497 9.1878755548570385514 -1.0559631921871375226 -7.1447209572842576009 1.1989234071026424466 11.754187832329600738 -0.47787843812709052127 -5.7025458723601509803 1.4986542588783029473 14.427695453077758359 -0.41408931360007078526 -4.3430272605664601571 1.7983851106539636699 17.168710666850820701 -0.56458597606884397546 -3.1329912636115908597 2.0981159624296243926 19.95917325661599051 -0.77250580406150515245 -2.0512851449231939149 2.3978468142052848933 22.790073010300407219 -0.94515989215732565398 -1.0734316629031637191 2.6975776659809453939 25.653787162340808692 -0.98313074699885227847 -0.1802909049919283746 2.9973085177566058945 28.515818605797914387 -0.72185269691740605591 0.68023740302075386133 3.2970393700537528048 31.223228564059958501 0.09534568839596968548 1.6812959012838313289 0 
0.16601380346011748723 0.10423514764972406643 -0.98059902664399256622 0.53174589470479904918 -0.84690395173513777216 1.3877787807814456755e-17 -0.83047319073242698018 -0.52142950676946520083 -0.19602435803964335381 0.13719142174375426046 -0.8985517659417545655 0.41687316742971319838 -0.96832417974246343118 -0.033017675335909879575 0.24750376975209420483 -0.20863076648953893244 -0.43762376196724828148 -0.87461914353369873965 -14.369840268206129252 -3.7751812491906862057 3.024814340272010238 0 -13.871798857825776707 -2.1799435650762890582 0.53339476807472907538 -0.043860268369529907539 -13.507971168419784291 -0.031803893208072947507 -1.5289164077932115848 -0.087720536739059815079 -12.845893403093228358 2.3311583288491712906 -3.2546296060417807539 -0.13158080510858971568 -11.46569058233822247 4.5550336627979124415 -4.7207206795282585787 -0.17544107347811963016 -9.1708558161118123309 6.1278384308631395072 -5.8432124969678129744 -0.21930134184764954464 -6.2506166891236318861 6.5002427321452138642 -6.4206711342792104347 -0.26316161021717943136 -3.4338287320531111213 5.4706313034061695433 -6.3461792750058201307 -0.30702187858670937359 -1.3871321027285676841 3.3563159613616755372 -5.762501949684388336 -0.35088214695623926032 -0.28164355625975567854 0.67765306939553737742 -4.9861841272310556406 -0.39474241532576914704 0.15522654766586169162 -2.2226887416058409563 -4.3559562373336646601 -0.43860268369529908927 0.36462954391591378966 -5.2110716838790569483 -4.1956008019336730186 -0.48246295141735756618 0.77620380914716990972 -8.1160442231064493512 -4.8214931014022877065 0 
0.64076119765964123509 0.22178002888094505707 -0.73500932399755958269 0.32708168969545076132 -0.94499606785741119275 0 -0.69458092101622770365 -0.24040809163503279455 -0.67805699881105174764 0.29347180053242838405 -0.48658451730723945028 0.82286682385981202437 -0.38390116350520192556 -0.84829795233146332301 -0.36470601959605436493 0.87549654422596501213 -0.20886859885374270407 -0.43575188979655288257 3.0014510334865431851 14.179671729522212331 15.319655884459139727 0 4.9237346264654666683 15.160916798608564449 13.235913121410456839 0.30567540885381927485 6.5389369124935434741 17.537539765402446079 12.374060923663609657 0.61135081770763854969 7.6871059920527970988 19.993448852259795956 13.658645806818164203 0.91702622656145782454 8.4084005294142656339 20.768479424358133656 16.465602178678359735 1.2227016354152770994 9.0691863238270009617 19.384700987694099439 19.044069302357662821 1.5283770442690962632 10.102739925154345713 16.837977235167169709 20.246552777266451528 1.8340524531229156491 11.750030006800727733 14.332422734929862074 20.153583721103149884 2.1397278619767350349 14.038948772579413315 12.512104988112614734 19.484774727730471255 2.4454032708305541988 16.824848585712075533 11.48524527515987792 19.055435149722590893 2.7510786796843733626 19.740455639644427066 10.994867964089211299 19.564136078257757134 3.0567540885381925264 22.089329532718018356 10.498561820864159344 21.363150166503700689 3.3624294978031881165 22.969744934315301066 9.3468583303485566205 23.989639799181595947 0 
