9
0.039211323989686526492 -0.049892684504188572481 0.99798456506297816837 -0.78624231993974869059 -0.61791829098656880781 0 0.6166729168746895029 -0.78465769969917709137 -0.063457134319622909846 0.16470212863967542694 0.88444829829592885861 0.43660556164918012945 0.98587737923125895456 -0.13401289045679093404 -0.10043076377047770176 -0.030315044807242425007 0.44698070745039142349 -0.89402977871292588219 10.972080946180122751 1.0031479243614385144 -12.516102265583597841 0 11.08971491814918231 -1.3555790354578076684 -10.666083514959529666 -0.45546343356179253004 12.887573149886565105 -3.0908409443589563992 -9.0057872529985196763 -0.91092686712358506007 13.597822363334621798 -5.5721096107090613003 -7.4764576982654418202 -1.3663903006853774791 11.384562088718206851 -6.7235453563025933121 -5.8104400870615320329 -1.8218537342471701201 9.5643782285224592243 -4.3738256535115320744 -5.4033902760689178635 -2.2773171678089627612 10.811641739589772371 -1.6631667423337392897 -5.7142940515815094926 -2.7327806013707549582 12.924936144115383385 0.44113647288101809352 -5.3888626611809558042 -3.188244037289030608 13.419042530034410277 3.3987686105747925147 -5.4798077956026824964 0 
0.82043380330369208853 0.25221815049307777512 0.51310269825687893075 0.29384848092268500697 -0.95585201274016806661 2.7755575615628913511e-17 0.49045024687124882945 0.1507744484401147278 -0.8583272225914252429 -0.37659919975853617391 -0.77076606668012903611 -0.51389951663304134222 -0.30542507173440913704 -0.42041645299254698509 0.85438020319363494615 -0.87457908064237477319 0.47871669754418288978 -0.077082781443911230213 1.5135057431252250115 1.007909829692917425 -8.5790208700849319712 0 3.9748071530363011661 1.8894552724609723349 -7.1076701294711854828 -0.41833051558401096459 6.7219410261732663869 0.97764277013318845455 -7.8962385288846750342 -0.83666103116802192918 8.4283659909253749731 -1.3344661285420773567 -8.7577988774390309601 -1.2549915467520329493 10.413355172386701497 -3.527446332676037688 -8.257136312919834964 -1.6733220623360438584 13.189997193037568124 -3.3237685810227315386 -7.1396669436146034116 -2.0916525779200547674 14.519766662364400389 -0.70065455410127752689 -7.7320569844474498211 -2.5099830935040658986 13.493560780422841461 0.73088906170914513805 -10.16055029860883252 -2.9283136090880819147 12.363763181147231052 -0.18538615349408205102 -12.784287540535958172 0 
0.51928548276796959726 -0.55705148835580964306 0.64810201874937423128 -0.73146728257332038758 -0.68187653906319589669 5.5511151231257827021e-17 0.44192556150469375353 -0.47406542248488808822 -0.7615535262166316377 0.31816697439974900297 -0.84416782200548456938 0.43145157861783989262 0.62095060772596777365 0.52945600421189153995 0.57801097080308816434 -0.71637289114403224222 0.084006118196795820374 0.69264193703489063125 6.6793678975381709506 1.7192121951708969618 -0.69985279435017844207 0 8.2372243458420797424 -0.47518965254906397888 0.62592389016390281853 -0.35050511864969446929 9.1498849615725550422 -3.3246353429302311078 0.84438084399672530544 -0.70101023729938893858 10.199510307536357345 -5.8267725487882753299 2.1240667131535024836 -1.0515153559490832968 12.322631801303256083 -5.986563160948864315 4.2375388102080373542 -1.4020204745987778772 14.141214024499230817 -3.606707796533144883 4.407794919537652234 -1.7525255932484724575 14.602855747757558902 -1.6258344597775593598 2.2025683481292577248 -2.1030307118981665937 14.935708417436694972 -0.70828508365307007999 -0.63421280369462662563 -2.4535358305478616181 15.890209340635943036 1.1545667395248344622 -2.7833314771267234633 0 
0.65465260930839408449 0.27132905048377392587 0.70555687757209539779 0.38287982628339817248 -0.92379815902890549673 0 0.65179214459128453907 0.27014349471786075485 -0.70865329499743046071 -0.57406771521939792269 0.16666549069172659214 0.80166630997895005351 -0.70804726217658997545 -0.59276691309903528637 -0.38379221104560701239 0.41123634672413789115 -0.78794035367375803158 0.45829539184401352214 3.106768236715029996 10.279221062494677597 -5.0433057155660065973 0 5.0707260646402119164 11.427860541344871947 -3.0879292817921530911 0.027385239512768590198 7.2809097071710109361 13.455296173667196769 -3.0201870332878835157 0.054770479025537180395 9.4753230970362523067 15.491895989361204045 -3.2121109678780102037 0.082155718538305777532 11.764536741960544219 16.788010910857991576 -1.7700445677982554749 0.10954095805107436079 12.688767982722296779 16.161417889299933393 1.0143975305915937657 0.13692619756384294405 11.579238563419140817 14.119710632926844696 2.911857550588320187 0.16431143707661155506 9.6208547307682401595 11.940835527266912663 3.5578103712880988496 0.19169667982068694378 7.8986515851100449481 9.8166937407371435143 4.7915194114605093034 0 
0.78230885038150788091 -0.2779189315869052268 0.55745307433034807509 -0.3347580137182578075 -0.94230412938255059263 0 0.52529033387848489411 -0.18661188390396368786 -0.83020844967974349871 -0.78631553442361012962 0.5894052404816594315 0.18522781329182125276 -0.20382376652523265248 0.035544449316980780695 -0.97836213352838830026 -0.58323558921209550654 -0.80705517445556962386 0.092185643464207489561 1.7873801603989676323 3.2585846710222057254 -0.3646643784920371445 0 4.1343067115434912751 2.2543106298674322474 1.2112066231434175378 -0.24389450238965487694 5.909752785286982224 0.67135317185479770341 3.039330225988646994 -0.48778900477930975388 7.5719431705825748224 -0.83673050475281418592 5.0300128653562552472 -0.73168350716896468633 9.7158552991036764013 -1.9059198793235816449 6.8356958480523051236 -0.97557800955861950776 12.606323598264447483 -2.300092168897638345 7.5355688680283172687 -1.2194725119482743292 15.184184837690061443 -2.0816084723380949839 6.0167415885006985121 -1.4633670143379293727 15.32380425796037926 -1.9237070592228553423 3.0241643658334753653 -1.7072615072054064811 12.964857654689547317 -2.5351783587985465829 1.2744575981971917322 0 
0.25272722949520398661 -0.0070172061145421914946 -0.96751212203776770782 -0.027755231382788157074 -0.99961474935641481121 0 -0.96713938737007609792 0.026853522812810629028 -0.2528246303467592826 -0.90187973666118192995 -0.10706833706936061401 -0.41850843694859696242 -0.016337035157011389752 0.97655877771750676519 -0.21463004203784574742 0.43167816933710506655 -0.18673329874473570955 -0.88248775246893618185 13.761137404347246971 -9.3520045697483595859 2.1819146696854119227 0 14.519319092832859042 -9.4352702638967240745 -0.71950349242481648204 0.40079720221487391552 16.048037435697089848 -8.0592818874208802526 -2.9034652051757405822 0.80159440442974783103 17.400378910945857314 -7.7353096363759759058 -5.5616997655818698476 1.2023916066446216355 16.195516888686370294 -8.8740856473438309848 -8.0619870899968013589 1.6031888088594956621 13.23842567091247524 -9.2863198172662588803 -7.769371999029041298 2.0039860110743696886 11.398420344804934601 -7.8565177012850515581 -5.8799125555508862107 2.404783213289243271 9.7070898118104906871 -5.904068202506320695 -4.3543480680743220645 2.8055804155041186299 7.0014506018269422327 -5.953079307977352741 -3.0593135600630065873 0 
-0.07208482615305306096 0.025482576818703465971 -0.99707292417213033708 -0.33329545669430998833 -0.94282243214028971234 0 -0.94006271938919871989 0.33231987561948145293 0.076456418192569070014 0.18941130336819289592 -0.39339363211532107911 0.89964704655074401174 0.81467767940157287399 -0.4484908804780781133 -0.36763597323013175178 0.54810914683229861044 0.80255677701899241772 0.23553976908296486714 2.5698844735362373903 -7.2245967240390687181 0.37562380983362975151 0 2.353629995077078263 -8.2244830941219984055 -2.4445643483339667412 -0.20457962816315541921 3.1930413644605031287 -9.309687593356592572 -5.1124727454917247016 -0.40915925632631083841 5.7632094459007481291 -9.1043955202390680626 -6.6461094852447635262 -0.61373888448946622987 7.8451588359709312215 -7.084112811597659487 -5.8819861216200015619 -0.81831851265262167683 7.4790978926124092041 -4.7449170199726911079 -4.039664765370080346 -1.0228981408157771238 5.6592655729767580297 -2.7969471127874596661 -2.6635660089394970207 -1.2274777689789324597 4.194056679197937676 -0.4481236797643166625 -1.5076309054298413503 -1.4320573971292147597 4.7622905893025144763 1.9959093584404024035 0.13669653506705481405 0 
0.96822619180772762082 -0.18686017158100057256 -0.16619662383521624505 -0.18949555568728271293 -0.98188157859019242757 0 -0.16318540336768247445 0.031493521587004608131 -0.98609263369410471434 0.66780281611439340494 0.73643671568011237483 -0.10816821431444265111 0.31968405351278772475 -0.41500410517875951921 -0.85180613910349955997 -0.67219156846788796766 0.53425888526356446473 -0.51256798456167196321 3.3267083874780354336 -1.4308535165193490002 1.2887765802529855819 0 6.2313869629012188511 -1.999340183581197028 0.79922037014993818627 0.13653962900482888299 7.7900435752289682867 -4.4365555427320959581 1.5932903167270608957 0.27307925800965776597 7.9009038969755582826 -6.8835377722998867256 3.3253453061841988792 0.40961888701448667671 8.4932807714614764194 -8.3065663733057366613 5.8990719282694765724 0.54615851601931553194 10.469888408347422626 -7.6994189460687394444 8.0726252983148949482 0.68269814502414438717 12.571306305456658947 -5.5584148792735446065 8.0621817453832456124 0.81923777402897335342 13.989606704646959656 -3.5785266978680891903 6.3104730470996361902 0.95577740651055809185 15.993015152990139427 -2.6194745373297272373 4.29389834169597151 0 
-0.46951631493624695901 0.057521460470309489221 -0.88104807564289566724 -0.12160298071833265665 -0.99257882058827795468 -6.9388939039072283776e-18 -0.87450965980319728121 0.10713807215432713527 0.47302673117483584608 0.28863214544113613425 0.46918119155652643348 0.83460199742610552409 -0.93487964714342475236 -0.050008913033303147022 0.35142446410888045216 0.2066192875194215739 -0.88168481789516228719 0.42419376694871552269 9.0893103799945293986 3.4396353949496445424 -2.2902136057511799372 0 7.680761435185788244 3.074826452794646503 -4.9137425851607723359 -0.17192773527809673828 6.6522203518743499018 0.51547208368509100929 -6.0934823538360065598 -0.34385547055619347656 7.5949800665768050223 -2.1274461338603996019 -5.032290845972475779 -0.51578320583429015933 10.008264771287384676 -2.5954859725440191376 -3.312703908560698185 -0.68771094111238695312 12.705470211728124852 -1.5095878310677641743 -2.5738360604103873719 -0.85963867639048374691 15.582331927843030783 -0.73116054855879386576 -2.9169604734743810326 -1.0315664116685803187 18.311854302507519776 -1.8641895060324489286 -3.432643874749430779 -1.2034941411622688268 19.177750738830926736 -4.6688284474627232967 -2.8127860121911671953 0 
0.87607263161865489565 -0.46919434502871476544 0.1111458983581488924 -0.47211955052775583797 -0.88153453137666126782 0 0.097978947423588813592 -0.052474151575852896745 -0.99380410005099095727 0.052527984224796486767 -0.47720499508328279026 0.87722072680759399788 0.71504331700019896356 0.63117926085578790474 0.30054250195088005881 -0.69710391311958119775 0.6114639264364702953 0.37437681683066603711 3.2783167589953308152 -1.0189385897001130843 5.8892366321795606154 0 5.9065346538512955021 -2.4352972412833806537 6.1831734744503270562 0.30134957003476425808 8.217687718918483597 -4.3285888016710973858 5.9110690915571915127 0.60269914006952851615 9.9428845717886318312 -5.6968300080612230829 3.8735294969442959356 0.90404871010429277423 10.63903823791129355 -4.9899931799881027672 1.0423297914459632718 1.2053982801390570323 10.692591020038229033 -2.4724266950305331392 -0.5883064377154771929 1.5067478501738214014 11.021429036590106421 0.4891075088788524039 -0.93645698029954005381 1.8080974202085855485 11.793306255649717684 3.3125052595572173075 -1.5941997983335896016 2.1094469902377857018 11.950890208324107533 5.4576352105578127549 -3.6855115376923328618 0 
-0.48356478004951336525 -0.54127470055395643378 0.68788574780692357535 0.74574337715780270042 -0.6662333040499214265 2.7755575615628913511e-17 0.45829239457025772175 0.51298624066825593282 0.72581898429574676079 0.89103780376418484366 -0.11018721290550206882 0.44035259778411239839 0.0026813543495529112981 -0.96879657313862588275 -0.24784271264999302442 0.45392118545178167244 0.22201796771201284808 -0.86293891986112036818 4.805848962862697249 -3.2493415832209251448 -3.8020990898018993676 0 3.3551546227141573198 -1.0121114517475171546 -2.4272219060911259803 0.17591644411714238427 4.4576209315013270995 1.0620629115761515138 -0.5611273883094366477 0.35183288823428476855 7.2435644357800725857 1.8687466482357975028 0.20551955359096465981 0.52774933235142718058 10.167727357726997539 1.6431525584818527097 -0.42566474862731340512 0.70366577646856953709 12.773246788921099437 1.1446098369262103223 -1.8266454960217424208 0.87958222058571189361 15.410114210540164947 0.84343492249911100611 -3.2253045123251911086 1.0554986647028543612 18.372092104744034202 0.83172609383407647421 -3.7012507095379634237 1.2314151104322241803 21.045205516036588733 0.83977015688273692895 -2.3394871531826177957 0 
-0.44546450482849953012 0.72451801178538777215 0.52596104944800670111 -0.85186435953057559889 -0.52376245852634595312 0 0.2754786523479849647 -0.44804747252605564567 0.85050865631312155823 0.82413108436974202853 -0.18571348971047862975 -0.53508733447457823562 0.49918060528534263787 0.68454351237109534178 0.53124279098883120387 0.26763161076844455 -0.70491891690477448407 0.65685815935199232118 3.0772806139569781614 2.7071078050107786339 -0.45619129890249898729 0 1.740887099471479571 0.15151472641905172623 0.37024465814145590681 0.11298037928651337436 2.5718324088090076529 -2.3458955626423021457 1.8098439825552334881 0.22596075857302674872 5.0912957481145779681 -3.0882997898558381955 3.2593543983799402319 0.3389411378595401092 7.619060349208269578 -1.7390568560982304636 4.1481363327872822211 0.45192151714605349744 9.2713814688161377831 0.72796815562740868621 4.576665153315452983 0.56490189643256683016 10.421252923784260602 3.4707697699014219417 4.9701822746840926825 0.6778822757190802184 11.922698033542603824 5.9865003945718306966 5.6157460561469685345 0.79086265500559416175 14.395091286651828355 7.4840422104278605531 6.418640888452304516 0 
0.511055224423968113 0.09276787201046327036 0.85452716721682864254 0.1786035334687371412 -0.98392112378608975742 0 0.84078733067372590781 0.15262157150995600552 -0.51940670046542725125 0.26667883520351987059 -0.20375798263480096595 -0.94200057503543477289 -0.4872637698408570639 -0.87178606886792398001 0.05062675901426316738 -0.83153858446555029005 0.44550166625996845404 -0.3317707761461540783 2.0089876090621174853 6.3007651883467161724 1.9573233349485263943 0 3.5421532823340218243 6.836575788752927707 4.4796853269697045619 -0.44490590296280041471 6.3856182764512210426 6.4001360812098484487 5.3306980469941329659 -0.88981180592560082943 8.9785780886913801879 5.0028967261548453749 5.9001676847131951931 -1.3347177088884012441 11.141812502535275442 3.9315742343402475534 7.6813726522058498603 -1.7796236118512016589 12.386053840953463734 5.2658741390034515817 10.06285846637156034 -2.2245295148140020736 12.138777332501401673 8.2480361634153176453 9.8495418265202125951 -2.6694354177768024883 11.711925939581698586 9.077459033960662893 6.9982532480441150824 -3.1143413160769530812 12.511962445192256865 7.6156677244380928116 4.5036374946474637682 0 
0.078042061281622679414 0.020462336875810987341 -0.99674005108678964682 0.25362325298497961912 -0.96730307843266838397 3.4694469519536141888e-18 -0.9641497198133868185 -0.25279645413704648904 -0.080680050567062261413 0.37480661544832322152 0.84927010208426778615 -0.37183369228991403066 -0.81585247730623633444 0.49263683552115122843 0.30280964905528229281 0.44034615507512969712 0.18986637931314637173 0.87752266165442494028 6.1098686719937660428 1.8948988950916856311 0.29822532182238603582 0 6.3439948558386340949 2.655768654046624544 -2.5942238376177746417 0.21573909405243660298 6.7072660181480614483 4.0201155741585923309 -5.2412246856676780737 0.43147818810487320595 8.2745755580057966938 6.0989437078191377495 -6.7318570744583396959 0.64721728215730978118 10.901465530402594695 7.4095441533756218888 -6.1140257496037122564 0.86295637620974641191 13.029289836918495737 6.6309210507802784917 -4.1477927585992260262 1.0786954702621829316 13.947446831590880834 4.3198586671977023954 -2.4697030975615255066 1.2944345643146195624 14.484658110413178633 1.5635119731890361194 -1.4142549627878224783 1.5101736582321549918 15.609077956758147465 -0.88404545872967155162 -0.093216497562433442425 0 
0.53771214249560672638 0.43853749536520936214 -0.72010451808858522149 0.63202079743516070831 -0.77495142532253202816 0 -0.55804602267394376458 -0.45512103175900964214 -0.69386560876614056248 0.42921029334559868129 -0.14485041309671917165 -0.89151381476222568701 -0.62788678035299616553 0.66168262010001543949 -0.409797878612771449 0.64925858881044806736 0.73565920648306226681 0.19305133196271129226 -2.0356234723504913475 -4.4474315955623495711 2.8724184661193961077 0 -0.42248704486367127942 -2.5513692032568675572 1.1982803980975647029 -0.27288631524541184792 0.45817129017890362297 0.08720568410027386419 0.074723811419551797175 -0.54577263049082369584 1.7825149285043062619 2.1929905606546848951 -1.6021141077289118293 -0.81865894573623554376 4.3497388085013906078 2.3805187636037805632 -3.1429368502518109096 -1.0915452609816473917 6.7471035805082903991 0.61231337054440049261 -2.7879270033227916414 -1.3644315762270591286 7.7313696564881269069 -1.233965118683429063 -0.63793217664056200977 -1.6373178914724710875 8.2798150445690641419 -2.5141628475659203446 2.019193578321222482 -1.9102042095737377103 9.5674459246058543016 -4.3978231886249101734 3.9669693447525653518 0 
0.86190966543653013687 -0.085140644183821376223 -0.49986278050586330224 -0.098302956600848617752 -0.99515653478411725263 -6.9388939039072283776e-18 -0.49744171251576857484 0.049137989218447399031 -0.86610461300292562736 0.098921218086708700978 -0.062588909462899855463 -0.9931249775453681039 -0.18469346807472175609 0.9795242578144219836 -0.080128342074686900731 0.97780515209461560389 0.19135008953578058755 0.085335969976764292078 12.136556774216316512 -4.8686178822800032506 -11.514711910111216753 0 14.722285770525907367 -5.1635267520825491872 -13.007037047658522866 -0.26176416267196395138 17.104403521308928049 -6.9823881977236723628 -13.138298543955347242 -0.52352832534392790276 18.417106817814072883 -9.0531628597421693883 -11.40952951463680165 -0.78529248801589179863 18.606921620756235569 -10.037797784150541247 -8.5820837256674167293 -1.0470566506878558055 18.387650341573174018 -9.7358562225389988498 -5.6053794334226862972 -1.3088208133598198124 18.405923704515082306 -8.8253245251598304577 -2.746949279391123877 -1.5705849760317835973 18.7918331833717005 -8.2288374400382622298 0.16771511985810594325 -1.8323491373630103052 19.08859683763182602 -8.7829178442624300516 3.1011305761419523108 0 
0.7424897238642302888 0.031295959023793180898 -0.66912597685697450256 0.042112630551606848595 -0.99911286967390433578 0 -0.66853237491092609712 -0.028178655055860802464 -0.74314899387350319415 0.084319654442316815945 -0.95395558403957225746 0.28785228773530235902 -0.92244906347048150064 -0.18396983432949770565 -0.3394743368197491451 0.37679957693336052493 -0.23690471446658947774 -0.89548770794821330732 10.362306621183037691 10.634408762390316738 9.1520426418196478835 0 12.589775792775729002 10.760746654045137305 7.1464455170868692591 0.065360541810469047208 15.086624501557540867 9.7120485642469400744 5.8557184073324046736 0.13072108362093809442 17.09194264799789309 7.4869833547613175995 5.689213316627663275 0.19608162543140714162 17.925609943339225083 4.73937944487011098 6.5584884226418500575 0.26144216724187618883 17.62260683022688923 2.0993048523914570325 7.9506823513699886874 0.32680270905234520828 16.76279100144949652 -0.3676135783238063115 9.4254906117223473672 0.39216325086281428325 16.082039781003082624 -2.949651406357274297 10.792842046354502727 0.4575237926732813043 16.334998744330022191 -5.7169985967687200201 11.923240777154585857 0 
0.16519525271052251658 0.9100218958704771044 -0.38022450936020629753 0.98391997042355650027 -0.17860988718911219308 0 -0.067911856723362543087 -0.37411048800400548142 -0.92489422232047202588 0.18502882276825680097 -0.57223245222087237849 -0.79894577749073836248 0.066216252670080688603 -0.80387642891909549814 0.59109905676681184783 -0.98049974126836203503 -0.16227355808501242596 -0.11084922065177342521 6.868248381724365359 -4.5252760889534471289 3.7493042378758532074 0 7.3638341398559328255 -1.5735161776827775171 3.5455686677057656198 0.18004674686262389649 8.4478106052715009611 1.0578362176414046747 2.5963619633639507533 0.36009349372524779298 9.77766310716715914 2.8222955724230844865 0.56704791454118308458 0.54014024058787168947 10.696349355115451374 3.4043663654728257839 -2.2288716868309452757 0.72018698745049558596 10.844472802009924806 3.1207852377972216118 -5.2117639574768359623 0.90023373431311948245 10.44675554348090607 2.6262779750027860359 -8.1438824572278800673 1.0802804811757433789 10.145839927712575701 2.4194486617465855716 -11.121576224337649919 1.2603272286492699372 10.700926396017345965 2.6180974197568271933 -14.06307544814273669 0 
0.61995417240317240992 0.41194663473170251011 0.66779996574806932408 0.55343821333394838113 -0.83289023527817085402 -2.7755575615628913511e-17 0.55620407059066401256 0.36958601990808359616 -0.74434078602940800806 -0.24749718479016150074 -0.94160831125185517898 -0.22829571109062513079 0.012875125688639438293 -0.23880184583846941759 0.97098296049036880717 -0.96880306288711093288 0.23737621322611401897 0.071226109924550667918 13.996402571013634386 -2.7952784055082333659 1.2301987287865729925 0 15.856265088223151949 -1.1349637655063882224 2.8988109405585649192 -0.33725805609080788949 16.843826108583801471 0.18163390200415455156 5.4070591048288108027 -0.67451611218161577899 17.783410672501215544 0.25778963742442984053 8.255107749652232485 -1.011774168272423724 18.532070965253044648 -1.7422566404689967534 10.362065242832269263 -1.349032224363231558 18.240492772208472871 -4.7269401417292744583 10.280907649834515993 -1.686290280454039392 16.89561933653686765 -6.632291549523027463 8.3938623599001029874 -2.023548336544847448 15.326086930733044511 -7.190435247865441859 5.8988547634272432418 -2.3608063930799780827 14.583595376362556095 -7.1518098707995232388 2.9924455747659126637 0 
0.51223494907771693896 0.39322919380450904736 0.76353530244724421294 0.60893441201339471025 -0.79322057579585081299 2.7755575615628913511e-17 0.60565191224766212752 0.46494292044718227297 -0.64576608916603484012 0.45555253926717559354 0.64647294027004464922 0.6120005077333129373 -0.88646948223327082239 0.26648736150546659118 0.37836007086759443352 0.081509146948699776059 -0.71488266425789004366 0.69447752685543184814 -1.7041735404128219855 3.7009553935852270712 -2.6867099078646705657 0 -0.16746869317967116864 5.527758629625411757 -0.86975417112168429412 -0.41532279236657621002 2.0866126710539467659 7.4533536950026597623 -0.41017353205721818199 -0.83064558473315242004 4.9681611687123199417 7.4988247035454795864 -1.2435705825844349803 -1.2459683770997287411 6.7975761800388028178 5.1651906968381027241 -1.6989147535683992718 -1.6612911694663048401 7.0863388383983556551 2.4116802072245215882 -0.54358254732788535701 -2.0766139618328809391 7.2417877489812489955 0.45416331225217726475 1.7244546313422433048 -2.4919367541994574822 8.3725709359982545266 -1.4562689106037165487 3.7422676116193764884 -2.9072595446778892736 9.7392285537997800304 -4.1156773573035287939 3.9867950524654758304 0 
0.76326404305143458195 0.62034209890617664218 -0.18056489390093849456 0.63070901680651259014 -0.77601941735948987144 0 -0.14012186376058438642 -0.11388390670203321631 -0.98356307326502590005 -0.50975502092551416844 -0.5315083343001552052 0.6764973830035877489 -0.79781008743015457974 0.58630449550885077592 -0.14052082742711574648 -0.32194546593471029539 -0.61134763360594324144 -0.72291437103469990966 6.9503671287603969731 -6.2643582445271963621 3.8911904330085662629 0 9.2401592579147013851 -4.3722311941076590358 3.4708248417268130481 0.40640774533991352868 8.9764729826912557087 -1.6440545328959212945 2.251184872933415182 0.81281549067982705736 7.6915948992803722106 1.0062638551801190712 1.6811842127615228559 1.219223236019740586 7.762450368315490401 3.7980463130527577498 0.58531459897417814631 1.6256309813596541147 9.385244283264364995 4.523178784272625208 -1.8314441413198272457 2.0320387266995676434 10.049388002352340976 2.2872333893041534303 -3.7180976100615770186 2.4384464720394811721 8.7596514117652368725 -0.34186857423743077788 -4.3695593490035715689 2.8448542165867380938 7.2303863489886914806 -2.7352988365278916305 -5.3353957468077073401 0 
-0.82576609174734227903 -0.42420092444572643497 -0.37170409927751824064 0.45694010722733557905 -0.88949746396888118571 0 -0.33062985365418967598 -0.16984651098070946418 0.92835126034292048125 0.89614847642925421489 -0.44368546055249891147 -0.0078179465234559236686 -0.42186993589141325023 -0.85728573239164329589 0.29510494782144769399 -0.13763598869663948299 -0.26115969277827205675 -0.95543285974654323933 4.7866322459883381413 6.1369962233719697053 -2.9125713697201462971 0 2.3093339707463114152 7.5078165450539762205 -3.9044609306827151585 0.6397416501021151447 4.5849626093031066176 9.357828422575124705 -4.5360544333722963017 1.2794833002042302894 7.4541637187784131058 8.4824261111939840418 -4.573566102103916009 1.9192249503063454341 10.11976151355627529 7.1287943695286664081 -4.8231155750925358561 2.5589666004084605788 12.766445055107483952 5.7594052802499842159 -5.1692945518996502585 3.1987082505105757235 15.418541564948817779 4.4087305296905512364 -5.5462054539349390225 3.8384499006126908682 18.076762744343046307 3.075190866850656235 -5.9405810709487258947 4.4781915507148069011 20.765208173630782085 1.809581059176372797 -6.3534890370386873926 0 
0.18454473124277781526 -0.13329661966572547982 -0.97374290927134454776 -0.58553187528761052594 -0.81064938353284032857 -1.3877787807814456755e-17 -0.78936408912028976914 0.57015751171366424455 -0.22765049229856315627 0.11974426458794013017 0.065753909672416177568 -0.99062492117909384248 0.84697463242545634188 0.51381489643885147611 0.13648525277587464366 0.51797228026802288881 -0.85537750470790629986 0.0058344934330673003942 9.7468433129606566467 3.7979358373967815332 -3.342279255886669187 0 10.300477506688990204 2.0413402115339498444 -5.7103715232475380503 -0.3043168328196241279 12.614755731501967162 0.35189611699283801505 -4.8216449343527330029 -0.60863366563924825581 13.801353700933091773 1.4584308321949310816 -2.2982482150718896996 -0.9129504984588723282 13.535107659975455618 4.0991762374619149512 -0.89982290669259334948 -1.2172673312784965116 12.959329048277519192 7.0257028639795908731 -0.57744062956241282158 -1.521584164098120695 12.605434633849515791 10.004604814647882094 -0.60754299389186561253 -1.8259009969177446564 12.650276017627970049 12.989363961068185915 -0.308879485649445229 -2.1302178290856876863 13.009508811391791383 15.530287858344557606 1.245037355154621217 0 
0.67194901486341518382 0.24715414351545061944 0.69813992205519215251 0.34520598749079645096 -0.93852694484522081186 0 0.65522312812094007928 0.24100208119981028632 -0.71596134618621010137 0.45070412158986711271 -0.84664101249788770165 0.28295722422030117338 -0.41864295214444890991 0.079487707175616997834 0.90466556418808385942 -0.788418590218220805 -0.5261945461181777306 -0.31861485563890190598 4.6181097506938186825 1.8234143429398756986 -10.195942477377068158 0 6.6339567952840639009 2.8590323054122652735 -8.2302730930142473653 0.16069818302353142125 8.65891134843213095 3.6711278083591292187 -6.1711266169715486285 0.32139636604706284251 11.358092759350194356 3.4020179963876104878 -4.8897334942030070692 0.48209454907059423601 13.996745997584552512 2.1242933307275921884 -5.5260264829044674073 0.64279273209412568502 15.370689422664469248 0.88010065408680759891 -7.8848900763477889342 0.80349091511765713403 15.661333863379899967 0.31271990914354913516 -10.816379285406489075 0.96418909814118847201 16.074100343542916391 -0.093447195376346492424 -13.759957406907282973 1.124887281164719921 17.426212708312508681 -1.349376051809692445 -16.125213177561949607 0 
0.020627167440140741633 -0.0017404094550274289838 -0.99978572251174158136 -0.08407588138445851178 -0.99645935500120952355 0 -0.99624583619346829266 0.084057865815772375706 -0.020700460421805871869 0.49037805736679740409 -0.3568551890840954699 0.79509982698836023651 0.80113423393188165633 -0.17458193972632896074 -0.57245531314135766898 0.3430937190849505658 0.91770121518125236104 0.20027775607717934747 -2.3375237195989115868 -10.714322896116264872 5.7184423201982017559 0 -2.2756422172784893654 -10.966550540269640379 2.729704811617796878 0.33217464388710499223 -3.1109969310118747998 -10.640387184044957536 -0.13312937141631717153 0.66434928777420998447 -4.1774360484705344021 -8.4670842730833779655 -1.9049677018370962944 0.99652393166131503222 -3.841281325269427338 -5.4980349329367061983 -1.6372252536252211996 1.3286985755484199689 -1.7889596601638775297 -3.7412171913371787824 -0.33278864273226188564 1.6608732194355249057 1.0134946439131837792 -3.0701584091525759845 0.50145271592449180975 1.9930478633226300644 3.7326574757639039426 -1.8573950213938061893 0.86935442347640723426 2.325222507209734335 5.2037916478642944895 0.5460076804018392238 1.8986355807312618182 0 
-0.46030466821279547585 -0.039704842569146331366 -0.886872672878168955 0.08593862839701375822 -0.99630043267542545138 6.9388939039072283776e-18 -0.88359162771653076973 -0.07621662106994328556 0.46201391981403810982 -0.29980713322118224262 -0.79062013729776237092 -0.53388714291408434498 -0.7073477807899810621 -0.19128943219167163226 0.68049060988618848 -0.64013654784052542723 0.58165982466649301941 -0.5018934632845494237 11.511624603526986022 3.1159919812738507972 -1.2586549628153542724 0 10.130710598888599705 3.3738078664648920579 -3.9094298459649463595 -0.48915074173457340212 8.732752023104600525 1.3305500266486176564 -5.603758391977242681 -0.97830148346914680424 9.1947955890465546958 -1.5874566134481649105 -6.125017569535677886 -1.4674522252037203174 11.501858609392064281 -3.4724769475276988651 -6.4773806013798047587 -1.9566029669382936085 14.191602100434510092 -3.7644946695725649555 -7.7735378932178553768 -2.4457537086728668996 15.753652105218257873 -3.3695440902227757896 -10.304156263483374545 -2.9349044504074406348 15.641391280593188284 -3.797402446423814748 -13.271361639864064585 -3.4240551940270509412 14.741969880929641334 -5.9194457887937579343 -15.191771283385637759 0 
0.1123497359680343255 0.099565840762702209621 0.98866788163727115091 0.66324454171772606603 -0.74840275111843590494 -1.3877787807814456755e-17 0.73992176255976982446 0.65572857606754697546 -0.15011935191330527672 0.99282243787564317117 0.0069308671303771884897 0.11939669145954309726 0.073196586764324528263 0.75429743222307421568 -0.65243976229819833357 -0.09458259108692756989 0.65649626565769447772 0.74837609972578977846 1.4000904503685405178 4.4208600730537881418 -7.2680533901356776383 0 1.7371396582726434943 6.4105936982069664509 -5.0482881024563681649 -0.19841190338290104478 3.0142246165212136511 8.7097828579915432812 -3.6051033867930830645 -0.39682380676580208956 5.331052260392064035 10.558728330914625815 -3.1428801632843730296 -0.59523571014870313434 8.2241178719602228142 11.305249113685512441 -3.4127818546590029669 -0.79364761353160417912 11.168725708507407646 10.968629021057134665 -3.8775211949230876662 -0.99205951691450522389 14.033633673642702533 10.122157422334989718 -4.152877628419278544 -1.1904714202974062687 16.966525412559235519 9.4982759552868802899 -4.247262040614822709 -1.3888833233603019579 19.944992726186164589 9.7178657155798511269 -4.5310098138756016439 0 
0.48045714958163426855 0.11715072053425047705 -0.86915857937098983665 0.23689138353018707184 -0.97153614055739268007 0 -0.84441897173443769553 -0.20589617837432572234 -0.49453348107666378342 0.66843144856991343339 -0.6303647784482945271 0.39476530325569297863 0.50559049799877808784 -0.0041824711444557842455 -0.86276344108247526865 0.54550677988094220527 0.77628780296160637686 0.3159107470108722393 -2.1609250422363772692 -2.1679211940142439907 -7.3172630491635040073 0 -0.71955359349147451908 -1.4572470434236828307 -9.85051996436681776 -0.27452740252844021196 1.8483438894956352172 -1.0333709011355534102 -11.342571816770611548 -0.54905480505688042392 4.7809863559722334259 -0.43057196757061599879 -11.152357174772935977 -0.82358220758532063588 7.0781824302019131778 0.71725837263734926186 -9.6014372218266821335 -1.0981096101137608478 8.4597875244460940536 2.472617741215214604 -7.5989645811248403007 -1.3726370126422011708 9.4385985366982421141 4.6480868195178564051 -5.779817802729684928 -1.6471644151706412718 10.748289631922579801 6.8372848218798480957 -4.2011754671435443953 -1.9216918165194663004 12.753583977632318991 8.3540563158761820262 -2.5646551275007158921 0 
0.43277066270602754239 -0.53151748559314793141 0.72814745485356457966 -0.77546188515215663806 -0.63139438125173630301 0 0.45974821171729318703 -0.56465059800949035651 -0.68542051617257282459 0.5107003964286704889 -0.68746202885085838652 0.5163148883925984256 0.40778246253176303471 0.72237148302513132236 0.55847372701283293228 -0.75690063306825883238 -0.07466859714990452257 0.64925036177158590434 2.361104152498526787 6.9322667384531797552 1.2126439031033697802 0 3.6594161406166092476 4.6058810829967100631 2.5918885382552492302 -0.38320793170205036393 5.0993961249524835111 2.0702974928209649796 1.8867182898384100564 -0.76641586340410072786 5.6097601922189159751 -0.65389519490627590059 0.73853342861694937227 -1.1496237951061512028 5.9722808481138409675 -3.6207225266969724764 0.99643150292348103836 -1.5328317268082014557 7.4882450027807037074 -5.2984343598610417203 2.9680003159007819491 -1.9160396585102517086 9.9269994991380894334 -4.3292219689245836634 4.4216315788578848256 -2.2992475902123024056 11.916866294924048475 -2.2529669721639171698 3.5674630488606284828 -2.6824555250858406197 13.448967484210058387 -1.0296195845686284542 1.2967611496558539841 0 
0.74024660331982772288 -0.29619003869706911347 -0.60357802084741818405 -0.37148949583097312654 -0.92843715699407969311 2.7755575615628913511e-17 -0.56038426169969024482 0.22422289465926403818 -0.79730394000651572117 0.4750822790775043325 -0.59931539136715583638 0.64429643005138359513 -0.48564498318314164305 0.43200818092126702652 0.75994597303107280784 -0.73378864696557566383 -0.67393619378063585046 -0.085815081989698033249 -5.4968907111074969407 1.6133309623930216503 9.4152050211131808055 0 -3.2761509011480138831 0.49886247490010227068 7.734052236014109738 -0.44607679540755229564 -0.61238059478591122531 -0.73030940448758996375 7.1067602851407709608 -0.89215359081510459127 2.3871310067191888749 -0.78434114193374315782 7.104781610458573482 -1.3382303862226567759 4.9446887407763684408 0.6826614882537496154 6.5509268655819141713 -1.7843071816302091825 6.3151353413615956001 2.5377910797245690766 4.6325133767513424488 -2.2303839770377615892 6.7181580466703563204 3.2188981435751680138 1.738790286879240421 -2.6764607724453135518 7.2105401714818881942 2.336840305073256463 -1.0860223036942158181 -3.1225375678528832779 8.6357870087144004145 0.87990535552383164486 -3.2873882445909430317 0 
0.26207139827877901084 0.27610849644284307658 0.92470680780249370212 0.72530325193916145299 -0.68842951180674771816 0 0.63659545625984703676 0.67069285478943008183 -0.38068007513359802818 0.10480482949846475771 0.98425202468627848162 0.14235132459784152759 -0.83852951349939586212 0.1644165459183670186 -0.51945688408061407859 -0.53468140299085142875 -0.064924196793149979712 0.84255601948268055157 3.3623532667969047161 -4.6300351272033681838 2.0259488549753914555 0 4.1485674616332417486 -2.4541253713858837138 3.9357352237549325658 0.26500908373858961253 5.0341980338617311475 0.18027567933800969779 5.0651626670541665121 0.53001816747717922507 5.7106343107175430163 1.9362180156525119479 7.4016318343821119186 0.79502725121576878209 6.3732584888984371574 0.80633852818304874166 10.100565242721131654 1.0600363349543584501 6.9657696811137501669 -2.1341809852115929402 10.147771052005058579 1.3250454186929481182 7.5911769293944963977 -4.0032242461197675709 7.8860128471490833491 1.5900545024315375642 8.4639538948854564637 -5.2784035837431080296 5.3145956617648568709 1.8550635856133612656 8.7783683833808527908 -7.793992124241295727 3.71055145279230425 0 
-0.2873537157909916151 0.61120782720943156452 0.73746378485932184699 -0.90497465572565050085 -0.42546547744116630652 -2.7755575615628913511e-17 0.31376538132074149878 -0.66738603481320035726 0.6753866788891856876 0.62593413555868671061 -0.089586269410162788773 -0.77471333942018150154 0.67982147474544796228 0.54946556449300698599 0.48572662672670552375 0.38216386592314510739 -0.83069964112761662811 0.40483192291755609737 3.6841681016198180032 -3.1947473722874093482 -0.14592742189240937023 0 2.8221069542468431024 -5.9096713394643609618 0.79536872206981512612 0.078187819484279622029 4.3089456642922021601 -8.1956848687526697717 2.0457257889729496547 0.15637563896855924406 7.0798298029630020167 -8.7084048521733716797 3.0749413698080894086 0.23456345845283887996 9.7636222698199830461 -7.5331662225607152195 3.7199830227428023477 0.31275127793711848811 11.8354923933193934 -5.4095177641207570218 4.1643777960318528741 0.39093909742139809627 13.446815916359291521 -2.9286962481265774727 4.6635506320023152327 0.46912691690567775993 14.98535188297711862 -0.46842131640012185656 5.4250974273189598307 0.54731473640541428161 16.863154289653181195 1.571043107836220365 6.5715890250883948198 0 
-0.20175403326119928371 -0.24508688507413659008 0.94827618805256075341 0.77205732698034124084 -0.63555289619037214077 0 0.60267967770517127946 0.73212357898696789338 0.31744648552551985032 -0.89590822291483540596 0.19542003178562733501 0.3989479506031901046 -0.43142796499745794669 -0.16862779971724206618 -0.88624746892765426942 -0.10591679343585516659 -0.96611369741838648562 0.23538469901172484611 17.865071670767008527 4.620806034512574989 0.17745733096620314173 0 17.259809570983410509 6.9369780154535991556 1.9854963640817169246 -0.19466667061413581163 15.62176459938917894 8.0954667803860012043 4.2159002660875115609 -0.38933334122827162327 13.110545513695038622 7.77139284936145458 5.8248424002496435037 -0.58400001184240746266 10.420853763307594164 6.4615918505316312093 6.0483461183556750385 -0.77866668245654324654 8.002420356447268901 5.0012537324775756531 5.0390864553187091346 -0.97333335307067903042 5.7169960873610818908 3.816816336682021138 3.4983164032186553349 -1.1680000236848149253 3.2159241274772942809 2.7817305214327232576 2.2047834956593921341 -1.3626666942989507092 0.52819945873278895121 1.4874466264403469751 1.8870331153518264955 0 
