7
-0.71086426563375770815 0.69415605194084673002 -0.11322266292078952965 -0.69864861437123848553 -0.71546496324917874254 6.9388939039072283776e-18 -0.081006848365596809125 0.079102856565031409719 0.99356963953269294976 0.80798733119706844796 0.17823567320856220642 0.56159462018517314341 -0.52398610669259493289 -0.21849708663925912489 0.82322389610803492488 0.26943465370693253647 -0.95942225736431974159 -0.083149861429701321658 8.1776214522533763329 -0.97801761968012501658 -2.4313531816799272001 0 6.0450286553521035415 -3.0739634627938401401 -2.6743737267767175858 0.73935978518156442174 5.9016496513636731436 -5.4337030152088985346 -4.5212767908503437297 1.4787195703631288435 8.3807573778547830301 -7.0941008309345185978 -4.8327956098277748964 2.2180793555446931542 10.235395136507388969 -8.0760686533780035035 -2.6889516238916333357 2.957439140726257687 11.184321786314939118 -9.8857842225675032211 -0.49248214510488896867 3.6967989221863244431 13.608283779906145128 -11.457742542645288353 0.31582181601590764153 0 
-0.39162758008458126158 0.26191646211191021987 -0.88205873125992884098 -0.55592129737334095019 -0.83123493136822734773 -5.5511151231257827021e-17 -0.73319802894159225026 0.49035523424150284644 0.4711394640742004869 0.74494211081165884192 -0.6574089043479675043 0.11346710546883143067 0.42259128612240404177 0.33339879001447297879 -0.84277034339747514124 0.51621493240014115766 0.67576532857264159926 0.52617807277216288586 3.4958798250099309968 -8.9755596910039496805 0.75862841865786945217 0 2.3209970847561871565 -10.643323583123972753 -1.4409656681669074096 0.38301933985640718161 1.6844796015778547016 -8.5639202805746954539 -3.5075773615966077124 0.76603867971281436322 3.3628460258594201626 -6.4084118912649747912 -2.2678960599446558177 1.1490580195692214893 5.4545518248021203078 -7.2486440074680009715 -0.28830305479502377208 1.5320773594256287264 7.850593341807390324 -8.50776590014239531 1.0053746366095948073 1.9150966992820370738 10.085419674242366739 -7.2399920417751850721 2.5540194338100192795 0 
0.6059262220003553967 0.12809589566304291353 -0.7851400225479904238 0.20683370347746138362 -0.97837611331522078562 0 -0.76816224366872754015 -0.16239341861197839623 -0.61931829053673304042 0.91279326232261348562 0.22908424848777780847 -0.33812552011528224094 -0.34777155194158937412 0.87006022957263173812 -0.34935675830897799932 0.21415743722452945663 0.43648093201285381726 0.87385409999073193621 2.6470740329676147873 4.9888479469548228096 -0.96833740725532779781 0 4.4648526989686807553 5.6093490573872069049 -3.2728241382615101962 0.64622950952713942296 6.925162207435359818 6.8389072815737277367 -4.4707652528148456028 1.2924590190542788459 9.8859673559986607216 6.8387551934011865384 -3.9874715014341473029 1.9386885285814181579 12.230059775524393828 5.0515672430987939023 -3.4296215005316237345 2.5849180381085576919 14.497770684670459929 3.0999061392974942564 -3.6498938577659663096 3.231147548473515041 17.236150471638300274 2.0565914834727250238 -3.0074215460923792165 0 
-0.45942162685548848522 -0.22374609846987691952 0.85957515796872852043 0.43785128763403774466 -0.89904741249681330295 0 0.77279882161832491594 0.37636608973483914875 0.5110093421876311659 0.92784554455163781306 0.36624373281478184161 -0.07048527243026564415 -0.36926552286894692712 0.92863987320895091671 -0.035650519025486604452 0.052398655288061604662 0.059105956217273381004 0.99687555234524871661 3.3543614113363418028 2.1755476638556245916 -0.43272719616932420195 0 1.9760965307698763471 3.4891015267577376591 1.8856692686856506569 -0.39835216657015776187 2.5258333351556077062 5.6976249496525372962 3.8402030115215053385 -0.79670433314031552374 5.3998767188831928721 6.1987295128187289706 4.5392801501913089268 -1.1950564997104733411 7.5414575869375433115 4.1074181611557856186 4.3391697284951709079 -1.5934086662806310475 8.9484415511681589805 1.4792656838393469787 4.6756536311332101974 -1.9917608328507898641 11.731978184823073974 0.37146911523250580878 4.8328495969973959134 0 
-0.017141230507913753078 0.010988945730412359031 0.99979268915531105399 -0.53970013889806489615 -0.84185732762351683789 0 0.84168280146981955259 -0.53958825320639136613 0.020361206044617816135 -0.10393216296292467904 -0.99118358196978650909 0.082177930951028183015 0.17722267520876980318 0.06284699816236227754 0.98216209365553663879 -0.9786675783399054751 0.11664202354007764673 0.16912838156495549335 0.2251917319279897467 4.9878586076921154202 2.8312001442223304615 0 0.17376804040424848052 3.3687581909979207317 5.3562485486317896743 0.11111145706649727671 1.5819850177379655154 1.5989932701816238492 7.3272541209931212336 0.22222291413299455343 4.1721918931057331292 0.097733401928558227834 7.5195745592827636372 0.33333437119949183014 6.4824481143621861534 -0.40276845732805027778 5.6723695195806556058 0.44444582826598910685 7.4064691772111341805 0.031232986590382982861 2.8514043428259152613 0.55555728533248294188 7.0946726883223600879 0.56290101221669253118 -0.084598392193800719951 0 
-0.44392897946142834131 0.43220136427458155648 0.78493887782013027632 -0.69757917193863572258 -0.71650771027073190123 5.5511151231257827021e-17 0.56241475804937945959 -0.54755701241220866571 0.61957320639814206231 0.51816995336241433723 -0.85282459013548272964 -0.06473111997053360156 0.13358283408633947476 0.15545453437527578799 -0.97876938763920706688 0.84478134796517312388 0.49852192148631968571 0.19447459455603097189 0.95769864769032153617 5.2769209124094320629 -4.556884592915449339 0 -0.37408829069396354328 3.1841833965935251172 -2.8696403187673107382 0.65333155126936870438 1.3089278398805848092 1.8834427517845786504 -0.7541095391285078664 1.3066631025387374088 3.4182290257617813367 3.2704965460669281896 0.86666818327238170916 1.9599946538081061131 3.9721383336959230625 5.7102266322767114559 2.5222462351629282296 2.6133262050774748175 3.9917713850221385741 7.3568650124960939252 5.0298738769214912381 3.2666577568201256021 5.5462812451093812527 7.7576135147551124049 7.5642179208170103877 0 
0.96676437864494380037 0.12106071512151429792 0.22519089554758450755 0.12425217421510260929 -0.99225067256355126144 -3.4694469519536141888e-18 0.22344581756227913094 0.027980458385233459434 -0.97431466198681260238 -0.14136369410872895447 0.6037307757914145423 -0.7845543042710494408 -0.78054393683579437191 -0.55543610203515558776 -0.28677848459197829989 -0.60890678158221644978 0.57183903934436730587 0.5497568957502014797 7.8405119193099181985 2.8857905253522662115 -3.1770929900437496762 0 10.740805055244749155 3.2585470479975739977 -2.5067555373569123667 -0.28679492533202533 13.678738801847620365 3.1174162907017359814 -3.0971994057343943396 -0.57358985066405066 14.694158881702358954 1.0331160212743282223 -5.0010256711032488042 -0.86038477599607599 13.079683110574928051 -1.3954598747714894724 -5.7049293347478684524 -1.14717970132810132 11.265323439112036041 -3.7815904124798596087 -5.5845620012145964495 -1.4339746274677456217 10.841232356785848623 -6.1232222229872412811 -7.4112823459612471311 0 
0.68514774392889010723 0.019017861902609217023 0.72815581431298415094 0.027746628328926568885 -0.99961498819114169567 0 0.72787546572578487591 0.02020386874528925028 -0.6854116355024874041 -0.68267822648577169975 -0.60757934359045351336 -0.40595292870532934115 -0.73059375848024832312 0.57782734468063257083 0.36379708603702920477 0.013535108124628511192 0.54494302544534201083 -0.83836382309026902249 11.294120739785141083 9.7021380303315627458 -2.8673990702588159074 0 13.349563971571811294 9.7853779153183424455 -0.68377267308146150171 0.56795315105491317453 12.94621663698959857 10.138066190109180198 2.2679899904332740945 1.1359063021098263491 10.465991044788184539 8.8058441319893319132 3.3041393039522750641 1.7038594531647395236 9.379392417753035005 6.2327638926274051556 2.2093497926945744325 2.2718126042196526981 9.2609032727458728829 3.2932738684542184338 1.6216694361458252605 2.8397657546763808156 7.2128685932885581167 1.1014925930134737975 1.6622747605197116805 0 
-0.57003832345414484628 -0.79891072245849659161 0.19182796285847258932 0.81402839605112442545 -0.58082507730162025172 0 0.11141849135588473285 0.15615340892343718138 0.98142856727607474809 0.59916948670071057403 0.65570631159027381596 -0.45939651625527833101 -0.6003892849707825885 -0.011604881802330019314 -0.79962368224723456844 -0.52964953761811139898 0.75492685715838236948 0.38672575249378926543 7.0168183697410970723 -2.8524373292156979254 3.2452845873728364268 0 5.3067033993786623114 -0.41035214106232453801 3.5795400614404906392 0.34991975342762648982 6.4308351929276481584 2.3614984696877940884 3.349079863899695475 0.69983950685525297963 9.0806182063031766205 3.0649678340283088573 2.1309923943891488918 1.0497592602828795805 11.19605177330873147 1.9127822402464087492 0.34285734341178963902 1.3996790137105059593 12.683248107382567582 0.1886548843196826919 -1.6105118947574843524 1.7495987694139056856 14.480756567484698749 -1.6125129705926684043 -3.199460507611816773 0 
-0.4396939560776298439 -0.24164366401825659869 -0.86503038364477990996 0.48163101941643338133 -0.8763740988504207241 0 -0.75809022294492767191 -0.4166254655010240282 0.50171947876414435541 -0.51008438155340762865 -0.5312164418386277065 -0.67647839257110486955 -0.84414351972206802532 0.15827328314050248537 0.51222191085033208502 -0.16503224474785760378 0.83232124793509576488 -0.52915564669504300266 3.3756211799026942799 1.4709958021428093389 -0.96942794090368522575 0 2.0565393116698045262 2.9158888603921093718 -3.2436986097384683525 -0.81130177587399077144 4.5524866589845141007 4.1536395843840621112 -2.1309687803309182996 -1.6226035517479815429 6.588475432027837364 4.3778761272574193697 0.06095450502875961879 -2.4339053276219724253 8.5734589374131751072 4.581226635441342232 2.3011596022886973145 -3.2452071034959630857 10.556570711641708016 3.8839613599394251509 4.4415015721117887537 -4.0565088793699466407 9.0263175669815041147 1.3515308007732185214 3.9464048378681839679 0 
0.01605876442576370175 0.018643524882445406538 -0.99969722169518682175 0.75767599596911072712 -0.6526308950181685109 0 -0.65243329254210635781 -0.75744658811545395594 -0.024606197083753812704 0.79839627488731201854 -0.59484065116233775239 0.093423701333386371948 -0.48820651018525634823 -0.54868081357332498804 0.67867795619811299712 -0.3524454449397765865 -0.58746401127327019243 -0.72846979607937267787 4.2898194697167495448 -5.3320890791535111575 0.44118756409328913071 0 4.3379957629940406605 -3.0590610912461788651 -1.5161123135330298872 0.11731111403963245809 4.7362330967206247578 -0.88281422650378393868 -3.5422819314902129761 0.23462222807926491619 6.8638284236295330487 -0.56946930671239437416 -5.6339542497061527726 0.35193334211889737428 8.9407066473931671169 -2.6144596909278878805 -6.3442860751076102233 0.46924445615852983238 10.331233123571401222 -5.2726261491369044165 -6.3687971915283636548 0.58655557019816073616 12.726421948233337389 -6.7372456796926734057 -7.426133526347691749 0 
0.46150862197487679817 -0.39833208528207630916 0.79267984815919412256 -0.65339102162306350596 -0.7570205894573603933 2.7755575615628913511e-17 0.60007496590444397988 -0.51792989580875070654 -0.6096381371947764416 0.67808856898847547079 0.10640342865353924484 0.72723737732457927052 0.72057176134224620867 0.098718015839687658919 -0.68631704780284141787 -0.14481791796353810087 0.98941046270971177989 -0.0097317479036194698416 0.16322492634706975423 -7.1131446691085926659 0.1272722988714889425 0 1.5477507922717002042 -9.0733177339777828507 1.9274971965848208821 0.71367516411002995813 4.0271284655360934934 -10.699392570147477244 1.4708274450685381307 1.4273503282200599163 6.3845711552914714559 -9.3154083889274605923 0.23511236827434647823 2.1410254923300899854 7.4784827550022310305 -6.5981713754707174147 0.88317740013187673309 2.8547006564401198325 9.0350739618404904974 -4.5483451248332267269 2.4243608023094722626 3.5683758208536224821 11.069339668805916688 -2.3866298408064881009 1.9899070484188581265 0 
-0.148797500884795042 -0.41138429913980467667 -0.89923426433365594157 0.94037701203046464293 -0.34013390781375307803 2.7755575615628913511e-17 -0.30586006436783252926 -0.84561923060949684139 0.43746741347020207114 -0.76397004458996975451 -0.42577103658485221382 0.48483893756036189338 -0.20064659103717069621 0.87090009026855674801 0.44863568546804416526 -0.61326235533771478181 0.24546294460810252902 -0.75077108784899104776 11.818934877546841022 1.0258289711450885306 1.8481383001906266372 0 11.372542374892455896 3.8469600072364826815 0.93055810708712904944 0.5460121518773062288 10.943554324631030283 6.8122039115300969669 0.7778335020002461464 1.0920243037546124576 10.295423814957400666 9.1362288628426870929 -1.0050784051493102389 1.6380364556319186864 8.4599937394894997311 9.2663363801024036803 -3.3745105140623490314 2.1840486075092249152 5.8959371020438648969 8.2853425331962498035 -4.5841764111461538178 2.7300607593865322542 3.6040269682739554113 7.6834027600847383255 -6.4239634771592992735 0 
0.88454331501198768528 0.20554978216636388133 -0.4187271318161310818 0.22634846711449613244 -0.97404639080226462777 0 -0.40785965147648650664 -0.094778244425830882047 -0.9081121016047722927 -0.040877426892963086846 0.39428151271987965654 -0.91808012978058373132 -0.82450973838425434259 -0.5323145349612690147 -0.19189822088413577283 -0.56436931815978319538 0.74912170212609052733 0.3468485953893570839 5.9354027723155615703 7.4079893039360431573 8.4712150749446362141 0 8.5890327173515252923 8.0870347052795317211 7.2476361205151764722 0.72944644554881876708 11.39138676021237373 7.3841990038750315861 8.055610355190284011 1.4588928910976375342 11.822911186876265077 4.4888251102234928425 8.711763298929232846 2.1883393366464565233 10.546966641031806589 2.3579232013562951842 7.029142830486263982 2.9177857821952750683 10.276052762805896634 1.1347153984954774231 4.3032694930717720894 3.6472322207589207288 10.153420482127007318 -1.3388138166572853827 2.6101615385924219481 0 
-0.67231548007796293476 -0.69480283807446296951 -0.2554230049373198419 0.71864057726448971053 -0.69538170863847215131 0 -0.17761648559888640331 -0.18355733571478613508 0.96682939991954630621 0.41344069030695063116 0.34599178665642166264 0.84223303139024952024 -0.88375593770816507355 0.37514937505378576077 0.2797112599848553538 -0.21918539678562870554 -0.85997245883984629877 0.46087431244632770522 13.737938522909852068 6.5150950545789587665 2.9654741255323897597 0 11.72099208267596282 8.6710167863724283421 2.4326246687357304666 -0.35319055074768518354 11.081495419037793226 11.583972229491031669 2.1074387355216797069 -0.70638110149537036708 8.2413426092666970391 12.170730249486053864 1.3398534939205035688 -1.0595716522430556061 7.7095560531235145518 9.3435497970613141661 0.48885775459951508193 -1.4127622029907407342 10.167743589610493515 7.6803246926501929082 0.051813559654375396235 -1.7659527470727072185 11.408065660531345742 5.0290568795256982426 -0.60574263070251310737 0 
0.55393630275646232874 -0.24819799956718022194 0.79470266483720231054 -0.40889365076755912476 -0.91258204144174215333 -2.7755575615628913511e-17 0.7252313802163264933 -0.32494887389999166372 -0.60699890815441270853 0.2258939724255242254 0.78013376612569196311 0.58340656507478649839 0.63235235082516572103 0.3381288822030792951 -0.69699308707187512812 -0.74101445169962931736 0.52636505010367140578 -0.41693814457501571225 5.0412466050238577964 1.9644932597182247491 -3.1007604408427908993 0 6.7030555132932452267 0.73781230741554737484 -0.92506630019381130836 0.76280878246849148638 7.5101634085632529292 0.50952760426128929083 1.9552945268047405847 1.5256175649369829728 9.8626739538917718164 -1.2011520915315929692 2.6896031218703484456 2.2884263474054744592 11.500904052861722349 -0.64177738434024189651 0.23945167039291662125 3.0512351298739659455 11.382037268712272393 2.0785646783632416579 -1.0197645517050810682 3.8140439153166569852 12.059719185988845069 3.9756217308387382658 -3.2428079068039696864 0 
0.63024165594003189739 0.77379653054881769592 -0.06351680430074765904 0.77536216576231797859 -0.63151683422088378261 0 -0.040111931171835597809 -0.049248526944929038596 -0.99798076913907529661 0.6186452357090334031 0.20582033052503312387 0.75823219654475271234 0.052924068482967323579 -0.9738015481271846685 0.22115512166872539068 0.78388590707431693438 -0.096687829677083281243 -0.6133305375428577122 0.62267809931653061994 0.6856834263370131799 -0.0086973964854365707483 0 2.5134030671366263121 3.0117699236239672267 -0.12903319000094337632 1.1056288710296695577 3.2206758809795279497 5.8342216778772941765 0.60140317558331690684 2.2112577420593391153 4.5435508771788244431 6.9646832783489607266 3.0451704137885640122 3.316886613089008673 7.3047502660686616238 6.867265137390393015 4.2140590213552329146 4.4225154841186782306 10.008668267254783757 7.9254452184193970865 4.968439634804396654 5.528144355148346456 11.864603974381884299 8.0842174238682993348 7.3200973560273467911 0 
-0.025154935251549950803 -0.1771259913204820402 -0.98386666394955513137 0.99006558361712992955 -0.14060633035845648831 0 -0.13833788117996437261 -0.97409252284465530636 0.17890329110660074807 0.70270449551894975659 -0.17943539962017585054 -0.68848335443974661985 0.15779228807042899874 0.98288122026743107718 -0.095110991326475477492 0.69376363828248954757 -0.04180244261707299902 0.71898857430997398232 0.5701982242377852117 4.3732350864133167079 1.1275788420136194645 0 0.49473341848313534541 7.3434318372647062745 0.71256519847372634668 -0.92621053364317340595 2.6370097051025802593 9.2744760751285255651 -0.11308442156096464026 -1.8524210672863468119 5.2599244721114724044 9.5046965641807812375 1.3247113400227998881 -2.7786316009295202178 6.0196108955868226076 10.033164081832309122 4.1784141888129999742 -3.7048421345726936238 6.7436092366256641384 11.733759144708360012 6.5414241413305802553 -4.6310526678982411042 8.8517227231825135192 12.207136008919647452 8.6227150561780483429 0 
-0.27288762783889281005 0.80210885517733387928 0.53118144453526328075 -0.94671135463537947619 -0.32208323614314987582 0 0.17108463863511119696 -0.50287550491315702317 0.84725809112774530529 0.26841010725619324218 0.85245397002786515994 -0.44864043877748027711 0.33903277668132597578 -0.51952869937795487232 -0.78431288836688184407 -0.901672219078789694 0.058413692798713112708 -0.42845659037427424876 11.937645154238671452 6.3887189046205925536 6.116415348244609973 0 11.118982270721993189 3.548584840714454014 6.6296692641499435084 -0.6991261577143649264 13.296557748722930725 1.4969314541954235054 6.4086460914635026143 -1.3982523154287298528 15.109405035477774248 2.4061987065398269259 4.1980448657505808896 -2.0973784731430948902 14.034761522011928392 3.7157589475224672704 1.7221201963677337243 -2.7965046308574597056 12.716009984005074429 3.7597456699077422826 -0.97212693783546910709 -3.4956307853183408163 13.5212403057736541 4.7768439999517200434 -3.6771435950718380781 0 
-0.031893471408697138259 -0.010016774185301712333 -0.99944107916196001096 0.2996390608661426147 -0.95405263649510241297 -1.7347234759768070944e-18 -0.95351939659597839682 -0.29947158635113385605 0.033429467294240698683 0.26268979627529753795 0.16981541387443910285 -0.94981934921515254189 -0.92352522438045192565 0.32935690308113729774 -0.19653292427946533749 0.27945523946757255818 0.928809321445179914 0.24334751597389761568 5.3387970832644811026 4.9129295306808131727 0.27014373164765004276 0 5.2431166690383896878 5.8118467132792410723 -2.5904144581402852587 -0.1121213881470898982 5.9965281914141259634 2.9842078505202072058 -3.2513051279547298122 -0.2242427762941797964 6.7397719997049971852 0.31487634111098999901 -2.1013842896781964598 -0.33636416444126970848 7.4928758117111877723 -2.2406959251629898766 -0.72229479422375575393 -0.44848555258835959281 8.2640494145967142714 -4.808693600865577622 0.62331994010083446867 -0.56060694080002826389 9.0521188034226103269 -7.5792692740069309565 1.4616856585035575833 0 
-0.78480742416984106136 0.25052321906933044948 0.56684691379158047564 -0.30409830095765622016 -0.95264065804198527765 0 0.54000141696347969678 -0.17237718338711069399 0.82382314626681896197 0.90703078093425981709 0.27596894546949141125 0.3180193446541323965 0.2735564847594483262 -0.96038469401041215434 0.053179781464216840936 0.32009687921602825167 0.038760555297685975185 -0.94659157363098000992 2.9665600685273516568 -1.2566842493455254726 -1.1425141593471466184 0 0.61213779601782869477 -2.168979152218494022 0.47749009154329247195 -0.001429012243503968195 -0.64043177727419509093 -2.7976429310654791216 3.1300072656954558425 -0.00285802448700793639 0.87621227171029347769 -2.5026715385543329973 5.7015287427517513663 -0.004287036730511904585 3.7244415142915703321 -1.5773730190674750684 5.8787311676086462242 -0.0057160489740158727801 6.4209923971141318333 -0.61926569011662180309 4.9783666921997271615 -0.007145060599275572695 9.1420847399169122838 0.20140376416172323104 5.9386573298478104732 0 
0.55593672709303842971 0.4833737671739914421 0.67622788812433953787 0.65614047312358469988 -0.75463877420204061863 2.7755575615628913511e-17 0.51030778457538628068 0.443700486453266707 -0.73669250255645712944 0.48706697513541408195 0.87196723522045527233 -0.049385245108568315286 -0.61701093758866154548 0.30353076559309466464 -0.72606237833565712148 -0.61811266337812442728 0.38411224276305688807 0.68585313320793117597 1.4510976717116506052 -0.39189404566478458491 7.6797089357943519872 0 3.1189078529907661164 1.5765273737059695147 9.2106322895205110513 -0.30711998709209570313 5.6511287848645253007 3.1834427051099942751 9.1353297027188649082 -0.61423997418419140626 8.0611988915782362142 2.5719058618306607222 7.456781290971340681 -0.92135996127628705388 9.0022008240926378875 0.061548067231223108076 6.1104459627827951707 -1.2284799483683828125 9.6421091912890606324 -2.7752789865841149819 5.3736006541512004731 -1.5355999344703155085 11.103310116695300991 -4.6263117993500983971 3.5192626640168267471 0 
0.83678383193299588072 0.43779908949110563077 -0.32882332012235787611 0.46357798582800013865 -0.88605612184311133284 -2.7755575615628913511e-17 -0.29135591579919228877 -0.15243525243559841176 -0.94439145704718741037 -0.18536974971564562642 -0.17118733887597820109 -0.96764298731449494007 -0.12131731306664629566 -0.97318928961945982969 0.19540909937937944729 -0.9751513551447528183 0.15361478307289255785 0.15963186705924312103 4.6384250823362922489 4.929590776884336556 11.570152006260745026 0 7.1487765781352798911 6.3203247343683370829 10.696084258863168159 0.08922868306946238337 9.4811018546322785028 7.4042975419758141342 9.1516529733689733206 0.17845736613892476674 10.485387634011226865 7.6719835167933876363 6.3374578321113643753 0.26768604920838712236 9.5986901916259910195 7.2037665500466019353 3.5099982883854314863 0.35691473227784953348 7.9908004457707502155 6.6192029885728143057 1.0456542782665598779 0.44614341567260451527 7.4346911966238149461 6.2552510493728759045 -1.879799787167698355 0 
0.20255697030758582078 0.70767578731737057485 -0.67687934953324691012 0.96139325594264568586 -0.27517813762724424587 0 -0.18626239880289932604 -0.65074724172810838319 -0.73609397917348062812 0.58157358167935191418 -0.76958606502413828832 -0.26364646330514807104 -0.35655214462363721273 -0.53244719829551856449 0.76770472786842824942 -0.73119268134803916404 -0.35247307634472635485 -0.58405478612468320065 5.1661813184268368104 0.41869616774529561098 2.7292661249748135788 0 5.7738522293495941895 3.3028759355732324465 2.1704789285661156839 -0.84531504861422868125 5.2783527902192330927 4.9134164222712231052 -0.31158011338405233737 -1.6906300972284573625 6.1720235157252529845 3.8607683319461756355 -2.9748909538347345638 -2.5359451458426862658 8.8287937862881360473 2.7958943028508955742 -3.8735732608093513818 -3.381260194456914725 11.61568537538651924 2.9780864017884320916 -4.9690423999749349093 -4.2265752430711431842 13.360406120424574539 1.908429967917521175 -7.1626204440190512912 0 
0.671659461376131528 -0.6302907158102389884 -0.38936766880076412178 -0.6842935054789869298 -0.72920669110978364458 0 -0.28392950939133537736 0.26644176700385613366 -0.92108241677531677016 0.9204545206708627525 0.3860962840603914259 0.060771167598870801108 0.19181516482117827449 -0.58170533420333769836 0.79045926315276227037 0.34054429656242468649 -0.71592497064576610111 -0.60949242692970551083 0.35576469016460521289 0.85716069475361966745 -2.7923775562272483697 0 2.3707430742929997969 -1.195719821683341122 -3.6441660844012542242 -0.92454886487778420445 4.4105953951785270561 -3.1520362367452245955 -2.6382742634333768983 -1.8490977297555684089 6.9486575896077118486 -2.973899664383667929 -1.0487939522580655982 -2.7736465946333526134 9.708961293117633673 -1.7989262216356807222 -1.0350292667336089547 -3.6981954595111368178 12.669812118600237483 -1.5222637345792904284 -1.4310559412955417002 -4.6227443234063887445 15.431175680612824408 -0.94681824011575699274 -0.40942305160826752974 0 
0.2009232925890159227 -0.13023839680090967819 -0.97091080460252254802 -0.54392585354539069176 -0.83913328252722663159 2.7755575615628913511e-17 -0.81472357050726529337 0.52810348810986906809 -0.23944145319071741262 0.68339661022795528122 -0.59360867918863302606 -0.42496800952644292471 0.72590568015163270399 0.61444163918648109224 0.30906700819955745807 0.077653181857122166587 -0.51970203773485124099 0.85081124541328689848 4.111639293576152987 0.6760502968010250191 3.013939944531664139 0 4.7144091713432008106 -0.95572726383514716719 0.56976923300986825893 0.41452438301470007076 5.055635383556248641 -3.3328887461584897345 -1.2281986071084207701 0.82904876602940014152 6.0851166058024519501 -3.7755983312088714499 -4.011023910017728511 1.2435731490441002123 8.0479880778941890185 -1.7689129718633886945 -5.0694611792024790731 1.658097532058800283 10.020328588245011048 0.13615169580232011626 -3.8526530988909892805 2.0726219150734999097 12.070518418928875448 2.3138687362572212258 -3.619693553319621504 0 
0.99507213285148177206 0.037883778329831627185 -0.091631161521937565251 0.038043828115107813925 -0.99927607153496289527 0 -0.091564827115827404636 -0.0034860001589282737025 -0.99579301576087642101 -0.53714431799490547359 0.19004291983692778167 -0.82180269546019579785 0.73052724843433658464 -0.38224382125065736737 -0.56587949283451932647 -0.42167039372090692195 -0.90430821611635892054 0.066488565360553059103 8.6170901654298770467 6.7640697666169362634 4.5512177840494274506 0 11.602306563984322807 6.8782012509622596497 4.2765233027019453615 -0.78428395899625480414 12.955708288182799848 9.1178229268379276107 5.7436171427583735394 -1.5685679179925096083 11.217071754585283827 11.549301003833592816 5.4886713339592798633 -2.3528518769887645234 9.8491153117732483935 12.312047576978594421 2.9299753130586543293 -3.1371358359850192166 9.7532241956055898413 13.567077699298010884 0.20679468573579051771 -3.9214197921166800143 8.1417912416208739756 15.758659444601020638 -1.0582164954269301926 0 
-0.75482005099124782621 -0.40379092704821506477 -0.51691351100074089953 0.47169763734885528095 -0.88176036365869137068 2.7755575615628913511e-17 -0.45579384544010431712 -0.24382688185275111503 0.85603762893046164706 0.0024905287548234733563 -0.893622093407154372 0.44881327012593641435 -0.93424634334894207655 -0.16213588297478365163 -0.31764087487462550063 0.35661963939981178306 -0.41851106272905430616 -0.83526697718019793371 -0.4462783480884496834 7.5860152302394769919 -3.1217430483533603613 0 -2.710738501062193162 9.0011081422860428347 -4.4891245846736733682 -0.25367297757022683191 -4.0266825682506750539 11.542361649984187011 -5.3893109800689265043 -0.50734595514045366382 -3.1962859923540256624 14.01411392800073763 -6.8728376124897758714 -0.76101893271068044022 -0.45907454408688935787 14.191501996739230407 -8.087805497110563735 -1.0146919102809073276 1.4843086330474544177 11.922857253936982147 -7.8112053046714811089 -1.2683648878511344371 1.4917802193119245047 9.1201182238901559174 -6.7413463864720455376 0 
-0.11176052558803473147 -0.28832071547465787376 -0.95098935322561206629 0.93240196568470712357 -0.36142298541638656628 0 -0.34370941114200004307 -0.88670434229278938254 0.3092236246659241794 0.71989448326995086891 0.19153014700003889725 0.66713427115359236197 -0.32939281263829700563 -0.75176525060291643499 0.57126997380237520829 0.61094378459865095188 -0.63100333658078078258 -0.47810300279772194321 4.6669584930888303731 1.926952195618085284 -4.0062062154942141845 0 4.3316769163247261787 4.7241580926722068767 -5.0373344489202143137 0.60505283556962274893 3.591045704190901855 6.9083515087454685499 -3.1188098011647675811 1.2101056711392454979 4.8503113261568149284 6.2470193779135669843 -0.47744085562010679658 1.8151585067088682468 7.4981163305347759973 4.8434660078880442668 -0.33897519394316294461 2.4202113422784909957 10.475445515337632685 4.5568285511116668474 -0.5699684836622060935 3.0252641782735314457 12.63512896514748185 3.5686501131967762745 1.262862870133746096 0 
0.058376182144102312099 0.60065954844994551287 -0.79737088498024955019 0.99531055629860620826 -0.096731052514475390769 0 -0.077130524948541570596 -0.79363165910600452779 -0.60348957885436060877 0.873321592696479021 -0.45475564761683967552 0.17466166348306214062 -0.31896730172831644357 -0.26280985774104959063 0.91059916489215364521 -0.36819730601708955398 -0.85095727250827235544 -0.37456970540480494236 1.6501870881825055903 -0.79899668541862922666 -0.37610445083466004235 0 1.8253156346148124989 2.1869349834771893981 -0.60749602568028482352 0.13101840498664976686 3.0341774357851432065 4.916028740021709531 -0.90866460460516229602 0.26203680997329953373 5.7716636427041061452 5.8330422813825046902 -1.7242597445240259724 0.39305521495994932835 8.1494327468008140869 4.4041156482325582999 -2.8663499711948356996 0.52407361994659906745 9.860338515315433483 2.3021609368181632505 -4.1526633546797135921 0.65509202493324880656 12.480303293404871212 1.3452590316332144749 -5.2572552727309815879 0 
0.40317728652058859584 0.38506053257932632006 -0.83016652659789924584 0.69067232973656356165 -0.72316784561833735712 -5.5511151231257827021e-17 -0.60034973854426110229 -0.57337304899468211072 -0.55751550482150635801 -0.76623490627180412815 0.57912138601131490923 0.27839268789781984603 0.19532230974087624875 -0.2028328561803066088 0.95953531866796226701 0.61215460769982654732 0.78960575777920527507 0.042302287808091754151 11.735168335324791755 -1.7127010264037523246 -0.43624190454208078283 0 12.944700194886557654 0.35931596280593836035 -2.2372911201748642007 0.2099576183054351064 15.580425997337314925 1.7420202530505000116 -1.8616746589813961688 0.4199152366108702128 16.756129652531601693 2.5810220284705258642 -4.4910752276493255408 0.62987285491630529144 13.95499206152720717 2.0218810080213822644 -5.4080973187938763402 0.83983047322174042559 12.686843778656577086 1.7717783117660772518 -2.7008384974350598817 1.04978809152717667 10.38813905984116559 2.3577452409887063034 -0.86437467433558001773 0 
0.26369648704835668696 0.62848133392046501289 -0.73176182985443349871 0.92212121350834697076 -0.38690110829240798029 0 -0.28311946297676071627 -0.67477310654445876725 -0.68156043339390759428 0.50426896490117389948 -0.8399507732394119186 0.20048817813530150911 -0.64602548505324131067 -0.5210009705035595351 -0.55786114884984894235 0.57303043871963976752 0.15179159156179439227 -0.80535422581117310781 5.9085013496667357913 -7.4727905677589525624 -0.74378314890157926076 0 6.6995908108118058522 -4.7064269272339114281 -1.5931415378318614096 -0.25847074452952367718 6.2730945787453320506 -1.8643596700719966552 -2.4538217935809738535 -0.51694148905904735436 8.3779390014809820286 0.21151415881480342684 -2.96403528098668545 -0.77541223358857103154 10.9520869745138274 -0.78607317958144096171 -1.7899306139823067952 -1.0338829781180947087 11.307383522508990481 -3.0498525565032750251 0.14632431662541511841 -1.2923537226476184969 12.820190417212511846 -4.9879290116629988461 1.8654156327843343099 0 
-0.52954349460203076205 0.27657707510424234254 -0.80192818185386860463 -0.4629521407232773389 -0.88638327793327342796 -2.7755575615628913511e-17 -0.71081573049870228065 0.37125436849557424956 0.59742044754808032447 0.89547229794278737636 0.30892115718656576462 0.32046385484103601105 0.22748789569375249542 -0.93644772093819128589 0.26704854102296771146 0.38259459082675489894 -0.16623292270841011353 -0.90883881655545906142 1.9318390753184617736 1.1144467048561039757 -2.3143195137992877974 0 0.34320859151236948748 -0.2744097173137280965 -4.4467667052953947504 0.11838624137318473628 2.0554610490783549182 -0.72313901502850508329 -6.8689090503162404389 0.23677248274636947256 4.9922115935259228081 -0.11619243993065506149 -6.9532219281766218799 0.35515872411955418109 7.4700038660798133705 0.68048783842339366501 -5.4612879704526866576 0.47354496549273894512 9.7600738916013938251 1.3608685034999032926 -3.6467173242546948586 0.59193120718093739097 12.446490785429755732 2.0433321905811592245 -2.4989335517744297732 0 
0.022806832599167856795 0.074948349224372795563 0.99692657369303527837 0.95668644679376213524 -0.29112032309875851555 3.4694469519536141888e-18 0.29022558623925542864 0.95374614150066994167 -0.078341602387652281569 0.49797714991097036252 0.3727791110718113865 0.78297796425892962624 -0.52206653067314956473 -0.5920686730525746011 0.61392281594730280236 0.69243432592372855527 -0.7144861235449393444 -0.10022117313361018909 1.1549654430605102995 -7.3285958893688620819 3.365061144291567885 0 1.2233859408580138872 -4.4585365489875758982 4.235737903009334282 -0.79999176257179149818 0.8018699677434033557 -2.3356027735368085629 6.3131144922722199908 -1.5999835251435829964 0.40994209936766701219 0.38161604134648796638 7.5227091630727258575 -2.3999752877153746056 2.2778509720951989337 2.7236014404026294145 7.6838328255676566769 -3.1999670502871659927 5.1701855226572437374 2.3739378986829198226 8.3994600080202328485 -3.9999588128589564917 6.6641169723901541033 0.8077383066634706843 10.476762985791417293 0 
-0.79764436545321137917 0.52775129522790176217 0.29196238909492400193 -0.55179302749867553679 -0.83398108779746693564 2.7755575615628913511e-17 0.24349111085333191573 -0.16110281059443437579 0.95642980053634074622 0.72403895533162399012 -0.38408866828097537605 0.57292537564715784182 -0.3242993156763299134 -0.92264431997510976124 -0.20870412710229693798 0.60876723385392073062 -0.034689389095432121568 -0.79259012185998867217 2.6276043401595674531 7.3127531481131686775 3.6569176397001030843 0 0.2346712437999332046 5.6573740656171418451 4.387390972260098998 -0.31609912676661944264 -0.33180408964225355239 3.6958603294737177869 6.5854604799863079023 -0.63219825353323888528 0.87353774578287357588 1.949615023634760469 8.706261228522535589 -0.94829738029985832792 2.9108176314077240932 0.39952346126880128319 10.270464824819402594 -1.2643965070664777706 5.1434909019864729629 -1.024387029645777103 11.68030707037639182 -1.5804956339673095211 7.3156077679813451553 -1.9972849766747686751 13.506608771938152458 0 
0.24500657952854998367 -0.27830580308302571568 -0.92871828664995748071 -0.75058312824395667651 -0.66077603436831455763 0 -0.61367478649789464207 0.69708027685109275051 -0.37078611630152435996 0.37708444680484276557 0.040283348785038725071 0.9253024217997857237 -0.43654438202819023651 -0.87338701149561193127 0.21592621580157686512 0.81684534796833552228 -0.4853579915499759978 -0.31175518847496697106 0.9801717765069639654 2.9468121945146918961 -3.7573026091970262996 0 1.7151915150926138054 0.69506280978282175553 -5.5983269686907100038 0.2519559704523272603 4.1844653556043942544 -0.90969277726629071967 -6.1705242641177049379 0.5039119409046545206 6.646489197634021906 -1.5586602081896274719 -4.5839493760011018608 0.75586791135698172539 7.6965263315859422377 -1.8501789878741483619 -1.7888737392935203374 1.0078238818093090412 7.9732017149545537649 -2.6325903403328743124 1.0940590340838021177 1.259779852261636135 9.1044550553690797301 -3.9422234864174470204 3.5445950779888093507 0 
0.66577924530340792941 0.49985663194749779814 -0.55396872115790840585 0.60040135587969833963 -0.79969882571992068065 2.7755575615628913511e-17 -0.4430081357955453214 -0.3326035712981507686 -0.83253748022456741662 -0.38975517009781091016 -0.013001509319968712619 -0.92082673079001631233 -0.33070691015810504965 0.93517995235559747691 0.12677301087322057072 0.85949045774557930599 0.35393419934725917075 -0.36879091037701727807 2.9518963734906011886 -0.41212043156013183909 6.9535801555215783765 0 4.9492341094008249769 1.3890836360789631243 5.6245557481349424123 -0.41054098124551885451 5.3705080742703596997 4.3388483570139735335 5.2760929317432747609 -0.82108196249103770903 6.3558255403261210148 6.8801735236571452958 4.0227716963316151322 -1.2316229437365566746 9.2071363607319423039 6.9003661226907162529 3.0902702942980204703 -1.6421639249820754181 10.543457025437241725 4.6945823952946605928 4.6228308153380481826 -2.0527049062275946056 9.3741915151438082177 3.7024616648203481084 7.2013021885747869888 0 
0.52353267440489115181 -0.36585763651353192527 0.76945547540789827057 -0.57281568156600959352 -0.81968420440561629015 5.5511151231257827021e-17 0.63071049918526811418 -0.44075616258047317642 -0.63870045511554596196 0.46233595007587174885 0.73010327243718853296 0.50318453955179265336 0.83708220474976013925 -0.17220205956270542846 -0.51926855592616349977 -0.29247025790449471261 0.66128334491265627904 -0.69077165979968191412 5.3893024570295526843 -2.3392877793217765614 3.8712600987516085915 0 6.9599004802442259177 -4.0577348240198052309 5.763391596307412712 0.94615758536239891185 7.6594950900860920839 -5.2019539907512220012 8.4469249267937964731 1.8923151707247978237 10.076698561591561187 -6.8528899486788343864 9.1037946555168698382 2.8384727560871967356 12.352976678738507132 -5.426251505927207397 7.7684291795685149751 3.7846303414495956474 12.875112227128795439 -2.4721356849172999581 7.7928330439920472372 4.7307879268119945593 14.262120077356410519 0.039110929331981569845 6.9154222702785625998 0 
0.57552316459710239904 -0.7961959318563220922 -0.1866684898625893263 -0.81044108619115340364 -0.58582014800901438534 -1.3877787807814456755e-17 -0.10935416235992123646 0.15128381368189919298 -0.98242296130150608136 0.60046638297896304248 0.75940684432521399216 -0.25048227023919705791 0.78185248036643606451 -0.62327467389601121095 -0.015342093229841244351 -0.16777014590508473879 -0.18662777304528316291 -0.9679996138796466143 -0.15983176555650119299 0.69039221571793807364 3.7869686610185087083 0 1.5667377282348060596 -1.7409310428555222483 3.458906173938744999 0.96956281251848930314 2.7091885924899434812 -2.2312579731430099983 0.72864115850188304613 1.9391256250369786063 3.9040934727710707719 0.27378618697881995647 -0.41017229557820755748 2.9086884375554680204 5.8828690889700698818 2.0730094069325701867 0.94896857811457713261 3.8782512500739572125 8.6975049975103519984 2.8644177529183729725 1.6209122966898057427 4.8478140618138265694 10.498904146447241459 5.2099751940176801668 1.1176018589745513321 0 
