17
0.61467633861040704701 0.57635942696589592682 0.53850051968410239667 0.68400451604768974789 -0.72947777349715425821 -2.7755575615628913511e-17 0.39282416012621951262 0.36833678735795405412 -0.84262517782223400609 -0.77560515598400558979 -0.2785448267360487451 0.56643571701439465738 -0.42766254600479408632 0.89190710381935833784 -0.14699137696226063921 -0.4642643522345041851 -0.35625061074354491542 -0.8108909381594588961 16.243559900602335233 2.0041328616120011041 -20.089457295913110357 0 18.087588916433556818 4.0561464097550707919 -18.910984815534451542 -0.024355126838778089898 20.386777083342291661 4.930382207738056799 -17.19358481548270845 -0.048710253677556179797 22.541389765930706091 4.1503682387295235401 -15.257305135602273083 -0.073065380516334266225 23.709326043679475049 1.8443549752617365289 -13.734752121515350964 -0.097420507355112359593 23.379547793380819343 -1.0858217489558066315 -13.18224862842974332 -0.12177563419389045296 21.736402592421615765 -3.5450973942074481826 -13.684257591896582085 -0.14613076103266853245 19.3783015192188941 -4.9344761105344225882 -14.912664767858752057 -0.1704858878714466397 16.83130949682661992 -5.2438706732376125785 -16.467371695765297801 -0.19484101471022471919 14.355113593644123426 -4.747811714523717086 -18.086750128600410648 -0.21919614154900279868 12.00128433910834147 -3.7554057954695108101 -19.659843678548572399 -0.24355126838778090592 9.7177208226050115769 -2.5273554029803806387 -21.168894175479191944 -0.26790639522655901317 7.4171906540435807997 -1.2854180161629469303 -22.640341052804998867 -0.2922615220653370649 5.0178727792647581651 -0.25054484508166724455 -24.114218950529263452 -0.31661664890411517215 2.4851684435067227241 0.31783294980849619016 -25.618334081891834586 -0.34097177574289327939 -0.097245146890591271926 0.10747034113320919069 -27.130575066867368861 -0.36532690206203899397 -2.4240606148426024902 -1.1755172968811653522 -28.523368123570897126 0 
0.018688201899990396215 -0.11140658462692876185 0.99359917673652919934 -0.98622048612634727327 -0.16543624979039864287 0 0.16437732159411963528 -0.97990786309583821634 -0.11296316208610593379 0.73224460380803479964 0.53744579423860150413 0.41829398567186282243 0.40605737302179018 -0.83761905193746377662 0.36539257470018121632 0.54674971422823515077 -0.097705384123001420837 -0.8315758581781462766 8.8828286744174107525 3.0678745107486662391 -1.5533471793646498327 0 8.9388932801173819342 0.10921305236962464136 -1.0602152145822909546 0.17259855181491831622 8.6028043381931134093 -2.8663327914082437076 -1.2424341268846657016 0.34519710362983663243 8.0243905453190702559 -5.5674630865502638954 -2.4126174341739905493 0.51779565544475492089 7.5482660890469723824 -7.5112315508269178466 -4.6475766873107007271 0.69039420725967326486 7.6250375928589866348 -8.2231537465911301865 -7.5608603043491653395 0.86299275907459160884 8.5739533504255600604 -7.585267805875553826 -10.334414055836928625 1.0355913108895098418 10.375836692132136108 -6.0105379856149081519 -12.143667323982102246 1.2081898627044282968 12.722275324718346212 -4.2050587905645349096 -12.627869761015681149 1.3807884145193465297 15.261682755466770445 -2.7531710628243981631 -11.961961445870265663 1.5533869663342647627 17.785820524439767354 -1.9057943875601721651 -10.579683724652680255 1.7259855181491832177 20.25012681095252276 -1.6244006354033388995 -8.8920750834894590753 1.8985840699641014506 22.702992131526130493 -1.7081515450924706911 -7.1668369356949641613 2.0711826217790196836 25.20670131538335923 -1.8859629633304726415 -5.5237203588645815699 2.2437811735939381386 27.771419257273983305 -1.8617385415580809394 -3.9675567782059957267 2.4163797254088565936 30.292195866599328724 -1.347437692104475726 -2.4244544937799146211 2.5889782780330787837 32.488929678023424685 -0.12926557303910124475 -0.78420535109520406181 0 
-0.024533022741887105383 -0.2662990193280726503 -0.96357820808694749637 0.99578323653943212612 -0.091737374210583158551 0 -0.088396134656439556698 -0.95951502670768740177 0.26742669444157424197 0.91965214019654417665 -0.045273826670768749225 -0.39011565163487127439 -0.050972723812541309574 -0.99869095223781034765 -0.0042618476587632514452 -0.38941202146190317945 0.023804674686305427045 -0.92075600188325323892 17.163511116077973639 -6.4437774485931038626 20.421375721660901092 0 17.089912047852312327 -3.4564277389748072622 20.15618731769158245 -0.066148220323236833762 16.994580964888562846 -0.49399258520467664857 19.692580170637224768 -0.13229644064647366752 17.054504585736353306 2.3987800159975658509 18.899933538046784776 -0.19844466096971050129 17.456307074995070394 5.1244129633456587669 17.71272137188189788 -0.26459288129294733505 18.359763476731615128 7.5261548531767461512 16.158575257605971132 -0.33074110161618419657 19.849348930190576112 9.4198712954153887011 14.371141412679481419 -0.39688932193942100257 21.899072291237981602 10.65876368379194794 12.564564596148223075 -0.46303754226265780858 24.380623463790072947 11.196845968270539018 10.966965395337487266 -0.5291857625858946701 27.118576439890972551 11.109976613085306596 9.7438368471627363476 -0.59533398290913153161 29.960233704778335806 10.563565921856705287 8.9523692048599272653 -0.66148220323236839313 32.819731273852504216 9.7547027790614873055 8.541231282999689256 -0.72763042355560514363 35.680078676057789266 8.8648939851294024095 8.3778815898007987784 -0.79377864387884200514 38.562392619255561499 8.0388310088682537469 8.2782920671594020234 -0.85992686420207886666 41.479064510139906474 7.3822263386394988416 8.0294536759916059765 -0.92607508452531561716 44.385080429963160498 6.9637884064947286333 7.4130742467107033633 -0.99222330375307221662 47.144036850552794249 6.8108702350571048711 6.2448381823249938805 0 
-0.37178739772485391857 -0.62888542450764928216 0.68284497049829329107 0.86082262557066668851 -0.5089051063858800461 -2.7755575615628913511e-17 0.34750329235649696225 0.58780840036206527532 0.73056330749989428774 0.75269339344990415785 0.52832610734742713188 -0.39284116351520864674 0.60051261821908930028 -0.30633781338087556767 0.73860797413288081792 0.2698837727921464813 -0.79185141812598824895 -0.54784494229237779006 20.381467578400794594 -15.177215307629031926 0.061946708166149729025 0 19.266105385226232727 -12.59474743091703175 1.1044565852356407198 -0.12095489109859119958 18.617870153683863776 -9.66829202182236358 0.97959736680991937874 -0.24190978219718239917 18.706162446724665216 -6.87688116925854942 -0.11593845198277898112 -0.36286467329577359875 19.603616008250639879 -4.5670328241438866712 -1.8068454603855863549 -0.48381956439436479833 21.228011392488944864 -2.8913020381144005633 -3.6918567499528291975 -0.6047744554929559424 23.419842896084258399 -1.8366773732541712416 -5.447888879842580856 -0.7257293465915471975 26.006769100602479483 -1.2894701562985293464 -6.8650641215903824843 -0.84668423769013845259 28.838442825837894645 -1.0939188946689415438 -7.8363474644698190019 -0.96763912878872959666 31.797382606574991826 -1.089256786057800408 -8.3309785654288859291 -1.0885940198873207407 34.796898937502113824 -1.127393717709307186 -8.3690892501421245697 -1.2095489109859118848 37.774170252393453495 -1.0784293145012806558 -8.0037642417805940909 -1.3305038020845032509 40.682547237768332593 -0.8303869667879212324 -7.311071990710061641 -1.451458693183094395 43.484504148758354347 -0.28761947554512407033 -6.3867096657834219187 -1.5724135842816855391 46.145373816976409387 0.62890835520447285756 -5.3475969093160271584 -1.6933684753802769052 48.627621120074635996 1.9765635521213917869 -4.3365262128598720537 -1.8143233662027729025 50.885701300424351246 3.7781014067786520272 -3.5268748944834222847 0 
0.50236808122562848222 -0.40435671077005236329 -0.7642787197226575957 -0.62702038680322313979 -0.77900284629334726194 -2.7755575615628913511e-17 -0.59537529802538569079 0.47921833846597294837 -0.64488606635520939747 0.70775570728358838668 -0.6548109788157809863 0.26514984599246188557 0.23818669776111953129 -0.13216796979596628914 -0.96218435071958297033 0.66509319333245364714 0.74414663190955276928 0.062424629758677241398 2.4376629250262933368 -16.583045677625324998 2.1503151857664901669 0 3.9447671687031786725 -18.46410683803499353 0.36418929169033309456 -0.046443837422519021474 5.498536933532895965 -20.37704007663051442 -1.3465193577765011135 -0.092887674845038042948 7.2515922484832335826 -22.332937943715748474 -2.7960971217824228674 -0.1393315122675570783 9.3150734134027697309 -24.268939896177666782 -3.7930608313528231257 -0.1857753496900760859 11.711640633416015689 -26.035383177974498636 -4.1619945000391798118 -0.23221918711259509349 14.346310742816072548 -27.423009595310677611 -3.7973678895876661343 -0.2786630245351141566 17.02556832647406182 -28.232801161160644199 -2.7176658841759189222 -0.3251068619576331642 19.531162515591418583 -28.354617155484060476 -1.0723355581168556583 -0.37155069938015217179 21.709591379548367485 -27.804066057576356741 0.91545702899335490432 -0.41799453680267117939 23.523379105723204674 -26.699096424247013459 3.0342346954096033329 -0.46443837422519018698 25.045263340157820409 -25.206028463826164909 5.1448353995144877615 -0.51088221164770919458 26.417822709537816195 -23.497811418784575466 7.1937623367593692691 -0.5573260490702283132 27.808314105480008038 -21.743833067169525464 9.1912909369083628519 -0.60376988649274732079 29.370077188971091431 -20.123557984676256893 11.175132170483282223 -0.65021372391526632839 31.20585538129936154 -18.84275059128389529 13.172481510651582681 -0.69665756133778566905 33.329122503150138357 -18.128190498000538611 15.167761090648932409 0 
-0.00086641795753491178921 0.0017226308659676460664 -0.99999814092968342116 -0.89336620640313535446 -0.44932930157832995377 0 -0.44932846624356376219 0.89336454557253963671 0.0019282471774965488295 0.6247485582778686819 0.75120592030750421575 0.21302324808499439879 0.44688782759945328005 -0.56771424901844858013 0.69136951119127498799 0.64029720323703365192 -0.33673460878914174277 -0.69038344039414656361 10.809203575219546778 -11.687154556403262617 -15.738563842548588312 0 10.806604321346942044 -14.367253175612669125 -17.086549241279278988 0.092756269185488390838 12.28599918528853685 -16.472155946789154513 -18.62950794556802947 0.18551253837097678168 14.847726530348529295 -17.528670529386392474 -19.778973015492493204 0.27826880755646515864 17.823964237886041673 -17.46795577294292201 -20.150854930631524553 0.37102507674195356335 20.63770682343150753 -16.54924520556454226 -19.662160920198594738 0.46378134592744196807 22.983466026599582932 -15.137131334622093704 -18.436046131723198727 0.55653761511293031727 24.798694869605022006 -13.537489834316696502 -16.662320654155195143 0.64929388429841872199 26.158462073192996655 -11.946508229867925266 -14.512944205127611852 0.74205015348390712671 27.189900489389334126 -10.465067245184648925 -12.116807084868705502 0.83480642266939553142 28.027304390766094144 -9.1289822819224077932 -9.5646246053342611759 0.92756269185488393614 28.795745582471926838 -7.9333707746758506119 -6.922652991769041364 1.0203189610403722298 29.60858879245188291 -6.8470452746397727495 -4.2469875513802914924 1.1130752302258606345 30.569353884964222345 -5.8188538699936529497 -1.5975052268077458706 1.2058314994113490393 31.771801544155614749 -4.7790531863593352924 0.94669210249684732084 1.298587768596837444 33.29235350191248699 -3.6394880903110040649 3.2681793075312342012 1.3913440378548984633 35.166599176746089483 -2.2988246075126621548 5.1890709172423523654 0 
-0.2758885699450732143 -0.051836943659506209969 -0.95979082525605741161 0.1846596241940889338 -0.98280253519844873455 6.9388939039072283776e-18 -0.94328485632186431786 -0.17723461309671803554 0.2807161765098271089 0.71725601256943138928 -0.090014041441314529557 -0.69097126190341773277 -0.56244504533981154459 0.51058193244923566478 -0.65035502706529568773 0.41133852652735669597 0.85510441619711341499 0.31559000933885361651 -4.3428045081156678719 22.090863255036619961 4.2867797484918721551 0 -5.1704702179508874593 22.644842127618886707 1.4569251795262792015 -0.048758518291220930008 -5.8883695661431501023 22.838288224426030126 -1.4494886515679687999 -0.097517036582441860015 -6.3397678965710371202 22.459886818446179291 -4.3910960372562568566 -0.14627555487366278308 -6.3380105627938254642 21.370900210228228389 -7.1864646518172241585 -0.19503407316488372003 -5.7267917180470799821 19.586737950534960362 -9.5195167428659619446 -0.24379259145610465698 -4.4632785077442536092 17.330366518901399786 -11.040129228512746806 -0.29255110974732556617 -2.6616333577868229732 14.981485910246366444 -11.526728615191094818 -0.34130962803854653087 -0.54543917347345283186 12.922801268961814358 -10.99427640414500118 -0.39006814632976744006 1.662015846124438978 11.389029054493178705 -9.6621067267998004269 -0.43882666462098834925 3.8260375609989503154 10.416878427580186894 -7.8258218316016181504 -0.48758518291220931395 5.9200817182366201052 9.8896226519124201815 -5.7432757753318082194 -0.53634370120343022315 7.9927692992248839943 9.6064294316098663984 -3.5929762329066754489 -0.58510221949465113234 10.116621930158160581 9.3287043688764992311 -1.4924669567009711812 -0.63386073778587204153 12.334523882540905149 8.8026327665321346672 0.4579630680357911765 -0.68261925607709306174 14.605159380083161835 7.784343707833032866 2.1334511826647579724 -0.73137777452269603362 16.756927417791452228 6.0970085718135829111 3.3674667622468108519 0 
-0.23397170144790985225 -0.14349016073359091572 0.9615964936990037959 0.52279550496184912234 -0.85245812799907383361 2.7755575615628913511e-17 0.81972074690912566375 0.50271832449291453671 0.27446708965881794207 0.99202507167970477298 0.12424185057307386704 -0.021218381772753005382 -0.054926284089897289831 0.2746172290675850669 -0.95998358361761404467 -0.11344320374069209734 0.95349323021478249451 0.27925131953068432766 20.082318231897637872 5.9826852420983094305 0.5316283040801095261 0 19.380403127553908149 7.5510717569838572416 2.9907905448074862953 -0.053693209905705058249 18.442250319518684876 9.0851072817430882367 5.3921677859849630465 -0.1073864198114101165 17.566054815263068889 10.746803423588527693 7.7311999111933120687 -0.16107962971711517475 17.07030308429555987 12.636089983629798184 10.008224067718725081 -0.214772839622820233 17.272286165087390231 14.720736375773519455 12.156116494834581232 -0.26846604952852526349 18.399690507373616555 16.790904770160331339 14.011735695827116643 -0.32215925943423034949 20.461782287617886311 18.498582803236352845 15.365084588517806452 -0.3758524693399354355 23.197630872587524209 19.505645027600813535 16.072827965259318006 -0.42954567924564046599 26.193212235819768097 19.649652084550002229 16.148459675538184399 -0.48323888915134549649 29.093689396558943372 18.995144450533238967 15.74990410056117085 -0.53693209905705052698 31.744288016216536619 17.75526215714168643 15.088818888696492238 -0.5906253089627556685 34.191517601303040408 16.186620009338572146 14.346893641202894898 -0.64431851886846069899 36.600537642227763513 14.54262088548117049 13.644103167611010718 -0.69801172877416572948 39.154768789956136743 13.087402766111482677 13.045552425076127889 -0.751704938679870871 41.956115127217870509 12.121183874234018774 12.57775116562208062 -0.8053981472925921814 44.932190342256980387 11.956405021964314983 12.237421554399993795 0 
0.98853851082502375291 -0.15070268284108170875 -0.0089618078725552368508 -0.15070873497329811963 -0.98857820995748657555 2.168404344971008868e-19 -0.0088594479846335651152 0.0013506227275465441679 -0.99995984219350309008 -0.85070283492186937746 -0.25680836522620581475 -0.45864381627330219615 -0.16174737318516727025 -0.70230688026190490891 0.69325524390695270061 -0.50014245363055587212 0.66393863382592410716 0.5559163755366203219 20.623268574700723832 -3.5500764461199905142 6.8292223576128172624 0 23.588884107175793758 -4.0022026510398847066 6.8026440136589165775 0.033636215465923206824 26.189186326519369175 -3.5501723809093084228 8.2288507082906985346 0.067272430931846413649 27.890992190609264156 -2.5454675206434220769 10.485935370374731335 0.10090864639776961353 28.851753972194352116 -1.3274656333376981809 13.053700969837258583 0.1345448618636928273 29.531577711962285093 -0.067144347610639587565 15.689880384243670264 0.16818107732961604106 30.449445287391522896 1.1731690218729826647 18.262652053098410221 0.20181729279553922707 32.077047418104100984 2.3227638763134739186 20.505273416045678658 0.23545350826146244083 34.6127608068002246 3.2018736988870220017 21.845911741873145218 0.26908972372738565459 37.583319639700633275 3.5393518642141188479 21.59722569546898896 0.30272593919330886836 39.83117331165423991 3.2041513433382311504 19.638977886250177818 0.33636215465923208212 40.37904794924947538 2.4141792541037014885 16.797194202337522029 0.36999837012515529588 39.221350022125889723 1.5681085269813208605 14.162068294066363805 0.40363458559107845414 37.014697243697142426 0.91661263247484925376 12.236907275610196422 0.4372708010570016679 34.373674833921974425 0.47331820074390729136 10.88468559540618763 0.47090701652292488166 31.647822206163787939 0.10729539880016086828 9.686453952023805769 0.50454323198884676316 29.095713701398175033 -0.37794672075533153333 8.1860265911321441479 0 
0.1081802663460648406 0.32919977580854381527 0.93804292949784495725 0.95001923139200583623 -0.31219138358600101446 1.3877787807814456755e-17 0.29284892002299900415 0.89115882289424863671 -0.34651906501533347171 0.53095078609171852957 -0.63677103759322406518 -0.55911886789039200174 -0.75606833933095807243 -0.65394424042798160457 0.026787994930520059311 -0.38269038269848487666 0.40850896696831318078 -0.82865462944254852928 11.0569298444405959 -0.36197713630729988488 -2.2880011652012255396 0 11.38147064347879045 2.4880805578687175128 -1.4094544051322284162 -0.12043490405513891661 10.648070291559404765 5.3093271075887296107 -2.1184521678575043424 -0.24086980811027783322 9.3545893659457686198 6.8574259218456781184 -4.3388659033818059996 -0.36130471216541676371 8.342522418692027486 6.4990402336644370607 -7.1401583109199568966 -0.48173961622055566645 8.1919473303072365411 4.633562884289187167 -9.4847922620861577769 -0.60217452027569462469 8.9732538775470285231 2.1121425710817747223 -10.910275858885587041 -0.72260942433083352743 10.472168766495633108 -0.42035606489753651882 -11.493124317489748165 -0.84304432838597243016 12.44774562143128982 -2.677975122843962108 -11.509183631694554606 -0.9634792324411113329 14.72642945922767943 -4.6080537650903687918 -11.222130251841720749 -1.0839141364962503467 17.198623986834366661 -6.2614577526550192488 -10.82905108978066977 -1.2043490405513892494 19.792662742379320662 -7.7254299568724951186 -10.471630527430656699 -1.3247839446065281521 22.450343641116599969 -9.1008395948629523531 -10.259541416724360374 -1.4452188486616670549 25.103412557798961302 -10.500978318130616884 -10.288505716841793713 -1.5656537527168059576 27.643342793429518167 -12.056702989866582953 -10.646945374615965463 -1.6860886567719448603 29.876468877300514038 -13.912001253669551204 -11.402597499026413175 -1.8065235605928013918 31.469321235575662854 -16.180206271662431305 -12.550668647121863586 0 
-0.28710916567063082816 0.069187871658184046941 -0.95539592075920298786 -0.23427466707089675269 -0.97217044820793685478 1.3877787807814456755e-17 -0.92880768050050854789 0.22382506125675513675 0.29532801187268897802 -0.75104374810365470694 -0.65026719302454327742 0.114393470575880285 -0.35292888391637011747 0.54181621918831490703 0.76280822460302899479 -0.55800940075590044209 0.5325295881924880792 -0.63642575872412665561 17.02926030167190774 13.03243204005979905 17.40496010862770504 0 16.167932804660015478 12.329608038847108986 14.618537067126180062 -0.07092141560069972761 15.475630896887258459 10.752596714385182608 12.162170084991478447 -0.14184283120139945522 15.232629352492597974 8.5872525231638210386 10.100072865495247854 -0.21276424680209918283 15.640413980372224856 6.1510992327895523957 8.3974633218405436708 -0.28368566240279891044 16.81879934765247242 3.7904200552873050789 6.9696642115392970496 -0.35460707800349866581 18.774440104262399842 1.8922163854501126146 5.7157525017758104013 -0.42552849360419836566 21.336554042674965359 0.86325383861282878328 4.5423822190550433575 -0.49644990920489806552 24.098858193717401122 1.0322807211438533859 3.3843340453858581363 -0.56737132480559782088 26.453385496085580542 2.4811181616543556139 2.2194215596956485825 -0.63829274040629757625 27.781297863571669637 4.9112443281395163908 1.0656990797550973671 -0.70921415600699733162 27.726537548572558478 7.6969989349102281295 -0.046289732482452522477 -0.78013557160769697596 26.350320460093509922 10.140411501953309426 -1.111994607534434909 -0.85105698720839673133 24.04981233519215067 11.74545546928356643 -2.1757061424532087024 -0.92197840280909648669 21.341907441627029129 12.330170015251164628 -3.3269493071345537238 -0.99289981840979613104 18.688590920982207422 11.974243302903483155 -4.6809241380385149256 -1.0638212340104953313 16.435459676671239748 10.915456651154373802 -6.3549523403062124771 0 
-0.37362441446884980811 -0.089585992532378019848 0.92324381766400032134 0.23316655396322552574 -0.97243681445784146966 1.3877787807814456755e-17 0.89779627701707653831 0.2152695794325676093 0.38421459257191437064 0.41441176154704179035 -0.19316363511413298104 0.88935409256435771219 -0.74568489052915687409 0.48815869920692039896 0.45349214814054539247 -0.52174412879111298214 -0.85111038911418601671 0.058259502348556146956 13.269933415943105715 10.537936278935639223 15.679332886500414901 0 12.149060172536556124 11.237435940825315939 18.372721717551645071 0.055615091952030959455 11.482173441872651765 11.035089188773268276 21.290656841698705648 0.11123018390406191891 11.653776718828011028 9.7507779028962389134 23.996404596635006357 0.16684527585609287836 12.873729950143458112 7.6307446515385279895 25.733390643701802958 0.22246036780812383782 14.900693491610464747 5.4241232009050932561 25.882322090159142647 0.27807545976015479727 17.114932622077141389 3.9728334383014320963 24.471343023530138794 0.33369055171218575673 18.951499829566856192 3.6831695593994311366 22.116963581068329603 0.38930564366421671618 20.207854003345264715 4.4459524617588455087 19.501673660173327818 0.44492073561624767564 20.99334679055901276 5.9222536269519672203 17.010981761949935276 0.50053582756827863509 21.543263533779995811 7.7829763177901059024 14.722901283482267232 0.55615091952030959455 22.101020429459040884 9.7625511646949654221 12.538822567218860016 0.611766011472340554 22.877011120272676692 11.602995990140849258 10.300383057468868842 0.66738110342437151346 24.018688962524532116 12.971478131436002812 7.8871201867194988822 0.72299619537640247291 25.535317702546812768 13.426499213277322653 5.339024300862064365 0.77861128732843343236 27.179340901012107423 12.552072297725558769 2.9868918979808767311 0.83422637928046528 28.422576185653223746 10.315017626138079265 1.4216595116075469996 0 
-0.22209612423539704107 -0.46128233665503615146 -0.85900635474348230325 0.90100379111807660237 -0.43381121284592599752 -2.7755575615628913511e-17 -0.37264658859362798093 -0.77396798221839702148 0.51196492312492947185 -0.022169957574204042505 0.94961790573137028204 0.31262489679410454535 -0.99948065884091863431 -0.013737757435256519808 -0.029149384617402920861 -0.02338601257335722744 -0.31310877843812812138 0.94942929556702715388 24.949061909626735201 19.515948412819341229 10.646077981709268556 0 24.282773536920544188 22.218959786173570592 9.5281382159283847244 -0.036372184544524510663 24.044071954432595817 25.051253136746204575 8.5683808328517727659 -0.072744369089049021326 23.842571204482457148 27.897868831122856648 7.6430744501769876109 -0.10911655363357353199 23.302413212857874925 30.651122734096286848 6.5810782272146957084 -0.14548873817809804265 22.1094630301959576 33.052181275704903385 5.235050211612193749 -0.18186092272262255332 20.14888199078787423 34.61609647103394849 3.5887601375737787635 -0.21823310726714706398 17.702622617865234389 34.797149295666379487 1.8616278264828605149 -0.25460529181167157464 15.447476888078002233 33.402756565091074492 0.45808707089062988826 -0.29097747635619608531 14.070990170397040586 30.844623619167702344 -0.29104385184773623463 -0.32734966090072059597 13.840238395796037096 27.854030758751562757 -0.34667238015031709431 -0.36372184544524510663 14.570639634325450729 24.976724872666490995 0.086493287302464250121 -0.40009402998976961729 15.889700907185549283 22.364388983675265621 0.74664007928259590319 -0.43646621453429412796 17.431741411609962711 19.882179198720184132 1.4254346348798676569 -0.47283839907881863862 18.851153995660457241 17.296225799204187012 1.9714462628195839056 -0.50921058362334314928 19.75296431890237514 14.449492214116901323 2.2592353194823870943 -0.54558276816786854813 19.686454446179762812 11.451050237594145642 2.1890772817623118662 0 
-0.084824836408229714602 -0.1566104425149469348 -0.98401113633108328038 0.87930565092872114974 -0.47625788418126796531 0 -0.46864306179984693834 -0.8652465527527137823 0.17810694421164613432 0.63576610010056988642 0.75003940776059141449 0.18232485505013806826 0.30691707262659762012 -0.46237378771038711855 0.83187282139078799759 0.70823963211135787521 -0.47291792865622195308 -0.52416147918582955967 1.5921845272360570789 2.8962982622368400598 1.1012422102981673788 0 1.3377100180113679073 5.534215215023003509 -0.3046869751013734362 0.013149434049361122603 1.4120459203470503429 8.0540694499108536064 -1.9309861385973352554 0.026298868098722245207 2.0339897326819609269 10.434573958287151285 -3.6474910844986099256 0.039448302148083369545 3.3637667983509529357 12.578257709925305008 -5.2711583490513556072 0.052597736197444490414 5.4357255459210644943 14.316011639143829015 -6.5700636689108762312 0.065747170246805611282 8.1056595228445402768 15.463648851661123018 -7.3145912961562729038 0.07889660429616673909 11.072109626844857999 15.909000061960790973 -7.3567570210791197738 0.09204603834552785302 13.985655371546847903 15.672648516951431574 -6.6819604429047476657 0.10519547239488898083 16.581579349823865499 14.899832125727527909 -5.3920299265286342205 0.11834490644425010863 18.752487022731724409 13.800200366041403655 -3.637613145460486308 0.13149434049361122256 20.538403428792204153 12.588227448673679376 -1.5539517949526520102 0.14464377454297233649 22.072131934409910059 11.458305493869888281 0.76358524116817860783 0.15779320859233347818 23.522071078557448942 10.590848249033346207 3.2425401788982437523 0.17094264264169459211 25.046567117916026746 10.165112945993287852 5.7910056837981507272 0.18409207669105570604 26.753469672720182615 10.352350865259614565 8.2509595227386576255 0.19724151074041118559 28.660767973021890498 11.273102083139400875 10.375678419072738023 0 
-0.3789622730793615335 0.31847527373883444124 0.8688849725938974089 -0.64336613714500767713 -0.76555862843750310809 0 0.66518238788894168412 -0.55901116844108189596 0.49501404464974729791 0.62448039231033580787 -0.69274618355591122132 -0.36073115306090391963 -0.59045554679850409396 -0.72105685007350062143 0.36254553674946965458 -0.51125970589790126208 -0.013406868791839443578 -0.85932169121603696471 16.292986036022224283 8.185027845677344871 19.496579779687028378 0 15.156099216784140182 6.2549294342423218396 21.492126943353852653 0.10149857506183410094 13.79878121464584062 3.6282080766378626002 22.000085268302100872 0.20299715012366820188 12.924896957133643838 1.0490671977858059272 20.741396016563527382 0.30449572518550227507 13.113988310629071776 -0.5964742014131660941 18.240120109622345979 0.40599430024733640376 14.449212923272165554 -0.87316060163284792139 15.567932652939623139 0.50749287530917053246 16.572332152457395438 0.0090036789022982319924 13.640721912132628191 0.60899145037100455014 19.035982498200002766 1.5129273485723147008 12.823015090913427727 0.71049002543283867883 21.547015427613978034 3.1401833218897543532 13.03925317462611666 0.81198860049467280753 23.992452465350993407 4.5636414360446240224 14.036053563199487826 0.91348717555650693622 26.3729022631120813 5.5970028329060825811 15.541253857127891536 1.0149857506183410649 28.740056288359870251 6.1293301412171681264 17.305684097278529521 1.1164843256801750826 31.156191662436327761 6.0810089322572169479 19.083311881137834831 1.2179829007420091003 33.659375702734983804 5.395677864795968226 20.588103689283656195 1.31948147580384334 36.211968414866468891 4.080035424135545874 21.456068458208232386 1.4209800508656773577 38.623374765700205558 2.30524146368650662 21.268450485199380751 1.5224786288431293446 40.496815942631208429 0.53387482329099800182 19.734671367505669082 0 
0.15333364046084416166 -0.35604446431284070274 -0.92180319707365243609 -0.91844950291223759198 -0.39553825428176192514 -2.7755575615628913511e-17 -0.36460842736185933299 0.84662968813520744771 -0.38765818173333210783 0.67659770403383689974 -0.27867804078326940953 -0.68158205410745631436 -0.72801328301196321924 -0.39207633312830292294 -0.56238137305462820859 -0.11050885328463891377 0.87670673465296400373 -0.46815926217458492253 -1.1618481208765700785 4.2876104623503721314 -0.29663386248465428707 0 -0.70184719949403762129 1.5322619536136592444 -1.3904591445702323416 0.20084661202628109611 -0.54747066858736259665 -0.19647851745038941162 -3.8374179271225568044 0.40169322405256219222 -0.35740060879093737967 -0.20872264527392445088 -6.8313557113871894444 0.60253983607884331608 0.19679974711674830257 1.4124823070829850558 -9.2939792947379338273 0.80338644810512438443 1.2675377008101913479 3.9250474320916608484 -10.535156553493564502 1.0042330601314055638 2.8222908427251618413 6.4904829566390160878 -10.499305436049679585 1.2050796721576866322 4.7429586594039827574 8.5797908220365286525 -9.5267642965632415297 1.4059262841839677005 6.9110591289470422183 10.012069451460702041 -8.0274556197689292958 1.6067728962102487689 9.2377067511356525387 10.813480161231197485 -6.3115133786011119454 1.8076195082365298372 11.661091439808854986 11.079359217595536435 -4.563223013811993134 2.0084661202628111276 14.136120023574989091 10.893267983413554845 -2.8781097007634857121 2.209312732289092196 16.625595918370791537 10.294037807002425211 -1.3149601923502598488 2.4101593443153732643 19.093072563817134579 9.2751677044996423405 0.053786428098798785835 2.6110059563416543327 21.494223654581293914 7.8108858194941364061 1.0979889114095793268 2.811852568367935401 23.763084181219085167 5.9135676767781237828 1.6004279083253587501 3.0126991803863290009 25.792877293320596976 3.7295278277422383439 1.2689013484714435354 0 
-0.45697255494305788481 -0.25102389000956071285 -0.85332472756464872177 0.4814607005990923505 -0.87646767982546358589 2.7755575615628913511e-17 -0.74791154410628324367 -0.41084232117180552457 0.52137981292596868865 0.90790016111867488657 0.41834612593552650273 0.026529537414376719306 0.39285559678024201125 -0.87124221690354464176 0.29428129326111884811 0.14622509196141250665 -0.25675575631275326938 -0.95535056606522361644 11.764583288462462818 -2.2564250726961829763 -5.6738836970074855159 0 10.393665623633289385 -0.81204297089890586925 -7.9176183293263351359 0.22548346353563714084 9.0963690873275808713 1.7548982503216912221 -8.7707258681674140632 0.45096692707127428168 8.7195810949622600816 4.6646981722905982437 -8.1453977750306254535 0.67645039060691147803 9.6233947974605928977 7.089281154472244495 -6.6273421117882422848 0.90193385414254856336 11.618908373126917155 8.6366844887531222241 -5.0076291347396901799 1.1274173176781856487 14.279981247721043047 9.3792768309852956321 -3.8383302770103973067 1.3529007812138229561 17.227384752594936401 9.6101418998218459677 -3.3288935561518351314 1.5783842447494600414 20.224702136439539402 9.6346838860764218992 -3.4533709312508049649 1.8038677082850971267 23.158748233301018615 9.6844522795968597251 -4.0769909187368638115 2.029351171820734212 25.993563549632661136 9.9079218722498829663 -5.0329651607835650395 2.2548346353563712974 28.734501383044655398 10.38716486684302609 -6.1543875998960482221 2.4803180988920083827 31.407258508394910734 11.154227874229013295 -7.2804364103722978285 2.7058015624276459121 34.047091331848534423 12.197227331074321555 -8.2517436215238735286 2.9312850259632829975 36.692004228090311813 13.453052575436926119 -8.9054585297613915174 3.1567684894989200828 39.373421776175433706 14.787059208718106973 -9.0798714653756693593 3.382251953034551839 42.097122259531460031 15.96562599905882962 -8.6411961894914277593 0 
-0.40220665804858257708 -0.20716611610821744627 0.8918026713113316184 0.45790199708528472877 -0.88900267776048225166 0 0.79281496282972496736 0.40835822419945072559 0.45242457431263927159 0.96505167022263382837 -0.19269911581273674317 -0.1776015894227668257 -0.25277541410287374113 -0.86328075892181599382 -0.43686487762292558479 -0.069136559255029789162 0.46649049512327989131 -0.88182013706538342479 -4.9380767197005894786 3.4924417134024992038 -0.56566459855027062531 0 -6.1446966938463374319 4.8661477046583536676 1.8127802899389040547 0.012104058159888171284 -6.6504630950467644723 6.2882373424478794632 4.4054440913053474205 0.024208116319776342568 -6.2832848762348287863 7.6511985437924678877 7.0526078996341352578 0.036312174479664512117 -4.9856156397421793613 8.8126183684500318805 9.4953729728646276698 0.048416232639552685135 -2.8638301617822596867 9.6370742231656389976 11.449404429023458007 0.060520290799440858154 -0.16822678170333449366 10.042616462279418954 12.702085714696378815 0.072624348959329024233 2.7938115847906535016 10.023542180598234097 13.177415485602814726 0.084728407119217197252 5.7591384936634488767 9.6382878991090130683 12.935735256341587274 0.096832465279105370271 8.5704895855544211969 8.9765248476813379597 12.124327489000163993 0.10893652343899354329 11.183921322059074299 8.128086189284106311 10.920109378552195878 0.12104058159888171631 13.641692303470295045 7.1665102474343473915 9.4936625083244106094 0.13314463975876988933 16.035389311117597799 6.1472770431353191967 7.9998768730740561494 0.14524869791865804847 18.471829988751071738 5.1151165339669342202 6.5862229223221158136 0.15735275607854623536 21.042300399175140058 4.1147995917071575889 5.4063667362931813187 0.1694568142384343945 23.791499120816656188 3.2009793275194793338 4.6273928705540372519 0.18156087378131366417 26.686654131484555563 2.4426530852108498948 4.4199831927889334793 0 
-0.15847878157721237424 -0.42336039437266653751 0.89199240594661022286 0.93653365060135640441 -0.35057769651148051882 0 0.31271264298249684677 0.83538090424986644056 0.45205038185314849741 0.87593491615464813549 0.17849303480759420859 0.44819444350228693219 0.30959892295242208426 0.50450942389838848712 -0.80598929776047034679 -0.36998179626550498078 0.84475468493692973393 0.38665616859072410305 8.9138815824489672224 -15.460760755434309388 -2.998265991402448094 0 8.4384452377173300164 -12.651159803630239509 -2.0601280624549573872 -0.08274437629873411526 8.3165696604775636303 -9.8809080247568470412 -0.91518103586887011858 -0.16548875259746823052 8.7620254344995949225 -7.2708993892635840339 0.49528281312613242626 -0.24823312889620235966 9.8864397116092508355 -5.0554045337234310153 2.1767198845971460486 -0.33097750519493646104 11.642319533107755802 -3.5076309159457270681 4.0532120590519964409 -0.41372188149367056242 13.828664534166678735 -2.8146737994460706567 5.9870303702939819956 -0.49646625779240471932 16.182382174085599758 -2.9888208141679206697 7.838964103103306158 -0.5792106340911388207 18.499811045923543418 -3.8778979736342122919 9.523916942549190523 -0.66195501038987292208 20.709065945194055303 -5.2466191203803145271 11.022521647900127562 -0.74469938668860702347 22.867228138944032168 -6.8527936397925017786 12.350139402837600144 -0.82744376298734112485 25.108380954871183377 -8.4751851201672820935 13.509927334862451787 -0.91018813928607522623 27.571761655242273292 -9.9035807157857362881 14.454097816033019797 -0.99293251558480943864 30.323326831682482663 -10.928053254402156469 15.070002618298241615 -1.07567689188354354 33.288817148354155506 -11.361115131167238701 15.205241353411469873 -1.1584212681822776414 36.239590126882760046 -11.097217204506067745 14.732748199521619625 -1.2411656444810115207 38.867394875346697347 -10.168420435648791056 13.6228028107250978 0 
0.69362143615627414039 -0.36525880155993439846 -0.62086658082675716397 -0.46594110152132023339 -0.88481573783082034801 -2.7755575615628913511e-17 -0.54935252180872562455 0.28928725856819503814 -0.78391625114708007871 0.46889387845109670172 -0.061505820943829891956 0.88111041574885129446 0.68714298503969672982 -0.60137786109948698776 -0.40765081416592541252 0.55495319519921970652 0.79659381253524186306 -0.23971910430490328547 3.1048608203388283755 2.3757110858017966848 4.2672605827121259381 0 5.1857251288076504636 0.9778877812378359291 2.6192030172859492865 0.20123113800475916912 7.9015918868447752033 0.68717118533929244517 1.3784303485195703587 0.40246227600951833825 10.842972185580984856 1.1538377018406136276 1.017172108875141312 0.60369341401427756288 13.689845471960090606 1.8559136549433707941 1.6515310327051033745 0.8049245520190366765 16.273217407426599834 2.292551276292831286 3.1128826503357078792 1.0061556900237957901 18.557198336370849034 2.0875442501156329378 5.0471565033302976389 1.2073868280285551258 20.5953116732741357 1.0423819284358566417 6.9846139440418353317 1.4086179660333142394 22.486355456342046466 -0.81042988508210744847 8.3956595168425192099 1.609849104038073353 24.3306458042142566 -3.1439162289718325383 8.7873628452430185831 1.8110802420428324666 26.183675579362152064 -5.3249694073304905118 7.8877714599332398038 2.0123113800475915802 28.021926162266769467 -6.5738277873178532218 5.8725441242852163271 2.2135425180523506938 29.755590103745156227 -6.3326223786191953025 3.4361186094975160188 2.4147736560571102515 31.301675243607959942 -4.6222097063611951029 1.5167294026598772128 2.6160047940618693652 32.666352996775721351 -2.0466300434677959785 0.80679212124091781444 2.8172359320666284788 33.964675284872022587 0.58038259414297810324 1.4495933894213448578 3.0184670786690332989 35.37135692022530975 2.6418115492620706242 3.1144529750190033113 0 
