15
-0.41813310571282175099 0.23575981514480243151 -0.87725823761868371164 -0.49114711298027080577 -0.87107664037738097296 2.7755575615628913511e-17 -0.76415915836826509011 0.43086285074457714162 0.4800187335200171157 0.97012096472039432982 0.0061359179403095293059 0.24254414922030417823 0.048451545020128286567 -0.98444322078567969569 -0.16889047585426653075 0.23773464534041718887 0.17559583013314372657 -0.95532630176538080313 3.1062335847755235818 -4.3341155149330319318 -3.5145688461375215184 0 1.8518342676370582733 -5.8075568538738444602 -5.8070463212423168997 0.037954802150139639594 1.7360869160864049743 -7.2561552146605086122 -8.4315770459767254152 0.075909604300279279188 2.8485488641735998705 -8.489835319599791319 -10.929656671086691588 0.11386440645041892572 5.0003688555800742677 -9.3494303292890350576 -12.835099839861845439 0.15181920860055855838 7.792493146927547798 -9.7719741342721597732 -13.84775225615203631 0.18977401075069819103 10.791659607475050819 -9.8021794958269747866 -13.911601270319152945 0.22772881290083785144 13.686052889934003929 -9.5511272015901358401 -13.163627604058685705 0.2656836150509774841 16.339474313201474587 -9.1422584130318398365 -11.824899624271495213 0.30363841720111711675 18.761541665126628686 -8.6774418653679390445 -10.116816356458587123 0.34159321935125674941 21.050417296663315625 -8.2273734698619680472 -8.2304177381495513544 0.37954802150139638206 23.342985851678850651 -7.8354270348300927296 -6.3355507877338199663 0.41750282365153601472 25.776124447165674525 -7.5244142509781877237 -4.6083791111356102732 0.45545762580167570288 28.446665067506422986 -7.3008921954663277276 -3.2599641220070783021 0.49341243056594474847 31.357027961667611748 -7.1555375604059738848 -2.5467601859858488567 0 
-0.13797452813969057761 -0.51004588655502014483 -0.84900896531952674273 0.96530412120339559312 -0.2611282320771541321 -1.3877787807814456755e-17 -0.22170021013154198042 -0.81955185316156997644 0.52837844089919749901 0.96028378091532229366 -0.23739303225195076963 0.14662744746191641587 -0.037820056312918820529 0.40990974249276346253 0.91134167377005415034 -0.27645018258532688682 -0.8806920865136355081 0.3846514595069138176 -6.9781852116443161549 -7.2536920594213398772 -3.1912028145079176511 0 -7.3921087960633879987 -4.3577796958111534309 -3.8563034449025437311 -0.023754769621535755386 -8.2918774810177886536 -1.5207859740062759091 -4.2329552647232162599 -0.047509539243071510772 -9.3328545769743751492 1.2893025715311154933 -4.3736711326447927917 -0.071264308864607273097 -10.168892587286208595 4.1702618541378191352 -4.3399338830628151342 -0.095019078486143021545 -10.456455566572927296 7.152540817184320332 -4.1872231851398495905 -0.11877384810767876999 -9.9031205555730892343 10.093045960360422342 -3.9699271722232643 -0.14252861772921454619 -8.3840931040138197972 12.670482010287988928 -3.7478446702548549041 -0.16628338735075029464 -6.0333770793265664167 14.526842108461874403 -3.5805086084726553963 -0.19003815697228604309 -3.1860190633499483326 15.469167971774218984 -3.5131415060419830532 -0.21379292659382179154 -0.18813113660770727775 15.565539400756506438 -3.5712628651628350873 -0.23754769621535753998 2.7658104638265457176 15.081924254769338845 -3.7721811319199414214 -0.26130246583689331619 5.6550794003839657265 14.364295807080619483 -4.1425415976552981689 -0.28505723545842909239 8.5380813292266672931 13.772334181812572851 -4.7238055135383927308 -0.30881200506042971732 11.418932671972637394 13.658874012873813086 -5.553156061294364676 0 
0.35474667488262517923 0.17621638073243123257 -0.91820617718532249185 0.44487538958348810114 -0.89559247861007607039 2.7755575615628913511e-17 -0.82233854610048562339 -0.40848733079328586326 -0.39610278486614575177 0.43007446747958211208 0.6850498040408317113 0.58799891020797989682 -0.22254319551996099014 -0.55076631595504665917 0.80444452346763517525 0.874934556724054735 -0.47682620648714729716 -0.084417357558488032021 -5.2857576363137610542 -5.5303156312488823687 -5.4993715775110700861 0 -4.221517611665885461 -4.1956894624984180098 -7.9663872158125270673 0.020886781286732627322 -3.1951213750025591054 -2.8918866997165544319 -10.46571327863140688 0.041773562573465254644 -1.8333596014587243417 -1.505414716417820431 -12.751170792289281408 0.062660343860197878496 0.13520599400197738649 -0.035084047058170739208 -14.472469750546501643 0.083547125146930509287 2.7045621512054749402 1.3383867242203288939 -15.187975161385494971 0.10443390643366314008 5.4843678354317431101 2.2989801275487722343 -14.5964680425359834 0.12532068772039575699 7.869105931253923103 2.5834458327954887835 -12.79867788047744348 0.14620746900712838778 9.4158418941273644975 2.1514468989215576045 -10.264716853753697023 0.16709425029386101857 10.075539786777445883 1.1685937255739236029 -7.5081245985958835476 0.18798103158059364937 10.11352986381461605 -0.13959010886289682785 -4.8086375967919448016 0.20886781286732628016 9.9141614819954586579 -1.5858460766757627169 -2.1878327087453164346 0.22975459415405891095 9.8716542827528854787 -3.007785587681453876 0.45343616195003449976 0.25064137544079151398 10.357227751342662714 -4.1982228892515491836 3.1639801949305050854 0.27152815558287446418 11.647451153781425148 -4.8658524758114243269 5.7887838651026637393 0 
-0.088366220046493040852 0.078783724266778140666 0.99296754022744937451 -0.66547656461195903166 -0.74641874437360233863 0 0.74116958458031700907 -0.6607966274417503838 0.11838692518453612645 -0.37304943365595621962 -0.37204933044071941683 -0.84994906657256974469 0.53448793286552798154 -0.83497703018220970073 0.13090457856481901855 -0.75839090821957044763 -0.40545364073678008543 0.5103435857764695438 20.608987936649427297 0.30813177289074644705 -0.25607620626409755005 0 20.343889276509948161 -1.688297920945130759 1.9674325474768536992 0.095253144166983466645 19.738415123685832953 -3.0803981507456597022 4.5549879256086587276 0.19050628833396693329 18.935874163193027186 -4.033915576107294676 7.2838598958387246185 0.28575943250095037218 18.106511085629193758 -4.7381889815218629636 10.079600329247288215 0.38101257666793386658 17.450672510325976106 -5.3415975935587640677 12.944174111653609316 0.47626572083491736098 17.211577026257678824 -5.9214088487859042331 15.877885492581933491 0.57151886500190074436 17.665793175128179371 -6.4611086757466686947 18.793776445610049564 0.66677200916888423876 19.046153929099062907 -6.8336172587973367243 21.431168950218410174 0.76202515333586773316 21.366270007383789675 -6.8227753970516502591 23.332989182152267915 0.85727829750285122756 24.229673577835445286 -6.2259475206354348842 23.999823990355221071 0.95253144166983472196 26.856307064091168968 -5.0073108198993807605 23.215183231302336964 1.0477845858368182164 28.448038598027896029 -3.3643798413541787795 21.27427691981656821 1.1430377300038014887 28.62026008289963741 -1.6152937868986394498 18.843011232112083064 1.2382908777657271049 27.501111781931765421 -0.011829988302052285576 16.567838507453373609 0 
0.19897612236480244352 0.40444680658383053151 -0.89265406702305938325 0.89729033953727799222 -0.4414408755123111483 -2.7755575615628913511e-17 -0.39405399287628495308 -0.80096987088845350566 -0.45074240606713622537 0.84819464170227198974 -0.44575469495764441508 0.28612689791554368757 0.00083695965675190109323 -0.53905491030257057794 -0.8422702079363961758 0.52968400890161648764 0.71464855390737702656 -0.45685040780545138617 3.9073023467420426869 -9.1764401615095465559 -4.7146380662926929972 0 4.5042307138364501284 -6.4845691428977128012 -5.8968000449215480785 -0.10850841103269903698 4.5080478387044733424 -3.6695952376625391445 -6.9340541116277405465 -0.21701682206539807396 4.2384090446475264358 -0.91486398720889272607 -8.0911103768045524731 -0.32552523309809711094 4.1146149122455666358 1.703696938962083296 -9.5498204708437537391 -0.43403364413079614792 4.5826530544982890802 4.0914793113041501016 -11.304652405969179085 -0.5425420551634951849 5.9761457209417416792 6.062795174288769573 -13.085679688096778506 -0.65105046619619422188 8.3137040390304477455 7.3960136974971328883 -14.411684771023665519 -0.75955887722889325886 11.223415606800266175 7.9935350154488169494 -14.831788274774682534 -0.86806728826159229584 14.153998113729784336 7.9892141217374943452 -14.190200987752078277 -0.97657569929429133282 16.721546276831560363 7.6798134301759528597 -12.669685164512754838 -1.0850841103269903698 18.886447593178150584 7.3550814645040691886 -10.618399065044343388 -1.1935925213596894068 20.880914499043523591 7.1784519135921591726 -8.3843591689724288329 -1.3021009323923884438 23.031498129307657052 7.1584182040316015616 -6.2928107757771041264 -1.4106093434250883689 25.576082054414467137 7.160929083001867923 -4.7037587490722518879 0 
0.18627620503909297911 -0.5439951455506513156 -0.81815063225151862802 -0.94607201428132037258 -0.32395639180865759554 2.7755575615628913511e-17 -0.26504512678017466687 0.77402941663973034991 -0.5750039503746389169 0.73944947733197585737 0.33432471048638595645 0.58432992258796823126 0.67268304583674431996 -0.3325277920034068746 -0.66100135203276244589 -0.026683146689765218501 0.8818459363763797576 -0.47078206654374515905 2.7395896928966152473 -3.5173207802873918126 1.460324456511997937 0 3.2984183080138942401 -6.3555368231313531524 0.66518907617147393641 -0.035770625116582528691 3.3942398294658304714 -9.2255322114366364872 -0.20311102882974818584 -0.071541250233165057382 3.4953662101128579742 -12.095237656026203155 -1.0717821830922737991 -0.10731187534974759301 4.0715541830019148506 -14.916204564590271886 -1.9144953635450310259 -0.14308250046633011476 5.4945234510389076021 -17.439623477500706628 -2.6939182782633008806 -0.17885312558291263652 7.8450551490343913841 -19.19003485078065907 -3.3350220520491982157 -0.21462375069949518602 10.770455198084706083 -19.703670206766876305 -3.7571041225102290717 -0.25039437581607770777 13.644160101512017746 -18.861667307082065292 -3.938229177478937526 -0.28616500093266022953 15.96511205974983838 -16.960834509796129055 -3.939893109972809615 -0.32193562604924275128 17.623013539388693971 -14.461652482984858281 -3.8659751296312347968 -0.35770625116582527303 18.852429027030510156 -11.725788601206019734 -3.8058926059534909925 -0.39347687628240779478 20.049644396208091024 -8.9750254565327036715 -3.8071334697889303023 -0.42924750139899037205 21.62100040757730568 -6.4202730747855296656 -3.870833906014794934 -0.46501812651557827838 23.839348839573375471 -4.4022239372754503606 -3.9508833460840540042 0 
-0.72613021740574501539 -0.53497399180680138553 -0.4319001452426033949 0.59314921949683996338 -0.80509254338261593276 -2.7755575615628913511e-17 -0.34771958642068884204 -0.25618123405122211755 0.9019214292494762697 0.68644025978381595365 0.71362974839612802747 0.13975819100148287322 -0.56366856088876093889 0.64359027973120741528 -0.51775409732912702765 -0.45943173944942083953 0.27662995868051853954 0.84403693209888219773 25.202461478157530905 7.1370418148218703891 10.573736155425123684 0 23.024070825940295748 8.9164894733123905013 9.5305773961630571023 -0.10009790289808109809 20.933277901472862936 10.880679340531100863 8.6527655970782291206 -0.20019580579616219618 18.683395148622018667 12.638332159365432972 7.7315151853040440244 -0.30029370869424332202 16.200097966136379313 13.775061425571344387 6.4901099655231577756 -0.40039161159232439235 13.76761696483780284 13.871439339252018996 4.7369057903548297261 -0.50048951449040546269 12.034641653645516968 12.746450077810573376 2.5617865849332326356 -0.60058741738848664404 11.644113588000024606 10.7299608491336258 0.37519128155487491139 -0.70068532028656771438 12.743756716352747205 8.5474954403420131399 -1.3648060534062358418 -0.80078322318464878471 14.932528087555878571 6.8318094417222443582 -2.4898368182594823317 -0.90088112608272985504 17.657715426122738478 5.7795839543927352011 -3.1726175141857178019 -1.0009790289808109254 20.545724569751840249 5.1964785526439900565 -3.7377832741006344897 -1.1010769318788919957 23.40631682866890273 4.6859601420197671828 -4.4837080389438090933 -1.2011748347769732881 26.048763441660266693 3.7814859360976917912 -5.5788699858022976485 -1.301272736971074151 28.108084221011722548 2.0904802534314144147 -6.9571652041505558373 0 
-0.071222675831950979508 -0.071146529687714538115 0.99491984690261958679 0.70672848416556643958 -0.70748487592954278913 6.9388939039072283776e-18 0.7038907444457395135 0.70313819526772602941 0.10067024505417684899 0.59418845323085844878 0.32505100450337504059 -0.735718646303372803 0.34762659525932726456 0.72107716617758133015 0.59933585800093558404 0.72532463925853829512 -0.61187381451460742809 0.31545935205001501833 16.997952122812208131 3.3418560157006282907 10.381287237269376078 0 16.784284095316355234 5.4620414681973272764 12.492959470606594508 -0.092598589780125944992 18.339541474528704867 8.0239404466854402642 12.35958739985953514 -0.18519717956025188998 20.464773847659223804 9.1405615545829164148 10.56054517712045282 -0.27779576934037786273 22.417022264655663832 8.860685783035881613 8.2999228108636202705 -0.37039435912050377997 24.138552708601302754 7.7847005488140119667 6.0911682528922774793 -0.46299294890062969721 25.737447162218000329 6.3093399554595714918 4.0255327337839785784 -0.55559153868075572547 27.298962068090489197 4.6310847597454749547 2.0902985288154032339 -0.6481901284608816427 28.878244503860944548 2.8392765535386881304 0.2750049588924821653 -0.74078871824100755994 30.526023934767234636 0.97169293500344233738 -1.3974050457757654087 -0.83338730802113347718 32.317266910046029693 -0.94960803773128787952 -2.8465613660318194178 -0.92598589780125939441 34.376120925865009781 -2.866602804285736994 -3.8887994564690480104 -1.0185844875813854227 36.843281215930865358 -4.551684788703865614 -4.1601612502942888483 -1.1111830773615114509 39.556326111390021083 -5.3434416384010523515 -3.1539414684115367749 -1.2037816676825912054 41.338891471082604312 -4.30056185262307622 -0.97796755063592577528 0 
0.98653013116741894439 -0.16303771571194414225 0.01330426827098909158 -0.16305214675530879664 -0.98661745242950438239 4.336808689942017736e-19 0.013126223267961943664 -0.0021692895025933129141 -0.99991149430625791972 0.75510275911807445137 -0.33157658394960032311 0.56557651308075396202 -0.3647751417588077083 -0.92929976380514112133 -0.057801772866845915755 0.54475583441309982646 -0.16266197456081274431 -0.82266771111115388759 0.92573213585463065556 -0.54674710692613359697 -2.8687538790676825329 0 3.8853225293568875998 -1.0359035471920599036 -2.8293752092637967088 -0.021349772963235067597 6.6462186831704235246 -0.66140148896200656736 -3.9416489868789312823 -0.042699545926470135193 8.7504209026987158637 0.37728845072445016395 -5.8107270638451016254 -0.064049318889705206259 10.281635161259561784 1.7748076925554077121 -7.9792171906396358594 -0.085399091852940270386 11.707132383445197021 3.304711800563223445 -10.130352372473090838 -0.10674886481617533451 13.55457626752841449 4.7810360040960890871 -11.976274126525620289 -0.12809863777941041252 16.085844969766682766 5.9315253592065442234 -13.102782828418220618 -0.14944841074264547665 19.043452356136679526 6.4340173738294010874 -13.102212101358253094 -0.17079818370588054077 21.784711960870176028 6.1451397774508453864 -11.91815347268165759 -0.1921479566691156049 23.821702067014971504 5.2202509372615546468 -9.9193438885397835492 -0.21349772963235066903 25.193735144021580652 3.949319935479266519 -7.5736495259297749172 -0.23484750259558573315 26.357914440108928034 2.5562402827548353912 -5.1853345368196972487 -0.25619727555882082504 27.883550941717864191 1.2022983198144285844 -2.985504263853229201 -0.27754704852206074639 30.148859219072086546 0.10797289453801028891 -1.3512367606139252807 0 
0.34000222908517413467 -0.6470217799294070149 0.682467069179235164 -0.88522002103049990396 -0.46517256407355045411 2.7755575615628913511e-17 0.31746495646586586625 -0.60413351333146614319 -0.73091634233057423131 0.11821506912060250616 0.25022016359165683008 0.96094488248024723109 0.56830775398605237747 -0.81061658153760918211 0.14116321934416742323 0.81427973951961984955 0.52942480813468295597 -0.23802915438957181204 9.1710375563735482274 -15.087038279636217908 -27.465041520902005345 0 10.191044243629070465 -17.742698342727717176 -26.512646651504407913 0.0050945948865028980318 11.209164514737365081 -20.501600798333903697 -25.919435614961994219 0.010189189773005796064 12.410453552376637276 -23.141894842177503477 -25.154077942144080993 0.015283784659508694095 13.897037014461563587 -25.338058972444475359 -23.751605160655550719 0.020378379546011592127 15.527850439536610594 -26.550878214362928276 -21.544915484691742336 0.025472974432514491894 16.893856820388283069 -26.307762297718173983 -18.885054356907030382 0.030567569319017388191 17.572460250656384062 -24.644572025848574981 -16.482296502260833648 0.035662164205520284488 17.438055983884897415 -22.115089850471935762 -14.874926807579127441 0.040756759092023184254 16.677538678773430547 -19.320218741952189134 -14.093697642594456454 0.045851353978526084021 15.579125065740402789 -16.545652467748123371 -13.7850047368377151 0.050945948865028983787 14.403453146489452408 -13.804286135272421987 -13.464493032998468891 0.056040543751531876615 13.417193499395168033 -11.089198901794597774 -12.654798887964322063 0.061135138638034776382 12.948841966346147814 -8.6214956982214303594 -11.014356953328039879 0.066229737679453060117 13.303487173707962299 -6.9165724362632747813 -8.5715177347691806631 0 
-0.28224182885679149901 -0.12571686462980335985 0.95107035491136271421 0.40688440378487161775 -0.91347965601683200898 -1.3877787807814456755e-17 0.86878342065223779223 0.38697569431557604647 0.30897440024826439142 0.57638961513276698589 0.59841542325763041887 0.55648359614142461904 -0.41835232760339968738 0.80106450839856080393 -0.4281086116547881959 -0.70196605441852977236 0.013951150187851368845 0.71207374888596874918 16.94118445750733315 -3.3419363142214848494 -4.1321969071306199339 0 16.094458970936958764 -2.1212831028668697186 -1.5258466451739067793 0.060887339981472124451 15.655830448296555346 0.0016725039603334979337 0.54795562226944605211 0.1217746799629442489 15.285233682512480158 2.4075546047771325675 2.3013535524115202868 0.18266201994441638723 14.683957674955966155 4.6434017849280859735 4.20909273341600354 0.2435493599258884978 13.702734535083557432 6.1042508069431189455 6.6387274757473528908 0.30443669990736060837 12.529420635214943758 5.9715681296963332159 9.3965712553341820268 0.36532403988883277446 11.7765996458858897 3.926831064818095296 11.458669917900314417 0.42621137987030488503 12.017635065428601493 0.95113816402641770953 11.753787136035020566 0.4870987198517769956 13.20440444528568058 -1.3991064291235377759 10.315766913310829622 0.54798605983324910618 14.866854298582348193 -2.4354012364610357899 8.043684690622196598 0.60887339981472121675 16.677750382340974511 -2.4920776878489889761 5.6525641895706808526 0.66976073979619332732 18.575015843503813073 -2.2548475405612173894 3.3408288562934238541 0.73064807977766554892 20.533964351822014294 -2.4347515664427019644 1.0758461188504107042 0.79153541994548359817 22.263133197220319914 -3.689808549252898473 -1.0300520444051750601 0 
-0.37236592320228451003 -0.041650110921270008801 -0.92715095184007456641 0.11115944111577209796 -0.99380258535125043373 -6.9388939039072283776e-18 -0.92140501294953858213 -0.10306158163649888071 0.37468802022755381964 0.80455588568303226804 0.23315622212379569222 -0.5461941073444041006 0.52673733147695633861 0.14462846948348456744 0.83763380390442621071 0.27429475102765965566 -0.96162403354940328981 -0.0064503998984704047359 27.042983582227364536 -10.292097841061419672 9.2098319385649602964 0 25.925885812620510507 -9.9586195177141032531 6.4456168997163443279 0.024136508329493926162 25.503115893770971212 -8.8488369526898118522 3.690683846187805095 0.048273016658987852323 25.909899134633576523 -7.0744762241112431056 1.3061269898790808242 0.072409524988481771546 27.126130367737388838 -4.9039256840921732206 -0.37000983454218877577 0.096546033317975704646 28.975663602972300481 -2.6743773120775644614 -1.1499464530171299437 0.12068254164746963775 31.205588249322840255 -0.67029098421092714322 -1.0447939258532070728 0.14481904997696354309 33.587196253862622086 0.95454592924166592471 -0.21542694174304066745 0.16895555830645747619 35.977219491630819448 2.1825039882537682345 1.1187092347302423079 0.19309206663595140929 38.324710773079118553 3.0931541765582264425 2.7496648035828403778 0.21722857496544534239 40.644912128405067619 3.8197547996058656139 4.5071440287812229997 0.24136508329493927549 42.983341350578243123 4.5205718664402017026 6.2508815848219922984 0.26550159162443320859 45.379377127252567448 5.3633170591910257485 7.8473807881542390064 0.28963809995392708618 47.828365800924316886 6.5104586529325754185 9.1460293786359478929 0.31377461030286984967 50.242033457973434452 8.0906706473634351084 9.9689136317188964398 0 
-0.83745929331636059789 -0.031033054684164382286 -0.54561788969482249989 0.037030778869710921641 -0.99931412549623399588 0 -0.5452436642954821 -0.020204655420647300162 0.83803407952479391785 0.71867430280634991835 0.59168041356604161862 0.36526912638234904085 -0.69531046427550147193 0.60612396676253799122 0.38620861614551355023 0.00711370190499009767 -0.53153365379660033607 0.84700730228661125221 24.688720668816600323 12.804423352275776438 -2.028621746032499118 0 22.176342788867518863 12.915515688884909196 -3.66435273891894564 0.12318464203875981178 19.762746689473356554 13.426138097678434136 -5.3713501773045537746 0.24636928407751962355 17.877078082617458676 14.535076800178995171 -7.4242785733857683539 0.36955392611627946309 17.163251685483974285 16.122859244932058687 -9.8675105822882240858 0.49273856815503924711 18.136902350995857347 17.600908365534650102 -12.289767526686398824 0.61592321019379903113 20.570092656890441418 18.146273968548392475 -13.957730744083855612 0.73910785223255892618 23.419224843288603211 17.322757805579993118 -14.409641604990227393 0.8622924942713187102 25.619512308549445834 15.364859136508099979 -13.839242651597276179 0.98547713631007849422 26.787381244148171788 12.79745553865446972 -12.817220807961435369 1.1086617783488383893 27.161092014623278601 9.9877416097877720347 -11.834438406788908793 1.2318464203875980623 27.233853449098749167 7.0692495728269211241 -11.143697214304024712 1.3550310624263579573 27.552790454081776517 4.1052369637026666638 -10.807658772694130889 1.4782157044651178524 28.639903191819115591 1.3098612589743652279 -10.744094934689588428 1.6014003465038773033 30.795926100238162348 -0.77607013385214296264 -10.722753828974616042 0 
-0.153177278332645328 -0.2229284727897886953 -0.96272509961162633374 0.82419040995649395231 -0.56631278295280051971 0 -0.54520353037957269837 -0.79346879452431329227 0.27048176015728714328 0.602376832024792086 0.51343907750610195961 0.61116484349924637964 0.78634472316377468371 -0.51324745834333618255 -0.34385901595943529907 0.13712814660842331804 0.6877189543656540005 -0.71290848726463507123 -0.94740750972995613211 -6.9108129910979556598 -2.2086446013608025396 0 -1.4069393447278921716 -4.4382417612284736919 -3.8442551924995207457 -0.041551652521634438453 -1.1322323909828144739 -2.4769844517287977759 -6.0976985969472590199 -0.083103305043268876906 0.011324972335370758064 -1.2252387111573195266 -8.5726428707086981262 -0.12465495756490331536 1.9708241174665632744 -0.75768360043430982298 -10.795635326735697035 -0.16620661008653775381 4.5238604001910847074 -0.98320314118951013249 -12.354833871516660793 -0.20775826260817220614 7.3683722484827285371 -1.6718602604186747485 -13.013982711669768833 -0.24930991512980663072 10.230022219512107995 -2.5305005711170904803 -12.74252614542866624 -0.29086156765144105529 12.930028139499315287 -3.2773611911593509838 -11.669132976594168483 -0.33241322017307550762 15.396742243967183938 -3.683244884523139806 -10.010641867685359685 -0.37396487269470995995 17.639816600109998745 -3.5809796085694323153 -8.0211256733656792761 -0.41551652521634441229 19.712206192526888771 -2.8640805119235444032 -5.9738661320614356853 -0.45706817773797880911 21.6741050456567379 -1.4953128935924941967 -4.1634967033065963804 -0.49861983025961326144 23.562668518915828031 0.46570849629328847641 -2.9034661625292588205 -0.54017148422841143596 25.369799014990210395 2.8247426657846106401 -2.4920817227039941955 0 
0.16169719487185646445 0.35745385168539900445 0.91982648422724033743 0.91111569407682202471 -0.41215069089704348126 -2.7755575615628913511e-17 0.37910712097965604261 0.83806834560694543068 -0.39232542476132525877 0.79469068303181422674 -0.50035526435264987555 -0.34367328633022642403 -0.60139341241817179107 -0.72586048446096784748 -0.33384505477558840125 -0.082417727476886193383 0.47198640502950811593 -0.87774492403252735162 3.2272284299297240295 4.1972067525373546459 -1.9019943624220871925 0 3.7123200145452934784 6.9305538347678208311 -0.76467299948311895363 -0.005222720589669265813 4.4319358245308819733 9.5741505299487563718 0.4574530271071557963 -0.010445441179338531626 5.6476815102723234574 11.979059201888880182 1.7759287951511699699 -0.015668161769007798306 7.5128126637339649463 13.898986410284926762 3.1306020555813405259 -0.020890882358677063252 9.988600115907775745 15.041004235423292457 4.382089475362874964 -0.026113602948346328197 12.821924035841421485 15.195138387330336727 5.3559776765177922186 -0.031336323538015596613 15.64473900021880759 14.352011837966376362 5.9223753653799491303 -0.036559044127684861558 18.148782154371708941 12.705017374760339877 6.0533594772464542899 -0.041781764717354126504 20.211714736527291336 10.539593499935463683 5.8182977179451196292 -0.047004485307023391449 21.907178798559947097 8.1120191847031488663 5.336316685630446699 -0.052227205896692656395 23.437276818150884594 5.6029237797808288946 4.7336003666783357247 -0.057449926486361921341 25.053323792156454886 3.1486211319434147526 4.1296013121878862862 -0.062672647076031193225 26.986003647681883422 0.90625394776818257725 3.6432840042770471278 -0.067895369780650305369 29.370075696777345087 -0.89792628948630981434 3.3960308218463906016 0 
0.90086598210952628651 0.37376792457979524098 0.22076689252048481427 0.38322334701912907917 -0.92365570766355153953 0 0.20391260033969160759 0.084603027462712573903 -0.97532660128125736598 0.15079152066240536501 -0.98392404015855539079 -0.095683857020841159291 -0.82897599869563598496 -0.17858645628224734114 0.53000535017971484031 -0.53857284640324376568 -0.00060069177990770827869 -0.84257873714359388106 -1.2312430547550974325 22.917769360251057265 -10.190189643040113765 0 1.4713548915734815381 24.067439401308444502 -9.5784518420210389422 -0.016301158358283780736 3.8109681629939755609 25.68967409013598413 -8.6326423891773593766 -0.032602316716567561472 6.0218864730660932594 27.370074622228131034 -7.4976884440893885042 -0.048903475074851342208 8.4148313630230404669 28.718510096796688202 -6.2912251051827574599 -0.065204633433135122944 11.139516274009999108 29.302367873604101334 -5.1798319372594097132 -0.081505791791418896741 13.984867626544223995 28.73682271834675106 -4.4155717392425426482 -0.097806950149702684416 16.391951775293460258 26.95484609855757796 -4.2410861251298523911 -0.11410810850798647209 17.80086636379420284 24.350558566025398477 -4.7233690274662460951 -0.13040926686627024589 18.043824329193462574 21.529499008916932468 -5.7146191096772662732 -0.14671042522455401969 17.388666960810002848 18.897591191610704442 -6.9967429578667417189 -0.16301158358283779348 16.29733158795222181 16.501869334763110686 -8.4353287553848570468 -0.17931274194112159504 15.247011594197395823 14.166702734224118743 -9.9986105553904778276 -0.19561390029940536883 14.718024115521842532 11.726339513756839139 -11.661371137624708894 -0.21191505879283675795 15.170398677509059127 9.2394115176699287417 -13.27708967683443575 0 
0.73902870698678013728 -0.31807255129789274717 0.59385724072397838569 -0.39533214152434137389 -0.91853823974714199352 2.7755575615628913511e-17 0.54548058455569781167 -0.23477085473514680558 -0.80457043050295029563 0.73055520896091052929 0.36862424046493647012 -0.57480888650205252954 0.20232409881665025519 -0.92082693711668650582 -0.33338072967454535078 -0.65219172464706320902 0.12725533867759836193 -0.74729648271615656263 -5.5125975033039225082 -1.3163718625236100479 0.60212097095053707108 0 -3.2955113823435819853 -2.5023682870966341696 2.2385627246176307281 -0.011221308551843464305 -1.3249920826387167061 -3.7556097479817909246 4.1217616854222853817 -0.022442617103686928609 0.63381891285374369893 -4.9195260024313132163 6.0732710230578028643 -0.033663925655530391179 2.8201087638471844521 -5.8565594102887263972 7.9014177563352685496 -0.044885234207373857218 5.3754175915843820377 -6.4322549707910088301 9.3639355368163474935 -0.056106542759217323257 8.2579839370504828366 -6.5375312805568528418 10.188364821939353888 -0.067327851311060782358 11.231880790990286911 -6.1431635004474829387 10.169614950303893508 -0.078549159862904255336 13.979044377607506178 -5.3338651536901560135 9.2762618165815524662 -0.089770468414747714436 16.275641289452813965 -4.2760760090900946651 7.6617320811628326638 -0.10099177696659117354 18.101333044765013369 -3.1420368593675620517 5.5686920789613569838 -0.11221308551843464651 19.62443905630061991 -2.0546919819116142847 3.223940875258488159 -0.12343439407027810562 21.11664454243476996 -1.0838980788342356121 0.80921260608830236638 -0.13465570262212156472 22.859278554664463456 -0.27377969182569017459 -1.4944598579654422288 -0.14587701117396503769 25.050944181547198042 0.333192604624260591 -3.451035031906627637 0 
-0.70358215817588753982 -0.57309631412348294166 0.42015801960052895359 0.63154522013477176756 -0.77533904514407259168 -2.7755575615628913511e-17 0.32576491772669879943 0.26534878898000591185 0.90745095656203988987 0.91584266570572536725 0.39227951872451732873 0.085726255384753632938 -0.13321339914058716314 0.49823697533149924332 -0.85674623238268665659 -0.37879598989751933624 0.7732248674232997665 0.50856356774328470571 -2.6325113265979354082 -1.4631357985173991665 16.286208807931004117 0 -4.7432578011255976946 0.4314998618869161362 17.263503561111100737 0.014314723729956820367 -6.0973167867883049098 2.8474782585410345348 18.41658772888361284 0.028629447459913640733 -6.4121240712888907254 5.5867919020210266012 19.598539543783925154 0.042944171189870462835 -5.5590918703261351652 8.2823905152672310237 20.601547111327377593 0.057258894919827281467 -3.6596405894825667637 10.518004590316548885 21.229287998746134036 0.071573618649784107038 -1.0507085667582110045 11.992115964182815446 21.372228257201808077 0.085888342379740925669 1.8644560140071124721 12.614240514319648767 21.033463090886364455 0.1002030661096977443 4.7697197096414312156 12.484420470242275414 20.29685428556889093 0.11451778983965456293 7.5063732100008540016 11.803779651887431612 19.273395597280767788 0.12883251356961139544 10.059065339807228057 10.793294879676979647 18.063974973256211598 0.14314723729956821408 12.504388276814584202 9.6561979152614156874 16.74966096392471826 0.15746196102952503271 14.958332228223657268 8.5780090686499761432 15.40218823653534308 0.17177668475948185134 17.53052962628159861 7.7425445383071309635 14.103811688028519811 0.18609140848944469293 20.278057623398776599 7.3429043408853793551 12.967423718335957972 0 
0.13164941122148832164 0.021085164040026530691 0.99107207022619758785 0.15814596339082478971 -0.98741574539967114088 0 0.97860016696719576146 0.15673404733566118074 -0.1333272350930572725 0.58982663454923200952 -0.76009613277280851928 0.272687385333732768 0.25273090148364252272 0.49447070740756565721 0.83164043369182516496 -0.76696260183374820318 -0.42160714944090105227 0.48375177408328512429 18.374311954248085499 7.1742915447735668977 8.7906191679538352446 0 18.769260187912550464 7.6487294349460412946 11.726419668855422529 0.082630022093202346034 18.856597296212019188 8.161391272840749167 14.681002761640183252 0.16526004418640469207 19.028024721507186712 8.318379164874334819 17.671986619377143768 0.24789006627960702422 19.727458721011920773 7.8295810940705008463 20.548072697027286893 0.33052008837280938414 21.290910483371089157 6.6260750133542600793 22.807976411897072921 0.41315011046601174405 23.65425011724086346 5.0360463706322526889 23.749453420527000702 0.49578013255921404845 26.245371322312600171 3.7178095980174989954 23.008992271552390463 0.57841015465241640836 28.359752025904558792 3.2424528372866552317 20.934529902133082402 0.66104017674561876827 29.673172099638829735 3.7505961370854468129 18.285621988699507057 0.74367019883882112818 30.345864972374759105 5.0251299879657009839 15.654450950758722172 0.8263002209320234881 30.778357105642690783 6.7446028332359464486 13.234454692690205135 0.90893024302522584801 31.391499786197485378 8.5856076050365324193 10.946491520324936886 0.9915602651184280969 32.520873872456391496 10.153959306880032898 8.651983315839832045 1.0741902852653275602 34.290353776104083749 10.91215201133097068 6.3510955103385846598 0 
0.87483260557219255649 0.43881574892458224957 0.20520392472739573675 0.44835712973336694365 -0.89385450953567213705 0 0.18342245349200123061 0.092004642700797029109 -0.9787192392491697035 -0.74232986832517788844 0.35072347009629978309 0.57091103870562331934 -0.33063442671377846205 0.5493561421118237087 -0.76739084239757815453 -0.58277546487817677434 -0.75841998697794343887 -0.29184221916714087053 30.292266118370875461 15.198281344951269034 -6.6512557922758475115 0 32.916763935087452353 16.543352734151369532 -6.1009884317998439585 -0.019985239731500775012 35.368823580677620555 18.242413708303505615 -5.7837686829244940867 -0.039970479463001550025 37.401312875963213855 20.437555199608098633 -6.0081336829142140132 -0.059955719194502321567 38.614871183500923735 22.989886260760929559 -7.0145399778029409177 -0.079940958926003100049 38.631798295151561717 25.404827069760735014 -8.794348919642647644 -0.099926198657503878531 37.395953114879539214 27.029064178029042154 -10.993094131611378828 -0.11991143838900464313 35.284432340914896997 27.445173046113222171 -13.083140159974766092 -0.13989667812050543549 32.864600957580869078 26.687024446838535141 -14.686141894592989132 -0.1598819178520062001 30.549977296898962464 25.094526632462404336 -15.73803378258811847 -0.1798671575835069647 28.46658126896836194 23.044908868183831885 -16.415192842363644843 -0.19985239731500775706 26.529604775316020238 20.827748431529752082 -16.991681581285643432 -0.21983763704650852167 24.573494503717171256 18.68452983212118923 -17.753431823269437473 -0.23982287677800928627 22.468940063649803562 16.911459389525909103 -18.948022358613279437 -0.25980811858589741847 20.241950458674267566 15.919556109384572551 -20.69634875324780765 0 
-0.41417762245765732398 -0.15353070545299779548 0.8971539553156008262 0.34757630389833482631 -0.93765170130937869342 0 0.84121793253811150137 0.31182945581636839494 0.44171798747795282258 -0.64683284332023738283 -0.19563920942777457412 0.73711096351684568528 0.68336226929500876182 -0.57776685060954080519 0.44631992476328935515 0.3385606027083387648 0.79240820671621492455 0.50741102887359401663 21.402417816904531378 -2.5654011846681754605 -9.1604476252839361905 0 20.159884949531559073 -1.5226722729731709816 -6.6367938276696012423 0.02496618228526562705 19.30756397932405477 -2.160457476563466539 -3.8320229875194962155 0.0499323645705312541 19.138323513529403641 -4.1311755746380312004 -1.5764507800616658351 0.074898546855796888089 19.559464625084373779 -6.7026000604478168654 -0.089698904232292417382 0.0998647291410625082 20.259473200088308431 -9.3824533322808640889 1.0628653115081452274 0.12483091142632812831 20.861940625559697082 -11.921678601672283548 2.5425228964689807754 0.14979709371159377618 20.931520371491799892 -13.908603415706556561 4.7891360548872228264 0.17476327599685939629 20.137252396288783274 -14.684948547469586444 7.5759568530575522871 0.1997294582821250164 18.579286071088507271 -13.899948069864560551 10.016541860792848695 0.22469564056739063651 16.738230792241004963 -11.944510545052903439 11.353237373249179143 0.24966182285265625662 14.981878271006369374 -9.5255085319364933838 11.605564834435222465 0.27462800513792190449 13.295491221575211682 -7.0552696287666432085 11.37308209291857608 0.29959418742318755235 11.482336487842333739 -4.6655798388353266759 11.41598722118940934 0.32456036972371321569 9.5418379578816221454 -2.6154930309502999464 12.431669029314425856 0 
-0.19366154066238297493 0.53088117085454578081 -0.825021448266879176 -0.9394440647473922823 -0.34270227488433357976 0 -0.28273672714942710282 0.77506150286361741308 0.56510141558805282447 0.39646806751682817094 0.78951430570974168166 0.46848717433792863574 0.36312932569586264808 0.33382566558543502744 -0.8698836231451363421 -0.84317860756730544924 0.51500251074738090384 -0.15434458093743952389 22.50949256490717687 -0.30983154920967592716 3.0000595667982992154 0 21.928507942920028029 -3.1281637434518527741 2.151849385350018018 0.015299943706805770038 20.435403237170074675 -5.7194476771612956512 2.3881857504432670858 0.030599887413611540077 18.585087815208698458 -7.8564813105795145987 3.3928932231533459607 0.045899831120417310115 16.782133990727356121 -9.8081767716200172202 4.78582696654509121 0.061199774827223080154 15.342946485519432187 -12.009552289509301204 6.2289838566529311947 0.076499718534028843253 14.659728744188358363 -14.71928539502536637 7.3201095760673853263 0.09179966224083462023 15.130024808769952926 -17.671122452040261663 7.5759238004112674503 0.10709960594764039721 16.774926671224090313 -20.029610340005714164 6.720486633902307716 0.12239954965444616031 19.030693017490794006 -20.988611968156241971 4.9908086199036336694 0.13769949336125192341 21.156026167113850533 -20.436843770333904757 2.9466715253934192553 0.15299943706805768651 22.786643371369187605 -18.88166706731924549 0.96613481123489231006 0.16829938077486347736 24.009463537766880137 -16.941770487934654454 -0.96816989434114442137 0.18359932448166924046 25.101731556623423813 -15.144582815561252076 -3.1075767926214856729 0.19889926894962708936 26.291135759173908326 -14.055194838473660468 -5.6371126153234012435 0 
-0.089744464000364232437 -0.18293087845216376985 0.97902105436502584457 0.89778011892153986029 -0.44044393294632305791 0 0.43120388362178840858 0.87894563861452468245 0.20375911049568545819 0.089854959196028150181 -0.81002220071528174827 0.57947400343436616943 0.94869125275902610461 0.24672015162389904219 0.19777278306478443537 -0.30316825896915700067 0.53197105290706592218 0.79063000551620721268 10.957768789174863855 -3.7911027317705219275 15.568898714103127645 0 10.688535397173771102 -1.0977623750059022356 16.862510364968493093 -0.083112094089198923497 10.844016361920457925 0.49136929500289278083 19.402283528257175504 -0.16622418817839784699 11.106134477398684979 0.93792165314948738875 22.357262482885708721 -0.24933628226759677049 11.270214140703773253 0.91999282273346216776 25.352723286534274649 -0.33244837635679569399 11.348186497016364171 1.2995798202893342754 28.327593356720875306 -0.41556047044599464524 11.530702280906234947 2.7781471595153384158 30.931534277958139256 -0.49867256453519354098 12.050632209499072545 5.3855066029362381741 32.321243382567892866 -0.58178465862439243672 12.963799173706647139 8.208684449448796272 31.878826223597425127 -0.66489675271359138797 14.114480101955745539 10.199644771359636763 29.952173991623787686 -0.74800884680279033923 15.364947893635980236 11.156333312195448215 27.39853084466163935 -0.83112094089198929048 16.71561714532923304 11.661420377361539025 24.767825901365931429 -0.91423303498118813071 18.1349651751308798 12.54820082706871176 22.278028900059059225 -0.99734512907038708196 19.289533859601707633 14.460729474353176016 20.27573806618062946 -1.0804572209799074844 19.559098737189788864 17.306803232630254996 19.366233289273161233 0 
