13
-0.31666043975909985431 -0.49905240923028415523 -0.80664295616649528409 0.84436455024273038283 -0.53576907926213102051 0 -0.4321743539186067018 -0.6811007168899892994 0.59103903531575441299 0.072521868650337606432 0.71151027435065195004 0.69892324904879443714 -0.51902287300713578766 -0.57148178222858980746 0.63562868868251476417 0.85167824667704294939 -0.40885413300380712975 0.32784518002072815523 7.5855939832884846652 -11.942897743782117104 -4.679548569302625971 0 6.6356126640111847692 -9.409804093053924845 -5.9760716310584456323 -0.10283283990777704331 6.9319040562395661809 -6.9298462992651632675 -7.6380026562509488741 -0.20566567981555408662 7.5635025067693604228 -4.6244731396520570854 -9.4508337152617691856 -0.3084985197233311438 7.5916038552152524943 -2.5092626428555431239 -11.578063481850003669 -0.41133135963110817324 6.2500913986868953387 -1.1711917508184106484 -13.903980882697448251 -0.51416419953888525818 3.7505863717979126548 -1.5911874843054061301 -15.508979170127439318 -0.61699703944666228761 1.6774539208166034943 -3.7583606436998815425 -15.435342643222185188 -0.71982987935443931704 1.3168081797372503949 -6.3521197236297295419 -13.971673442237566576 -0.82266271926221634647 2.4215079187505570424 -8.3965397246429862577 -12.074307855371722908 -0.9254955591699933759 4.0969006262599672041 -9.9659832724038803775 -10.143006561187130288 -1.0283283990777705164 5.5088091935316674252 -11.488124618651102793 -7.9774593802220454819 -1.1311612382464681925 5.7263747994826843524 -13.045193237672506825 -5.4224246401909148574 0 
0.3149884613866570926 0.11810526145623696792 0.94171833177952990468 0.35108327654766308124 -0.93634423847672465513 0 0.8817725342296751645 0.33062155750615662697 -0.33640241317561875301 0.90649426761702134314 0.017353053902337212122 0.42186136857709793935 -0.06930775397772259705 0.99171738471806936133 0.10813447223950328757 -0.41649078983339216098 -0.1272615431629486038 0.90018882553369994337 5.0667774057459524784 -0.77770963163844442079 3.5188565855986695396 0 6.0117427899059237006 0.27554019800454487843 6.1641741882876948111 -0.19180472086467162396 7.3882895344805019633 2.11166478433402105 8.0964733325776556683 -0.38360944172934324792 9.3149928701713342605 4.2615070701402917308 8.9125201475987800848 -0.57541416259401489963 11.691528775750787972 6.0531929577313672297 8.5358482872631107341 -0.76721888345868649584 14.271566757958423111 6.9519191881322868198 7.2966302907344600115 -0.95902360432335809204 16.830677469990547479 6.8012958882629064306 5.7383432017658577706 -1.1508283251880297993 19.285426176826490519 5.8025756080384240931 4.3323634708048608388 -1.3426330460527013955 21.694791988670299787 4.3349149954867165491 3.3120943134479259307 -1.5344377669173729917 24.184174677848275792 2.7937030248828471635 2.6581355630412222268 -1.7262424877820445879 26.848651008317578004 1.510555762043335859 2.1540314969512190935 -1.9180472086467161841 29.657536005348116959 0.71865395864655656766 1.4590304578304562622 -2.109851930662471009 32.377018808199181876 0.51073069671338489073 0.20955808833027878002 0 
0.92778997428060072661 -0.37295206926294327543 -0.010607434038974907289 -0.37297305288021354031 -0.9278421750627707798 0 -0.0098420246705573505297 0.0039562870567419654647 -0.99994373958893745247 -0.59242371788628978013 -0.50508223189764345218 -0.62763530613492490851 -0.59048177553676128859 0.80221490717274068771 -0.088218566462990422039 0.54805602929330099471 0.31834443882550572669 -0.77349299093407042349 16.796900243667298724 4.2449014173537502614 -14.225575682381148113 0 19.580270166509102125 3.1259822587131096405 -14.255101756392820178 -0.092892219635600611904 22.449543852906902686 3.782682366578831612 -13.675465038610676416 -0.18578443927120122381 24.689444561706476833 5.668795529164871283 -13.023212789345690155 -0.27867665890680182184 26.520934917530979646 8.0087590654199765083 -12.610614713050166458 -0.37156887854240244762 28.592261982621412386 10.172350078760608483 -12.441806168874308014 -0.4644610981780030734 31.316616376311035452 11.421134778920283281 -12.306078948883582669 -0.55735331781360364367 34.255415480417525487 10.977500250054172071 -11.897910672281916789 -0.65024553744920432496 36.185672430154944834 8.8412601331867932686 -11.054983467979853984 -0.74313775708480489524 36.307130500066776335 6.0767103646818645402 -9.896328603715312866 -0.83602997672040546551 34.980968677919840104 3.7188214223245057433 -8.5995402240736815713 -0.9289221963560061468 33.066683233680350895 1.906826451490617691 -7.1669880908896033134 -1.0218144161423587946 31.289412080021477891 0.13538112488033515746 -5.5228200030097012174 0 
-0.24467328973736951481 -0.83479994004152513476 0.49319777107744433575 0.95963147635515477774 -0.28126043018602170376 0 0.13871701726002902411 0.47328810519411956825 0.8699172136498051211 0.029445087014963400307 0.92209357726831375768 -0.38584507462348915929 -0.70741986781979249166 -0.25348858656734229999 -0.65977319367637077274 -0.70617994694306363002 0.29238155078700772682 0.64484332305985425648 23.078692362301065799 3.1428797186631838301 13.433183264716248573 0 22.34467249308895731 6.0217741477286477192 13.849334316496335617 0.13146485764626730797 20.221849427526446874 8.1396016157409896152 13.94104240057805022 0.26292971529253461593 17.561344812679767102 9.5148401229787324951 14.115545047748565111 0.3943945729388019239 14.890630163874359226 10.798424186307370221 14.584280037449827816 0.52585943058506923187 12.682036375909436998 12.710484592744755616 15.2670303454986378 0.65732428823133659535 11.687406196973613604 15.50597546516155667 15.70966118195321215 0.7887891458776038478 12.538883514507160655 18.348086562833593405 15.265437624136003691 0.92025400352387110026 14.742782259865077066 19.721754652937505625 13.763503438263445133 1.0517188611701384637 16.868158225694759977 19.053825762113266507 11.754368756111734484 1.1831837188164058272 18.008543274862631733 17.101176260151788711 9.7829001305058955751 1.3146485764626731907 18.293894016295990212 14.806102483814466808 7.8720810752748011652 1.4461134350487863109 18.3822292773408833 12.683842880355085114 5.7535412344456169365 0 
0.76869031304926149772 0.13163882805808035936 0.62592844764535482405 0.16879359052257730811 -0.98565142104016512103 0 0.61694726389110832176 0.10565271008828248933 -0.77988048983692159766 0.17006131322731682376 -0.9845798408276613678 0.041008374500557047415 0.18360113762370913748 0.072543427590656878179 0.98032039322696884476 -0.9681785847697106373 -0.15918538924529662681 0.19310680941940672195 1.6567075631100323108 3.0825411510656266501 2.3520688505208653396 0 3.9627785022578168039 3.5889219226333586299 4.2029106421941904159 -0.20141387041755887122 6.892395845467278015 3.3718190468494633194 4.8113390817853378678 -0.40282774083511774244 9.7151695953481009838 2.3560846353775937168 4.7955376805752116809 -0.60424161125267661365 12.313050823155643698 0.86341651848032630046 4.9471102960346033939 -0.80565548167023548487 14.84080009826562474 -0.48603693994150809488 5.8356324093189533286 -1.0070693520877944671 17.29370910800322747 -0.80816189412233252476 7.5325300175433413941 -1.2084832225053532273 19.262414865371159323 0.58498309446060681172 9.3167099654451988044 -1.4098970929229119875 20.231115045218583504 3.3449401022003777406 9.9831912319387487997 -1.6113109633404709697 20.229951333042620831 6.1505160753173697685 8.9207854696323760635 -1.812724833758029952 19.886920498280101555 7.9764991320938749553 6.5653419982798482124 -2.0141387041755889342 19.839940169964769723 8.8304203422631832865 3.6898184494520025467 -2.2155525785311804832 20.350124109646721138 9.3812237551343091724 0.78528269514287130093 0 
-0.38053609355033751749 0.26478162900005175473 0.88604907902978380374 -0.57115296415638916461 -0.82084364621733574285 0 0.7273077567583198233 -0.50606955787589968931 0.46359144680469710487 -0.27277427480274313298 -0.95761917686889330703 0.092518685133226030715 0.5394260244789652603 -0.072604958225933824423 0.83889694489599220262 -0.79662648657991275147 0.27873649228967833924 0.53636947037036875052 8.3124723409289362763 -6.2747798974673942851 10.179872867525093127 0 7.1708640602779238904 -7.9882387899365614459 12.361796137800052264 0.071065515959824715475 6.9674649760416009769 -10.448366725784232756 14.066607852514566801 0.14213103191964943095 7.2878379641541419787 -13.053724032482815431 15.519018150209502593 0.21319654787947414643 7.5142991568176666917 -15.565374892425055009 17.143931628618641838 0.2842620638392988619 6.9651265823856443049 -17.712037424256230622 19.16636817050648034 0.35532757979912354962 5.1751019551263146568 -18.92162131874308173 21.247877961317598761 0.42639309575894829285 2.4596748526603278151 -18.669509579571094804 22.498012083070467071 0.49745861171877303608 -0.11846213014056866664 -17.156256700435683626 22.246556004169303122 0.5685241276785977238 -1.7504023348627191226 -15.191702142338817438 20.672615804173393173 0.63958964363842241152 -2.4985010135842764534 -13.384255667718793603 18.398082709643535537 0.71065515959824709924 -2.9520766148930959183 -11.795879737216782956 15.893817892636505462 0.7817206752381276047 -3.7703994393013253728 -10.177601663779885399 13.503938432896767097 0 
-0.79336147110275112571 -0.55336212591350530943 0.25370836362675291964 0.5720801545097955465 -0.82019771812414132839 0 0.20809102091567260873 0.14514151986402026862 0.9672807587385554573 0.94133295873502331741 0.093225175110278113433 -0.32434754126526810225 -0.032585307221765613672 0.98170576462015568531 0.18759528103025097101 0.33590245392439432859 -0.16602065665818133144 0.92714976298889095752 -12.440739904026345997 0.65618654876007265209 -7.5923723921812298343 0 -14.820824317334599485 2.3724270122894592916 -6.9680993294342119526 0.19343402194335543309 -16.996808583359051426 2.496955268759773805 -4.90665316796942097 0.38686804388671086619 -17.508426838447785912 1.2159467651246620434 -2.2425953654047452446 0.58030206583006627152 -16.01885606341075885 -0.36875055412135743227 -0.17622516646877969815 0.77373608777342173237 -13.331368045402658851 -1.2674694243704835994 0.80851502521635376652 0.96717010971677719322 -10.337655182009536148 -1.1892424178358775855 0.98620358836370169975 1.160604131660132543 -7.4745043408280151809 -0.30609015618523655045 0.83648108315682234704 1.3540381536034880039 -4.8162529689989286297 1.0805417507479517791 0.73180922040726981148 1.5474721755468434647 -2.2721923108540345027 2.6616589604648916989 0.89862511014380319629 1.7409061974901989256 0.29845117361676742895 4.1088762835662908657 1.4439319120274045627 1.9343402194335543864 3.0109981825334566352 5.0228605278634059772 2.3421047986196050772 2.1277742437833047084 5.8349970587385247001 4.9251046061981043067 3.3498121603927941692 0 
0.16173263010636473869 -0.36784661737378743229 0.91571361377099802503 -0.91542497537029610122 -0.40248865135341643784 -2.7755575615628913511e-17 0.36856433743265309966 -0.83826711233256112621 -0.40183152882079781198 0.68249822195203935227 -0.10645986885706942848 -0.72309229933338425855 0.66291492789752870518 0.50680503453109126966 0.55108298408184719364 0.3077985955181065103 -0.85546183625973371001 0.4164673712311766085 5.8809564072076536689 -21.92940626092591927 2.2354580396114074325 0 6.366154297526747996 -24.67568118703680824 3.341151051909366565 0.10998094488776050115 6.9453714172109739522 -27.509177723466766707 4.1385410635379420441 0.2199618897755210023 8.2641471510630317709 -30.152521475549047381 4.66157815361417871 0.32994283466328150345 10.613845122184729419 -31.974452982402151946 5.0608937119831329809 0.4399237795510420046 13.5624305615212144 -32.253871159085981901 5.5380827621655344117 0.54990472443880245024 16.121066051686678833 -30.857842563692404525 6.2483199490342862248 0.6598856693265630069 17.568010840053094768 -28.425249533019172787 7.2427170394597579772 0.76986661421432356356 17.955241215587442127 -25.737597506644064538 8.5180964418652589387 0.8798475591020840092 17.855862060431725524 -23.172121319554555896 10.070024304673014015 0.98982850398984445484 17.9714020561683121 -20.743727650344563784 11.827743262565094895 1.0998094488776049005 18.922728586927203054 -18.430007931556481537 13.483535974018488801 1.20979039376536468 20.970223252783320333 -16.441263147863892868 14.40693176057280489 0 
-0.59985373530192565017 0.72723510108004041363 0.33362344642040853149 -0.7714332744109524409 -0.63631022554379534917 -2.7755575615628913511e-17 0.21228801043846851071 -0.2573682276923628387 0.94270642089601197622 0.64336983596945618302 0.064286739137252246756 0.76285153820106699207 0.083370647713394696598 -0.99642501165719565837 0.013657644152852060904 0.76100235825159179281 0.054812510570632133611 -0.64642942338700903893 6.2654699454736118014 -3.7079090286751608119 -3.4721069208037107501 0 4.4659087395678351839 -6.0222088519080179125 -2.8352428894883052735 0.17258895471783428088 3.8661630682657066593 -8.7363113823540228253 -3.9639201556112140246 0.34517790943566856177 5.0444447543400725564 -10.599342253754899801 -5.9987931837435519711 0.51776686415350281489 7.5048976333899020119 -11.025970830187448612 -7.661362959438233311 0.69035581887133712353 10.364581523970127108 -10.328637729345278018 -8.2409649670671729638 0.86294477358917143217 13.061828672114719652 -9.1216870195038275426 -7.7231447555599350707 1.0355337283070056298 15.437404508676836556 -7.8609895063211725486 -6.393750649246436879 1.2081226830248399384 17.538187695413604672 -6.7707919586955744862 -4.5503343966114933039 1.3807116377426742471 19.467000088713437123 -5.922433096453633361 -2.4149252825360698615 1.5533005924605085557 21.321253663657095956 -5.3116400412574211742 -0.1370586100444137756 1.7258895471783428643 23.180164705766173938 -4.9038813371256804174 2.1820324321883592944 1.8984785027744546237 25.110274213674546928 -4.6537693939854873904 4.4650395069431283446 0 
-0.21908499467859923748 0.019431297733595448429 0.97551227043798205418 -0.088346160574611420913 -0.99608983325387123742 3.4694469519536141888e-18 0.97169785479767478709 -0.086182763686617702703 0.21994501636757649021 0.93190908326943411311 -0.05479835400030191872 -0.35852838230575340139 0.019686311618367785536 -0.97942070924570989732 0.20086692967110009178 -0.36215729960168824286 -0.19424781774704133475 -0.91165227781524482698 5.8805692368511728318 -2.3957625425833128929 -5.5307716964860418329 0 5.2233142528153750916 -2.6608010243071471557 -2.6156781320930173607 -0.21566355209848842023 3.9245011875471331741 -1.3961798781618612875 -0.22531631893810752376 -0.43132710419697684046 3.0508196256341362229 1.3883006330784961602 0.46988546410896964156 -0.64699065629546526068 3.7968213607564886836 3.9425234404048841164 -0.91552684341478229868 -0.86265420839395368091 5.9843454065387451379 4.4076628477223689373 -2.9151135316470537795 -1.0783177604924421011 8.4288663813569506544 2.9411795865210823564 -3.8498541523987603874 -1.2939813125909305214 10.485445819651735277 0.81273308600464755358 -3.35974705656988748 -1.5096448646894189416 12.26628804538114359 -1.1011773089925491753 -1.8881645066399641575 -1.7253084167879073618 14.14354537804252665 -2.4654808609184719614 0.013042192528719780825 -1.9409719688863957821 16.474641689722680837 -3.1973050679728287626 1.7538557085574890682 -2.1566355209848842023 19.368657815521991949 -3.3666013420717089133 2.5258647326486789453 -2.3722990730833712902 22.164385065330293401 -3.3075424072165993117 1.439392833843613051 0 
0.89584335486316457597 0.33218224959736680768 -0.29516035743294349869 0.34767181857786072507 -0.93761628962319298886 0 -0.2767471591801318187 -0.1026189382408028844 -0.95544772928719512439 -0.62943738831861106853 0.51914551549134846375 -0.57818380116695444748 -0.39700958481340359318 0.42477411433089767856 0.81360330712251327512 0.66797602034274816685 0.74165685160970762357 -0.061262963586830698759 5.0224889586729171143 5.456602248864325766 -0.69130924037840768559 0 7.7100190232624106201 6.4996177045979077747 -1.5215507179188030307 -0.22636407451885059983 9.3815552418469998486 6.3655621280433614118 -4.0091125420323985296 -0.45272814903770119965 9.8525669099334081125 5.0194234735284375404 -6.6484433763625832015 -0.67909222355655174397 9.8307522264137894297 3.0201038549074845641 -8.8850169909422671566 -0.90545629807540239931 9.9307476505005389811 0.9690143151579028169 -11.072035291886306752 -1.1318203725942530546 10.294736592090147909 -0.37518320511870317802 -13.729224409829313913 -1.3581844471131034879 10.495652553090454973 -0.062144848366473874612 -16.706071225354147458 -1.5845485216319541433 9.8248062637303608113 2.0865799645817122432 -18.689221984725534753 -1.8109125961508047986 8.157535339575714417 4.5702773227882103058 -18.462510267163960265 -2.0372766706696552319 6.1292123913270106783 5.673728829971733667 -16.547234015538595742 -2.2636407451885061093 4.2080307695356040654 5.2150703723886104868 -14.289199782000036265 -2.4900048197073609835 2.3197186045797586473 4.0240416179484066461 -12.285271720971799425 0 
-0.19930949768170613812 -0.029922919468419271333 0.97947962869288540677 0.14846901866419470739 -0.98891705946297192575 0 0.96862411421085170549 0.14542237927360249228 0.20154318885947880569 -0.31588546260406735744 -0.89357847891433805909 -0.31895748390114936344 -0.44370040847186920097 0.43627144428670500131 -0.782813626875445423 0.83865745214438458532 -0.10575787876621800532 -0.53429294309541364161 -3.4644500854842958937 14.006196650620411859 -11.332831559279693323 0 -4.0623785785294144191 14.451603706612996092 -8.4269592166471376515 0.23012987424439240725 -4.3977491965606150259 13.58042637339851133 -5.575899989824622871 0.46025974848878481449 -3.9153821497907230764 11.831479521113770659 -3.1866539950932972758 0.69038962273317716623 -2.3854583843010952471 9.9316490676364850287 -1.4402363273090579288 0.92051949697756962898 0.042937805952888159766 8.6246550839717031067 -0.25928024280156808379 1.1506493712219620917 2.8981731288791876544 8.4308939954326902466 0.6407652877329246266 1.3807792454663543325 5.5249884339844976822 9.4746275088305047518 1.6459744129472209107 1.6109091197107467952 7.2925342744107251036 11.41108710617021238 3.1040122822518316781 1.841038993955139258 7.8377079859353528946 13.506376301041933985 5.180668441319037143 2.0711688681995314987 7.2520776995308811053 14.899927400199759475 7.771998698544968498 2.3012987424439241835 6.0888956883898597283 14.974596841023711136 10.53630777937380536 2.5314286134300103548 5.141239300577657545 13.643495615608102867 13.052280135806958228 0 
-0.29542163157501599713 -0.69326681761132913362 0.65734859792701749726 0.91995635638425021785 -0.39202079326001870729 2.7755575615628913511e-17 0.2576943188077105984 0.60473202102323453389 0.75358663788802970895 -0.044650512996586178005 0.81901756491845723041 -0.57202846086902203737 -0.7301741179191407749 0.36403297973240711372 0.57820908604772813799 0.68180062277042963181 0.44349770915100061863 0.58177116873188960966 -4.5126158673122604981 -19.61262607754811782 -4.4831081471245939341 0 -5.3988807620373080454 -16.852757008395368388 -3.7100251907014620834 -0.13713897059880364449 -6.7798562914227353815 -14.28766415464272832 -2.9936430164607727988 -0.27427794119760728897 -8.2483625285379122971 -11.718708436648116233 -2.4997053390867587375 -0.41141691179641093346 -9.3646557913894596936 -8.9477804842280246334 -2.2242732399031193147 -0.54855588239521457794 -9.65710315008324649 -5.9693048487653079803 -2.0165257713597464218 -0.68569485299401822243 -8.7597351184969696192 -3.1346299043418390795 -1.6173734910059369696 -0.82283382359282186691 -6.7099771490426096676 -1.1131222102896056736 -0.77360536930328549499 -0.9599727941916255114 -4.1135071330092287667 -0.49629829180110973663 0.59672733122599785904 -1.0971117647904291559 -1.8332586941414157344 -1.3394554235424525057 2.3544290072014226745 -1.2342507353892329114 -0.43604277272513741748 -3.1623240078931278418 4.2844368110378363568 -1.3713897059880364449 0.03696436488861576386 -5.3632234061528212266 6.2674500209812773477 -1.5085286704250961964 -0.096987174101146267358 -7.5537457599102495465 8.3128518892925598038 0 
-0.027774608233161870996 -0.26754178703356290558 0.96314586814686686811 0.99465448626254537867 -0.10325915435345812965 0 0.099453627863874211057 0.95799735867751567575 0.26897962129428670819 0.94865205900803206696 0.26567023962022967565 -0.17169331588606331906 -0.31193221472695953356 0.69558569513036894172 -0.64719304241125374944 -0.052512516178096810271 0.66751768853726378694 0.74273990813373802489 5.9681452058620578782 -3.0045451300942005446 1.1605159448321700211 0 5.8848213811625722514 -0.020581671306564519597 1.4588768284237927375 -0.037402029555145696604 6.5495028970038440264 2.9045422578466899566 1.5022896113835073617 -0.074804059110291393209 8.1446555217407734517 5.4373424025895351619 1.301369006294627928 -0.11220608866543708981 10.581542660775644649 7.1489061093803139002 0.93795361126123566464 -0.14960811822058278642 13.4958031386971129 7.7448174633821080803 0.54818054315841657775 -0.1870101477757284969 16.437987801591813053 7.2320578976556229023 0.26427676032255165151 -0.22441217733087417963 19.111908699267523559 5.875851413426278036 0.1600975227018250624 -0.26181420688601986235 21.473448370481339254 4.0272973543712557998 0.23754232404154926317 -0.29921623644116557283 23.674246573035148344 1.9987912628275639193 0.44168894401490932378 -0.33661826599631128332 25.946550525672915199 0.053879466415527349499 0.67401753391263574677 -0.3740202955514569938 28.485823147956413237 -1.5390279071781682863 0.79529820733255340848 -0.41142232510660375899 31.331779324980512769 -2.4748245513590401146 0.6377606587982558306 0 
0.38418467053578775339 0.01786879967641595568 -0.92308333584971213881 0.046460738361409362196 -0.99892011682161685471 3.4694469519536141888e-18 -0.92208651368308214291 -0.042887133352690454124 -0.38459999359928187523 0.73187753548082157273 0.3127743068601275267 -0.60541515179807436908 -0.010808138621878127239 0.89365629647625399734 0.44862189860491230586 0.68135046576490188031 -0.3217928786292715837 0.6574274758978656541 5.6594551181236028015 4.6448161358567148227 0.19262578980378464166 0 6.8120091297309661726 4.7841983509409429232 -2.5736337512454618981 0.16443943287528425823 7.672984393676697934 4.8224685274047960348 -5.4471810602368728738 0.32887886575056851646 8.6145902583249149842 5.3288864623145499877 -8.250203662433888141 0.49331829862585274693 10.095320841634038089 6.566892787764166961 -10.546889203350399811 0.65775773150113703291 12.308280053142249599 8.2638394176799998547 -11.652843277399171029 0.8221971643764213189 14.921346161804759589 9.6531829630607806081 -11.161365885790619501 0.98663659725170549386 17.334508266980332536 10.040807936368391751 -9.421721637845097419 1.1510760301269897798 19.250012567415488718 9.3209567839324485305 -7.227943924555719768 1.3155154630022740658 20.855689633581032894 7.8818128160858931253 -5.1421134051257162412 1.4799548958775583518 22.55262007413473313 6.2822840055625608358 -3.2547977231293829803 1.6443943287528426378 24.596020814851666358 5.1471807152416610975 -1.3743635317267317575 1.8088337616281258136 26.79165342129413574 5.1147562993760207206 0.66968786556797033072 0 
-0.30523354474466235509 -0.2878132355960119626 0.90774226770508081863 0.68604013411212949602 -0.72756369782130492219 2.7755575615628913511e-17 0.66044032096020555134 0.62274762707564246256 0.41952827726106522999 0.7038002722524934196 0.53104044224112456618 0.4718699243241366581 -0.70746097013419084742 0.5842703075968878057 0.39765208838559795712 -0.064530244956188642647 -0.61369720250705739328 0.78689998800413374358 8.2662581019219860679 8.0334981555837110534 -2.479400138880472948 0 7.3505574676879987805 10.091618557920099875 -0.49807917599985618295 0.10522545583447553974 6.4490426422422721942 10.858596075242257228 2.2585524796518523516 0.21045091166895107948 6.0793413930281010593 10.003675219038189681 5.1102837637065450238 0.31567636750342664698 6.6004102948404117512 7.8763563464888335375 7.1603935106222182938 0.42090182333790215896 7.9860377815880543295 5.324855707041215247 7.9152821207547772175 0.52612727917237767095 9.950134935588240026 3.0947339465956864579 7.5043327564617845482 0.63135273500685329395 12.217607325259404405 1.4806901265422205416 6.384760569049144685 0.73657819084132880594 14.649252667420453733 0.39611193772958641635 5.0024427485872609012 0.84180364667580431792 17.204931563694870533 -0.43760382536442632428 3.6707392409407573197 0.94702910251027982991 19.844286505185284142 -1.3729807565586613638 2.594223241561759874 1.0522545583447553419 22.410362580649788811 -2.7712040136543851787 1.9158362260247232545 1.1574800127976265784 24.52176339740726263 -4.8935869240569633831 1.7222454911561591029 0 
0.58993431037992416499 0.050988944507080205537 0.80583970923169168099 0.086110520786644689784 -0.99628559068665289988 6.9388939039072283776e-18 0.80284649071065650183 0.069391277032499296129 -0.59213373744905195561 0.59471320540814942568 -0.011522642701311147651 0.80385535515933603801 0.056966647628111877211 0.99798784239800242268 -0.02784003383249261665 -0.80191708073290146608 0.062349780520525810434 0.59417295503738953855 3.7232069608218378853 -2.2361749557418959533 4.2239856068121781618 0 5.4930098919616101583 -1.9778433933819619117 6.6325250789441474453 0.18930470270571009284 7.3283421799385601858 -2.5278063041437954794 8.941016315946942683 0.37860940541142018567 9.4292846820083244808 -3.9891991703711413564 10.506375254493892868 0.56791410811713027851 11.72953330608672573 -5.9091670242513005817 10.656462139563897651 0.75721881082284037134 13.903024040779259352 -7.4096384836781998828 9.2336257377625425846 0.94652351352855046418 15.649386399472252407 -7.7672459246124621046 6.8206815300384349143 1.135828216234260557 16.970057744349375639 -6.8724398898918304113 4.2799835191486641506 1.3251329189399707609 18.143746778725187596 -5.1206570345206694483 2.1460369899254221338 1.5144376216456807427 19.508919341915785139 -3.0573089505736406046 0.4492984695265235251 1.7037423243513907245 21.261343291609517081 -1.1965902051807411066 -1.1212928814554028456 1.8930470270571009284 23.2913960510089737 -0.0065492249502872301736 -2.9821151698867844893 2.0823517267222331206 25.075535667233420867 0.16435071793404806839 -5.3878664120854882214 0 
0.4768978200341572049 0.097879728930076390081 -0.87349185909843674036 0.20105163812323451067 -0.97958064436163905242 -1.3877787807814456755e-17 -0.85565571818029273476 -0.17561696915905025684 -0.48683875368417073304 -0.58406995043735254747 0.27782363074761073918 0.76267707661521022544 -0.69367992783703869009 -0.658769165281067548 -0.29125820948238601016 0.42150972789736251833 -0.69916894744625202041 0.57748794984379614448 21.089553570998084808 10.637679907869468821 7.5380646269473432497 0 22.520247031100556256 11.240834822239172297 4.9710974724064644903 -0.13031537921211941433 24.240078150077739139 12.199380802377193689 2.7076089385255492914 -0.26063075842423882866 25.459541042468561756 13.221567261968099061 0.16437108958935192637 -0.39094613763635821524 25.450789238653310775 13.619623820466486563 -2.8090884317371713763 -0.52126151684847765733 23.970323110724827131 12.619038949969082708 -5.2188597004551109393 -0.65157689606059709941 22.008617528357184767 10.387953689514709765 -5.6358846024530988572 -0.78189227527271643048 20.996524606615654562 8.0663583330457218068 -4.0278306405988510974 -0.91220765448483587257 21.316245802075673765 6.3417670758235757944 -1.5939917209019964783 -1.0425230336969553147 22.412998658299322585 4.9340732968385054846 0.81755348132506877601 -1.1728384129090747567 23.472893356729560566 3.2333670033843375791 3.0500942776328385797 -1.3031537921211941988 23.514804369984513954 0.98293714845025004223 5.0334718641692894892 -1.4334691713333145291 21.762594518672450761 -1.0981026350608638076 6.2980010478613754898 0 
-0.86167964246780004434 -0.40608186598667100897 0.30431186613957017517 0.42630023835959868217 -0.90458173029005484178 -1.3877787807814456755e-17 0.27527495442032789974 0.12972822107095305366 0.95257245820286695626 0.3673710919966508559 -0.17958431633895885482 -0.91257216377131356033 0.002561735804468501243 0.98137349954293484622 -0.1920924045987270623 0.93007092109949152103 0.068231427655602944204 0.36098830175674923026 22.728204864697200804 1.7902910160722711463 -8.4553109211818782143 0 20.143165937293801449 3.0691917311510672484 -7.6294860579208947371 -0.19583892084590007188 17.165496992648289876 2.9933180150720546386 -7.2720915485869479511 -0.39167784169180014375 14.219939579456969625 2.4707915567278648794 -7.4971640389626976742 -0.58751676253770024339 11.236767954767026723 2.420935664730074155 -7.8105351411369037251 -0.78335568338360028751 8.4164426376846623867 3.3360356446045056344 -7.3540736064397469463 -0.97919460422950033163 6.6189103001421027983 4.8831547147916127827 -5.5168746302392426273 -1.1750335250754004868 6.5698875554530138388 5.967452038416491078 -2.7201093407515655187 -1.3708724459213004199 7.8712318935000595843 5.7782746073506672246 -0.023683036657897196114 -1.566711366767200575 9.5031217608224345383 4.4593277054866033993 2.1204518777058791734 -1.7625502876131007302 10.864106806926351112 2.6919381506533790471 4.1264563307786890078 -1.9583892084590006633 11.957607047294558811 1.3360026880083917256 6.5689338034323778714 -2.1542281299115559889 13.059720323284514265 1.3436878954217912341 9.3591465667308515464 0 
0.39502368764208550811 -0.33281986399372787133 -0.85626352505104708079 -0.64432640340168123583 -0.76475060371303671403 0 -0.65482804772024094664 0.55171319746018643304 -0.5165392295529502853 0.44504014932707064434 0.49831673223180794619 -0.74405624778288914634 0.74645494842033954797 0.25258118786180394633 0.61563605605674909249 0.49471635859927565182 -0.82938723037923200998 -0.25956222109186027902 -11.48307559725023097 -15.179877256590330603 -1.4600089938834257541 0 -10.298004534323974113 -17.112856466795374644 -3.424493137044148483 0.083777737955525552471 -8.5355319830387408331 -18.038735118992136108 -5.6686983127402355009 0.16755547591105110494 -6.3187294847203085979 -17.645914686298674212 -7.651480114034718838 0.25133321386657664354 -4.0415304064238588566 -16.026588672779094935 -8.7433077652598178986 0.33511095182210220988 -2.1431829591529938384 -13.707913211213707427 -8.601951446462599904 0.41888868977762777623 -0.83607069061744121452 -11.32681461478065188 -7.328445855746362092 0.50266642773315328707 -0.042714230477123145413 -9.2808413855257807512 -5.282819279462705353 0.58644416568867885342 0.47733296929380608642 -7.6379902415217921785 -2.8270898195532794261 0.67022190364420441977 0.98872997521713523739 -6.2366561949768346551 -0.22425417438502492917 0.75399964159972998612 1.7069138130847143486 -4.8067014512265231474 2.3133546461121223814 0.83777737955525555247 2.7531004919693113919 -3.0638957586674067102 4.5197312448828714793 0.92155511762264064046 4.0882209399505233804 -0.82453091340638096085 6.0038803206806869994 0 
0.94590480588253966765 -0.32016640354717856853 0.052512591327985330691 -0.32060875962391355287 -0.94721170983704372492 3.4694469519536141888e-18 0.049740541419754875918 -0.016835996770302862069 -0.99862026203758758047 -0.50659333919191951168 -0.24530200057841991534 0.82655315449074762135 -0.8596791546435156306 0.21675233662686863023 -0.46256910363555714394 -0.065688201054610415031 -0.94490494393828738939 -0.32068630647907570008 23.006140670078430333 18.36197334209493448 4.0492197022888571922 0 25.843855087726048225 17.400147063223194266 4.1984413265481217437 0.092835049710963249425 28.30634239704587074 15.73806633377071762 4.6151876976347505632 0.18567009942192649885 29.993079321319825681 13.319757565758100881 5.1689524929347081539 0.27850514913288976215 30.555765222807533377 10.40749881878245553 5.6184784293459824056 0.3713401988438529977 29.931077883798174355 7.4750391460340717131 5.7204520805341871892 0.46417524855481623325 28.385578867112563728 4.9312014366871315119 5.3458797522129293256 0.55701029826577952431 26.331165094126408377 2.9109148666352373525 4.510514779351732173 0.64984534797674275985 24.112123175785054485 1.274369258700270402 3.3283160539963092539 0.7426803976877059954 21.927221920336698702 -0.2680413528459309469 1.9691981087844341314 0.83551544739866923095 19.874069933759315632 -2.0234117894691281414 0.66410741706719689237 0.9283504971096324665 18.031356750976758718 -4.1980574326602404511 -0.2714603758775254172 1.0211855465653587594 16.511576733400993078 -6.7770948965907820138 -0.46852497904134643436 0 
0.77303424851714419574 -0.62553181709731442428 -0.10548931897811317238 -0.62904159491993383302 -0.77737164333450292641 6.9388939039072283776e-18 -0.082004405248253420257 0.066357169457009979041 -0.99442043602368390687 0.49989031974392450497 -0.26915194920524099231 0.82320525779743181083 0.52283818812066829018 -0.66397377995817485896 -0.53458306049738446575 0.69047077944617851752 0.69763604247994037699 -0.19119114771325956825 8.9967482683881048189 -14.466375109359372431 -17.204627755019266999 0 11.31585101393953785 -16.353499894119174485 -17.450640970764027315 -0.070222584244768404549 13.51433063190626882 -18.341154719413506058 -17.915328936773299517 -0.1404451684895368091 15.900371580658401172 -20.148853966824024297 -18.112939548151381075 -0.21066775273430521365 18.620201314381692015 -21.33908950079065292 -17.681841811726542346 -0.2808903369790736182 21.39070981230673496 -21.404969272935904456 -16.532979522171654452 -0.35111292122384202274 23.62089910731399911 -20.15689687114181794 -14.961829946485464049 -0.42133550546861042729 24.917326655916436806 -17.920016653357826897 -13.440114468308474116 -0.49155808971337883184 25.396317772960593118 -15.216140868436216493 -12.231959715716680392 -0.56178067395814723639 25.516880045794753329 -12.384580634084686679 -11.248209966123331682 -0.63200325820291558543 25.795213071575343378 -9.599387302939026867 -10.168740923719401081 -0.70222584244768404549 26.63058552249956179 -7.1502223781423595028 -8.6509445457887963471 -0.77244842669245372679 28.130256481731336748 -5.5817078137803717297 -6.5795322074502511356 0 
-0.043087695621365121323 -0.061172596101211951236 -0.99719675288895626153 0.81755277053879660265 -0.57585368574346840198 0 -0.57423942556252449698 -0.81526096809665837828 0.074824033757352428897 0.95045379343061697774 0.095554830166100057642 0.29581558610944835852 -0.29204138351472586077 -0.051646381151227716 0.9550101997511787344 0.10653364195479948784 -0.99408346015106263671 -0.021181534078925756681 6.1382839535124986696 1.5228560238516166692 5.7054996339987411602 0 6.0090208666484032918 3.9755143354680066992 3.9827813573111674472 -0.33808696034569823974 6.2233875165982244226 4.5635521181842708671 1.0488050901290024708 -0.67617392069139647948 7.3815174576083855129 3.1824310059485876323 -1.3493566044342060195 -1.0142608810370947747 9.4120364930912643331 1.0942854925207781136 -2.0681227265618473687 -1.352347841382792959 11.885995543768881788 -0.42617058088060194576 -1.3146306921453054795 -1.6904348017284911432 14.490870968268806607 -0.91960438690853285593 0.089349792154278559475 -2.0285217620741895495 17.131471277153959676 -0.54613224751986821914 1.4633069407997014721 -2.3666087224198877337 19.829244423982409273 0.31208149871474977211 2.4560280209219707004 -2.7046956827655859179 22.631940868605273209 1.249287097581013084 2.9723061852037604424 -3.0427826431112841021 25.561412814503199797 1.8835213578074632146 3.0985896563297790074 -3.3808696034569822864 28.56138579028234048 1.8718379590059961437 3.0941522809499404367 -3.7189565638026822469 31.412747170574192523 0.99571380846181800628 3.4137532068143423558 0 
0.072471376485312447024 0.041766160418446870994 0.99649560331906383848 0.49932549703968776011 -0.86641447818354755395 -6.9388939039072283776e-18 0.86337821816188586865 0.49757566242515510746 -0.08364515865114571791 0.39494400688107689223 -0.32357214562426062088 -0.85983736718337167027 -0.62123274459377630929 -0.78356823506670614243 0.0095235518023351357214 -0.6768228043389231674 0.53039785781105874829 -0.51047919052223467151 9.755830924145808325 -1.013226372699367106 -6.3302444887859588007 0 9.9732450536017456244 0.4847501184196960633 -3.7401098343003011948 0.060590560803326615202 11.963082346472484474 1.3442377312198916517 -1.6660282583369605547 0.1211811216066532304 14.659151062418755984 1.7545749601613120916 -0.41588950674815378106 0.18177168240997984561 17.507115447180829904 2.1387409466088378451 0.44522822666076006248 0.24236224321330646081 20.212643815584954154 2.879269350959004381 1.5090627662147870769 0.30295280401663304826 22.202474620144535322 4.2154082430105965784 3.3133106747667016023 0.36354336481995969121 22.383846732599891993 5.8559096473593497123 5.8184720302919767931 0.42413392562328633417 20.242971516526633735 6.6952855914026443429 7.7451378897910965193 0.48472448642661292162 17.351179952945287255 5.9005293979592021714 7.6686540622932426459 0.54531504722993950907 15.817004958666327497 4.0275298461820954188 5.89716799476282727 0.60590560803326609651 16.017057717075140033 2.0178157233064366594 3.6788246995698896669 0.66649617340107558672 17.201889737718371265 0.15411748952510828659 1.6483562865531209418 0 
-0.32932299010522375626 0.28426540123936333559 0.90041076728700819576 -0.65342247651176521561 -0.75699343933037599452 5.5511151231257827021e-17 0.68160504353869499905 -0.58834863343853571749 0.43504074539475212635 0.92557942995996111968 0.36603448461537524405 0.096547785615986689289 0.28689400660030511814 -0.51187784403274783074 -0.80973631619509967017 -0.2469707428255789039 0.77717425900549685913 -0.57879670293414686721 -0.44364314806365712229 -2.8712329816211337175 -2.9334298959053199951 0 -1.4316121183793284466 -4.8315004111564299194 -0.88861476528923510898 0.19528493426306689495 -1.7315499710000266109 -7.7927084589262998193 -0.51276875071997674027 0.39056986852613378991 -0.75497760370092348303 -10.308985981100976304 -1.8221937556004048631 0.58585480278920065711 1.2983974312122237293 -11.238334586907729573 -3.8020756446414929464 0.78113973705226757982 3.7881506353374834184 -10.569248578654754311 -5.3361719290144131733 0.97642467131533450253 6.2587725612190840963 -8.9795656756656700992 -5.943580090391355597 1.1717096055784013142 8.603298056737886057 -7.1243490550234636061 -5.6958305556071628928 1.3669945398414682369 10.912941775954063672 -5.388626239854414024 -4.8878591250982079686 1.5622794741045351596 13.330336771245061556 -3.9350748917608178168 -3.8663921734537978203 1.7575644083676020824 15.964604847452916303 -2.7867857260402786324 -3.004957189347665647 1.9528493426306690051 18.806356481348107224 -1.8665794892103446667 -2.7262819408210940963 2.1481342765672208905 21.583094771227987252 -1.0058974694094231506 -3.4671941692978354155 0 
