-2.089381034 77.9 58.97969818 32.73089981 60.63139725 89.89950828 15.33798426 76.984082 -0.06848502459 -0.1162361147 0.9908576926 0.2268915339 0.128409404 -0.9654176592 -0.06848502459 0.1162361147 -0.9908576926 0 -0.1162361147 0.9854958485 0.1236410057 0 0.9908576926 0.1236410057 -0.05398087306 0 0 0 0 1 1 0 0 58.97969818 0 1 0 32.73089981 0 0 1 60.63139725 0 0 0 1 -0.06848502459 -0.1162361147 0.9908576926 -0 0.1162361147 0.9854958485 0.1236410057 -0 -0.9908576926 0.1236410057 -0.05398087306 -0 0 0 0 1 32 1.377569334 0.8210298151 0.03125 0.7011119661 0.7639405669 0.03125 0.1401977547 0.7104172546 0.03125 -0.2618806369 0.660408429 0.03125 -0.4180926434 0.6127101336 0.03125 -0.3140235981 0.5637199223 0.03125 0.03660918303 0.5123540491 0.03125 0.6311762809 0.4547243188 0.03125 1.381113081 0.3879156278 0.03125 2.26856749 0.3108505424 0.03125 3.173007881 0.2242092466 0.03125 4.067003129 0.136945781 0.03125 4.853188877 0.05804823436 0.03125 5.503303093 0.004018282589 0.03125 5.97110783 -0.01366644921 0.03125 6.173363875 -0.01893416422 0.03125 5.490756549 -0.3427539135 0.03125 5.36851651 -0.2906999029 0.03125 5.207506141 -0.1838031208 0.03125 4.954826932 -0.06870222002 0.03125 4.659171416 0.04480080171 0.03125 4.339530801 0.1449129443 0.03125 4.029107638 0.226901137 0.03125 3.742627114 0.2879053691 0.03125 3.484059774 0.3294833175 0.03125 3.260370546 0.3563099354 0.03125 3.058428916 0.3727339057 0.03125 2.880301154 0.3851656581 0.03125 2.723721799 0.3967069549 0.03125 2.590081268 0.4109869436 0.03125 2.489556529 0.4285760457 0.03125 2.430873724 0.4477529385 0.03125 1 3 1 1 1 1 500 0.0004
-2.12406862 77.9 58.97969818 32.73089981 60.63139725 90.44860991 13.84808596 78.08964126 0.05841412402 -0.1891723337 0.9802048859 0.2423641953 -0.0169626405 -0.9700370435 0.05841412402 0.1891723337 -0.9802048859 0 -0.1891723337 0.9661888754 0.1751938504 0 0.9802048859 0.1751938504 0.09222524862 0 0 0 0 1 1 0 0 58.97969818 0 1 0 32.73089981 0 0 1 60.63139725 0 0 0 1 0.05841412402 -0.1891723337 0.9802048859 -0 0.1891723337 0.9661888754 0.1751938504 -0 -0.9802048859 0.1751938504 0.09222524862 -0 0 0 0 1 32 -1.785399624 0.9387264133 0.03125 -1.464816485 0.9816757059 0.03125 -1.098741788 1.009526156 0.03125 -0.697816584 1.0217439 0.03125 -0.2430923258 1.017337685 0.03125 0.2636642476 0.9937168728 0.03125 0.8263322001 0.9476884732 0.03125 1.439031419 0.8759831865 0.03125 2.08258594 0.776728522 0.03125 2.746337483 0.6517321375 0.03125 3.392039411 0.5046875288 0.03125 4.00643188 0.345890117 0.03125 4.548168533 0.1856639807 0.03125 5.005654023 0.03994861582 0.03125 5.357115812 -0.07837759031 0.03125 5.572481216 -0.1684013674 0.03125 4.781927596 -0.6612108471 0.03125 4.806282275 -0.6664858579 0.03125 4.789302893 -0.6257831597 0.03125 4.711181021 -0.5560465751 0.03125 4.5897928 -0.4616182347 0.03125 4.430860747 -0.3513565459 0.03125 4.249017864 -0.2315893306 0.03125 4.049332233 -0.1111542671 0.03125 3.838631069 0.004760865809 0.03125 3.621054081 0.1104830299 0.03125 3.40031009 0.2036218239 0.03125 3.180164469 0.2824674477 0.03125 2.971865445 0.3472213486 0.03125 2.778965963 0.3992271916 0.03125 2.619949829 0.4401409554 0.03125 2.499779611 0.4724875324 0.03125 1 3 1 1 1 1 500 0.0004
-1.057959757 77.9 58.97969818 32.73089981 60.63139725 66.67557887 76.99648838 71.74822555 0.07161923173 0.3302503144 0.9411723623 -0.2697038628 0.4454052884 -0.8537411525 0.07161923173 -0.3302503144 -0.9411723623 0 0.3302503144 0.8982238589 -0.2900493565 0 0.9411723623 -0.2900493565 0.1733953729 0 0 0 0 1 1 0 0 58.97969818 0 1 0 32.73089981 0 0 1 60.63139725 0 0 0 1 0.07161923173 0.3302503144 0.9411723623 -0 -0.3302503144 0.8982238589 -0.2900493565 -0 -0.9411723623 -0.2900493565 0.1733953729 -0 0 0 0 1 32 -0.3342693966 0.7526035519 0.03125 -0.8369567449 0.7423652115 0.03125 -1.2222668 0.7398097317 0.03125 -1.398058335 0.7514833278 0.03125 -1.287752252 0.7729100614 0.03125 -0.8874710996 0.791082487 0.03125 -0.190390092 0.7934189015 0.03125 0.7747813062 0.7717195091 0.03125 1.92754373 0.7276437439 0.03125 3.207378609 0.675428623 0.03125 4.425518715 0.6388673388 0.03125 5.5013396 0.6476136025 0.03125 6.242995532 0.7305866032 0.03125 6.595573493 0.9018470512 0.03125 6.547295365 1.154067553 0.03125 5.998729638 1.386444545 0.03125 4.941787394 1.439877463 0.03125 4.122338522 1.590895158 0.03125 3.50814698 1.739267931 0.03125 3.034024231 1.805923143 0.03125 2.747047753 1.786284063 0.03125 2.668027486 1.69035613 0.03125 2.714100957 1.536451084 0.03125 2.87032146 1.347932326 0.03125 2.989753116 1.144814249 0.03125 3.049880073 0.9494479092 0.03125 2.973915179 0.7749495151 0.03125 2.752751069 0.6339611222 0.03125 2.423232313 0.5288867682 0.03125 1.991979795 0.4594775941 0.03125 1.573450316 0.4196114416 0.03125 1.198153719 0.4014892295 0.03125 1 3 1 1 1 1 500 0.0004
-0.894781063 77.9 58.97969818 32.73089981 60.63139725 66.23708724 75.28929 73.85071646 0.08301024186 0.2928088052 0.9525609184 -0.2639654999 0.4099118048 -0.8730947985 0.08301024186 -0.2928088052 -0.9525609184 0 0.2928088052 0.920834547 -0.2575397846 0 0.9525609184 -0.2575397846 0.1621756949 0 0 0 0 1 1 0 0 58.97969818 0 1 0 32.73089981 0 0 1 60.63139725 0 0 0 1 0.08301024186 0.2928088052 0.9525609184 -0 -0.2928088052 0.920834547 -0.2575397846 -0 -0.9525609184 -0.2575397846 0.1621756949 -0 0 0 0 1 32 -0.3926124785 0.7297482648 0.03125 -0.870125086 0.6564936539 0.03125 -1.258405259 0.5858505447 0.03125 -1.462404898 0.5325965974 0.03125 -1.397130102 0.4941329761 0.03125 -1.050928036 0.4627785754 0.03125 -0.403304652 0.4325844572 0.03125 0.5253166244 0.4013504483 0.03125 1.668533765 0.3747196188 0.03125 2.972071818 0.3660480103 0.03125 4.248302584 0.3937011611 0.03125 5.418491045 0.4745239712 0.03125 6.264010579 0.6230445954 0.03125 6.724445572 0.8372837587 0.03125 6.748992527 1.102889923 0.03125 6.229918189 1.319809019 0.03125 5.140086205 1.316354999 0.03125 4.303750725 1.426151738 0.03125 3.67392756 1.534375145 0.03125 3.180140043 1.571519297 0.03125 2.879242332 1.537457049 0.03125 2.791892897 1.444690256 0.03125 2.82283354 1.309253395 0.03125 2.964829871 1.151088531 0.03125 3.06910071 0.9860022197 0.03125 3.122685833 0.8306737488 0.03125 3.050319629 0.6945479357 0.03125 2.846060074 0.5858310331 0.03125 2.538380226 0.5056840545 0.03125 2.13038987 0.4531121549 0.03125 1.730539352 0.4233410915 0.03125 1.359438442 0.4102145183 0.03125 1 3 1 1 1 1 500 0.0004
-0.8595046444 77.9 58.97969818 32.73089981 60.63139725 66.61568069 74.31736476 73.49408706 0.07929829461 0.2642916183 0.9611772578 -0.2115122925 0.4502065554 -0.8675117334 0.07929829461 -0.2642916183 -0.9611772578 0 0.2642916183 0.9352819699 -0.2353668992 0 0.9611772578 -0.2353668992 0.1440163247 0 0 0 0 1 1 0 0 58.97969818 0 1 0 32.73089981 0 0 1 60.63139725 0 0 0 1 0.07929829461 0.2642916183 0.9611772578 -0 -0.2642916183 0.9352819699 -0.2353668992 -0 -0.9611772578 -0.2353668992 0.1440163247 -0 0 0 0 1 32 -0.08603606413 0.7028225117 0.03125 -0.6171287744 0.6247575988 0.03125 -1.090180623 0.5513606099 0.03125 -1.380266288 0.4996695891 0.03125 -1.402655497 0.4655446545 0.03125 -1.140215395 0.4383361842 0.03125 -0.5663348735 0.4098413721 0.03125 0.3011372509 0.3768664364 0.03125 1.421480854 0.3463963969 0.03125 2.738259459 0.3346074201 0.03125 4.084669151 0.3630693262 0.03125 5.370680624 0.4492832857 0.03125 6.351091232 0.6068417109 0.03125 6.949343466 0.8284648418 0.03125 7.086384621 1.094489126 0.03125 6.650097249 1.303299991 0.03125 5.626754782 1.304198535 0.03125 4.772187544 1.395791953 0.03125 4.080513054 1.481975019 0.03125 3.492701053 1.499157891 0.03125 3.068616981 1.449744539 0.03125 2.835069155 1.349000264 0.03125 2.722534081 1.213887311 0.03125 2.727171176 1.063347085 0.03125 2.728493266 0.9111986936 0.03125 2.713193508 0.7711332599 0.03125 2.612236351 0.6501803465 0.03125 2.417382789 0.554345236 0.03125 2.148202281 0.48391724 0.03125 1.805859781 0.437599898 0.03125 1.483510197 0.4112234466 0.03125 1.197386299 0.3995077823 0.03125 1 3 1 1 1 1 500 0.0004
-0.7473750807 77.9 58.97969818 32.73089981 60.63139725 67.06830956 73.04675077 72.15121005 0.07235885722 0.2701340321 0.9600998909 -0.1966385035 0.3792771586 -0.9041471871 0.07235885722 -0.2701340321 -0.9600998909 0 0.2701340321 0.9319515153 -0.2418552829 0 0.9600998909 -0.2418552829 0.1404073419 0 0 0 0 1 1 0 0 58.97969818 0 1 0 32.73089981 0 0 1 60.63139725 0 0 0 1 0.07235885722 0.2701340321 0.9600998909 -0 -0.2701340321 0.9319515153 -0.2418552829 -0 -0.9600998909 -0.2418552829 0.1404073419 -0 0 0 0 1 32 -0.4925333506 0.6970041014 0.03125 -0.894613669 0.6107973876 0.03125 -1.21387393 0.5183842422 0.03125 -1.362608081 0.4390594726 0.03125 -1.259349031 0.3696124029 0.03125 -0.8954490275 0.2993133344 0.03125 -0.2422126566 0.2200600007 0.03125 0.679630937 0.1292102733 0.03125 1.801251699 0.03488962094 0.03125 3.06868705 -0.04337714237 0.03125 4.292707128 -0.0799608068 0.03125 5.396604658 -0.04837918569 0.03125 6.203742538 0.07300070142 0.03125 6.65703092 0.2883719373 0.03125 6.729834551 0.5834355847 0.03125 6.311136563 0.8516686403 0.03125 5.384491009 0.9385194757 0.03125 4.670034845 1.115438585 0.03125 4.121825852 1.290396462 0.03125 3.665792194 1.387641348 0.03125 3.336893298 1.40439615 0.03125 3.15855749 1.351536919 0.03125 3.070014061 1.246126242 0.03125 3.066555364 1.109473748 0.03125 3.036769637 0.9586468477 0.03125 2.967851725 0.812330738 0.03125 2.811683588 0.6808163051 0.03125 2.56319189 0.5740519322 0.03125 2.263912776 0.4939448398 0.03125 1.917526747 0.440790321 0.03125 1.609922872 0.4105620721 0.03125 1.356949402 0.3974358726 0.03125 1 3 1 1 1 1 500 0.0004
-0.7214843019 77.9 58.97969818 32.73089981 60.63139725 67.64139185 71.95648329 73.98227745 0.05272476541 0.1909397312 0.9801847367 -0.0944748823 0.4264776729 -0.8995506051 0.05272476541 -0.1909397312 -0.9801847367 0 0.1909397312 0.965367984 -0.1777826611 0 0.9801847367 -0.1777826611 0.08735678145 0 0 0 0 1 1 0 0 58.97969818 0 1 0 32.73089981 0 0 1 60.63139725 0 0 0 1 0.05272476541 0.1909397312 0.9801847367 -0 -0.1909397312 0.965367984 -0.1777826611 -0 -0.9801847367 -0.1777826611 0.08735678145 -0 0 0 0 1 32 0.579953972 0.7144562782 0.03125 -0.2069155658 0.6641604654 0.03125 -0.9092226575 0.6148770063 0.03125 -1.353341638 0.5859014942 0.03125 -1.450857905 0.5737906886 0.03125 -1.187891817 0.5617673256 0.03125 -0.5734090491 0.5315810793 0.03125 0.364842629 0.4691933071 0.03125 1.539697072 0.3740147799 0.03125 2.884619979 0.2616765512 0.03125 4.191373624 0.1596498416 0.03125 5.369518213 0.1018496367 0.03125 6.222673394 0.1199872796 0.03125 6.687265711 0.2291783433 0.03125 6.759106453 0.4239237952 0.03125 6.327957265 0.6035508459 0.03125 5.451808704 0.6451750736 0.03125 4.770861796 0.7802239973 0.03125 4.266040901 0.9343046008 0.03125 3.85651339 1.02878869 0.03125 3.54512549 1.058547341 0.03125 3.356004293 1.031911874 0.03125 3.227872511 0.9630143416 0.03125 3.161846014 0.8695050462 0.03125 3.060153023 0.7649653115 0.03125 2.915074245 0.6640305512 0.03125 2.69060762 0.5740719261 0.03125 2.384159582 0.5020704261 0.03125 2.050901576 0.4488620064 0.03125 1.694315273 0.414231368 0.03125 1.404286751 0.395147587 0.03125 1.188903471 0.3872069276 0.03125 1 3 1 1 1 1 500 0.0004
