-1.049104271   1.077105376   0.5368251398   0.9940432724   -0.1089230413   0.00370725235   0.1089016071   0.991358436   -0.07313611449   0.00429099213   0.07310418831   0.9973150781   

-2.484709384   -0.2567452467   0.6275060602   0.9747960702   0.1677619168   0.1470665181   -0.1876078931   0.9731383622   0.1334354018   -0.1207306917   -0.1576631449   0.980084911   

-3.20047583   7.283084664   1.690626887   0.9932366979   -0.03047358951   0.1120367002   0.03489931867   0.9986774062   -0.03775547387   -0.1107379763   0.04141012669   0.9929865568   

-7.120601575   -0.8890177683   5.135354292   0.9916126869   0.000358585803   0.1292445377   0.0001005758378   0.9999937075   -0.003546113682   -0.129244996   0.003529370194   0.9916064111   

-10.41654182   5.167463004   7.560551837   0.9810677773   -0.03567814637   0.1903499045   0.04840465629   0.9968621685   -0.06263230989   -0.1875180138   0.07066036276   0.9797163404   

-1.688109753   -1.883143762   1.81186723   0.9951203599   -0.00411265789   0.09858273375   0.003435382054   0.9999693256   0.007038890936   -0.09860865833   -0.006665874327   0.9951039637   

0.7938824626   1.839391356   0.01512160685   0.9999704987   -0.00630036204   0.004393999333   0.006381960845   0.9998026972   -0.01881056454   -0.004274619018   0.01883805193   0.9998134103   

-0.6307706225   0.01718124151   3.310460148   0.9968031291   -0.003929451728   0.07980025797   0.003187369476   0.9999505085   0.009424498183   -0.07983334165   -0.009140016373   0.9967663205   

-0.6190474429   0.1109196935   2.040985016   0.9986231234   -0.007403279016   0.05193311873   0.008335444281   0.9998076079   -0.01775577401   -0.05179167626   0.01816421211   0.9984927059   

-2.89155352   2.664679375   8.294686358   0.9994089852   -0.005443838362   0.03394178709   0.005947550931   0.9998734175   -0.01475722451   -0.03385715471   0.01495037328   0.999314855   

-5.414204705   3.483287728   5.149073494   0.9995580028   -0.0006043914932   0.02972261214   1.113756527e-05   0.9998008631   0.01995579969   -0.02972875439   -0.01994664824   0.9993589607   

-6.110903806   3.760219509   7.191520361   0.9982728237   -0.009523434027   0.05797131775   0.01273780947   0.9983866905   -0.05533321253   -0.05735082988   0.05597606992   0.9967836084   

-0.4752198883   -0.3852153713   0.5461784786   0.9999986361   0.0016314157   0.0002572585848   -0.001638735086   0.9994985279   0.03162289194   -0.0002055394944   -0.03162327039   0.9994998382   

-3.569222047   4.634502722   2.127068545   0.9997964866   -0.004152824901   0.01974182132   0.005071026784   0.9988965396   -0.04669033939   -0.0195261402   0.04678094858   0.9987143098   

-3.566909706   5.980918465   6.510995304   0.9993579154   -0.006315898491   0.0352684897   0.008170604629   0.9985772678   -0.05269422553   -0.03488550071   0.05294855627   0.9979877014   

0.3244202165   2.10861992   1.75620443   0.999962541   0.001778626164   -0.008470724571   -0.002063515203   0.9994284097   -0.03374308605   0.008405866451   0.03375930153   0.9993946423   

-5.376565978   5.543143804   11.38996151   0.9999995687   -0.0008940466954   0.0002514234503   0.0009239437686   0.9851399313   -0.1717511631   -9.413372079e-05   0.1717513213   0.9851403325   

-5.83839126   1.243396919   5.81274521   0.9985875389   -0.02161072422   0.04853765319   0.02122123765   0.9997384531   0.008525515621   -0.04870920089   -0.007483444588   0.9987849678   

-1.809200353   1.318012195   0.620811014   0.9999235084   -0.00221373622   0.01216867505   0.002830339726   0.998700252   -0.05089003575   -0.01204020172   0.05092058458   0.9986301255   

-0.9776109717   -36.24853894   31.54742817   0.2954687194   -0.00324132187   -0.9553469159   -0.8039031753   0.5394526506   -0.2504606206   0.5161762495   0.842009698   0.1567856749   

-1.781421833   40.07827219   -31.03761344   0.2873867698   -0.842319398   0.4559680651   0.07215479587   0.4937367893   0.8666127557   -0.9550929431   -0.2161527578   0.2026708052   

-3.880379232   0.7159157782   3.033055138   0.9992505862   -0.02038029322   0.03290759128   0.01991037883   0.9996959644   0.01454494699   -0.03319401649   -0.01387884419   0.9993525579   

-2.940612694   2.07179562   10.36113049   0.9991875112   0.009282995155   0.03921917197   -0.002354682608   0.9848961593   -0.1731300402   -0.04023397717   0.1728970253   0.9841178007   

-4.276413211   1.743193589   9.138683059   0.9990183091   -0.001036630775   0.04428705744   0.007345070566   0.9897645121   -0.1425210883   -0.04368601605   0.1427064682   0.9888004834   

3.325783077   -51.03006131   10.25286439   0.4102536438   0.545681142   0.7307010599   0.9052728328   -0.3406077104   -0.2539044817   0.1103315275   0.7656490572   -0.6337258675   

-2.615229726   4.518896079   7.913179821   0.9707748911   -0.05145677058   0.2344105621   0.00332942604   0.9795372547   0.2012353887   -0.2399688017   -0.1945738099   0.9510814932   

-0.5776863993   53.491669   -9.748841901   0.9363505323   -0.3435881315   0.07207549246   -0.2100536635   -0.3838123894   0.8992027069   -0.2812919109   -0.8571086545   -0.4315548809   

-3.840505171   -20.98365396   0.4345346293   0.9950046117   -0.09572663928   0.0283237212   0.09837850012   0.9884428282   -0.115336231   -0.01695562931   0.1175465269   0.9929226156   

-17.51702643   14.38056473   0.9047807834   0.8860149871   -0.4537008094   0.09556682596   0.42267166   0.8750799197   0.2357621726   -0.1905940989   -0.1684954293   0.967100398   

1.340322868   1.287089375   -3.519107516   0.9912541574   0.1046923541   -0.08034118707   -0.1008039601   0.993596853   0.05102798649   0.08516899066   -0.04248299394   0.9954604152   

18.2586206   -56.07194559   10.10497526   0.4725603792   0.4567030758   0.7537300502   0.8803966333   -0.283315335   -0.3803080185   0.03985543987   0.8432999001   -0.5359634526   

-10.8450754   53.92513376   -29.17485057   -0.7227227846   0.6448508788   -0.2486747287   0.3389777726   0.6442854179   0.6855584366   0.6023004618   0.4111734966   -0.6842298659   

15.75945083   -49.98638019   15.07026552   -0.8196744619   -0.5047243843   0.2709004841   -0.0468544529   0.5304055799   0.8464482152   -0.5709101827   0.6811190914   -0.4584084932   

-14.29647628   52.41870961   -13.16826809   -0.9496628761   0.2116578784   -0.2309574944   -0.1024362157   0.4869100245   0.8674246075   0.2960527713   0.8474193593   -0.4407189422   

5.299366427   -42.28404917   24.86999229   0.7325917461   0.5496428115   0.4014998298   0.674254262   -0.505210553   -0.5386496888   -0.09322297838   0.6653232875   -0.7407120894   

-1.258198258   -3.616067167   -3.190098008   0.9939494252   -0.03173559268   -0.1051541362   0.02186478831   0.9953578199   -0.09372695104   0.1076404721   0.09086067618   0.990029225   

-6.925407369   53.22646052   -27.41292861   0.7742600715   -0.2517255801   0.5806509915   -0.5818805519   -0.6439503413   0.4967323034   0.248870177   -0.7224695082   -0.6450592568   

0.7716378845   -0.4721647785   -1.215881991   0.9950169112   0.05154875674   -0.08534677547   -0.05495605784   0.997762922   -0.03806551277   0.08319361821   0.04256615126   0.9956238972   

2.525661758   1.18123009   -1.800072111   0.9966800472   0.02681400071   -0.07687582708   -0.03163623157   0.9975614439   -0.06221185113   0.07502021244   0.06443737219   0.995097881   

-1.220826272   -0.7826247421   -1.543630267   0.9935983753   0.07597537615   -0.08360628513   -0.0775878568   0.9968538149   -0.01620482119   0.08211207689   0.02258791649   0.9963670974   

2.736382552   -0.4965438755   -0.8748725317   0.9927155314   0.06769116578   -0.09966834922   -0.07172522448   0.9967207517   -0.03745978267   0.0968058156   0.04433564278   0.9943153347   

-12.37023685   -31.35266286   18.29656107   0.5880231548   -0.7178915689   0.3726398594   0.7978278105   0.5905708115   -0.1212307772   -0.1330396713   0.3685889472   0.9200231703   

-0.9061808056   -0.2353135854   -0.8517080804   0.9996553373   -0.02594155801   0.004030160539   0.02587250996   0.999531831   0.01633193042   -0.004451949464   -0.01622203105   0.9998585029   

0.2033721862   -2.046613397   0.6693156709   0.9999355483   0.01126599488   0.001405907275   -0.01123010542   0.9996642321   -0.02335182845   -0.001668516797   0.0233345349   0.9997263203   

24.76765783   23.10459897   -18.64658479   0.294371271   0.945461616   -0.1394556826   -0.8581048309   0.3257213253   0.3969404457   0.420715645   0.002819731425   0.9071881807   

-21.39439855   -29.57808351   18.90622644   0.191446835   -0.8917247572   0.4100915345   0.9812011708   0.1842425124   -0.05743656482   -0.02433868781   0.4133783424   0.9102340217   

-0.2174073978   2.5218175   -1.338359542   0.9788280566   0.1948437532   -0.06270205294   -0.1819069827   0.9685218763   0.1699271162   0.09383754704   -0.1549234876   0.9834598252   

-0.9261920285   -19.01998808   6.147112597   0.4085870705   -0.6020105927   0.6860319614   0.9097582992   0.2081256104   -0.359198507   0.07346048532   0.7708871361   0.6327215663   

32.87773443   31.13652033   -30.11376149   -0.8774077664   0.3065557741   0.3690246182   0.07137390098   0.8440609879   -0.5314760719   -0.4744063424   -0.4399825066   -0.7624657475   

-33.02997646   -41.42540389   33.31149755   -0.5342752757   0.5849779039   -0.6102055242   -0.1041119246   0.6708374736   0.7342600297   0.8388746253   0.4558266513   -0.2975087007   

-0.276217346   -8.169007326   5.367716661   0.8855719559   -0.1683689295   0.4329136341   0.188951647   0.9819755674   -0.004610860906   -0.4243342858   0.08588299329   0.9014236104   

0.3663545387   -1.423474188   -0.458366586   0.987640202   0.0457447425   -0.1499141418   -0.05838908468   0.994997782   -0.08105632944   0.1454563377   0.0888078391   0.9853708041   

-1.623934292   -1.732497295   -6.641777503   0.798916794   0.1671218577   -0.5777562124   -0.2897651977   0.9487339058   -0.1262541335   0.5270370826   0.2682801907   0.8063855485   

-2.734263263   -9.118392848   1.848078262   0.9940630823   -0.03759614145   -0.1021034695   0.02910507297   0.9960898569   -0.08341397848   0.104840274   0.07994702762   0.9912703918   

6.881029666   -18.72462166   -3.236199943   0.5856243591   -0.7743908968   0.2395054258   0.8100799558   0.5487262525   -0.2065670956   0.02854076364   0.3149892677   0.9486660034   

-2.317018886   -12.11150723   5.409061666   0.9426276441   0.3279036996   -0.06270796027   -0.3334100979   0.934235796   -0.126653796   0.01705377291   0.1402948365   0.9899628921   

-1.173242818   23.15794054   -12.55770932   0.9542683972   -0.2229632848   0.1991461766   -0.009457651323   0.6433002283   0.7655555951   -0.298801571   -0.7324289658   0.6117723688   

11.715682   53.61344883   -43.83155121   0.9918083492   -0.08845484101   0.0921517198   0.117205899   0.9170212307   -0.3812280677   -0.05078361539   0.3889059057   0.9198767423   

1.369625462   26.544553   -4.184815574   0.9965598249   0.08279143034   0.003754262832   0.08076197264   -0.9803038492   0.1802272652   0.01860159137   -0.1793040501   -0.9836178315   

-6.81896945   25.06985136   -3.141280493   0.9995816111   -0.02692933396   0.0105552691   0.02721410401   0.9992420436   -0.02783398732   -0.009797717924   0.02810959408   0.9995568295   

-2.162019545   -107.0820039   42.54627846   -0.1946615652   -0.06187428055   -0.9789169773   -0.4002921118   -0.9061083217   0.1368719643   -0.8954736737   0.4184964549   0.1516166777   

-4.383727266   -27.89509559   24.32238241   0.9902592054   0.1313785053   -0.04611284433   -0.1347269669   0.9877163666   -0.07915190164   0.03514755253   0.08459354288   0.9957954519   

10.34795066   18.04896893   -10.07725025   0.9367034568   0.3324622724   -0.1097974108   -0.3089284094   0.9323822308   0.1876875424   0.1647721817   -0.1418880303   0.9760726997   

1.337091529   3.570619661   -1.469529418   0.9569396866   -0.2518997951   0.1442668686   0.2549740171   0.9669434826   -0.002924377992   -0.1387612582   0.0395827564   0.9895344959   

-2.632346931   13.46171615   -12.96058467   0.9214625089   0.3197935045   -0.2205424202   -0.3631049934   0.9108127253   -0.196405049   0.1380637839   0.2610599432   0.9553983973   

-2.540580446   -39.20033374   32.04639629   0.9495663975   -0.2892682297   0.1210270551   0.2589245894   0.9410437706   0.2177031899   -0.1768663726   -0.1753867532   0.9684822007   

0.127835735   0.1334284854   0.2155549346   0.9999863665   0.004142390836   -0.003179212998   -0.004209001622   0.9997655588   -0.02123939172   0.003090485797   0.02125248347   0.9997693638   

1.460853559   -0.1095949547   -0.618322389   0.9998805253   0.01443718915   -0.005522921151   -0.01430245644   0.999616737   0.02370271944   0.005863005064   -0.02362089623   0.9997037953   

1.038706067   0.06893060845   0.05065916306   0.9995454714   -0.02435864988   0.01776251293   0.02250607936   0.9949386268   0.09793163612   -0.02005809265   -0.09748735886   0.9950346164   

3.627807154   41.3292687   -28.21782405   0.9753408164   0.1719061451   -0.138414483   -0.1921966749   0.9698578124   -0.1497873889   0.1084929951   0.1726965576   0.9789817   

-3.636157398   -34.41585   21.54465139   0.9800074134   -0.1746197709   0.0953593483   0.1619612026   0.9785383579   0.1274019269   -0.1155596754   -0.1094103181   0.9872564731   

48.23363452   55.57525748   -17.09133483   -0.4582850399   -0.734019636   0.5011885834   0.8003036221   -0.09549135218   0.5919421544   -0.3866379892   0.6723812725   0.6312008315   

-6.302338988   -2.503004223   -2.521389325   0.9688461942   0.1029260038   0.2252627125   -0.1277486409   0.9869021412   0.0985111594   -0.2121728934   -0.1242191672   0.9693050406   

-1.595216153   1.642359035   -2.177092049   0.9956239865   -0.01437591557   0.09233748224   0.01317051287   0.9998200849   0.01365047613   -0.09251710743   -0.01237460946   0.9956341968   

-0.3699443385   -6.441499705   -1.730828889   0.9961244777   0.05786223463   0.06624188013   -0.06148677659   0.9966432691   0.05405155363   -0.06289198029   -0.05791507532   0.9963385182   

1.820643926   -2.696051162   -3.48490015   0.9998583043   -0.01168154344   0.01212076369   0.01177017894   0.9999043199   -0.00726731467   -0.01203471052   0.00740894848   0.9999001316   

-3.330057519   -1.019141382   -3.697740423   0.9979861425   -0.03136879362   0.05513309469   0.03225947207   0.9993618045   -0.01533982276   -0.05461671726   0.01708749507   0.998361173   

-0.2636802462   -1.716934901   -0.6321566193   0.9985700545   0.04804380393   0.02344438526   -0.04912323565   0.9976447923   0.04787249874   -0.02108919192   -0.04895570773   0.9985782817   

-0.6701902203   -3.239560894   -0.5488743327   0.9960835292   0.07290967064   0.05001782399   -0.0765138242   0.9942895625   0.07439019184   -0.04430843594   -0.07792589982   0.9959740542   

1.544482931   -1.832469225   -0.5931202534   0.9989061613   0.01671613887   -0.04366980158   -0.01594962031   0.9997135869   0.01784247053   0.04395555119   -0.01712643699   0.9988866776   

3.527503009   2.306155392   -5.509849973   0.9955213044   -0.08793877915   0.03470019639   0.09059201654   0.9923193864   -0.08423373385   -0.02702626587   0.08700003736   0.9958416413   

6.041168389   7.566807309   -7.907927561   0.983537492   -0.1517495127   0.09811262513   0.1646717607   0.9762442395   -0.1408204389   -0.07441245212   0.1546585601   0.9851616704   

5.148454498   8.744062506   -9.386202875   0.9936606097   -0.09851850301   0.05415438333   0.1033260834   0.9901363589   -0.09462405267   -0.04429800391   0.0996197542   0.9940390291   

0.5412685817   4.227996817   -0.3364898429   0.9999261811   -0.009980534959   0.006929738235   0.01003574545   0.9999178091   -0.007978652752   -0.006849537451   0.008047608866   0.9999441584   

-18.31353259   -32.43148154   38.12707014   0.5439479105   0.554644591   -0.6296745575   -0.4449358449   0.826867395   0.3439802393   0.7114441402   0.09305744887   0.6965540514   

3.9794551   -11.2976582   2.510374992   0.9400387093   0.268176068   -0.2107340067   -0.2569906785   0.9631539163   0.07931156755   0.2242387481   -0.02039926823   0.974320714   

6.091503562   48.02301007   -21.65504935   -0.1177201985   -0.6680205417   0.7347724211   0.8629328673   0.2973381859   0.4085790863   -0.4914151213   0.6821572832   0.5414541712   

-3.72439834   -29.47521726   13.82138125   -0.3888053918   0.8910850304   -0.2340893759   -0.4685902288   0.02750306102   0.8829874173   0.793255044   0.4530022629   0.4068603998   

0.7903435379   5.104420731   -2.073876428   0.9906573884   -0.09655752211   0.09630464018   0.101171402   0.9938855563   -0.04422497477   -0.0914455369   0.05355507347   0.9943689295   

14.447052   57.83071454   -41.92820408   -0.1221598858   -0.4708881856   0.873694042   0.9377086942   0.2337051465   0.2570686861   -0.3252374012   0.8506739805   0.4130065516   

2.758574963   3.137843196   0.3937715629   0.9996275337   -0.02685145554   -0.004877818357   0.02645909   0.9973450283   -0.06784401974   0.006686578568   0.0676896875   0.997684016   

3.09993565   1.758830519   -3.011830106   0.9998878691   0.01495362044   -0.000799088454   -0.01492486447   0.999484342   0.02843059098   0.001223816664   -0.02841547674   0.9995954496   

4.271521852   1.961765453   -3.371334248   0.999712882   0.001709833842   -0.0239004176   -0.002794844054   0.998963264   -0.04543771691   0.02379794823   0.04549146887   0.9986812224   

3.774002881   0.7628567664   -3.073543792   0.9982583647   0.0494354585   -0.03219274356   -0.04872603658   0.9985596031   0.0224609073   0.03325673848   -0.02085316379   0.9992292704   

8.277964226   -1.460219646   -7.385544847   0.9790575706   0.1684221017   -0.1143690041   -0.1615354937   0.9845837215   0.06709083166   0.1239054385   -0.04721113311   0.9911702937   

-2.345663295   1.21882811   1.447200322   0.9923456235   -0.1068433945   0.06192457169   0.1101958161   0.9924683637   -0.05351101923   -0.0557408794   0.05992525445   0.9966453322   

4.241463872   -1.866571224   -2.927104176   0.9827184748   0.1647402576   -0.0844099924   -0.1574585172   0.9837111775   0.0867129443   0.0973201658   -0.07192334013   0.9926509046   

0.7786040819   -2.555015753   0.9334266718   0.99993325   -0.01053839083   0.004736870665   0.01056770474   0.9999248979   -0.006206621689   -0.004671107111   0.006256265247   0.9999695195   

-1.749146848   -12.564377   4.209152429   0.9975583582   0.06357544639   0.02890475161   -0.06581276921   0.9942480785   0.08449519367   -0.02336667409   -0.08619118842   0.996004557   

