-3.728552138   0.2517335378   2.578165742   0.9995309085   0.02711787283   0.0142332006   -0.02746119347   0.9993224146   0.02450703185   -0.01355897781   -0.02488639648   0.99959833   

-1.731047862   -0.1293201059   0.9926425698   0.9997566047   0.01935381513   0.01059061848   -0.01953953734   0.9996519831   0.01772340594   -0.01024391725   -0.01792602793   0.9997868371   

-3.887967435   0.9430317362   3.979259662   0.9995480365   -0.02494591934   -0.01677568891   0.02453204956   0.999400255   -0.02443990148   0.01737530359   0.0240173135   0.9995605372   

-5.101241094   1.567740588   -1.427024768   0.9976740303   0.008594320952   0.06762149722   -0.01107631672   0.9992753562   0.03641534888   -0.06725953052   -0.037079645   0.9970462655   

-4.432975844   0.7260955412   4.478868572   0.9992853351   0.01109074711   -0.03613605263   -0.01133270069   0.9999146713   -0.006497689713   0.03606090496   0.006902565111   0.9993257556   

-7.368799722   1.602922171   -1.470618235   0.9966261553   0.02481993069   0.07823220276   -0.02880296169   0.9983236381   0.05020261897   -0.07685503176   -0.05228656227   0.9956703368   

-6.19779576   3.156559463   1.286230531   0.9999439457   0.007676880365   -0.007291838384   -0.00764797118   0.9999628165   0.003984239841   0.007322153781   -0.003928248738   0.9999654769   

-4.572763483   0.3133736298   1.605941109   0.9998213822   -0.01587510945   0.01025595039   0.01597657023   0.9998234741   -0.009887865308   -0.010097169   0.01004995407   0.9998985177   

-8.692737642   1.716176107   1.616400325   0.9995805882   -0.02083172041   -0.02011683558   0.02031067187   0.9994616226   -0.02576706211   0.02064277736   0.02534766865   0.9994655429   

-5.35642857   1.852557062   5.849109277   0.9751876895   0.04557263267   -0.2166381901   -0.05598098595   0.9975417189   -0.04215030604   0.2141847321   0.05323207904   0.9753416049   

0.0624800663   -0.422812295   0.002784176701   0.998134757   -0.05205574448   0.03189367295   0.05252585528   0.9985202534   -0.01408325184   -0.03111336424   0.0157322256   0.999392043   

0.8238244181   -2.172259537   -0.1461207056   0.9955981322   -0.08502125153   0.03944294429   0.08616475182   0.9958801372   -0.0282557594   -0.03687810474   0.03152997279   0.9988222395   

-0.02586653401   -0.07832279917   -1.419492133   0.999957786   0.008055017782   -0.004420745749   -0.008044581658   0.9999648251   0.002373442198   0.004439708369   -0.002337778955   0.9999874118   

-6.669579741   5.835005769   10.49450554   0.9193402777   -0.0198312873   -0.3929633238   -0.06034188097   0.9798081095   -0.1906172235   0.3888088363   0.1989542373   0.8995804023   

1.336052132   0.07143639881   -1.696460523   0.9975502838   0.06954134108   0.007578462164   -0.06958261044   0.9975619807   0.005324938008   -0.007189682397   -0.005839222601   0.9999571051   

-5.870202242   3.415448143   -2.596648301   0.9999914614   0.004062723799   0.0007558732562   -0.004063071446   0.9999916404   0.0004589609429   -0.0007540023058   -0.000462028191   0.999999609   

0.5675622233   0.5358128664   -2.655781659   0.9971222752   0.07530663518   0.00872232593   -0.07535995627   0.9971386168   0.005954491959   -0.008248955259   -0.006594670671   0.999944231   

-2.210253924   -0.1714424198   -3.654043732   0.9965061982   0.04107318401   0.07272132037   -0.0429113667   0.998793042   0.0238971526   -0.07165201664   -0.02693423193   0.9970659635   

-0.02101441332   0.05114265781   -0.3338232751   0.999444867   -0.01595627445   0.02924645454   0.01577566599   0.9998551007   0.006395783582   -0.02934426963   -0.005930850774   0.999551769   

-1.07933199   1.492143077   -0.9474715791   0.9286473161   -0.3695628183   0.03221002212   0.3707630082   0.9274959222   -0.0478132402   -0.01220466837   0.05634392189   0.9983368212   

0.5917676576   0.5750748555   -0.8320028896   0.9543779104   -0.2980217788   0.01859632804   0.2985721037   0.9533043777   -0.04544735925   -0.004183658084   0.04892630054   0.9987936294   

0.968374852   0.4279616958   0.01629741663   0.9996982895   0.02294653404   -0.00876279578   -0.0230167638   0.9997030735   -0.007999591932   0.008576630965   0.008198869572   0.9999296075   

1.078125428   2.143592943   -0.9475802318   0.9934403445   -0.1121271787   0.02244499165   0.1118470629   0.9936354463   0.01337289298   -0.02380160405   -0.01077476501   0.9996586358   

-2.833485442   -2.964841666   -4.456842233   0.9991275076   -0.02359619571   0.03445929662   0.02152888848   0.9980152221   0.05917874148   -0.03578729574   -0.05838523813   0.9976524612   

-2.602663683   -2.540866316   1.865752228   0.9998616331   0.0126275972   -0.01082859378   -0.01279280045   0.9998007226   -0.01532512428   0.01063291639   0.01546153183   0.9998239256   

-3.423087662   -3.830715304   -1.251559195   0.9985457148   0.04968369721   -0.0209281065   -0.0500796972   0.9985674607   -0.01884277858   0.01996194726   0.01986344904   0.9996034034   

-1.406091138   -2.619229449   -1.24892104   0.999177218   0.03355456299   0.02278109636   -0.03459208434   0.9983056356   0.04678937499   -0.02117249985   -0.04753892314   0.99864497   

18.4866956   -21.86899772   0.8454475526   0.9946504165   -0.06404494714   0.08104809546   0.05488035476   0.992343277   0.1106479425   -0.08751397428   -0.1056080739   0.9905494632   

12.05361368   -4.604018513   -1.036306742   0.9992972619   -0.02811525481   0.0247894086   0.02748900257   0.9993031085   0.02525177317   -0.02548209311   -0.02455259167   0.9993737205   

2.991143771   -2.427599052   4.821825944   0.961587936   0.2215188779   -0.1621049907   -0.2363468884   0.9684905195   -0.07852554939   0.1396022551   0.1138222311   0.9836440973   

1.829250968   4.503970758   -0.5598167676   0.9549458916   -0.2707205155   0.1216089908   0.2626245266   0.9616920402   0.0785924798   -0.1382269951   -0.04311406206   0.98946171   

3.499879051   8.150230795   -6.659934516   0.995182478   -0.07131425796   0.06727638641   0.06454506144   0.9930985946   0.09792403428   -0.07379546464   -0.09310992459   0.9929173034   

6.254623568   1.820679564   -6.022690996   0.9941048595   -0.1012838769   0.03869243712   0.1028296937   0.9938823348   -0.0402983693   -0.03437415467   0.04403953621   0.9984382488   

4.510280819   -1.432663365   -1.290077208   0.9998773154   0.005019296322   -0.01483781979   -0.005775376506   0.9986634712   -0.05136064995   0.0145601943   0.05144004278   0.9985699388   

-4.332134652   -5.402865479   -0.6639828834   0.9317408945   0.3369749627   -0.1353025498   -0.3379058659   0.9410312537   0.01672738525   0.1329606381   0.03013393636   0.9906631186   

1.837399882   26.30045746   -10.36913357   0.9670655171   -0.01233313452   0.2542285969   -0.08145700773   0.9312973868   0.3550351154   -0.2411411238   -0.3640509182   0.8996209687   

-0.2884837883   -0.09248588602   0.6716586179   0.9995615017   0.02938272427   -0.003668756309   -0.02921980253   0.9988301077   0.03853075467   0.0047966028   -0.03840665867   0.9992506798   

-2.121588149   -2.303947493   -0.3506303519   0.9786618309   0.2054423736   -0.003801571669   -0.1970912652   0.9437901026   0.2653587675   0.05810382076   -0.2589472406   0.9641422471   

-2.171874052   -2.841722523   2.033314349   0.8557824877   0.5132808406   -0.06464605475   -0.3834189008   0.7131757893   0.5868306741   0.3473129429   -0.4774128949   0.8071249268   

-3.001684292   -0.8050618225   2.135113244   0.9931552929   0.1024014297   -0.05618283891   -0.09415099175   0.9865299932   0.133769067   0.0691241994   -0.1275637869   0.9894186805   

-2.273438481   -1.174507061   2.346048227   0.9888076064   0.1485835924   -0.01350680068   -0.1458154264   0.9815958628   0.123318383   0.03158130802   -0.1199686552   0.9922752354   

0.7623750078   2.030443893   -1.862998662   0.9993761457   0.03512622099   -0.003669885134   -0.03501350512   0.9990154693   0.02724236605   0.004623193389   -0.02709687524   0.9996221213   

-0.5979147783   1.001054535   -0.4966274739   0.9988462206   -0.04569733587   0.01476418459   0.04636449649   0.9977442454   -0.04854641232   -0.0125124385   0.04917493446   0.9987118026   

1.543590103   1.31640412   -1.107002867   0.9910908549   0.1265267039   -0.04159219316   -0.118739709   0.9808480966   0.1543952486   0.06033074541   -0.1480810741   0.9871333226   

-7.155597505   6.915559621   -4.868639664   0.9836813105   0.1648235309   -0.07214071752   -0.1421480712   0.95776161   0.2499732472   0.110295083   -0.2356393475   0.9655615426   

-0.2315570639   3.189751052   -4.727821156   0.9955662618   -0.07343988057   0.05877416398   0.08116886627   0.9864967238   -0.1422526944   -0.04753349932   0.1463926154   0.9880838874   

-0.8471720524   5.466408248   -4.12842373   0.9978934473   -0.06271630187   -0.01659317153   0.06310558584   0.9977162963   0.02408063929   0.015045029   -0.02507703397   0.9995723033   

-6.336070582   14.09048564   -10.63949377   0.883322551   -0.4669386362   0.04134707765   0.4687387985   0.8788845074   -0.08857743186   0.005020919256   0.09762342258   0.9952107605   

-9.45750032   5.14482716   7.624963081   0.9957508314   -0.0584680916   -0.07114607541   0.06125630893   0.9974113869   0.03765886164   0.06876006397   -0.04185698876   0.9967547572   

-10.42832782   11.61743797   2.12244477   0.9763855892   -0.1938897773   -0.09527820006   0.1979043593   0.9796113327   0.03457602409   0.08663166693   -0.05261550279   0.9948500204   

-8.03360413   -0.9049225925   5.386466393   0.896220851   -0.4206362447   0.140901866   0.4250339842   0.9051765479   -0.001236712712   -0.1270208585   0.06099644923   0.990022795   

-2.205907254   -1.799892836   2.768555768   0.9760571193   -0.1541313072   0.1534797704   0.1546474677   0.9879319131   0.008642672293   -0.1529596696   0.01529951602   0.9881139936   

-9.159489361   0.2346021397   3.560744315   0.9242163686   -0.375878709   -0.06737432889   0.3646752009   0.9211027437   -0.136314832   0.1132965223   0.1014146521   0.9883718766   

7.524315153   0.2024276738   -7.020408421   0.9401508221   0.3396737512   -0.02716936604   -0.3388560302   0.9403389341   0.03064767074   0.03595862199   -0.01960692932   0.9991609209   

15.7534327   -2.33453187   0.5588761756   0.8377876462   0.5449621285   0.03358777119   -0.5459929246   0.8359825396   0.05499927109   0.00189372958   -0.06441639529   0.9979213104   

23.60069403   -1.737259571   -5.769935569   0.9481990281   0.3156651229   -0.03569500473   -0.3133655209   0.9478563131   0.05805566346   0.05215988372   -0.04386273991   0.9976750005   

22.00181752   -0.9604793668   -7.32321688   0.9897166207   -0.1420142157   -0.0171164622   0.1420725963   0.9898537101   0.002238289755   0.01662492465   -0.004647052797   0.9998509973   

6.329358851   -6.183212362   7.870084431   0.9543070818   -0.244169042   0.1722773129   0.2595025125   0.9630094098   -0.07260387437   -0.148177055   0.113992787   0.9823691795   

3.974826387   -11.6424475   -12.64417962   0.9080687139   0.4187387645   0.008310107985   -0.4173700753   0.9030939935   0.1011111229   0.03483433806   -0.09528423768   0.9948404309   

2.404241322   -9.065324565   6.712363355   0.963627496   -0.1378762178   0.2289371039   0.1819521831   0.9659106504   -0.1841467311   -0.1957433321   0.2191044592   0.9558649402   

0.5067713755   -4.757893101   1.479488899   0.9937650162   -0.07362880339   0.08372509705   0.08054165198   0.9933371805   -0.08242747245   -0.07709821567   0.08865689612   0.9930739247   

-5.35855128   -4.221115191   -1.52944347   0.9877559114   0.01378693329   0.1553968465   -0.004870258277   0.9983269775   -0.05761533284   -0.1559312028   0.05615306283   0.9861705195   

-3.644935918   -2.853581331   0.7600947125   0.999908862   0.004628365665   -0.01268250124   -0.004503287058   0.9999411187   0.009873170966   0.01272745112   -0.009815158202   0.999870829   

-1.787424068   -7.253037868   4.682881859   0.9992669775   0.03340194883   -0.01870341115   -0.0326318837   0.9986640642   0.04006553503   0.02001669155   -0.03942583855   0.9990219894   

-4.314338544   -7.358088067   6.117891164   0.8895886165   -0.315845307   0.3299603544   0.4363296847   0.8012667105   -0.4093752129   -0.1350870079   0.5081470267   0.8506104276   

-15.09742531   -1.799367795   -1.648776312   0.99749893   0.02146064357   0.06734482538   -0.026341036   0.9970249821   0.07243848984   -0.06558989671   -0.07403124858   0.9950966484   

16.69912161   8.420298468   -6.152534222   0.8241469895   0.5288038767   -0.2028501903   -0.2775249276   0.6892548786   0.6692590133   0.493722244   -0.4952718167   0.7148035908   

4.569720306   9.991447308   -0.6794586882   0.9909525271   -0.1332131137   0.01635100769   0.1341932805   0.9855080009   -0.103760029   -0.002291852348   0.1050154584   0.9944679487   

4.307095844   11.7810196   -3.263969196   0.958444659   -0.2852268851   0.005427676838   0.280507006   0.9387780887   -0.2000287972   0.05195820668   0.1932390337   0.9797749847   

-0.05139716771   -2.307668409   0.0530621595   0.9825781673   -0.09181796339   0.1615846738   0.1050669053   0.9915996691   -0.07543899334   -0.1533006544   0.09110190943   0.9839712148   

0.8537289342   -0.9283762253   -0.1676721274   0.9999163337   -0.00480778009   0.01200878473   0.004852766253   0.9999813068   -0.003719778802   -0.01199067637   0.003777743407   0.999920973   

-3.093065748   1.304158393   2.839791545   0.9452384327   -0.2476084724   0.2126366614   0.2945951774   0.9277080727   -0.2292845683   -0.1404919456   0.279370321   0.9498495865   

-3.565600055   5.399823393   -2.53461498   0.9473287065   0.2931417979   -0.1289814256   -0.2475888693   0.9258007063   0.2856445415   0.2031454494   -0.2386649086   0.9496162318   

-10.55831457   9.405621361   -2.610488822   0.9920414397   0.006692294282   0.1257338263   -0.008994306789   0.9998020031   0.0177498442   -0.1255901443   -0.0187394696   0.9919052112   

0.5304743015   6.73550713   0.598916459   0.987079666   -0.0806987707   -0.1384248584   0.06557351923   0.9917048364   -0.1105514856   0.1461979706   0.1000461183   0.9841833811   

-8.354559804   3.924278338   7.683646738   0.997162888   -0.05914021107   -0.04656834032   0.05583765167   0.996033168   -0.06928264504   0.05048100179   0.06648581565   0.9965095608   

-6.497361363   4.93375641   1.814410571   0.9979880556   -0.001315095958   -0.06338857469   -0.0001183831412   0.9997444651   -0.02260509678   0.06340210457   0.02256712072   0.9977328792   

-3.706760845   0.3942978871   -2.563361527   0.9908865534   -0.04698805518   0.1262377157   0.04594233454   0.9988814832   0.0111841118   -0.1266220364   -0.005282530625   0.9919369712   

9.049904723   -22.72992165   1.522223761   0.7771222758   -0.3316689331   0.534861372   0.4263272695   0.902595002   -0.05972705879   -0.4629535913   0.2744412162   0.8428261927   

-15.62163059   -13.30559119   4.695323097   0.9035023612   -0.3314991702   0.2716464311   0.0925041625   0.7697200262   0.6316439354   -0.4184811385   -0.5455633615   0.7261089142   

-9.133966443   -1.697662248   2.53969492   0.9617913511   0.02487276519   -0.2726513204   -0.06706634368   0.9869276095   -0.1465469177   0.2654420889   0.1592332851   0.9508865644   

-4.880432611   -2.522984407   -8.174120263   0.996236051   0.006437696843   -0.08644238979   -0.0007347381159   0.9978296287   0.06584445508   0.08667866435   -0.06553310739   0.9940785789   

0.1623076434   -8.372790337   11.65392365   0.9455629132   -0.04541492238   -0.3222549643   -0.08406486264   0.9225237366   -0.3766736707   0.3143944594   0.3832589727   0.8684864327   

29.39404359   4.13608473   -9.466421932   0.9883354718   -0.02251062622   0.1506196101   -0.005548404778   0.9830365621   0.1833257559   -0.1521913612   -0.182023046   0.9714450063   

15.80735051   -0.4222403659   -6.822718772   0.9999134971   0.01008886524   0.008438782618   -0.01066053122   0.9974411817   0.07069258899   -0.007703981303   -0.07077643578   0.9974624528   

7.400760991   0.8353206166   -2.458810771   0.9993457869   0.005494480719   -0.03574645394   -0.005765589426   0.9999553612   -0.007485555076   0.03570372903   0.007686757305   0.9993328562   

