-1.971197442 79.4 61.34550095 33.70640182 59.87229919 125.7395756 33.4829387 22.21776834 0.9591447442 -0.03143615496 0.2811638807 0.7859910318 0.4938362071 -0.3719460962 0.9591447442 0.03143615496 -0.2811638807 0 -0.03143615496 0.99949558 0.004511515216 0 0.2811638807 0.004511515216 0.9596491642 0 0 0 0 1 1 0 0 61.34550095 0 1 0 33.70640182 0 0 1 59.87229919 0 0 0 1 0.9591447442 -0.03143615496 0.2811638807 -0 0.03143615496 0.99949558 0.004511515216 -0 -0.2811638807 0.004511515216 0.9596491642 -0 0 0 0 1 32 2.097389159 0.7360138701 0.03125 2.740430159 0.8300551928 0.03125 3.251335116 1.034605974 0.03125 3.515973639 1.346110103 0.03125 3.562488234 1.746107964 0.03125 3.410121701 2.188736694 0.03125 3.124793566 2.634918954 0.03125 2.746006144 3.034992208 0.03125 2.324015265 3.363374064 0.03125 1.910002268 3.59464698 0.03125 1.526319535 3.726677413 0.03125 1.222962112 3.75885244 0.03125 0.9874821067 3.704494251 0.03125 0.8565574116 3.577059031 0.03125 0.7842143426 3.388165648 0.03125 0.6344628766 3.088947383 0.03125 0.2438290609 2.762938706 0.03125 0.0556570066 2.676675374 0.03125 0.04741909334 2.704371068 0.03125 0.07121605236 2.749293191 0.03125 0.1781968662 2.784879088 0.03125 0.3504832287 2.785962913 0.03125 0.6323881546 2.727283547 0.03125 0.9849597502 2.589791498 0.03125 1.379657746 2.363509751 0.03125 1.760521292 2.059793248 0.03125 2.039001882 1.700376701 0.03125 2.170514977 1.33073711 0.03125 2.119025507 0.9892092179 0.03125 1.882312079 0.7155422546 0.03125 1.554004821 0.5260813156 0.03125 1.187894246 0.4192272379 0.03125 1 3 1 1 1 1 500 0.0004
-1.839288158 79.4 61.44549942 33.10639954 60.07229996 125.7001523 33.32549318 21.9920037 0.9703350979 -0.07673925419 0.2292616073 0.9195090343 0.2242788314 -0.322803565 0.9703350979 0.07673925419 -0.2292616073 0 -0.07673925419 0.9970112124 0.008929123162 0 0.2292616073 0.008929123162 0.9733238855 0 0 0 0 1 1 0 0 61.44549942 0 1 0 33.10639954 0 0 1 60.07229996 0 0 0 1 0.9703350979 -0.07673925419 0.2292616073 -0 0.07673925419 0.9970112124 0.008929123162 -0 -0.2292616073 0.008929123162 0.9733238855 -0 0 0 0 1 32 1.714665005 0.4548696533 0.03125 2.057924783 0.5362597089 0.03125 2.549340247 0.704168489 0.03125 2.940687827 0.9588853548 0.03125 3.164649345 1.276590582 0.03125 3.220394105 1.628949442 0.03125 3.11622174 1.969138639 0.03125 2.864456256 2.262726219 0.03125 2.447973969 2.478930524 0.03125 1.92469697 2.605211315 0.03125 1.344144047 2.640898245 0.03125 0.8172690983 2.594720592 0.03125 0.4734694352 2.472128216 0.03125 0.3751251703 2.248908552 0.03125 0.5792541895 1.88105223 0.03125 1.022959587 1.360494126 0.03125 1.501821861 0.5754330867 0.03125 2.082407042 -0.3591454484 0.03125 2.407167261 -1.441737064 0.03125 2.395061528 -2.579943695 0.03125 1.824688504 -3.608460672 0.03125 0.7625000207 -4.293219865 0.03125 -0.5595304999 -4.4623624 0.03125 -1.821299429 -4.089106475 0.03125 -2.756235717 -3.292545141 0.03125 -3.19515626 -2.300851234 0.03125 -3.143504665 -1.339034421 0.03125 -2.719021418 -0.5764684436 0.03125 -2.068790579 -0.08184809303 0.03125 -1.350601331 0.1622287957 0.03125 -0.7319314737 0.2365901613 0.03125 -0.2493342316 0.2421136159 0.03125 1 3 1 1 1 1 500 0.0004
-2.014273966 79.4 61.44549942 33.10639954 60.07229996 124.1097628 33.61528001 21.81463193 0.9339806076 0.003152641957 0.3573097891 0.9253756027 0.04322456364 -0.3765788511 0.9339806076 -0.003152641957 -0.3573097891 0 0.003152641957 0.9999948608 -0.0005824618036 0 0.3573097891 -0.0005824618036 0.9339857469 0 0 0 0 1 1 0 0 61.44549942 0 1 0 33.10639954 0 0 1 60.07229996 0 0 0 1 0.9339806076 0.003152641957 0.3573097891 -0 -0.003152641957 0.9999948608 -0.0005824618036 -0 -0.3573097891 -0.0005824618036 0.9339857469 -0 0 0 0 1 32 2.201283965 0.7614852746 0.03125 3.083738445 0.8578492923 0.03125 3.733482811 1.057636262 0.03125 4.063651188 1.35512405 0.03125 4.077929475 1.737110344 0.03125 3.801362038 2.165030688 0.03125 3.322543264 2.605665104 0.03125 2.699957991 3.007997161 0.03125 2.046730453 3.341777152 0.03125 1.436573881 3.571570269 0.03125 0.9577554247 3.686867653 0.03125 0.6722143568 3.676763812 0.03125 0.6068014235 3.544972348 0.03125 0.784682736 3.291226614 0.03125 1.154227129 2.913220352 0.03125 1.541742698 2.354662299 0.03125 1.618664464 1.695744823 0.03125 1.932527153 1.279121322 0.03125 2.247080749 0.9204822552 0.03125 2.3920702 0.5621739602 0.03125 2.240566768 0.2302870444 0.03125 1.77778682 -0.03270243312 0.03125 1.096172252 -0.199326315 0.03125 0.2130976474 -0.2524684353 0.03125 -0.6199456687 -0.1995392886 0.03125 -1.378397727 -0.06951771804 0.03125 -1.857634024 0.09797573688 0.03125 -2.053808017 0.2534155375 0.03125 -1.942114404 0.3651657199 0.03125 -1.545402253 0.4174568589 0.03125 -1.044100509 0.4223866357 0.03125 -0.5020440789 0.4069911652 0.03125 1 3 1 1 1 1 500 0.0004
-2.032804964 79.4 61.44549942 33.10639954 60.07229996 123.1552362 33.06265914 22.84725361 0.9452867103 -0.02694859133 0.3251258354 0.7463143932 0.4765622898 -0.4646538609 0.9452867103 0.02694859133 -0.3251258354 0 -0.02694859133 0.9996266738 0.004504057536 0 0.3251258354 0.004504057536 0.9456600365 0 0 0 0 1 1 0 0 61.44549942 0 1 0 33.10639954 0 0 1 60.07229996 0 0 0 1 0.9452867103 -0.02694859133 0.3251258354 -0 0.02694859133 0.9996266738 0.004504057536 -0 -0.3251258354 0.004504057536 0.9456600365 -0 0 0 0 1 32 1.701641943 0.6639245175 0.03125 1.922755831 0.7129812312 0.03125 2.229221038 0.8141091468 0.03125 2.456500116 0.9737997257 0.03125 2.641748617 1.191893174 0.03125 2.786467898 1.467572492 0.03125 2.913656547 1.788395892 0.03125 3.026000161 2.138335565 0.03125 3.084566691 2.494936153 0.03125 3.093617582 2.833340577 0.03125 2.987174519 3.132395641 0.03125 2.790132162 3.371974601 0.03125 2.476346552 3.543726011 0.03125 2.102832893 3.639998856 0.03125 1.684642934 3.651821471 0.03125 1.15513134 3.526060927 0.03125 0.576383927 3.316955219 0.03125 0.1756668768 3.155017092 0.03125 0.006897016934 3.050850562 0.03125 -0.04255651251 2.929135891 0.03125 0.02491191673 2.778288251 0.03125 0.2085098142 2.602801926 0.03125 0.5498550016 2.407333756 0.03125 1.028846686 2.195345917 0.03125 1.574495751 1.962594394 0.03125 2.131884087 1.707215739 0.03125 2.537279189 1.428448806 0.03125 2.730882312 1.142753606 0.03125 2.642624174 0.8703639832 0.03125 2.25559034 0.6423415834 0.03125 1.747603101 0.4768889563 0.03125 1.160999993 0.3838894883 0.03125 1 3 1 1 1 1 500 0.0004
-1.964953475 79.4 61.44549942 33.10639954 60.07229996 121.8773661 32.70881166 23.52375591 0.9072596513 -0.08979831867 0.4108724707 0.8318502734 0.2120134614 -0.5129087783 0.9072596513 0.08979831867 -0.4108724707 0 -0.08979831867 0.9957720817 0.01934485272 0 0.4108724707 0.01934485272 0.9114875696 0 0 0 0 1 1 0 0 61.44549942 0 1 0 33.10639954 0 0 1 60.07229996 0 0 0 1 0.9072596513 -0.08979831867 0.4108724707 -0 0.08979831867 0.9957720817 0.01934485272 -0 -0.4108724707 0.01934485272 0.9114875696 -0 0 0 0 1 32 1.991784213 0.8578481565 0.03125 2.304945855 0.900311785 0.03125 2.548113593 0.989942264 0.03125 2.699525885 1.125622565 0.03125 2.763990135 1.304422856 0.03125 2.749298467 1.511751976 0.03125 2.691878771 1.736299695 0.03125 2.605351732 1.955981522 0.03125 2.528890701 2.157421864 0.03125 2.477495834 2.320365448 0.03125 2.460372785 2.435980459 0.03125 2.489856934 2.492280505 0.03125 2.544633106 2.487946943 0.03125 2.63231393 2.421204583 0.03125 2.71593537 2.296866932 0.03125 2.711013248 2.079111713 0.03125 1.992010194 1.553734165 0.03125 1.838247789 1.387315885 0.03125 1.681827692 1.264459507 0.03125 1.433660622 1.148712853 0.03125 1.08580722 1.04366643 0.03125 0.6339648072 0.9536221251 0.03125 0.1659639555 0.8784626159 0.03125 -0.321724189 0.8171451436 0.03125 -0.685991214 0.7651956005 0.03125 -0.9317172406 0.7178701178 0.03125 -1.004242092 0.6705512649 0.03125 -0.9110036655 0.6214588794 0.03125 -0.6856744087 0.5713100068 0.03125 -0.3353663933 0.5244791036 0.03125 0.02086269133 0.4864266389 0.03125 0.3767914592 0.4611969118 0.03125 1 3 1 1 1 1 500 0.0004
-2.100315147 79.4 61.44549942 33.3064003 60.17230225 108.8479637 33.68747188 32.6875744 0.6960831293 -0.191449585 0.6919648354 0.7569596749 0.3185540973 -0.5705570416 0.6960831293 0.191449585 -0.6919648354 0 -0.191449585 0.9783896538 0.07810724502 0 0.6919648354 0.07810724502 0.7176934755 0 0 0 0 1 1 0 0 61.44549942 0 1 0 33.3064003 0 0 1 60.17230225 0 0 0 1 0.6960831293 -0.191449585 0.6919648354 -0 0.191449585 0.9783896538 0.07810724502 -0 -0.6919648354 0.07810724502 0.7176934755 -0 0 0 0 1 32 1.81895774 0.896736168 0.03125 1.718227149 0.9183068666 0.03125 1.680931526 0.963828614 0.03125 1.700757811 1.034394647 0.03125 1.808823957 1.130545748 0.03125 2.009234949 1.248373632 0.03125 2.308113566 1.384780456 0.03125 2.704562939 1.531542893 0.03125 3.173001891 1.683060102 0.03125 3.704481372 1.829016745 0.03125 4.236485402 1.963691496 0.03125 4.753159401 2.077637224 0.03125 5.177892806 2.167324727 0.03125 5.494872059 2.226260653 0.03125 5.655374375 2.253748571 0.03125 5.610055019 2.225777507 0.03125 4.568037468 1.755386173 0.03125 4.201289884 1.676854872 0.03125 3.751419567 1.598851723 0.03125 3.184068207 1.504642331 0.03125 2.545472628 1.398260291 0.03125 1.84423481 1.285726588 0.03125 1.144724454 1.171126959 0.03125 0.4538991346 1.059979128 0.03125 -0.1514870351 0.9550334993 0.03125 -0.6676132485 0.8597251431 0.03125 -1.036010138 0.7747121663 0.03125 -1.256784942 0.700947122 0.03125 -1.328104434 0.6372401318 0.03125 -1.252964256 0.582897057 0.03125 -1.116278168 0.5363524 0.03125 -0.9195204177 0.4965475957 0.03125 1 3 1 1 1 1 500 0.0004
-1.908640855 79.4 61.54550171 33.70640182 59.87229919 106.0661759 36.21079777 61.46741255 0.4681266504 -0.2971007178 0.8322190833 0.7443571521 0.3134275662 -0.5896571808 0.4681266504 0.2971007178 -0.8322190833 0 -0.2971007178 0.9398765519 0.1684138674 0 0.8322190833 0.1684138674 0.5282500985 0 0 0 0 1 1 0 0 61.54550171 0 1 0 33.70640182 0 0 1 59.87229919 0 0 0 1 0.4681266504 -0.2971007178 0.8322190833 -0 0.2971007178 0.9398765519 0.1684138674 -0 -0.8322190833 0.1684138674 0.5282500985 -0 0 0 0 1 32 -0.7786622142 0.9267664554 0.03125 -1.004140006 0.9805753347 0.03125 -1.099977785 1.036794078 0.03125 -1.067724835 1.093067994 0.03125 -0.8482462586 1.148229057 0.03125 -0.4383256679 1.200966545 0.03125 0.1565661218 1.25111952 0.03125 0.9315829882 1.298384255 0.03125 1.835822443 1.344471528 0.03125 2.852227764 1.389955839 0.03125 3.892487199 1.437783516 0.03125 4.92706585 1.487331776 0.03125 5.851025133 1.539969286 0.03125 6.630239902 1.59122321 0.03125 7.181382479 1.638469391 0.03125 7.438284998 1.652506682 0.03125 6.596787606 1.234395876 0.03125 6.332243211 1.203196238 0.03125 5.888057302 1.169713279 0.03125 5.236340409 1.115650388 0.03125 4.438717536 1.044635839 0.03125 3.517351921 0.9647492831 0.03125 2.565936252 0.8811343475 0.03125 1.604252149 0.8011635978 0.03125 0.738253418 0.7278373906 0.03125 -0.01968031876 0.6646286325 0.03125 -0.5868934758 0.6118353955 0.03125 -0.9581166199 0.5698676871 0.03125 -1.129198916 0.5373934342 0.03125 -1.098944805 0.5132889625 0.03125 -0.9772505441 0.4957277286 0.03125 -0.7598909684 0.4828109569 0.03125 1 3 1 1 1 1 500 0.0004
-1.400924933 79.4 61.54550171 33.70640182 59.87229919 99.13571172 56.81311227 64.65548358 0.5075790301 -0.1770438313 0.8432194317 0.4810420962 0.7269083556 -0.4901048299 0.5075790301 0.1770438313 -0.8432194317 0 -0.1770438313 0.9792087064 0.09902419434 0 0.8432194317 0.09902419434 0.5283703236 0 0 0 0 1 1 0 0 61.54550171 0 1 0 33.70640182 0 0 1 59.87229919 0 0 0 1 0.5075790301 -0.1770438313 0.8432194317 -0 0.1770438313 0.9792087064 0.09902419434 -0 -0.8432194317 0.09902419434 0.5283703236 -0 0 0 0 1 32 0.08778800267 0.6009182854 0.03125 -0.5650379596 0.6142210361 0.03125 -1.110551295 0.6515328904 0.03125 -1.245367409 0.7026161011 0.03125 -0.9866170733 0.7617861199 0.03125 -0.3237233167 0.8206464075 0.03125 0.5606645576 0.8727654046 0.03125 1.618183611 0.919006817 0.03125 2.697382869 0.9679692076 0.03125 3.718906155 1.036953552 0.03125 4.618379711 1.144531087 0.03125 5.31062818 1.304039382 0.03125 5.82074602 1.51628203 0.03125 6.097157208 1.759190586 0.03125 6.23996115 1.982675084 0.03125 6.033704729 2.020322597 0.03125 6.078176755 2.08153853 0.03125 5.856166386 1.882387745 0.03125 5.811265961 1.688110188 0.03125 5.724564516 1.411740508 0.03125 5.383829504 1.082661799 0.03125 4.815095537 0.7414449945 0.03125 3.859480086 0.4277117317 0.03125 2.595900766 0.1727195862 0.03125 1.138357563 -0.001444396068 0.03125 -0.4094792317 -0.08301806929 0.03125 -1.671930363 -0.07512478279 0.03125 -2.584060958 -0.00117499266 0.03125 -2.903599777 0.1059770471 0.03125 -2.674124547 0.2022327239 0.03125 -2.105382202 0.2665351581 0.03125 -1.402835712 0.297728323 0.03125 1 3 1 1 1 1 500 0.0004
0.7831604711 79.4 61.44549942 33.3064003 60.17230225 59.20501701 52.83174096 108.1682133 0.5139002208 -0.4552766477 0.7270692795 -0.5114240905 0.8005687864 0.3123059685 0.5139002208 0.4552766477 -0.7270692795 0 -0.4552766477 0.8630842224 0.2186522333 0 0.7270692795 0.2186522333 0.6508159984 0 0 0 0 1 1 0 0 61.44549942 0 1 0 33.3064003 0 0 1 60.17230225 0 0 0 1 0.5139002208 -0.4552766477 0.7270692795 -0 0.4552766477 0.8630842224 0.2186522333 -0 -0.7270692795 0.2186522333 0.6508159984 -0 0 0 0 1 32 1.043814953 0.6879140859 0.03125 0.9705420777 0.6432299717 0.03125 0.8262817501 0.5795680892 0.03125 0.7216172494 0.5164949053 0.03125 0.6355982984 0.4583841543 0.03125 0.5706639321 0.4016137787 0.03125 0.5753319979 0.3364353727 0.03125 0.6543448312 0.2548016846 0.03125 0.8931246834 0.1550838173 0.03125 1.285841264 0.0473339993 0.03125 1.870467876 -0.0475239072 0.03125 2.612913797 -0.09985362175 0.03125 3.429895945 -0.07921651433 0.03125 4.260385893 0.02862471185 0.03125 5.000044332 0.2143326221 0.03125 5.451101488 0.3651358668 0.03125 5.671956135 0.472497075 0.03125 5.792370524 0.5590550467 0.03125 5.847550977 0.6548190771 0.03125 5.691745052 0.6802586571 0.03125 5.254383539 0.6375802842 0.03125 4.570385001 0.5570852474 0.03125 3.649131893 0.4660316279 0.03125 2.558314753 0.3918599091 0.03125 1.43077711 0.3435446895 0.03125 0.3375969831 0.3222145098 0.03125 -0.5293867989 0.3196533964 0.03125 -1.128405512 0.3261252646 0.03125 -1.33701951 0.3340541578 0.03125 -1.172461659 0.3394930069 0.03125 -0.7610603798 0.3418792067 0.03125 -0.2321448962 0.3423153402 0.03125 1 3 1 1 1 1 500 0.0004
-1.884371017 79.4 61.44549942 33.3064003 60.17230225 126.9577231 41.94661619 45.50120481 0.8233478674 -0.06904191016 0.5633218475 0.702816427 0.3468021312 -0.6211097743 0.8233478674 0.06904191016 -0.5633218475 0 -0.06904191016 0.9973856961 0.02133044225 0 0.5633218475 0.02133044225 0.8259621712 0 0 0 0 1 1 0 0 61.44549942 0 1 0 33.3064003 0 0 1 60.17230225 0 0 0 1 0.8233478674 -0.06904191016 0.5633218475 -0 0.06904191016 0.9973856961 0.02133044225 -0 -0.5633218475 0.02133044225 0.8259621712 -0 0 0 0 1 32 1.657240009 0.8631581048 0.03125 1.450071228 0.8961326813 0.03125 1.26084177 0.9579847046 0.03125 1.103235589 1.042959132 0.03125 1.004737487 1.147360287 0.03125 0.9740820915 1.264724944 0.03125 1.024483631 1.39235161 0.03125 1.163304969 1.523898824 0.03125 1.383941268 1.656916556 0.03125 1.690240914 1.784221211 0.03125 2.050357661 1.90203581 0.03125 2.46324662 2.001452467 0.03125 2.880300259 2.07695935 0.03125 3.295287571 2.119612641 0.03125 3.651512835 2.123727926 0.03125 3.857179012 2.044186185 0.03125 3.272482742 1.607697408 0.03125 3.209155975 1.484211125 0.03125 3.07497106 1.378107579 0.03125 2.785338086 1.25692823 0.03125 2.375422343 1.126561347 0.03125 1.846594003 0.99821129 0.03125 1.287626556 0.8775317384 0.03125 0.7032673984 0.7719814371 0.03125 0.2080718272 0.6832312906 0.03125 -0.1921669527 0.6126919536 0.03125 -0.4145237247 0.5586440189 0.03125 -0.4548565234 0.518879972 0.03125 -0.334940491 0.4909617043 0.03125 -0.05350999567 0.4723587949 0.03125 0.2560336243 0.4615299736 0.03125 0.5944303795 0.4563427422 0.03125 1 3 1 1 1 1 500 0.0004
