1.387666267 86.9 60.50769806 33.53289795 60.54160309 66.56567868 14.99895486 91.21429984 0.6447047959 0.2663487666 0.7165291764 0.7159016389 0.4732916317 -0.5133029074 0.6447047959 -0.2663487666 -0.7165291764 0 0.2663487666 0.956866627 -0.1160370316 0 0.7165291764 -0.1160370316 0.6878381689 0 0 0 0 1 1 0 0 60.50769806 0 1 0 33.53289795 0 0 1 60.54160309 0 0 0 1 0.6447047959 0.2663487666 0.7165291764 -0 -0.2663487666 0.956866627 -0.1160370316 -0 -0.7165291764 -0.1160370316 0.6878381689 -0 0 0 0 1 32 2.149301108 1.044021219 0.03125 3.329527755 1.068603203 0.03125 4.283025908 1.133835609 0.03125 4.994994196 1.255264943 0.03125 5.320968122 1.444645608 0.03125 5.264419405 1.705684421 0.03125 4.961527632 2.035391886 0.03125 4.428640252 2.416335883 0.03125 3.850536621 2.833906645 0.03125 3.251550625 3.261913907 0.03125 2.739911992 3.68046443 0.03125 2.35668258 4.05584627 0.03125 2.245991175 4.349516644 0.03125 2.460291451 4.510126503 0.03125 3.04744211 4.485458903 0.03125 4.000025149 4.245152417 0.03125 4.130888609 3.333462218 0.03125 5.358513929 2.808153342 0.03125 6.520353502 2.193258412 0.03125 7.540972835 1.5610641 0.03125 8.309556857 0.9865205608 0.03125 8.781682564 0.5368219423 0.03125 8.938644819 0.2481053931 0.03125 8.780522567 0.1134454484 0.03125 8.363192448 0.1066224417 0.03125 7.706840665 0.1702811085 0.03125 6.860533926 0.2655531871 0.03125 5.850954869 0.3559961723 0.03125 4.731460842 0.4260457941 0.03125 3.534546355 0.4696080478 0.03125 2.445062428 0.4908790206 0.03125 1.494970962 0.4981791376 0.03125 1 3 1 1 1 1 500 0.0004
1.524695926 86.9 60.50769806 33.53289795 60.54160309 68.87788496 12.43810252 83.04206273 0.6792329596 0.1839189208 0.71050434 0.6574261231 0.5458996397 -0.5194078129 0.6792329596 -0.1839189208 -0.71050434 0 0.1839189208 0.9798561782 -0.07781838172 0 0.71050434 -0.07781838172 0.6993767814 0 0 0 0 1 1 0 0 60.50769806 0 1 0 33.53289795 0 0 1 60.54160309 0 0 0 1 0.6792329596 0.1839189208 0.71050434 -0 -0.1839189208 0.9798561782 -0.07781838172 -0 -0.71050434 -0.07781838172 0.6993767814 -0 0 0 0 1 32 2.500697768 1.050913638 0.03125 3.472440592 1.086819914 0.03125 4.237049076 1.170152284 0.03125 4.79060824 1.313743577 0.03125 5.001619242 1.525262433 0.03125 4.885379964 1.801902545 0.03125 4.609052178 2.136923769 0.03125 4.197078398 2.510274427 0.03125 3.790644401 2.905525646 0.03125 3.415023605 3.294660018 0.03125 3.133816602 3.654089147 0.03125 2.975330856 3.947592723 0.03125 3.01272458 4.137687682 0.03125 3.272367107 4.181830732 0.03125 3.800026219 4.042999635 0.03125 4.577587619 3.711073986 0.03125 4.480409732 2.749324363 0.03125 5.440424507 2.21524452 0.03125 6.354044462 1.630573006 0.03125 7.170228374 1.056527311 0.03125 7.808914859 0.5520510271 0.03125 8.238783435 0.167462249 0.03125 8.42619084 -0.06977658872 0.03125 8.362388014 -0.1591774298 0.03125 8.039262003 -0.1230760826 0.03125 7.472158158 -0.01149323678 0.03125 6.698372963 0.1351325713 0.03125 5.748165234 0.2713067999 0.03125 4.702932212 0.3784148741 0.03125 3.589713203 0.447865797 0.03125 2.518845746 0.4841893502 0.03125 1.51349716 0.4971432795 0.03125 1 3 1 1 1 1 500 0.0004
1.72361752 86.9 60.70769882 33.33289719 60.54160309 78.50320394 11.76573601 79.75967877 0.6833101421 0.2358384136 0.6909902259 0.5328578838 0.6606538617 -0.5287711705 0.6833101421 -0.2358384136 -0.6909902259 0 0.2358384136 0.9669581048 -0.09681046566 0 0.6909902259 -0.09681046566 0.7163520374 0 0 0 0 1 1 0 0 60.70769882 0 1 0 33.33289719 0 0 1 60.54160309 0 0 0 1 0.6833101421 0.2358384136 0.6909902259 -0 -0.2358384136 0.9669581048 -0.09681046566 -0 -0.6909902259 -0.09681046566 0.7163520374 -0 0 0 0 1 32 2.143884687 1.06608602 0.03125 3.157430747 1.121107394 0.03125 3.964034746 1.223394067 0.03125 4.554451158 1.387258852 0.03125 4.804252664 1.621744523 0.03125 4.726892847 1.923109792 0.03125 4.470020336 2.284293724 0.03125 4.061391161 2.682262818 0.03125 3.6687129 3.098096748 0.03125 3.321282776 3.499755691 0.03125 3.093614292 3.859067995 0.03125 3.017976637 4.136229047 0.03125 3.166695535 4.291716053 0.03125 3.556887542 4.289737921 0.03125 4.174320632 4.102868961 0.03125 4.982800175 3.735957703 0.03125 4.857459385 2.768288599 0.03125 5.724145681 2.25147886 0.03125 6.513683282 1.706341397 0.03125 7.183308058 1.18521379 0.03125 7.671722634 0.7372183658 0.03125 7.958584056 0.4009756658 0.03125 8.017182481 0.193849503 0.03125 7.849172427 0.1064552967 0.03125 7.459523549 0.1165816214 0.03125 6.866479881 0.1819911482 0.03125 6.114166912 0.2723454557 0.03125 5.227103405 0.3573164305 0.03125 4.27288807 0.4241222253 0.03125 3.272454023 0.4672493285 0.03125 2.323910067 0.4894978538 0.03125 1.447708338 0.4971552781 0.03125 1 3 1 1 1 1 500 0.0004
-3.654924144 86.9 60.50769806 33.53289795 60.34160233 103.6356479 39.91818936 58.06235447 0.6057520531 0.4301182367 0.6693748969 -0.01667086584 0.5635515626 -0.8259126579 0.6057520531 -0.4301182367 -0.6693748969 0 0.4301182367 0.8847881295 -0.1792993817 0 0.6693748969 -0.1792993817 0.7209639236 0 0 0 0 1 1 0 0 60.50769806 0 1 0 33.53289795 0 0 1 60.34160233 0 0 0 1 0.6057520531 0.4301182367 0.6693748969 -0 -0.4301182367 0.8847881295 -0.1792993817 -0 -0.6693748969 -0.1792993817 0.7209639236 -0 0 0 0 1 32 1.826311136 0.8971606599 0.03125 1.2336648 0.978468953 0.03125 0.6003048437 1.123470192 0.03125 -0.04572800241 1.316619382 0.03125 -0.4769818836 1.548491716 0.03125 -0.643059235 1.804869515 0.03125 -0.4677081983 2.082061468 0.03125 0.07485179421 2.364435145 0.03125 0.8902789512 2.638886323 0.03125 1.963363232 2.882962012 0.03125 3.152115248 3.084406846 0.03125 4.401342503 3.241204323 0.03125 5.550493106 3.363996042 0.03125 6.534451403 3.476500021 0.03125 7.282997698 3.597946872 0.03125 7.759989129 3.731267323 0.03125 7.00489632 3.379315342 0.03125 7.007319096 3.497756391 0.03125 6.848675053 3.586616089 0.03125 6.569693851 3.602088988 0.03125 6.231630538 3.516432313 0.03125 5.870535498 3.310318165 0.03125 5.478587548 2.991638575 0.03125 5.05495407 2.591174005 0.03125 4.616140054 2.146244756 0.03125 4.148604265 1.708437011 0.03125 3.671777953 1.311647277 0.03125 3.173610937 0.9938449327 0.03125 2.653869008 0.7611305456 0.03125 2.116137448 0.6133267566 0.03125 1.633169157 0.5333226375 0.03125 1.219762567 0.5011363433 0.03125 1 3 1 1 1 1 500 0.0004
