0.09787712057   -0.3038173095   0.3857988696   0.9963471079   -0.04258100938   -0.07402228127   0.04122077238   0.9989536912   -0.01980834856   0.07478829058   0.01668473519   0.9970598433   

-1.273288266   1.247710229   0.2199610237   0.9959897356   0.02282090299   0.0865081089   -0.02378682076   0.9996655144   0.01015118236   -0.08624751403   -0.01216822632   0.9961994281   

-4.434412881   3.264427184   3.01598226   0.9902822072   -0.009926795755   0.1387177311   0.01075347165   0.9999286006   -0.005211191435   -0.1386560963   0.006652247345   0.9903182491   

-6.174721607   0.7101783961   4.998023952   0.9884783688   -0.03872434627   0.1463247738   0.04264489741   0.9988079385   -0.02375109878   -0.1452305999   0.02971745235   0.9889514376   

-9.909518282   -0.7247711832   7.217551181   0.9866674251   -0.01193832988   0.1623110241   0.01171895715   0.9999286649   0.002308931219   -0.1623270104   -0.0003760312844   0.9867369458   

-3.87543905   3.242883356   0.1052340973   0.9932473397   -0.05986976758   0.09937471068   0.06689219119   0.995378071   -0.06890522878   -0.09479006779   0.07508732733   0.9926614409   

-5.577268717   5.47785907   1.110941681   0.9974176025   -0.06378171275   0.03301543969   0.0666356906   0.9933282385   -0.09412064222   -0.02679199279   0.09607759194   0.9950132087   

-2.567804776   2.99135222   0.8358887502   0.9993710208   -0.004614072963   0.03516067575   0.00418998833   0.9999177049   0.01212548745   -0.03521373009   -0.01197053795   0.9993081104   

-2.095977738   6.288830064   6.496779076   0.994676035   -0.09825798885   0.03106369176   0.1021832994   0.9794635883   -0.1738092419   -0.01334760844   0.1760580781   0.9842892839   

-1.759498632   0.4705298221   2.398815962   0.9996899336   0.02468050486   0.003302943166   -0.02481965429   0.9983203217   0.05234997595   -0.002005371448   -0.05241572189   0.9986233377   

-7.890953073   2.515356602   5.840223835   0.9965784257   -0.06283737732   0.05369269443   0.0669720835   0.994619561   -0.07903587161   -0.04843739727   0.08236135612   0.9954247463   

-6.115005486   1.087904654   6.619366132   0.9908688915   -0.07036047795   0.1150140988   0.07052115437   0.9975066934   0.002676451424   -0.1149156498   0.005458914563   0.9933602537   

-0.8173828161   -0.01784529658   -0.01276936119   0.997581545   0.03037572414   -0.06251700907   -0.03203983695   0.9991537976   -0.02579025998   0.06168070921   0.02773092217   0.9977106224   

-5.522939851   0.6067316909   1.781326246   0.9979115112   -0.04632684945   0.04501598492   0.04879074195   0.9972786006   -0.05527075436   -0.04233295853   0.05735168531   0.9974561167   

-7.290141894   -2.288497231   11.22336377   0.9120853108   -0.2421385182   0.3308614874   0.09148712274   0.9068278236   0.4114527977   -0.3996629732   -0.3450104874   0.8492568936   

-1.493089026   1.766812954   7.214548605   0.9969953888   0.05207956121   -0.05734033474   -0.06304306742   0.9756672827   -0.2099974407   0.04500851402   0.2129813906   0.9760190372   

-8.143454248   4.131972878   15.99325786   0.9886331865   0.06060703075   0.1375907354   0.02620607848   0.8316762019   -0.5546421699   -0.1480461552   0.5519433694   0.820634421   

31.70624741   5.784489735   -19.46197469   0.9397557323   0.2928593444   -0.1763308481   -0.2571078969   0.9454585781   0.2000090161   0.2252880222   -0.1426235658   0.9637965685   

7.8850838   -6.262671266   -0.6572747923   0.9914973305   0.1102082778   -0.06918944341   -0.1033061254   0.9899610669   0.09646206716   0.07912577351   -0.08849418877   0.9929289454   

6.380790981   -4.496396712   -4.329439475   0.9930165825   0.1013663062   -0.06035676279   -0.09519021471   0.9906579522   0.09765062557   0.06969139024   -0.09122331727   0.9933888546   

3.006184249   -6.247778509   -3.608931617   0.9969659399   0.07545709824   -0.01910866357   -0.07276317084   0.9906334833   0.1155457604   0.02764842975   -0.1138047806   0.9931183395   

-3.21556953   -9.634490004   0.6874234169   0.9988524669   0.04729211225   0.007563424529   -0.04780379781   0.9941187268   0.09717383352   -0.00292338612   -0.09742388376   0.9952386853   

-2.945967579   -5.131939153   1.452722482   0.9991386728   0.02068129388   -0.03597494474   -0.02040269388   0.9997590774   0.008094266969   0.03613367748   -0.007353309372   0.9993199118   

-4.220281867   -6.49319572   0.5440347213   0.9977540849   0.01657960022   0.06489917514   -0.02201758826   0.9962229594   0.08399429144   -0.06326145655   -0.0852345707   0.99435057   

-1.05785787   -5.842150626   0.1637482794   0.9974544654   0.03768191519   -0.060536457   -0.03554891551   0.9987216914   0.03593407451   0.06181313747   -0.03369059769   0.9975189621   

-4.200248602   -7.618739021   2.357941213   0.9888331743   0.1090626412   -0.1015593115   -0.09505387265   0.9864361733   0.1338224097   0.114776804   -0.1226744324   0.9857876388   

-1.806302417   -5.534858093   3.54078001   0.9898092759   0.08634761558   -0.113232887   -0.07487665576   0.9919706671   0.1019199785   0.1211242496   -0.09240284023   0.9883271884   

-2.58489764   -2.227171503   1.655767159   0.9986311953   0.04129573547   -0.03209981443   -0.03974433265   0.9980777306   0.04755240945   0.03400182166   -0.04621153379   0.9983528285   

-0.127873631   0.6428392034   -0.2385638365   0.9987957017   -0.03564904216   0.03370893205   0.03705324192   0.9984306102   -0.04199254474   -0.0321590356   0.04319099841   0.9985491145   

2.952364642   0.550360028   -0.637944389   0.9982857161   0.03654821917   -0.04571495029   -0.03455349614   0.998447482   0.04368845972   0.04724071241   -0.04203395394   0.9979987284   

8.507777105   11.95151938   -8.407197634   0.9654456882   -0.1486975458   0.2140179033   0.1890998032   0.9648125384   -0.1826965523   -0.1793206276   0.216854342   0.9595927818   

10.50253781   7.059939951   -3.951194136   0.9967531188   0.0008781153353   -0.08051365741   -0.002490536508   0.9997983069   -0.01992844268   0.08047991888   0.0200642596   0.9965542675   

2.897294572   1.711692272   -3.554918779   0.9987500774   -0.0005956072223   -0.04997927647   -0.0001071413578   0.9999011906   -0.01405694239   0.04998271047   0.01404472715   0.9986513277   

12.02489851   -0.9490203934   -12.21564112   0.9946547331   0.03349439849   -0.09767336948   -0.03244819838   0.9993979704   0.01228052   0.09802589585   -0.009045552472   0.9951427544   

-5.020192942   4.663385462   2.257483735   0.9987517031   -0.02513188032   0.0431673969   0.0257732815   0.9995645736   -0.01436666569   -0.04278753936   0.0154612973   0.9989645513   

-17.41745111   -3.564048796   -3.472841931   0.9609129742   -0.02866258506   0.2753628737   0.01501701897   0.9985582049   0.05153639971   -0.2764430233   -0.04538686563   0.9599579612   

-0.8113272378   -1.301139408   0.8081590054   0.999770742   0.005253687678   0.02075722214   -0.005604464569   0.9998418633   0.01687715346   -0.02066527237   -0.01698961735   0.9996420857   

-0.7983152356   -0.5781601648   2.387517291   0.9982085768   0.02713965392   0.0533205067   -0.03097041648   0.9968959129   0.07238350715   -0.05119053187   -0.07390519596   0.9959505768   

0.9967761279   0.866247704   5.072945983   0.9994108098   0.01114075052   0.03246408558   -0.01213730934   0.9994560651   0.0306636536   -0.03210481112   -0.03103961353   0.9990024142   

-0.8893889718   0.5642392698   2.998613455   0.9988693486   0.01557172228   0.04491710057   -0.01752456545   0.9989033841   0.04341565177   -0.04419178729   -0.04415371647   0.9980468603   

-0.1759137031   2.802951241   -1.1266788   0.9997842152   -0.0008690837495   0.02075494401   0.0009552417286   0.9999909671   -0.00414164947   -0.0207511571   0.004160581754   0.9997760144   

-4.881172831   8.474427837   -4.950531813   0.9927987074   -0.04262272226   0.1119554827   0.06049954457   0.9850181287   -0.16149022   -0.1033950273   0.1671005374   0.9805033803   

1.211608492   6.431095119   -1.781318465   0.9983484981   0.007681525213   -0.05693215756   -0.007982125902   0.9999553681   -0.005054455096   0.05689079064   0.005500547303   0.9983652548   

2.356629566   4.664905625   -0.2372919489   0.9992848276   -0.0005373106654   -0.03780931933   -0.0003317303035   0.9997359892   -0.02297480843   0.03781168188   0.02297091998   0.9990208274   

-0.04621255676   1.07796523   7.29351367   0.999614175   -0.0255933206   -0.01079273144   0.02456010273   0.9959126581   -0.08691823049   0.01297314399   0.08661962468   0.9961569847   

-5.566757293   2.411688126   -3.674033766   0.983906519   -0.0664030848   0.1658872878   0.07924087566   0.9942517711   -0.07200207817   -0.1601525696   0.08398836803   0.9835126377   

3.506510829   7.027253593   -7.345148477   0.9596353747   -0.09953986977   0.2630432702   0.1115755832   0.993266613   -0.0311821218   -0.2581682337   0.05927267342   0.9642799973   

7.452315238   -4.761328448   5.141941088   0.9056897173   0.1563761784   -0.3940464779   -0.2422145592   0.9537104934   -0.1782369271   0.3479342513   0.2568711461   0.9016423743   

-1.844673511   -4.547231502   2.140776307   0.999614499   0.005372476408   0.02723949126   -0.007377198158   0.9972281005   0.07403845315   -0.02676621629   -0.07421086237   0.9968833019   

-3.828674656   -3.747027934   2.347057252   0.9999749701   -0.000332205202   0.007067443127   0.0002388301676   0.9999127323   0.01320874039   -0.00707121438   -0.01320672186   0.9998877839   

-5.690404033   -7.871142331   3.939219023   0.9998516314   0.01022271629   0.01386402973   -0.01106251312   0.9980200986   0.06191529356   -0.01320363784   -0.06205947829   0.9979851127   

1.655681934   -0.7557613574   2.040612662   0.9847540429   0.09817735562   -0.1435990313   -0.08929033914   0.9937434989   0.06709019096   0.1492873413   -0.05324533058   0.9873592176   

2.416629517   2.885818481   3.1899878   0.9795753206   0.1362336415   -0.1478938345   -0.1173803573   0.9846061519   0.1295089854   0.1632606599   -0.1095039747   0.9804870404   

-0.9281864191   1.774134024   3.640594499   0.9980729767   0.02007700913   -0.05871326026   -0.01969540093   0.9997810216   0.007071064824   0.05884236916   -0.005901057517   0.998249845   

-0.3889227732   3.214921549   -1.727340426   0.9988953026   -0.03699782245   0.02897128801   0.03804800447   0.9986062214   -0.03657818953   -0.02757759509   0.03764008139   0.998910757   

3.177069517   -1.749258559   -7.772470748   0.9973381486   0.03231071565   0.06536539619   -0.03684262447   0.9969112467   0.06935839639   -0.06292247919   -0.07158200739   0.9954480287   

2.016958352   2.295510409   -2.29723901   0.9980736258   0.03047889092   -0.05403771472   -0.02894826611   0.9991634699   0.02888526103   0.05487290127   -0.02726531906   0.9981210183   

-0.7689766231   0.003623521931   -3.22794484   0.9994243699   0.01318728045   0.03125738945   -0.01394490879   0.999611189   0.0241456051   -0.03092682137   -0.02456758761   0.9992196782   

7.596732396   -0.07489211748   -6.250363711   0.995668455   -0.009810261364   -0.09245586276   0.007258453463   0.9995844707   -0.02789624898   0.09269111414   0.02710432855   0.9953259329   

5.51978917   4.38061797   0.8322527286   0.9978512653   -0.06417880695   -0.01318836992   0.06297161616   0.9950033213   -0.07747881043   0.01809496949   0.07648183605   0.9969067664   

-3.162677186   7.196942571   -3.047992997   0.9967404775   -0.0786509851   0.01795669763   0.07988668877   0.9932793244   -0.0837514224   -0.01124888461   0.08491293388   0.9963248749   

-7.384628304   11.53856187   -2.520881183   0.9758324545   -0.1803763704   0.1233506614   0.1981572085   0.9683817602   -0.1515601772   -0.09211265596   0.1723401624   0.980721228   

-0.4800167135   3.350033964   -0.8467611211   0.9999818757   0.002056109036   0.005658686754   -0.002113377069   0.9999464258   0.01013307258   -0.005637548893   -0.01014484786   0.9999326478   

-2.795129735   -2.120672633   1.705954861   0.993251787   -0.05277657345   0.1032740087   0.04782804472   0.9976122967   0.04982151683   -0.10565683   -0.04454591672   0.9934043968   

-2.379402185   -0.2906664504   1.089186578   0.9985986697   -0.03239462941   0.04184835506   0.03278685615   0.9994243235   -0.008720303345   -0.04154177295   0.01008015932   0.999085918   

-1.422294627   -3.331497586   0.7608353031   0.9990988799   -0.003822165723   0.04227078464   0.0007367121644   0.9973485834   0.07276853972   -0.0424368406   -0.07267182512   0.9964526684   

-3.453651419   4.651511056   -4.699276175   0.9993514807   -0.02608937863   0.02481859059   0.02705743921   0.998853   -0.03950416997   -0.02375948442   0.04015007825   0.9989111362   

1.910476832   3.989301313   0.6994515657   0.9966804221   0.0006277580334   -0.08141094555   -0.01393134321   0.9865362162   -0.1629484943   0.08021255396   0.1635417379   0.9832700779   

13.95380246   2.916158296   2.876887394   0.9950922136   0.04625993701   -0.08747287907   -0.05250912616   0.9961256413   -0.07054430176   0.0838706028   0.07479120984   0.9936659383   

0.9731474401   -2.720699635   -0.5873347669   0.9998779777   0.01545819965   0.00225251381   -0.01551699184   0.9994599407   0.02896635761   -0.00180352958   -0.0289977753   0.999577849   

1.278181471   -2.105651782   0.7564943166   0.9998490759   0.008654072919   -0.01506427626   -0.008818106844   0.9999021808   -0.01085678407   0.01496884728   0.01098798391   0.999827584   

1.575737605   -4.600639672   3.907993121   0.9998598763   -0.00391688455   -0.01627531379   0.00338840838   0.9994701238   -0.03237267864   0.01639348993   0.03231299505   0.9993433463   

-4.632775022   5.721963692   3.702946681   0.9958603488   -0.0799681078   -0.04321189021   0.07010229891   0.9783151125   -0.1948979434   0.05786046498   0.1910618811   0.9798711773   

-3.328976199   -10.76893359   9.701773106   0.9746771646   -0.1797871472   0.1329699455   0.1642914022   0.9791332206   0.1196096634   -0.1516995711   -0.09473498875   0.9838762737   

3.654354652   17.721056   -0.8064159945   0.9545533292   0.1254714018   -0.2703421333   -0.2390540129   0.8640300137   -0.4430635557   0.1779919117   0.4875541639   0.8547571682   

6.553071677   7.715403116   6.021811403   0.979540839   0.1538282783   -0.1297559461   -0.1788133236   0.9611085526   -0.2104664949   0.09233385102   0.229362619   0.9689516236   

-10.98993182   -1.796977388   -6.961065116   0.9800495835   -0.1821617911   0.07949777178   0.162148236   0.9641149917   0.2102147292   -0.1149380852   -0.1931304343   0.9744177092   

0.4681025334   -0.09955353137   0.4315102326   0.9941289501   0.09315849123   -0.05503749788   -0.09835751553   0.9900277616   -0.1008505349   0.04509356716   0.1056717879   0.9933780969   

-3.31427867   -6.48731888   -0.7642367755   0.9922891724   -0.0888519927   0.08641482378   0.0720808768   0.9808681161   0.1808371807   -0.1008292893   -0.1732139201   0.9797093407   

5.781187844   -17.48215149   -4.786009835   0.9991855501   0.01474967905   0.03755906616   -0.0178360896   0.9963721755   0.08321275036   -0.0361954471   -0.08381488462   0.9958237569   

8.005739399   -3.15349007   -1.79336695   0.9950364398   0.09062050298   -0.04111457089   -0.09204195303   0.9951709066   -0.03410491997   0.03782541979   0.03771990354   0.9985722039   

-1.530837932   -4.772163409   -1.424668816   0.994765241   0.02031772418   0.1001464198   -0.03695760543   0.9852265147   0.1672209623   -0.09526935878   -0.1700467727   0.9808199857   

10.65518182   -4.319476241   -5.156375784   0.9772292341   0.1909675449   -0.09249011183   -0.191816033   0.9814308562   -0.0002896945522   0.09071732739   0.01802418432   0.9957135609   

3.261032138   -5.034630643   -2.421145935   0.978557878   0.1590341322   0.1308916508   -0.1806335709   0.9679765238   0.174335775   -0.09897470644   -0.1942410723   0.9759479563   

-2.030808881   0.6694515299   1.094584944   0.9958329734   -0.01382223867   0.09014230255   0.009219173269   0.9986416427   0.05128231999   -0.09072869356   -0.05023758769   0.9946077061   

-0.5188152052   0.8150600551   0.6247007579   0.9949664785   -0.01612607445   -0.09890225647   0.008497692813   0.9969893084   -0.07707209718   0.09984736266   0.07584371213   0.9921079757   

-0.03906274018   1.463364545   1.239213752   0.999611425   -0.0245774402   0.01315098802   0.02466193433   0.9996759858   -0.006301774152   -0.01299184543   0.006623654243   0.9998936639   

0.2037609776   1.730174864   1.429337605   0.9928905282   -0.05738688344   -0.1042839611   0.04521506164   0.9922722663   -0.1155480318   0.1101090238   0.1100113406   0.9878124862   

-2.072634426   1.681499496   3.58452117   0.9944527962   -0.07597952766   0.07273752529   0.07387960239   0.9967808227   0.03114154497   -0.07486949018   -0.02559497702   0.9968648136   

1.193620612   -0.3781957755   1.531259553   0.9998336295   0.01575828283   0.009186392138   -0.01592615432   0.999702073   0.01849656066   -0.00889218123   -0.01863978728   0.999786721   

2.823525117   0.6212759745   0.52790831   0.9914435812   0.05984469872   -0.1160096432   -0.06778200848   0.9955329729   -0.06572441897   0.1115581669   0.07302541993   0.9910711697   

0.492309645   -0.2193571261   -0.4417877099   0.9995390206   0.02997220605   -0.004838707636   -0.02993468247   0.999522586   0.007649501795   0.005065670013   -0.007501130356   0.9999590352   

0.1030782032   0.3285489641   -0.1240005331   0.9997236912   -0.003994788747   -0.02316425879   0.003544359926   0.9998044793   -0.01945355121   0.02323744253   0.01936607355   0.9995423835   

-2.028355115   1.776996962   -7.476488131   0.9804216157   -0.1007221304   0.1691996097   0.0822473551   0.9901995982   0.112872177   -0.1789101117   -0.09674610181   0.9790972187   

