4.340431066   -0.5089618038   -0.03444935889   0.9906824181   0.0528656338   0.125513231   -0.009677826225   0.9465847557   -0.3223098508   -0.1358480257   0.3180920071   0.9382764992   

1.181150558   4.530639896   3.735330189   0.9614657912   0.1073481028   -0.2531006067   -0.1404750288   0.9831912547   -0.1166264246   0.2363266777   0.1476866326   0.9603844855   

1.93659089   -0.4234157586   2.762557948   0.9572546875   0.2835337804   -0.05720191146   -0.007518409699   0.2220856776   0.9749981668   0.2891486414   -0.9328914981   0.214724279   

0.469267046   -0.7533889547   0.2097078134   0.999882748   -0.007527943144   0.01333492617   0.008365130683   0.9979224737   -0.06388083436   -0.01282633122   0.06398489261   0.9978684376   

-4.774037074   -2.232864501   -0.345078709   0.9997628369   -0.02141014743   -0.003984404796   0.02119373859   0.9986158361   -0.04813769188   0.005009524807   0.04804183097   0.9988327623   

-6.472076153   -2.755905232   -3.439053158   0.9990017382   -0.01444513253   0.04227132769   0.02111043254   0.9866046369   -0.1617579678   -0.03936847263   0.162488857   0.9859246902   

-10.90414573   9.484805484   6.071187445   0.9909285877   -0.08913639467   -0.1005745356   0.08309980658   0.9945667457   -0.06270096057   0.1056170261   0.05377444985   0.9929518379   

29.7945047   1.675017855   -15.75254431   0.9736278351   -0.05166359746   -0.2222154617   0.08235411105   0.9879369727   0.1311424352   0.2127595805   -0.145984282   0.9661376456   

3.251407428   1.278541282   -3.804170234   0.998962302   0.01686204201   -0.0423082829   -0.01426818103   0.9980431898   0.0608786517   0.04325203201   -0.0602118158   0.997248113   

8.206234781   3.051981047   -3.59298691   0.9991359147   0.03808905468   -0.01663273419   -0.03708199823   0.9976765641   0.05715241812   0.01877097067   -0.05648625853   0.9982269047   

