-3.148986883   1.377895383   2.277870302   0.9921782025   0.009302322683   0.1244824537   -0.00851126333   0.999940075   -0.006885109215   -0.1245390416   0.005771752341   0.9921979208   

0.8772111042   -2.235284804   1.915644848   0.9983925463   0.05666974564   -0.0009292351851   -0.05655027591   0.9971172792   0.05058851475   0.003793394722   -0.05045464755   0.9987191491   

0.4206930891   1.065925589   0.8898263606   0.9951613981   -0.0005290527063   0.09825228668   0.002772305608   0.9997385588   -0.02269644005   -0.09821459187   0.02285900638   0.9949026886   

0.5421453511   -0.9238109592   1.167419515   0.9997179607   0.01340725041   -0.0196021605   -0.01304204197   0.9997411636   0.01864164526   0.01984701995   -0.01838073538   0.9996340552   

-7.203255293   4.501739597   5.623245452   0.9682715169   -0.0176581102   0.2492758725   0.04045112636   0.995420497   -0.08661258884   -0.2466048983   0.0939479926   0.9645516051   

-2.003220038   0.03833593337   3.400832897   0.9999938538   0.0002187691807   0.003499228061   -0.0002182261531   0.9999999641   -0.0001555660366   -0.003499261969   0.0001548014574   0.9999938656   

-7.958282647   4.491509635   10.51986034   0.9770408818   -0.02735021068   0.2112890941   0.04881757376   0.9940802378   -0.09706351131   -0.2073836054   0.1051496396   0.9725922031   

2.174767764   -1.35123151   2.939564688   0.9989822913   0.009997465796   -0.04398218196   -0.008854845394   0.9996201782   0.02609772293   0.04422638766   -0.02568170763   0.998691382   

-3.181275642   1.331277345   5.896336543   0.9989761783   -0.009165419618   0.04430113098   0.01035111245   0.9995923109   -0.02660951887   -0.04403918249   0.02704084146   0.9986637789   

-2.574361245   2.468232111   5.712811021   0.9999930479   -0.001307277624   0.003492170253   0.001320875288   0.9999915449   -0.003894292833   -0.003487049804   0.00389887848   0.9999863195   

-1.899591069   1.572950267   3.351706763   0.9999978929   -0.002027793498   0.0003198678215   0.002029885529   0.9999756183   -0.006681495378   -0.0003063113297   0.006682130595   0.9999776274   

-3.784896396   1.70131671   6.987249712   0.9999117116   0.0006465419956   0.01327219007   -0.0007036635245   0.999990509   0.00429963251   -0.01326928421   -0.004308592058   0.9999026763   

-2.903600266   1.373414362   5.359225391   0.9998743367   -0.01204320513   0.01030883558   0.01245779565   0.9990755117   -0.04114517405   -0.009803785411   0.04126842898   0.9990999963   

-3.249566514   1.683433305   6.653243479   0.9999099531   -0.0006903721336   -0.0134018334   0.0006024506257   0.9999782796   -0.006563337935   0.01340607345   0.006554672984   0.9998886505   

-4.423408524   -0.2908420999   7.459523466   0.9998457442   0.0108728829   -0.01379377363   -0.01042423364   0.9994273831   0.03219070191   0.01413588082   -0.03204194679   0.9993865571   

-4.741981361   2.581786987   8.38817017   0.9893947882   0.04483684936   -0.1381579166   -0.03112191291   0.9945128317   0.09987819679   0.1418780446   -0.09451922872   0.985361221   

-4.562381353   -1.047148606   4.391760761   0.9975213396   0.01881168113   -0.06780337518   -0.01575512476   0.9988475511   0.04533592125   0.06857808015   -0.04415529827   0.9966681276   

-5.490276586   1.978454839   8.102726167   0.9845832889   0.06774186645   -0.1612661987   -0.04521955586   0.9891969089   0.1394441367   0.1689702313   -0.1300019809   0.977010003   

-3.748873549   1.593602115   6.646198789   0.9773457211   0.11934928   -0.1747887032   -0.08205238964   0.9749172892   0.2068905137   0.1950967625   -0.1878617275   0.9626241346   

-3.711770358   -1.429905307   2.763236398   0.9869023137   0.1452597579   -0.07016712865   -0.1317743684   0.9768067222   0.1687724602   0.09305556966   -0.1573157024   0.983154327   

1.296057933   1.177747929   -2.260469134   0.9957614074   -0.02679983268   0.08798288775   0.03545036704   0.9945271956   -0.09827984917   -0.0848674911   0.1009823066   0.9912618638   

1.48930679   -1.032273394   -0.8747097502   0.998865572   0.0377372949   -0.02904248048   -0.03603797339   0.9977256002   0.05696394614   0.0311260915   -0.05585269251   0.997953728   

2.015690166   1.950077673   -2.471680619   0.9839741251   -0.1749645515   -0.03438498122   0.1710420551   0.9806437811   -0.09530157406   0.05039381516   0.0878930051   0.9948544029   

0.7197957069   1.037094026   -0.9504601193   0.9992426353   -0.003375946013   0.03876543412   0.004345418029   0.9996792133   -0.02495171098   -0.03866876306   0.02510126545   0.9989367614   

1.522691567   -0.6214658513   -2.013321565   0.9900977068   -0.1394628266   0.01602032985   0.1403782281   0.9841827466   -0.1080660646   -0.0006957334058   0.1092448683   0.994014625   

0.5906205293   1.93026234   -0.7188867978   0.9658129004   -0.2492855893   0.07114869138   0.2586717532   0.9448543382   -0.2008462192   -0.01715708158   0.2123840263   0.9770356493   

-0.4320815947   1.498063551   0.1236695927   0.958387527   -0.2538597767   0.1305701413   0.275925157   0.9410535463   -0.1956617764   -0.07320283963   0.2235473927   0.9719402798   

-1.355110185   1.774887759   1.63936165   0.9948801409   -0.09466609775   0.03538128284   0.09718194311   0.9922155021   -0.07787212119   -0.02773400748   0.08091184871   0.9963353339   

1.114456347   0.8624139292   2.192209663   0.9790342728   -0.2024000302   -0.0229373161   0.1886876603   0.9435550141   -0.2722148091   0.0767389052   0.2621796391   0.9619630852   

1.223937841   8.388481589   -4.771752941   0.9655127073   -0.2318517523   0.118448204   0.2350132705   0.9719016442   -0.0132648674   -0.1120445215   0.04064429785   0.9928716263   

-2.932653438   -9.145136979   3.222824464   0.9882431972   0.1245943916   -0.08860937215   -0.1305270836   0.989335988   -0.06462958468   0.07961195696   0.07543567032   0.9939675025   

-3.731830548   21.61633966   -5.795792299   0.9166515283   -0.37890939   0.1271913902   0.3959332272   0.9043502183   -0.159334749   -0.05465212896   0.1964137388   0.9789968274   

1.836643812   3.671461963   -2.17292317   0.99546968   0.0926993129   -0.02114127573   -0.09486702952   0.9832376544   -0.1557047262   0.006353177228   0.157004944   0.9875773816   

5.772511824   1.086036561   -11.36282663   0.9987301051   0.04244973189   0.02713295847   -0.04954539115   0.9252121315   0.3762017623   -0.009134078395   -0.3770683386   0.9261403979   

-0.2721268212   0.02857477062   -1.737979567   0.9996260566   0.02063612831   -0.0179414948   -0.02179645604   0.997509265   -0.06708338578   0.01651246594   0.06744936139   0.9975860475   

-1.335954674   -0.3312740419   -3.36387371   0.9994436055   0.03006714882   0.01443765539   -0.03218552027   0.9829624378   0.180966677   -0.008750520925   -0.1813306716   0.9833832498   

-4.96917222   -4.240360815   -0.4226875753   0.9858462774   -0.1531490336   0.0682091696   0.1675280987   0.9155256905   -0.3657144326   -0.006438435183   0.3719651645   0.9282243602   

-2.373008747   -30.5112502   15.62149037   0.9383154645   -0.176530907   0.2973229354   0.302819835   0.004421938496   -0.9530375617   0.1669258414   0.9842851646   0.0576062334   

-3.3857289   -1.552246501   3.317911713   0.9995465701   -0.007317964267   0.02920790221   0.008789076837   0.998682319   -0.05056063498   -0.02879941459   0.05079441977   0.9982938048   

-2.362442297   -0.05761366503   6.762843978   0.9905445891   -0.01337569556   -0.1365375689   0.01479086612   0.9998468415   0.009355413736   0.1363915219   -0.01128646336   0.990590717   

-0.1786478592   -0.7396305829   -0.3489526619   0.9313690406   -0.09144056046   -0.3524064898   0.06232477193   0.9937019916   -0.09312343828   0.3587022901   0.06476863327   0.9312022826   

0.644585033   3.635214602   2.913609449   0.8722431042   0.08434178893   0.4817451919   -0.1447592811   0.9854035875   0.08957968666   -0.4671581293   -0.1478723516   0.8717207407   

-9.301532529   34.03260728   -13.5703004   0.9019203428   0.4286380432   -0.05300116162   0.07925318395   -0.04361771534   0.9958998081   0.4245687554   -0.9024228071   -0.07331063446   

-4.402339909   -1.130648233   1.734291175   0.9662215491   -0.2264852765   0.1229647821   0.241292244   0.9626309411   -0.1229622876   -0.09052055623   0.1484792602   0.9847638997   

-0.4560918939   0.2820893805   -0.6316502873   0.9982842354   0.002300077379   -0.05850893019   0.005040715931   0.9921429536   0.1250078029   0.05833675043   -0.1250882458   0.9904290759   

0.2083496865   -0.7027914066   0.4612046785   0.9950954099   -0.04032299428   0.09032818713   0.05343000296   0.9875808903   -0.1477471488   -0.08324878402   0.1518487449   0.9848916685   

0.8340611425   -1.292162793   0.5882359043   0.9497739481   0.2995161616   -0.0906615486   -0.2855712483   0.9480288624   0.1403222655   0.1279785511   -0.1073841005   0.9859463197   

1.12742617   -1.046776626   0.1468594194   0.9481774795   -0.2668638252   0.1724620716   0.3038478713   0.9202780452   -0.2465051533   -0.09292975004   0.2861328682   0.9536729226   

1.622727043   -1.132829048   -0.3671334442   0.9907511485   -0.07195659921   -0.1150409043   0.09379308526   0.9758270164   0.1973942535   0.09805620325   -0.2063586247   0.9735507686   

1.705077857   3.164536916   0.06085909315   0.9995986998   0.003744653592   0.02807876407   -0.002456038489   0.9989481741   -0.04578769867   -0.02822068917   0.04570036153   0.998556493   

1.855002998   5.747042633   -0.5364682702   0.978519829   0.2019603374   -0.0413638285   -0.2017057928   0.9793921965   0.0102809767   0.04258776038   -0.001716815745   0.9990912547   

-1.93208312   2.925971552   -0.9366972698   0.9996335229   0.006715923058   0.02622434487   -0.004725233312   0.997153722   -0.07524710573   -0.02665505687   0.07509561324   0.9968200223   

-2.823295416   -0.3703838582   -2.849689196   0.9944729095   -0.09121581795   0.05199333352   0.09607161811   0.9903224871   -0.1001579538   -0.04235417768   0.1045994554   0.9936121364   

8.098314302   5.459593548   0.3017587313   0.9920905189   0.1242841485   0.01760263555   -0.123481479   0.9914974182   -0.04105111437   -0.02255497049   0.03855282188   0.9990019786   

7.169446246   1.175259222   0.5917199968   0.9997161561   0.02323128584   -0.005283431448   -0.02311525262   0.9995110915   0.02105381167   0.00576995545   -0.02092570782   0.9997643834   

2.402910259   0.9640228648   0.6914132809   0.9993589007   0.0341500927   0.0107498264   -0.03376733375   0.9988521314   -0.03397332559   -0.01189767923   0.03358855234   0.9993649255   

8.208302433   1.410227881   -1.78201575   0.9957394719   0.09220513849   -0.001056641668   -0.09211248573   0.9951383421   0.03485642067   0.004265445733   -0.03461058402   0.9993917718   

1.164176219   -0.7518672462   -2.69158021   0.9997827866   -0.01577594597   -0.01361980718   0.01674680709   0.997088741   0.07438808323   0.01240661401   -0.07460001343   0.9971363567   

1.367973642   -2.996391487   -5.521408857   0.999739052   0.01556945221   -0.01671586317   -0.01398226046   0.995734728   0.09119675297   0.01806444896   -0.09093922981   0.9956925892   

1.174331918   -1.25055142   -0.6189567467   0.9980122308   -0.06285666356   -0.00454169525   0.06301937254   0.9958356225   0.06587846061   0.0003818816827   -0.06603372422   0.9978173187   

-0.626532628   -0.593832711   0.3197106797   0.9999505944   0.007333928667   0.006709865653   -0.007092382104   0.9993501569   -0.03534065736   -0.006964691153   0.0352913224   0.9993527984   

-0.9580450441   0.3298533674   1.890654882   0.9981956916   -0.05681867487   0.01941647161   0.05751219024   0.9976495724   -0.03725155834   -0.01725425042   0.03830102885   0.9991172714   

0.4308828842   -0.6987552458   0.1041563462   0.9989915782   0.04487423041   -0.001459525682   -0.04489191051   0.9988626764   -0.01606455742   0.0007369810778   0.01611387846   0.9998698914   

0.1709255649   0.09991543309   -0.3619996314   0.9976704329   -0.06797404679   -0.005765094569   0.06817332787   0.9965100112   0.04816840238   0.002470773217   -0.04844921654   0.9988225912   

8.885345143   -7.672105128   1.6814114   0.9985900601   0.05242916618   -0.008311095967   -0.05243779108   0.9986238534   -0.0008231148654   0.008256503454   0.001257769837   0.9999651235   

10.03616885   -16.03396617   2.171914599   0.9952557262   0.0923909318   -0.0304951666   -0.08989490332   0.993123242   0.07500088357   0.03721486024   -0.07190369879   0.9967170673   

4.087131775   -6.221131693   2.967752879   0.9996021778   0.02806863325   0.002763685105   -0.02782592367   0.9974418125   -0.06584488299   -0.004604790952   0.06574178634   0.9978260437   

0.5374113739   -12.41137543   0.3441324575   0.9411272865   0.3347388261   -0.0472159821   -0.3148445869   0.9187839776   0.2381362816   0.1230947472   -0.2092508561   0.9700833791   

-0.3807866615   -2.741485404   1.69624227   0.9888542095   0.1025948457   -0.1078964783   -0.1222626983   0.97310784   -0.1952254193   0.0849657872   0.2062411922   0.9748053065   

3.342545714   10.73107315   1.223348052   0.9803323534   -0.191115704   0.04922666547   0.1883845537   0.9805424939   0.05520577524   -0.05881952792   -0.04484646416   0.9972607772   

0.2021189211   1.429210196   -1.002060886   0.9997716411   0.02109403338   0.003421612636   -0.02123741602   0.9985527848   0.04940959572   -0.002374413165   -0.04947097881   0.9987727391   

7.883654103   -3.699227686   -3.272079709   0.99949563   0.01257505771   0.02916082087   -0.01745992361   0.9846180812   0.1738458661   -0.0265261497   -0.1742673292   0.984341029   

1.978685101   -1.698975911   1.180878358   0.9987165678   0.02140603607   -0.04590205724   -0.02823151459   0.9877248099   -0.1536316424   0.04204995628   0.1547303512   0.9870614569   

2.803420909   -2.176654252   -0.9163268734   0.9316677995   0.3513038822   -0.0926320344   -0.3467166612   0.9359048908   0.06220604662   0.1085479997   -0.02583830088   0.9937553592   

1.874649611   -4.173096964   -0.6877500433   0.9842266689   0.1664690815   -0.05988246174   -0.1662334238   0.9860459872   0.00893084339   0.0605335704   0.001164492398   0.9981654827   

2.222359541   -2.272446234   0.2927274419   0.9724686621   0.1770603077   -0.1515069263   -0.1876241732   0.9805022211   -0.05841715565   0.1382095182   0.08523521498   0.9867284769   

0.9396743499   -3.165947123   -3.601500378   0.9927511989   0.1182924191   -0.02125936516   -0.118278354   0.9929786181   0.001922216369   0.02133747867   0.000606240113   0.9997721463   

-5.824781928   -1.407557625   -4.77684784   0.9895462992   -0.09489672433   0.1085943532   0.08980300612   0.9946588916   0.05088329288   -0.1128429968   -0.04059927479   0.9927830362   

-13.2474998   -2.239427678   -1.640830992   0.9948399789   -0.07264108954   0.07082858511   0.07071185008   0.9970640565   0.02937858989   -0.07275472917   -0.02421857545   0.9970557708   

-6.693625154   -0.5664383491   0.1320055785   0.9978042529   -0.01881797018   0.0635024159   0.0162498102   0.9990384962   0.04071887447   -0.06420760465   -0.03959756391   0.9971506488   

-10.05213618   0.414699783   4.799501797   0.9895839048   -0.08194586675   0.118357806   0.07531110957   0.995384016   0.05948863277   -0.1226863158   -0.04995533581   0.9911874355   

-8.131718633   -0.1512839785   6.283043031   0.9964547048   -0.03118166388   0.07813913962   0.02709585005   0.9982366582   0.05281466765   -0.07964820283   -0.05051017765   0.9955425083   

-4.401320202   -0.7089889538   5.407657189   0.9999467225   0.01019596969   -0.001610705577   -0.01018333671   0.9999187648   0.007665738516   0.001688734369   -0.007648927747   0.9999693206   

-1.679412448   -0.5374978467   3.212200285   0.9943178577   0.009364468151   0.1060391654   -0.02156488571   0.9931889633   0.1145016985   -0.1042446812   -0.116137806   0.9877474659   

-2.239100745   1.168795266   3.894667321   0.9985163765   -0.04145325288   -0.03530826684   0.03838381248   0.9957623623   -0.08357033421   0.0386229054   0.0820910814   0.9958761597   

-5.93732603   4.770183866   0.5567033163   0.9966941671   0.06613023336   -0.04719671122   -0.0650700998   0.9976002276   0.02365730364   0.04864791287   -0.02050800184   0.9986054288   

0.7851228969   8.09904454   -5.98238987   0.9944782136   -0.02678845196   0.1014665536   0.02013548915   0.9976141955   0.0660339238   -0.1029934208   -0.06362621989   0.9926449816   

4.136378157   5.622830156   -1.284695426   0.9921380853   -0.09243103059   0.0843713474   0.09603531423   0.9945858339   -0.03970185669   -0.08024486338   0.04749235294   0.995643128   

5.864674441   7.571468023   -5.183739962   0.9961358695   -0.03621747261   0.08001014995   0.03195701627   0.9980346922   0.05390271035   -0.08180512532   -0.05113753758   0.9953355584   

0.1092571399   7.440688391   -6.328259782   0.9900660214   -0.08058068288   0.1152216422   0.07981402601   0.9967461793   0.01125945242   -0.115754026   -0.001951298113   0.9932759928   

-0.004788386011   5.510621002   -5.289220743   0.9880155617   -0.09434597628   0.122164179   0.09959581266   0.9943176287   -0.03759158715   -0.1179233818   0.04930811378   0.9917977546   

-0.3051586237   6.190272025   -0.4670090304   0.9997253875   0.002998258822   -0.02324134229   -0.006758894405   0.9865257472   -0.1634664107   0.02243806796   0.1635786066   0.9862750998   

1.478332378   2.946077823   1.028935493   0.9994679253   -0.02863007703   0.01562642048   0.0302702073   0.9926167077   -0.1174554648   -0.01214828705   0.1178659847   0.9929551998   

8.430927116   -18.16757919   10.79967236   0.9026617324   0.2571976503   -0.3450379189   -0.3909605095   0.8251909868   -0.4076882576   0.1798657188   0.5029007894   0.8454224501   

2.983112517   16.17821103   -12.94649673   0.8605647079   -0.4906404403   0.1367491933   0.3963200635   0.8136669555   0.4252957708   -0.319935604   -0.3117980818   0.8946637164   

7.22081648   -5.260502408   -0.02311641722   0.989665654   0.1234121956   -0.07301591084   -0.1328953713   0.980645482   -0.1437819839   0.05385827275   0.1519995677   0.9869120619   

1.798294129   2.816332183   -3.706878096   0.9035297152   -0.403239063   0.1450252111   0.3923118252   0.9145264851   0.09865464916   -0.1724108049   -0.03224230179   0.9844973074   

10.88787802   -12.95023469   -2.032630248   0.8973859523   0.4019200705   -0.1820953308   -0.4082260395   0.912875575   0.003112118284   0.1674812026   0.0715432845   0.9832759558   

-0.5319246418   11.75065038   -1.927397246   0.9996947517   0.02102493043   -0.01297519839   -0.02143288491   0.9992533293   -0.03214677804   0.01228962642   0.03241506122   0.9993989338   

2.833870689   -19.14987538   2.723786134   0.9117198971   0.3730877941   -0.1719660638   -0.38586274   0.9213685781   -0.04679625225   0.1409850172   0.1090203709   0.9839907437   

5.232820719   -1.86530945   -4.638944995   0.9427182487   -0.293425395   0.158694175   0.2626848933   0.9461853321   0.1890237131   -0.2056184584   -0.1365095414   0.9690645978   

-3.118403926   -5.558146287   -1.566574297   0.9980392778   -0.05549304069   0.02895034305   0.05540013898   0.998456213   0.004001906167   -0.02912772783   -0.002390206513   0.99957284   

1.021747315   -21.2921412   2.665709849   0.8511005133   0.5249993989   0.001883440639   -0.4290066186   0.6934053685   0.5789147745   0.3026239208   -0.4935226702   0.815385882   

3.188800811   -12.50516762   -3.420252233   0.8788746658   0.4534920133   -0.1480686179   -0.3480937169   0.8218583329   0.4509763241   0.3262055886   -0.3448099106   0.8801681882   

5.573121757   20.6671398   -19.06209941   0.6315744938   -0.3546217113   0.689461457   0.746551453   0.5181330881   -0.4173715742   -0.209223772   0.7783196933   0.5919829967   

0.6780292309   -0.03993542712   -1.688071656   0.9993985684   -0.0149672203   0.03128072577   0.01342220133   0.9987070445   0.04903145671   -0.0319741458   -0.04858211144   0.9983072836   

1.33680684   -0.7586422093   0.09846611249   0.9998252431   -0.01725101775   0.007203175738   0.01763162047   0.9982397587   -0.05662605558   -0.006213639321   0.05674316345   0.9983694727   

0.6502675948   1.099388119   1.224912806   0.9856329694   0.1176478722   -0.1211883976   -0.1133022123   0.9926652359   0.04217034757   0.125260761   -0.02783357134   0.9917333483   

