iter: 2  val: 39.9838  params: 1  1  
iter: 8  val: 37.2854  params: 0.517037  0.87059  
took 1216.00 seconds