-1.844426139 67.5 62.10380173 35.80489731 61.23590088 115.0892892 39.44679786 23.39938392 0.9940100631 0.1059570091 -0.02677884576 0.5535743158 0.1269435503 -0.8230679267 0.9940100631 -0.1059570091 0.02677884576 0 0.1059570091 0.9943696935 0.001422964938 0 -0.02677884576 0.001422964938 0.9996403696 0 0 0 0 1 1 0 0 62.10380173 0 1 0 35.80489731 0 0 1 61.23590088 0 0 0 1 0.9940100631 0.1059570091 -0.02677884576 -0 -0.1059570091 0.9943696935 0.001422964938 -0 0.02677884576 0.001422964938 0.9996403696 -0 0 0 0 1 32 1.941566283 0.94166451 0.03125 1.862915188 0.9417760117 0.03125 1.783962105 0.9439132876 0.03125 1.705203384 0.9477711837 0.03125 1.627579968 0.9530361107 0.03125 1.5515988 0.9593837436 0.03125 1.478662968 0.9664968129 0.03125 1.409289876 0.9740277359 0.03125 1.345264586 0.9816661845 0.03125 1.287076006 0.9890608183 0.03125 1.237253942 0.9959358345 0.03125 1.196164025 1.001988475 0.03125 1.16708034 1.007013753 0.03125 1.150134974 1.010814381 0.03125 1.147251523 1.013284555 0.03125 1.158261021 1.014361 0.03125 0.181222018 0.514393562 0.03125 0.2144071637 0.5141186491 0.03125 0.2543947056 0.5135845055 0.03125 0.3010287581 0.5128097383 0.03125 0.3518560107 0.5118261632 0.03125 0.4067305918 0.5106686386 0.03125 0.463888456 0.5093800026 0.03125 0.5231935835 0.5080046891 0.03125 0.5834548923 0.5065945394 0.03125 0.6445499221 0.5051992559 0.03125 0.7057135429 0.5038753583 0.03125 0.7668256356 0.5026757201 0.03125 0.8263101251 0.5016567323 0.03125 0.8840467639 0.5008608958 0.03125 0.9347341982 0.500328279 0.03125 0.9782908764 0.5000486375 0.03125 1 3 1 1 1 1 500 0.0004
-1.825887084 67.5 62.30380249 35.70489883 61.23590088 115.7204211 37.0480578 23.72668773 0.9986210222 0.04499220057 -0.02705098758 0.5669088463 0.1118136537 -0.8161568886 0.9986210222 -0.04499220057 0.02705098758 0 0.04499220057 0.9989871526 0.0006089616017 0 -0.02705098758 0.0006089616017 0.9996338696 0 0 0 0 1 1 0 0 62.30380249 0 1 0 35.70489883 0 0 1 61.23590088 0 0 0 1 0.9986210222 0.04499220057 -0.02705098758 -0 -0.04499220057 0.9989871526 0.0006089616017 -0 0.02705098758 0.0006089616017 0.9996338696 -0 0 0 0 1 32 1.905362989 0.9451428006 0.03125 1.824183696 0.950454471 0.03125 1.744558268 0.9568822413 0.03125 1.666970648 0.9641126298 0.03125 1.592148046 0.971840627 0.03125 1.52052434 0.979782131 0.03125 1.453037699 0.9876594454 0.03125 1.390057314 0.9952308271 0.03125 1.33251407 1.00225973 0.03125 1.280696374 1.0085485 0.03125 1.236463764 1.01390995 0.03125 1.199996348 1.018197367 0.03125 1.174221726 1.021279919 0.03125 1.159149409 1.023076148 0.03125 1.157073647 1.023527595 0.03125 1.167771321 1.022636263 0.03125 0.1891828713 0.5212545767 0.03125 0.2193627126 0.52011017 0.03125 0.2564954096 0.5187600054 0.03125 0.3004166959 0.5172305805 0.03125 0.3490914894 0.5155570548 0.03125 0.4023602527 0.5137726839 0.03125 0.458353007 0.5119207468 0.03125 0.5169245064 0.5100415773 0.03125 0.5768496742 0.5081848181 0.03125 0.637992096 0.5063983454 0.03125 0.6994853694 0.5047369507 0.03125 0.7611904615 0.5032538854 0.03125 0.8215603937 0.5020053332 0.03125 0.8804467568 0.5010380727 0.03125 0.9324754076 0.5003939245 0.03125 0.9775193601 0.5000579996 0.03125 1 3 1 1 1 1 500 0.0004
-2.158907796 67.5 62.10380173 35.80489731 61.43590164 114.1085475 45.7811191 28.56288422 0.8515237988 0.4880378779 0.1916409397 0.4606104104 0.0105128317 -0.887540157 0.8515237988 -0.4880378779 -0.1916409397 0 0.4880378779 0.8713594876 -0.05051408876 0 0.1916409397 -0.05051408876 0.9801643113 0 0 0 0 1 1 0 0 62.10380173 0 1 0 35.80489731 0 0 1 61.43590164 0 0 0 1 0.8515237988 0.4880378779 0.1916409397 -0 -0.4880378779 0.8713594876 -0.05051408876 -0 -0.1916409397 -0.05051408876 0.9801643113 -0 0 0 0 1 32 1.975027804 0.9317464136 0.03125 1.966434424 0.9308523909 0.03125 1.956350747 0.930955882 0.03125 1.944847184 0.9320154486 0.03125 1.932257643 0.9339798542 0.03125 1.918697509 0.9367734203 0.03125 1.904863409 0.940317643 0.03125 1.890931379 0.9444914049 0.03125 1.877881398 0.9491893132 0.03125 1.865936239 0.954246736 0.03125 1.855996822 0.9595459994 0.03125 1.8482797 0.9649066345 0.03125 1.843130911 0.9702233236 0.03125 1.840698351 0.9753452289 0.03125 1.840755101 0.9801985184 0.03125 1.843359911 0.984684067 0.03125 0.8484138492 0.4877783762 0.03125 0.8558459576 0.4896323073 0.03125 0.8644302001 0.4913213484 0.03125 0.8741530834 0.4928385226 0.03125 0.8844343991 0.4941866887 0.03125 0.8952556427 0.495368146 0.03125 0.9062330191 0.49639032 0.03125 0.9173477438 0.4972613867 0.03125 0.9284314427 0.4979902549 0.03125 0.9394679906 0.498586374 0.03125 0.9503727515 0.4990597329 0.03125 0.961131385 0.4994206394 0.03125 0.9714321266 0.4996801371 0.03125 0.9812677123 0.4998518876 0.03125 0.9896426197 0.4999490722 0.03125 0.9965770037 0.4999931053 0.03125 1 3 1 1 1 1 500 0.0004
-2.183343561 67.5 62.30380249 35.9048996 61.53590012 116.1497178 42.64280448 38.52094891 0.7522362724 0.4619852258 0.469798086 0.4979241713 -0.04320126897 -0.8661438506 0.7522362724 -0.4619852258 -0.469798086 0 0.4619852258 0.878195451 -0.1238644458 0 0.469798086 -0.1238644458 0.8740408214 0 0 0 0 1 1 0 0 62.30380249 0 1 0 35.9048996 0 0 1 61.53590012 0 0 0 1 0.7522362724 0.4619852258 0.469798086 -0 -0.4619852258 0.878195451 -0.1238644458 -0 -0.469798086 -0.1238644458 0.8740408214 -0 0 0 0 1 32 1.989705501 0.930802245 0.03125 2.038972903 0.9287246764 0.03125 2.08550538 0.9265685174 0.03125 2.129016229 0.9245114384 0.03125 2.169370927 0.9227195492 0.03125 2.206339715 0.9213423037 0.03125 2.239630188 0.9205238347 0.03125 2.269069178 0.9203925771 0.03125 2.293460126 0.9210663243 0.03125 2.31269418 0.9226662328 0.03125 2.32611742 0.9252630266 0.03125 2.333755849 0.928892814 0.03125 2.336556944 0.9335518736 0.03125 2.334671208 0.9391653931 0.03125 2.328776457 0.9456725706 0.03125 2.319083923 0.9529417635 0.03125 1.307043389 0.4587591231 0.03125 1.2941018 0.4626888907 0.03125 1.279250616 0.4666611965 0.03125 1.262604565 0.4706164342 0.03125 1.244182682 0.4745154645 0.03125 1.224109841 0.4782976938 0.03125 1.202668292 0.4819226025 0.03125 1.179979643 0.4853309792 0.03125 1.156446081 0.488482127 0.03125 1.132182125 0.491320993 0.03125 1.1078221 0.493810089 0.03125 1.083478594 0.4959028965 0.03125 1.060420554 0.4975684229 0.03125 1.038775743 0.4987862422 0.03125 1.020925654 0.4995536834 0.03125 1.007001474 0.4999345895 0.03125 1 3 1 1 1 1 500 0.0004
