iter: 1  val: 4.7367  params: 1  1  
iter: 4  val: 4.28526  params: 0.0340742  0.741181  
iter: 66  val: 4.20874  params: 0.0642594  0.749269  
iter: 76  val: 4.06121  params: 0.0119771  0.763278  
total time: 1