-2.093425503 102.9 58.353302 33.23609924 60.46920013 138.0306318 11.77498104 7.939618886 0.9911514389 0.05261175138 0.1218639765 0.8239651448 -0.317086956 -0.4696139931 0.9911514389 -0.05261175138 -0.1218639765 0 0.05261175138 0.9986098514 -0.003219984733 0 0.1218639765 -0.003219984733 0.9925415875 0 0 0 0 1 1 0 0 58.353302 0 1 0 33.23609924 0 0 1 60.46920013 0 0 0 1 0.9911514389 0.05261175138 0.1218639765 -0 -0.05261175138 0.9986098514 -0.003219984733 -0 -0.1218639765 -0.003219984733 0.9925415875 -0 0 0 0 1 32 2.119419929 0.9383031453 0.03125 2.48417548 0.9444693102 0.03125 2.772884825 0.9490232637 0.03125 2.986237739 0.9536161769 0.03125 3.109937176 0.9592563061 0.03125 3.14608606 0.9669693485 0.03125 3.105165961 0.9769066925 0.03125 2.990371151 0.9890856312 0.03125 2.81378424 1.002968746 0.03125 2.579132214 1.017981604 0.03125 2.301608381 1.033279172 0.03125 1.984924725 1.048101152 0.03125 1.645143068 1.061598145 0.03125 1.285520989 1.073095475 0.03125 0.9211627134 1.081926268 0.03125 0.554359659 1.087470769 0.03125 -0.7910553175 0.587401339 0.03125 -1.104110391 0.5827225032 0.03125 -1.361382272 0.5780579401 0.03125 -1.56386137 0.573357908 0.03125 -1.689275769 0.5686022453 0.03125 -1.739070473 0.5636837219 0.03125 -1.701840028 0.5583741838 0.03125 -1.579357894 0.5524811265 0.03125 -1.386201793 0.5458522419 0.03125 -1.124011163 0.5385219854 0.03125 -0.8244854206 0.5306233277 0.03125 -0.4888904958 0.5225949136 0.03125 -0.1456095638 0.5148932614 0.03125 0.2043876891 0.5082053711 0.03125 0.5354810695 0.5031546089 0.03125 0.8473675569 0.5003505506 0.03125 1 3 1 1 1 1 500 0.0004
-1.935162107 102.9 58.353302 33.33610153 60.86919785 139.4683088 10.06244615 10.34337732 0.9862887758 -0.08596988017 0.1408674214 0.8382613622 -0.3357795382 -0.4296160965 0.9862887758 0.08596988017 -0.1408674214 0 -0.08596988017 0.9962790807 0.006096976173 0 0.1408674214 0.006096976173 0.9900096951 0 0 0 0 1 1 0 0 58.353302 0 1 0 33.33610153 0 0 1 60.86919785 0 0 0 1 0.9862887758 -0.08596988017 0.1408674214 -0 0.08596988017 0.9962790807 0.006096976173 -0 -0.1408674214 0.006096976173 0.9900096951 -0 0 0 0 1 32 2.123041834 0.9350308122 0.03125 2.46466384 0.9256361942 0.03125 2.728917215 0.9159982953 0.03125 2.916946014 0.908143513 0.03125 3.015798307 0.9032324248 0.03125 3.027821494 0.9026106419 0.03125 2.965326212 0.9064232476 0.03125 2.831722206 0.9146884374 0.03125 2.641908615 0.9266918162 0.03125 2.39974196 0.9416413221 0.03125 2.121156715 0.9584510823 0.03125 1.809842494 0.9760909097 0.03125 1.48159958 0.9936092945 0.03125 1.139459729 1.010165564 0.03125 0.7958529304 1.025165538 0.03125 0.4525213155 1.037997674 0.03125 -0.8698394033 0.5417227294 0.03125 -1.160089982 0.536392004 0.03125 -1.402757876 0.5314325722 0.03125 -1.599086378 0.5269723923 0.03125 -1.726346462 0.5231903761 0.03125 -1.785883773 0.5201468817 0.03125 -1.758620796 0.5177708154 0.03125 -1.645967621 0.5158426178 0.03125 -1.459538094 0.5141044077 0.03125 -1.200591957 0.5122955617 0.03125 -0.8980729001 0.5102353628 0.03125 -0.5530537256 0.507926183 0.03125 -0.1971143223 0.5054481469 0.03125 0.1687869397 0.5030984696 0.03125 0.5146134895 0.5011730701 0.03125 0.8399965128 0.500035903 0.03125 1 3 1 1 1 1 500 0.0004
-2.099748165 102.9 57.95330048 33.33610153 60.86919785 139.3307252 9.92299796 10.56148599 0.9890735887 0.05353174266 0.1373600692 0.83898807 -0.316459192 -0.4426653344 0.9890735887 -0.05353174266 -0.1373600692 0 0.05353174266 0.9985593055 -0.003696758088 0 0.1373600692 -0.003696758088 0.9905142833 0 0 0 0 1 1 0 0 57.95330048 0 1 0 33.33610153 0 0 1 60.86919785 0 0 0 1 0.9890735887 0.05353174266 0.1373600692 -0 -0.05353174266 0.9985593055 -0.003696758088 -0 -0.1373600692 -0.003696758088 0.9905142833 -0 0 0 0 1 32 2.703665395 0.9384037392 0.03125 2.888487631 0.9454503388 0.03125 3.017584995 0.9506554298 0.03125 3.09209624 0.9552729124 0.03125 3.099362814 0.9599941452 0.03125 3.041152826 0.9658632758 0.03125 2.925692564 0.9729748189 0.03125 2.755403573 0.9815988035 0.03125 2.54161641 0.9912998858 0.03125 2.286990186 1.001852555 0.03125 2.005046965 1.01262484 0.03125 1.698328699 1.023226441 0.03125 1.381015989 1.033113004 0.03125 1.055263337 1.041973632 0.03125 0.7337670583 1.049446029 0.03125 0.4177699918 1.055237142 0.03125 -0.872383425 0.5540094584 0.03125 -1.129608141 0.5459566724 0.03125 -1.338073591 0.5386574986 0.03125 -1.498740369 0.5321978043 0.03125 -1.594344686 0.5266983214 0.03125 -1.625828955 0.522173565 0.03125 -1.580913414 0.5185426675 0.03125 -1.460585578 0.5155966687 0.03125 -1.277650674 0.5131154186 0.03125 -1.032993515 0.510856063 0.03125 -0.7528959574 0.5086581842 0.03125 -0.4381468264 0.5064708363 0.03125 -0.1130431437 0.5043303103 0.03125 0.2216402118 0.5024042994 0.03125 0.5424255559 0.500891833 0.03125 0.8488781865 0.5000082998 0.03125 1 3 1 1 1 1 500 0.0004
-2.143256478 102.9 58.353302 33.33610153 60.86919785 131.2644035 14.71959575 18.19696232 0.7360311161 0.09520251833 0.6702198718 0.6460775857 -0.3309986468 -0.6877671474 0.7360311161 -0.09520251833 -0.6702198718 0 0.09520251833 0.9947791722 -0.03675430644 0 0.6702198718 -0.03675430644 0.7412519439 0 0 0 0 1 1 0 0 58.353302 0 1 0 33.33610153 0 0 1 60.86919785 0 0 0 1 0.7360311161 0.09520251833 0.6702198718 -0 -0.09520251833 0.9947791722 -0.03675430644 -0 -0.6702198718 -0.03675430644 0.7412519439 -0 0 0 0 1 32 2.271132687 0.9328203222 0.03125 2.857483139 0.9325754928 0.03125 3.377241026 0.9341847943 0.03125 3.823708108 0.9400497088 0.03125 4.186757935 0.9523615581 0.03125 4.461323378 0.9728269894 0.03125 4.638128824 1.002637278 0.03125 4.714815649 1.042000382 0.03125 4.68404073 1.090483097 0.03125 4.547278273 1.146082227 0.03125 4.308392799 1.206580712 0.03125 3.97268764 1.268081295 0.03125 3.557381017 1.327201637 0.03125 3.070287656 1.37943944 0.03125 2.536368207 1.421228688 0.03125 1.964902894 1.448285511 0.03125 0.3998166055 0.9567966645 0.03125 -0.1425003606 0.9503774215 0.03125 -0.6115816156 0.9335482377 0.03125 -1.003972429 0.9070840498 0.03125 -1.275342532 0.8721287106 0.03125 -1.424343229 0.8310833896 0.03125 -1.444914219 0.7855415843 0.03125 -1.338051933 0.7386875563 0.03125 -1.147971276 0.6919478312 0.03125 -0.876618005 0.6480684284 0.03125 -0.5807015122 0.6080296903 0.03125 -0.2615231403 0.5734808997 0.03125 0.04956157612 0.5450112584 0.03125 0.3521924134 0.5232867046 0.03125 0.6287937626 0.5086269456 0.03125 0.8800471269 0.5012024496 0.03125 1 3 1 1 1 1 500 0.0004
-2.164226542 102.9 58.353302 33.33610153 60.86919785 129.1038393 15.68903324 19.58664866 0.6734003386 0.09777330265 0.7327839827 0.5940489683 -0.2957050179 -0.7481071886 0.6734003386 -0.09777330265 -0.7327839827 0 0.09777330265 0.9942873092 -0.04281504459 0 0.7327839827 -0.04281504459 0.6791130294 0 0 0 0 1 1 0 0 58.353302 0 1 0 33.33610153 0 0 1 60.86919785 0 0 0 1 0.6734003386 0.09777330265 0.7327839827 -0 -0.09777330265 0.9942873092 -0.04281504459 -0 -0.7327839827 -0.04281504459 0.6791130294 -0 0 0 0 1 32 2.279627309 0.9321242261 0.03125 2.882839764 0.9317659088 0.03125 3.42241114 0.9333561733 0.03125 3.890863118 0.9395279817 0.03125 4.278545836 0.9527418101 0.03125 4.579443655 0.9750360871 0.03125 4.784126391 1.007855154 0.03125 4.88926185 1.051657078 0.03125 4.885534801 1.106130473 0.03125 4.773791354 1.169139577 0.03125 4.555788492 1.238186586 0.03125 4.23690404 1.308742288 0.03125 3.834226226 1.376854288 0.03125 3.35623645 1.43718808 0.03125 2.828275851 1.485641541 0.03125 2.260500121 1.517244497 0.03125 0.6956378906 1.027496999 0.03125 0.1499033764 1.019992548 0.03125 -0.3263753641 0.9998437382 0.03125 -0.7293520923 0.9679803639 0.03125 -1.013518835 0.925920152 0.03125 -1.177461295 0.8767019458 0.03125 -1.215251339 0.822479791 0.03125 -1.128129909 0.7672722643 0.03125 -0.960572413 0.7129137059 0.03125 -0.7147813811 0.6626502056 0.03125 -0.4453454368 0.6175178049 0.03125 -0.1536679704 0.5792078031 0.03125 0.1306813135 0.5481166444 0.03125 0.4074487157 0.524715834 0.03125 0.6605480126 0.5090956637 0.03125 0.8907006927 0.5012652019 0.03125 1 3 1 1 1 1 500 0.0004
-2.314603083 102.9 58.353302 33.33610153 60.86919785 122.2889455 15.45964438 23.95734971 0.5060023823 0.147567802 0.8498148815 0.4322231772 -0.1967544834 -0.8800402254 0.5060023823 -0.147567802 -0.8498148815 0 0.147567802 0.9855403574 -0.08327032922 0 0.8498148815 -0.08327032922 0.5204620249 0 0 0 0 1 1 0 0 58.353302 0 1 0 33.33610153 0 0 1 60.86919785 0 0 0 1 0.5060023823 0.147567802 0.8498148815 -0 -0.147567802 0.9855403574 -0.08327032922 -0 -0.8498148815 -0.08327032922 0.5204620249 -0 0 0 0 1 32 2.283847062 0.9273126493 0.03125 2.903019224 0.9271460349 0.03125 3.468063877 0.9299564299 0.03125 3.970883961 0.9390226827 0.03125 4.402176601 0.9574248562 0.03125 4.754901818 0.9877500837 0.03125 5.019290737 1.031881258 0.03125 5.190841161 1.090284953 0.03125 5.259953907 1.162448444 0.03125 5.226527084 1.245337135 0.03125 5.088869684 1.335507998 0.03125 4.852174066 1.426582295 0.03125 4.529567492 1.513285582 0.03125 4.130075546 1.588490674 0.03125 3.67402247 1.647191419 0.03125 3.172044803 1.68381511 0.03125 1.654879113 1.193488591 0.03125 1.137490739 1.180122991 0.03125 0.6607763837 1.149559289 0.03125 0.2290116905 1.103087033 0.03125 -0.1050810857 1.043016682 0.03125 -0.3400130135 0.9735662613 0.03125 -0.457083649 0.8982083736 0.03125 -0.4582255695 0.8229426583 0.03125 -0.3795490175 0.7507445423 0.03125 -0.2241704881 0.6862823682 0.03125 -0.0451854102 0.6307274115 0.03125 0.1558631076 0.5856373282 0.03125 0.3552259262 0.5506823097 0.03125 0.5531027706 0.5254415067 0.03125 0.7399546191 0.5091839823 0.03125 0.9167912073 0.5012598963 0.03125 1 3 1 1 1 1 500 0.0004
-2.465304059 102.9 58.25329971 32.63610077 60.86919785 116.1396998 15.26481545 27.90766476 0.3712996275 0.2239109235 0.9011106952 0.3137759806 -0.1087831734 -0.9432448543 0.3712996275 -0.2239109235 -0.9011106952 0 0.2239109235 0.9634389884 -0.147136719 0 0.9011106952 -0.147136719 0.4078606391 0 0 0 0 1 1 0 0 58.25329971 0 1 0 32.63610077 0 0 1 60.86919785 0 0 0 1 0.3712996275 0.2239109235 0.9011106952 -0 -0.2239109235 0.9634389884 -0.147136719 -0 -0.9011106952 -0.147136719 0.4078606391 -0 0 0 0 1 32 2.298772013 0.9226628995 0.03125 2.928182138 0.9224241161 0.03125 3.508909864 0.9251783701 0.03125 4.032921921 0.9345441191 0.03125 4.491707601 0.9539813259 0.03125 4.877981011 0.986352366 0.03125 5.183029832 1.033755635 0.03125 5.401760943 1.096723932 0.03125 5.525243881 1.174696348 0.03125 5.552433732 1.264406651 0.03125 5.479175017 1.362059552 0.03125 5.309700789 1.460682028 0.03125 5.052486893 1.554450046 0.03125 4.716100012 1.635520679 0.03125 4.317300795 1.698530508 0.03125 3.866596956 1.737846884 0.03125 2.388741114 1.247992114 0.03125 1.899259278 1.232784201 0.03125 1.428781856 1.198874478 0.03125 0.9818381137 1.147661844 0.03125 0.6104638928 1.081755195 0.03125 0.3164715862 1.005435906 0.03125 0.1309272598 0.9226755098 0.03125 0.05175215931 0.8401209206 0.03125 0.05332895445 0.7613306678 0.03125 0.1320350042 0.6916931884 0.03125 0.2388894097 0.6325309674 0.03125 0.3720745243 0.5854681555 0.03125 0.509269812 0.5497944722 0.03125 0.6508590978 0.5246423229 0.03125 0.7920136632 0.508773499 0.03125 0.933877947 0.5011868268 0.03125 1 3 1 1 1 1 500 0.0004
-2.643061547 102.9 58.25329971 32.63610077 60.86919785 110.8462027 14.54995966 31.8552953 0.649129561 0.04866143848 0.7591198044 0.605428852 0.3629945855 -0.7083013737 0.649129561 -0.04866143848 -0.7591198044 0 0.04866143848 0.99856413 -0.02239961161 0 0.7591198044 -0.02239961161 0.6505654309 0 0 0 0 1 1 0 0 58.25329971 0 1 0 32.63610077 0 0 1 60.86919785 0 0 0 1 0.649129561 0.04866143848 0.7591198044 -0 -0.04866143848 0.99856413 -0.02239961161 -0 -0.7591198044 -0.02239961161 0.6505654309 -0 0 0 0 1 32 1.604459011 0.9095498002 0.03125 0.9195135295 0.9023251057 0.03125 0.3601234474 0.8891687324 0.03125 -0.05439660012 0.8717131609 0.03125 0.03124271422 0.8475117679 0.03125 0.6235507674 0.8223101909 0.03125 1.77399315 0.7963917811 0.03125 3.409328788 0.7940688411 0.03125 5.137709505 0.8457733082 0.03125 6.816093649 1.000864779 0.03125 8.135700525 1.314618513 0.03125 8.969663334 1.818708201 0.03125 9.156639523 2.527029396 0.03125 8.674438386 3.386957158 0.03125 7.536537531 4.309164185 0.03125 5.917045479 5.109859614 0.03125 3.25054309 5.148863278 0.03125 1.70906284 5.319370148 0.03125 0.5645174139 5.218169476 0.03125 -0.1391945501 4.894551363 0.03125 -0.3955394502 4.438573519 0.03125 -0.2381383963 3.936510831 0.03125 0.351851853 3.445066717 0.03125 1.304159069 2.991046012 0.03125 2.387324979 2.563777248 0.03125 3.512663009 2.153456492 0.03125 4.211832694 1.746847823 0.03125 4.424846625 1.369656134 0.03125 4.177631432 1.038710642 0.03125 3.473366119 0.7788361841 0.03125 2.596024682 0.6016061733 0.03125 1.561558675 0.5116699678 0.03125 1 3 1 1 1 1 500 0.0004
-3.20675386 102.9 58.45330048 32.63610077 60.66919708 103.6069297 14.07703352 37.72483083 0.5102616363 0.2866751297 0.8108331718 0.2613694674 0.1312889689 -0.9562683766 0.5102616363 -0.2866751297 -0.8108331718 0 0.2866751297 0.9455838458 -0.1539108848 0 0.8108331718 -0.1539108848 0.5646777905 0 0 0 0 1 1 0 0 58.45330048 0 1 0 32.63610077 0 0 1 60.66919708 0 0 0 1 0.5102616363 0.2866751297 0.8108331718 -0 -0.2866751297 0.9455838458 -0.1539108848 -0 -0.8108331718 -0.1539108848 0.5646777905 -0 0 0 0 1 32 2.00691987 0.8993872614 0.03125 1.992432173 0.9188344272 0.03125 2.002379258 0.9700718647 0.03125 2.045914219 1.060178175 0.03125 2.241423669 1.191707893 0.03125 2.59717535 1.360535748 0.03125 3.147265189 1.559572214 0.03125 3.880279863 1.775591116 0.03125 4.69369598 1.999611414 0.03125 5.551758713 2.220787747 0.03125 6.345389041 2.43800823 0.03125 7.028570854 2.647521039 0.03125 7.519247997 2.854469163 0.03125 7.782660734 3.054866515 0.03125 7.74840185 3.24524631 0.03125 7.416474306 3.401335968 0.03125 5.809227044 2.999643835 0.03125 4.977377214 3.007033847 0.03125 4.076302741 2.934576481 0.03125 3.136463707 2.780146509 0.03125 2.2493239 2.558497486 0.03125 1.428002746 2.290509436 0.03125 0.808150302 1.999441222 0.03125 0.3852807576 1.710456931 0.03125 0.2014602558 1.437480082 0.03125 0.2390761532 1.19632864 0.03125 0.363555966 0.988267582 0.03125 0.5611623744 0.8199243503 0.03125 0.7162289228 0.6887160744 0.03125 0.8277456512 0.5943865883 0.03125 0.9149681665 0.5336760134 0.03125 0.9812266013 0.5038741124 0.03125 1 3 1 1 1 1 500 0.0004
-2.175187914 102.9 58.25329971 32.63610077 60.86919785 102.1214918 16.84441066 38.23184014 0.4670321431 0.005870013944 0.8842208549 0.4872851611 0.5743980663 -0.6577385752 0.4670321431 -0.005870013944 -0.8842208549 0 0.005870013944 0.9999765124 -0.003538019785 0 0.8842208549 -0.003538019785 0.4670556307 0 0 0 0 1 1 0 0 58.25329971 0 1 0 32.63610077 0 0 1 60.86919785 0 0 0 1 0.4670321431 0.005870013944 0.8842208549 -0 -0.005870013944 0.9999765124 -0.003538019785 -0 -0.8842208549 -0.003538019785 0.4670556307 -0 0 0 0 1 32 1.637640526 0.9182245632 0.03125 0.8800327768 0.8738464434 0.03125 0.2210019518 0.7829668654 0.03125 -0.3048602483 0.6364642205 0.03125 -0.3400951162 0.4172882732 0.03125 0.1329465577 0.1012994154 0.03125 1.351988122 -0.329234981 0.03125 3.221507027 -0.8307500641 0.03125 5.232427229 -1.341061934 0.03125 7.205591215 -1.696472172 0.03125 8.747583545 -1.754136695 0.03125 9.718639762 -1.387556541 0.03125 9.959164519 -0.5378856054 0.03125 9.416281437 0.7399714123 0.03125 8.138915958 2.292249659 0.03125 6.312908959 3.808140106 0.03125 3.489152278 4.49313777 0.03125 1.91715019 5.167218989 0.03125 0.8296811378 5.475371321 0.03125 0.2952990631 5.456131683 0.03125 0.3111870001 5.192039472 0.03125 0.808371209 4.759120431 0.03125 1.698039553 4.212593752 0.03125 2.873953129 3.603378881 0.03125 3.986370788 2.959579148 0.03125 4.953924015 2.337772345 0.03125 5.379607853 1.769154286 0.03125 5.246036452 1.30498664 0.03125 4.70940707 0.954431718 0.03125 3.796271018 0.7149849689 0.03125 2.753708759 0.5719096906 0.03125 1.606514145 0.5070209263 0.03125 1 3 1 1 1 1 500 0.0004
-3.298480137 102.9 58.25329971 32.63610077 60.86919785 99.15352963 16.25995162 43.89640052 0.4215399865 0.2846312896 0.8609814567 0.2270736559 0.1450917348 -0.9630087971 0.4215399865 -0.2846312896 -0.8609814567 0 0.2846312896 0.9430090101 -0.1723920992 0 0.8609814567 -0.1723920992 0.4785309764 0 0 0 0 1 1 0 0 58.25329971 0 1 0 32.63610077 0 0 1 60.86919785 0 0 0 1 0.4215399865 0.2846312896 0.8609814567 -0 -0.2846312896 0.9430090101 -0.1723920992 -0 -0.8609814567 -0.1723920992 0.4785309764 -0 0 0 0 1 32 2.057142933 0.8951507217 0.03125 1.858781623 0.9152463957 0.03125 1.702804307 0.9732328555 0.03125 1.601896419 1.075366384 0.03125 1.701324035 1.222461692 0.03125 2.014159744 1.404791458 0.03125 2.56335154 1.610397973 0.03125 3.342058937 1.816452005 0.03125 4.243987461 2.008418912 0.03125 5.232743118 2.170797912 0.03125 6.191875494 2.303246949 0.03125 7.066421391 2.410993909 0.03125 7.767615024 2.508870953 0.03125 8.248279656 2.609949292 0.03125 8.434658013 2.723358886 0.03125 8.310623653 2.842734756 0.03125 6.840403722 2.44685934 0.03125 6.071816262 2.499371057 0.03125 5.155136595 2.498434441 0.03125 4.126743615 2.427524279 0.03125 3.091191687 2.28812708 0.03125 2.071121087 2.089270828 0.03125 1.213928643 1.849856043 0.03125 0.5258632924 1.594734346 0.03125 0.1100358544 1.343357549 0.03125 -0.04080261956 1.117709753 0.03125 -0.01759900943 0.9241333877 0.03125 0.1704004738 0.7710406788 0.03125 0.3639969211 0.6554567615 0.03125 0.5618974701 0.5755398277 0.03125 0.7471973769 0.5261361829 0.03125 0.9228702164 0.5028476832 0.03125 1 3 1 1 1 1 500 0.0004
-3.198205107 102.9 58.25329971 32.63610077 60.86919785 95.75602339 18.44409487 48.7579322 0.3213502803 0.224117044 0.9200573612 0.2057142174 0.1949834562 -0.9589906739 0.3213502803 -0.224117044 -0.9200573612 0 0.224117044 0.9619870294 -0.1560528947 0 0.9200573612 -0.1560528947 0.3593632509 0 0 0 0 1 1 0 0 58.25329971 0 1 0 32.63610077 0 0 1 60.86919785 0 0 0 1 0.3213502803 0.224117044 0.9200573612 -0 -0.224117044 0.9619870294 -0.1560528947 -0 -0.9200573612 -0.1560528947 0.3593632509 -0 0 0 0 1 32 2.039148325 0.8921285289 0.03125 1.512031979 0.8967304583 0.03125 1.078820431 0.9318861338 0.03125 0.7575352367 0.9987967613 0.03125 0.7662496279 1.095037063 0.03125 1.119612957 1.209831324 0.03125 1.790961857 1.333827854 0.03125 2.76603208 1.455440286 0.03125 3.858194502 1.56948734 0.03125 5.025881549 1.674720978 0.03125 6.144182884 1.777341685 0.03125 7.158707329 1.884375373 0.03125 7.982456274 2.008340064 0.03125 8.566832976 2.154491551 0.03125 8.843258115 2.326440226 0.03125 8.792241483 2.511418313 0.03125 7.383034594 2.176882059 0.03125 6.663805962 2.285362821 0.03125 5.755481645 2.339122957 0.03125 4.695719959 2.321267471 0.03125 3.604969336 2.229566359 0.03125 2.512903679 2.068819431 0.03125 1.594744945 1.855021797 0.03125 0.8621188219 1.611836085 0.03125 0.4013906536 1.360955601 0.03125 0.2068171025 1.129223644 0.03125 0.1781861164 0.9274834553 0.03125 0.3075240252 0.7683486771 0.03125 0.4554917205 0.6501094854 0.03125 0.6209333062 0.5708221399 0.03125 0.7788807979 0.523764773 0.03125 0.9326703132 0.5025608067 0.03125 1 3 1 1 1 1 500 0.0004
-3.077956747 102.9 58.15330124 33.23609924 60.66919708 93.49740063 16.28983392 50.69200981 0.289307309 0.2054446871 0.9349298163 0.1317208233 0.1342532741 -0.9821535945 0.289307309 -0.2054446871 -0.9349298163 0 0.2054446871 0.9672634141 -0.1489764017 0 0.9349298163 -0.1489764017 0.3220438949 0 0 0 0 1 1 0 0 58.15330124 0 1 0 33.23609924 0 0 1 60.66919708 0 0 0 1 0.289307309 0.2054446871 0.9349298163 -0 -0.2054446871 0.9672634141 -0.1489764017 -0 -0.9349298163 -0.1489764017 0.3220438949 -0 0 0 0 1 32 2.038194535 0.8987916348 0.03125 1.401266388 0.9044791374 0.03125 0.8684808139 0.9302162193 0.03125 0.4581135679 0.9740049231 0.03125 0.4076812521 1.031484005 0.03125 0.7310734139 1.091771498 0.03125 1.392449171 1.146817639 0.03125 2.377092268 1.189443836 0.03125 3.483221119 1.218621974 0.03125 4.671331651 1.240906973 0.03125 5.809828065 1.267942031 0.03125 6.848933568 1.31590751 0.03125 7.704743787 1.401280819 0.03125 8.330729373 1.533566539 0.03125 8.647560582 1.716843239 0.03125 8.632974788 1.935493684 0.03125 7.273628556 1.648820318 0.03125 6.611847174 1.810478127 0.03125 5.762508394 1.92548731 0.03125 4.761199646 1.973030321 0.03125 3.730508176 1.947841648 0.03125 2.701420099 1.85078292 0.03125 1.844216562 1.694906575 0.03125 1.172744214 1.500282267 0.03125 0.7487404979 1.287504938 0.03125 0.5678614857 1.082670489 0.03125 0.5278020885 0.8986327726 0.03125 0.62052912 0.7505968744 0.03125 0.7158728211 0.6391412174 0.03125 0.8115578206 0.5647747788 0.03125 0.8953829771 0.521231131 0.03125 0.9707417942 0.502052965 0.03125 1 3 1 1 1 1 500 0.0004
-3.007785986 102.9 58.15330124 33.33610153 60.86919785 91.77614211 16.11709879 51.74183871 0.2757961688 0.1996986857 0.9402430049 0.07677659847 0.1005940264 -0.9919607834 0.2757961688 -0.1996986857 -0.9402430049 0 0.1996986857 0.9687414291 -0.1471749931 0 0.9402430049 -0.1471749931 0.3070547397 0 0 0 0 1 1 0 0 58.15330124 0 1 0 33.33610153 0 0 1 60.86919785 0 0 0 1 0.2757961688 0.1996986857 0.9402430049 -0 -0.1996986857 0.9687414291 -0.1471749931 -0 -0.9402430049 -0.1471749931 0.3070547397 -0 0 0 0 1 32 1.963019696 0.8924036504 0.03125 1.297448326 0.8799551166 0.03125 0.7381489405 0.8850960399 0.03125 0.3037982344 0.9059524639 0.03125 0.2305043502 0.9388205029 0.03125 0.5325064565 0.9740629856 0.03125 1.179266591 1.004746148 0.03125 2.157836022 1.024763185 0.03125 3.27151862 1.033370248 0.03125 4.482345327 1.037190691 0.03125 5.65341616 1.047434001 0.03125 6.735361846 1.080517524 0.03125 7.641792451 1.153083456 0.03125 8.324269616 1.276074372 0.03125 8.693648945 1.454748666 0.03125 8.72419694 1.674339995 0.03125 7.406967934 1.393826222 0.03125 6.78225561 1.565138545 0.03125 5.961497297 1.69442588 0.03125 4.980037574 1.760871862 0.03125 3.952949782 1.758405738 0.03125 2.912475345 1.687214324 0.03125 2.021324869 1.558873769 0.03125 1.295786349 1.391788599 0.03125 0.8195671643 1.205309045 0.03125 0.5899292715 1.023841168 0.03125 0.5126403114 0.8598085585 0.03125 0.5803825099 0.7268718401 0.03125 0.6695322474 0.6260434515 0.03125 0.7770937159 0.5586406839 0.03125 0.8740274849 0.5190437886 0.03125 0.9629781292 0.5016870144 0.03125 1 3 1 1 1 1 500 0.0004
-2.997417757 102.9 58.15330124 33.33610153 60.86919785 92.94115067 16.28097999 59.94631773 0.2128549127 0.2039810318 0.955554564 0.1026265946 0.05569156973 -0.9931597209 0.2128549127 -0.2039810318 -0.955554564 0 0.2039810318 0.96569395 -0.1607076031 0 0.955554564 -0.1607076031 0.2471609627 0 0 0 0 1 1 0 0 58.15330124 0 1 0 33.33610153 0 0 1 60.86919785 0 0 0 1 0.2128549127 0.2039810318 0.955554564 -0 -0.2039810318 0.96569395 -0.1607076031 -0 -0.955554564 -0.1607076031 0.2471609627 -0 0 0 0 1 32 1.85226675 0.8975556713 0.03125 1.085884244 0.9008882913 0.03125 0.4097916512 0.9256649351 0.03125 -0.1538120481 0.9670180065 0.03125 -0.370577056 1.020126406 0.03125 -0.2203531117 1.072534571 0.03125 0.3105214681 1.11563025 0.03125 1.216247825 1.138632185 0.03125 2.314655507 1.136161499 0.03125 3.570761245 1.111320372 0.03125 4.820009057 1.073144688 0.03125 6.012834762 1.041233647 0.03125 7.056186417 1.036611308 0.03125 7.899238232 1.079809739 0.03125 8.443253178 1.185689548 0.03125 8.654812067 1.349465224 0.03125 7.522785037 1.042620944 0.03125 7.074200593 1.210135293 0.03125 6.4031223 1.354407589 0.03125 5.545285761 1.447644849 0.03125 4.616168895 1.47781758 0.03125 3.653475089 1.440596575 0.03125 2.811058537 1.344759638 0.03125 2.109400475 1.209636702 0.03125 1.609786662 1.054310126 0.03125 1.310300721 0.904080073 0.03125 1.117727992 0.7710236727 0.03125 1.025595617 0.6661849501 0.03125 0.9636949525 0.5897969556 0.03125 0.931146756 0.5402472866 0.03125 0.9360830845 0.5120064761 0.03125 0.9808355151 0.5001527488 0.03125 1 3 1 1 1 1 500 0.0004
-2.978054411 102.9 58.15330124 33.33610153 60.86919785 92.03722004 17.67701129 64.23543167 0.142029155 0.2119600457 0.9669026105 0.1365627989 0.05316405674 -0.9892038137 0.142029155 -0.2119600457 -0.9669026105 0 0.2119600457 0.9606603205 -0.1794566457 0 0.9669026105 -0.1794566457 0.1813688345 0 0 0 0 1 1 0 0 58.15330124 0 1 0 33.33610153 0 0 1 60.86919785 0 0 0 1 0.142029155 0.2119600457 0.9669026105 -0 -0.2119600457 0.9606603205 -0.1794566457 -0 -0.9669026105 -0.1794566457 0.1813688345 -0 0 0 0 1 32 2.015154791 0.8847507908 0.03125 1.091766467 0.8660382931 0.03125 0.2725454549 0.8733052959 0.03125 -0.4147679246 0.9007379306 0.03125 -0.7136759613 0.9440176902 0.03125 -0.6007637735 0.9918172032 0.03125 -0.08267435079 1.036780043 0.03125 0.8366248605 1.067766135 0.03125 1.967681433 1.077754028 0.03125 3.275726612 1.065808791 0.03125 4.590542302 1.036999359 0.03125 5.859625997 1.007556631 0.03125 6.980001322 0.9967252882 0.03125 7.895876098 1.026487638 0.03125 8.504932737 1.114503423 0.03125 8.769752258 1.26149777 0.03125 7.682500311 0.9429482504 0.03125 7.269640575 1.10634351 0.03125 6.623309271 1.255059454 0.03125 5.78279377 1.358720032 0.03125 4.871179848 1.402264292 0.03125 3.931562043 1.378335287 0.03125 3.104930312 1.294245475 0.03125 2.41350758 1.169273071 0.03125 1.903531095 1.022637856 0.03125 1.57282629 0.8798858873 0.03125 1.341626648 0.7534567361 0.03125 1.202697145 0.654196423 0.03125 1.095411152 0.5824829554 0.03125 1.018845605 0.5363886568 0.03125 0.9852353779 0.5104463367 0.03125 0.9969179399 0.4998330297 0.03125 1 3 1 1 1 1 500 0.0004
-2.898805872 102.9 58.15330124 33.33610153 60.86919785 89.0924263 20.30279188 76.34866815 0.0001441704288 0.1010166771 0.994884722 0.2493027146 0.03074957913 -0.9679373016 0.0001441704288 -0.1010166771 -0.994884722 0 0.1010166771 0.9897971019 -0.1004854617 0 0.994884722 -0.1004854617 0.01034706853 0 0 0 0 1 1 0 0 58.15330124 0 1 0 33.33610153 0 0 1 60.86919785 0 0 0 1 0.0001441704288 0.1010166771 0.994884722 -0 -0.1010166771 0.9897971019 -0.1004854617 -0 -0.994884722 -0.1004854617 0.01034706853 -0 0 0 0 1 32 -0.1825571612 0.9021208978 0.03125 -0.6881896553 0.8996847538 0.03125 -1.112622884 0.9070396524 0.03125 -1.438821822 0.9300181137 0.03125 -1.45684649 0.972395059 0.03125 -1.143385934 1.03066672 0.03125 -0.5136584955 1.099449084 0.03125 0.4366511567 1.16550868 0.03125 1.561784362 1.216879575 0.03125 2.838920517 1.243116273 0.03125 4.123613253 1.239666181 0.03125 5.3721548 1.213663642 0.03125 6.480870546 1.177085132 0.03125 7.40049395 1.151480896 0.03125 8.051762556 1.1548941 0.03125 8.398251855 1.195921389 0.03125 7.450365587 0.7752805756 0.03125 7.212855249 0.8486408252 0.03125 6.767391784 0.9251706452 0.03125 6.144406262 0.9816795971 0.03125 5.455007562 1.005690637 0.03125 4.740681612 0.9897013574 0.03125 4.088782476 0.9371693371 0.03125 3.520318214 0.8614195881 0.03125 3.024035164 0.7747468555 0.03125 2.601524952 0.692963811 0.03125 2.218455732 0.6232643664 0.03125 1.873094689 0.5706807495 0.03125 1.566353513 0.5346835872 0.03125 1.300460154 0.5130149441 0.03125 1.123685116 0.5018294591 0.03125 1.041238669 0.4977399704 0.03125 1 3 1 1 1 1 500 0.0004
-3.022439635 102.9 58.15330124 33.33610153 60.86919785 90.48705269 19.39216918 79.9186543 -0.03301590469 0.2059116754 0.9780134621 0.2901660461 -0.06966562996 -0.9544371984 -0.03301590469 -0.2059116754 -0.9780134621 0 0.2059116754 0.9561527245 -0.2082602925 0 0.9780134621 -0.2082602925 0.01083137085 0 0 0 0 1 1 0 0 58.15330124 0 1 0 33.33610153 0 0 1 60.86919785 0 0 0 1 -0.03301590469 0.2059116754 0.9780134621 -0 -0.2059116754 0.9561527245 -0.2082602925 -0 -0.9780134621 -0.2082602925 0.01083137085 -0 0 0 0 1 32 1.673869395 0.9034318043 0.03125 0.6144792163 0.9373129717 0.03125 -0.3346040274 1.001929861 0.03125 -1.128731033 1.079416256 0.03125 -1.504289893 1.162701406 0.03125 -1.420141203 1.242332656 0.03125 -0.9414333691 1.314760018 0.03125 -0.06399869133 1.369827695 0.03125 1.038047723 1.397913406 0.03125 2.332306428 1.389750654 0.03125 3.66922434 1.341019793 0.03125 4.994411327 1.259663683 0.03125 6.190760564 1.16029196 0.03125 7.20029133 1.07242961 0.03125 7.923027267 1.021704655 0.03125 8.317335395 1.026011935 0.03125 7.382770375 0.5922177924 0.03125 7.123932627 0.6743584215 0.03125 6.638062828 0.7744396357 0.03125 5.96130526 0.8615129113 0.03125 5.246795733 0.9173447492 0.03125 4.543027964 0.9279491854 0.03125 3.930941122 0.8956424604 0.03125 3.431787189 0.8345005097 0.03125 3.004585302 0.7579952517 0.03125 2.648578076 0.68320213 0.03125 2.314098812 0.6181269296 0.03125 1.997873862 0.5682698979 0.03125 1.69782903 0.5336958424 0.03125 1.415356977 0.5126365006 0.03125 1.203861299 0.5016832902 0.03125 1.068157405 0.4977722751 0.03125 1 3 1 1 1 1 500 0.0004
-2.816402687 102.9 58.15330124 33.33610153 60.86919785 96.19353244 20.23871048 81.52755576 0.03937420022 0.09226404342 0.9949557873 0.3492653118 0.009529088421 -0.9369754204 0.03937420022 -0.09226404342 -0.9949557873 0 0.09226404342 0.9918098278 -0.08832107237 0 0.9949557873 -0.08832107237 0.04756437244 0 0 0 0 1 1 0 0 58.15330124 0 1 0 33.33610153 0 0 1 60.86919785 0 0 0 1 0.03937420022 0.09226404342 0.9949557873 -0 -0.09226404342 0.9918098278 -0.08832107237 -0 -0.9949557873 -0.08832107237 0.04756437244 -0 0 0 0 1 32 0.1537240122 0.9036613019 0.03125 -0.4076401274 0.9079822005 0.03125 -0.8919611302 0.9227087651 0.03125 -1.276745577 0.9492430732 0.03125 -1.352009692 0.9903206898 0.03125 -1.091058672 1.044492167 0.03125 -0.5313846372 1.109144803 0.03125 0.3299099975 1.17409149 0.03125 1.352614219 1.229116964 0.03125 2.51374762 1.263990983 0.03125 3.686024437 1.273421892 0.03125 4.828860929 1.263088144 0.03125 5.841977746 1.243197637 0.03125 6.682044338 1.234883047 0.03125 7.277832121 1.254137486 0.03125 7.59540858 1.306659955 0.03125 6.662688156 0.8991348398 0.03125 6.455915047 0.9774149436 0.03125 6.073373311 1.05830161 0.03125 5.538772473 1.115547957 0.03125 4.978847828 1.136253361 0.03125 4.430006175 1.111191426 0.03125 3.954857046 1.044753706 0.03125 3.568039995 0.9521920377 0.03125 3.217613286 0.8472106298 0.03125 2.903194004 0.7475505788 0.03125 2.584627814 0.661332249 0.03125 2.261043029 0.5947521511 0.03125 1.933829473 0.5476921258 0.03125 1.606046095 0.5183416012 0.03125 1.329004959 0.5025529372 0.03125 1.109657046 0.4965433225 0.03125 1 3 1 1 1 1 500 0.0004
-2.898736346 102.9 58.15330124 33.33610153 60.86919785 99.45910612 20.16940408 82.37047023 0.04049891227 0.09821268665 0.9943410412 0.396992347 0.1229281982 -0.9095524913 0.04049891227 -0.09821268665 -0.9943410412 0 0.09821268665 0.990729705 -0.09385584545 0 0.9943410412 -0.09385584545 0.04976920723 0 0 0 0 1 1 0 0 58.15330124 0 1 0 33.33610153 0 0 1 60.86919785 0 0 0 1 0.04049891227 0.09821268665 0.9943410412 -0 -0.09821268665 0.990729705 -0.09385584545 -0 -0.9943410412 -0.09385584545 0.04976920723 -0 0 0 0 1 32 1.101977425 0.9027493994 0.03125 0.3782591168 0.9282720677 0.03125 -0.2756220255 0.9787692093 0.03125 -0.8260319218 1.043034397 0.03125 -1.048804878 1.118248352 0.03125 -0.9076165975 1.199881608 0.03125 -0.4592424907 1.28760265 0.03125 0.3022022857 1.373628973 0.03125 1.238995109 1.450016494 0.03125 2.328201332 1.507121797 0.03125 3.444330315 1.539716421 0.03125 4.545545749 1.552760628 0.03125 5.523184566 1.555313371 0.03125 6.333902752 1.566547992 0.03125 6.915319744 1.599829898 0.03125 7.23454659 1.656281768 0.03125 6.335223943 1.245350305 0.03125 6.17964527 1.309562665 0.03125 5.863818132 1.36697081 0.03125 5.4075109 1.392500457 0.03125 4.923430658 1.374943039 0.03125 4.444107634 1.309004985 0.03125 4.0271826 1.201286937 0.03125 3.684597238 1.07066416 0.03125 3.363607138 0.932371864 0.03125 3.063079307 0.8055906584 0.03125 2.748041931 0.6985023042 0.03125 2.417852073 0.6165992034 0.03125 2.075181681 0.5590516434 0.03125 1.723096068 0.5230677144 0.03125 1.407510154 0.5036966564 0.03125 1.13606608 0.4962134916 0.03125 1 3 1 1 1 1 500 0.0004
-2.928386222 102.9 58.15330124 33.33610153 60.86919785 99.21068953 23.14740427 87.93404658 -0.009659858395 0.09402287575 0.995523172 0.490336435 0.1711383644 -0.8545652934 -0.009659858395 -0.09402287575 -0.995523172 0 0.09402287575 0.9910734698 -0.09451495256 0 0.995523172 -0.09451495256 -0.0007333282133 0 0 0 0 1 1 0 0 58.15330124 0 1 0 33.33610153 0 0 1 60.86919785 0 0 0 1 -0.009659858395 0.09402287575 0.995523172 -0 -0.09402287575 0.9910734698 -0.09451495256 -0 -0.995523172 -0.09451495256 -0.0007333282133 0 0 0 0 1 32 0.9436932886 0.9012888812 0.03125 0.2090962189 0.9276218326 0.03125 -0.4540655314 0.9781567198 0.03125 -1.008788321 1.040144475 0.03125 -1.232898177 1.111823129 0.03125 -1.086973091 1.19383987 0.03125 -0.6348178386 1.289931689 0.03125 0.1307656558 1.395107853 0.03125 1.071101251 1.502492844 0.03125 2.164073993 1.600421145 0.03125 3.283374637 1.680880802 0.03125 4.387732382 1.743539211 0.03125 5.366151881 1.793345928 0.03125 6.174932291 1.846597289 0.03125 6.75882249 1.913496558 0.03125 7.08585565 1.992073009 0.03125 6.205363165 1.589726008 0.03125 6.07601969 1.648602113 0.03125 5.797432022 1.688089617 0.03125 5.388667994 1.684243712 0.03125 4.966855508 1.627342645 0.03125 4.562881888 1.516973731 0.03125 4.204261196 1.36320579 0.03125 3.90028694 1.189944019 0.03125 3.598276455 1.014851866 0.03125 3.296771254 0.8589823003 0.03125 2.968916643 0.7306147367 0.03125 2.614998405 0.6340635592 0.03125 2.242036208 0.5673783872 0.03125 1.853838242 0.526228158 0.03125 1.491805213 0.5044801342 0.03125 1.164800427 0.4961477008 0.03125 1 3 1 1 1 1 500 0.0004
-2.945763499 102.9 58.45330048 32.63610077 60.66919708 97.10702416 29.21199335 91.97645438 -0.1370436807 0.113031807 0.9840949345 0.5345789274 0.3416738174 -0.7729711333 -0.1370436807 -0.113031807 -0.9840949345 0 0.113031807 0.9851948597 -0.1288987938 0 0.9840949345 -0.1288987938 -0.1222385404 0 0 0 0 1 1 0 0 58.45330048 0 1 0 32.63610077 0 0 1 60.66919708 0 0 0 1 -0.1370436807 0.113031807 0.9840949345 -0 -0.113031807 0.9851948597 -0.1288987938 -0 -0.9840949345 -0.1288987938 -0.1222385404 0 0 0 0 1 32 1.022749422 0.8992360243 0.03125 0.4426199251 0.9230785189 0.03125 -0.1313108096 0.9800840017 0.03125 -0.6673364379 1.057332165 0.03125 -0.931028544 1.151888828 0.03125 -0.8771370919 1.263119772 0.03125 -0.5123286069 1.396444077 0.03125 0.1788398245 1.546977488 0.03125 1.060233976 1.706858358 0.03125 2.114654184 1.860157334 0.03125 3.216113177 1.993688334 0.03125 4.324962276 2.100442578 0.03125 5.323974961 2.179902046 0.03125 6.165956305 2.246073685 0.03125 6.782827512 2.308294851 0.03125 7.141639306 2.369659954 0.03125 6.284905613 1.936559988 0.03125 6.188879161 1.967031841 0.03125 5.934834172 1.975540226 0.03125 5.543312299 1.941749406 0.03125 5.131480671 1.856145759 0.03125 4.731050597 1.71737064 0.03125 4.376754077 1.534923718 0.03125 4.07735933 1.331693567 0.03125 3.77492057 1.126245682 0.03125 3.467396752 0.9413362628 0.03125 3.128180399 0.786839742 0.03125 2.757395461 0.6692471516 0.03125 2.359446918 0.586977129 0.03125 1.938361911 0.5357046801 0.03125 1.54345909 0.5082971421 0.03125 1.183614249 0.4976614663 0.03125 1 3 1 1 1 1 500 0.0004
-2.624121488 102.9 58.15330124 33.33610153 60.86919785 94.36486678 32.02371009 97.72798751 -0.1666470177 -0.05166171728 0.9846622966 0.5963861315 0.4210293214 -0.6834163392 -0.1666470177 0.05166171728 -0.9846622966 0 -0.05166171728 0.9967973559 0.06104177494 0 0.9846622966 0.06104177494 -0.1634443736 0 0 0 0 1 1 0 0 58.15330124 0 1 0 33.33610153 0 0 1 60.86919785 0 0 0 1 -0.1666470177 -0.05166171728 0.9846622966 -0 0.05166171728 0.9967973559 0.06104177494 -0 -0.9846622966 0.06104177494 -0.1634443736 -0 0 0 0 1 32 1.419821206 0.9203618647 0.03125 0.3794938738 0.9742725855 0.03125 -0.5983864639 1.055920893 0.03125 -1.454921862 1.131449959 0.03125 -1.917948119 1.193585543 0.03125 -1.926385472 1.254795592 0.03125 -1.531827073 1.332537603 0.03125 -0.7211189833 1.432755072 0.03125 0.3301090192 1.553560145 0.03125 1.592165681 1.681479079 0.03125 2.897455365 1.804588808 0.03125 4.194553453 1.913864765 0.03125 5.354368891 2.00910767 0.03125 6.322249665 2.105053124 0.03125 7.020272325 2.212609015 0.03125 7.414074011 2.336472825 0.03125 6.540670159 1.971037014 0.03125 6.396744515 2.071369366 0.03125 6.065563188 2.141478404 0.03125 5.578233295 2.15330735 0.03125 5.079985974 2.09140432 0.03125 4.612457706 1.953809849 0.03125 4.227853309 1.752613994 0.03125 3.938520841 1.51747705 0.03125 3.664167637 1.272996391 0.03125 3.400789454 1.049012032 0.03125 3.101911751 0.8593635977 0.03125 2.765666763 0.7137665023 0.03125 2.386349859 0.6112231461 0.03125 1.967764095 0.5468745456 0.03125 1.56694164 0.5123086795 0.03125 1.19277934 0.4988532862 0.03125 1 3 1 1 1 1 500 0.0004
-1.424100526 102.9 58.15330124 33.33610153 60.86919785 91.41045847 39.67475952 97.32831153 -0.07631032773 -0.03317305015 0.9965321282 0.4617516275 0.6224164193 -0.6319677488 -0.07631032773 0.03317305015 -0.9965321282 0 -0.03317305015 0.9988086353 0.03578908724 0 0.9965321282 0.03578908724 -0.07511896305 0 0 0 0 1 1 0 0 58.15330124 0 1 0 33.33610153 0 0 1 60.86919785 0 0 0 1 -0.07631032773 -0.03317305015 0.9965321282 -0 0.03317305015 0.9988086353 0.03578908724 -0 -0.9965321282 0.03578908724 -0.07511896305 -0 0 0 0 1 32 1.218430499 0.9621629398 0.03125 -0.1483194932 1.119877411 0.03125 -1.519465223 1.060102773 0.03125 -2.566349211 0.5331134134 0.03125 -3.174294402 -0.4313420169 0.03125 -3.079836843 -1.467802909 0.03125 -2.526875732 -2.281501588 0.03125 -1.494710437 -2.681348609 0.03125 -0.08122729254 -2.642006652 0.03125 1.62196474 -2.251844748 0.03125 3.392971201 -1.638310395 0.03125 5.097475939 -0.9276521626 0.03125 6.538471716 -0.2182596696 0.03125 7.583765107 0.4663613587 0.03125 8.175464205 1.093025956 0.03125 8.222844558 1.654050149 0.03125 7.070231081 1.704812972 0.03125 6.423215673 2.033354017 0.03125 5.692277484 2.267830231 0.03125 4.920781672 2.374471058 0.03125 4.334947525 2.348921091 0.03125 3.993047004 2.211423913 0.03125 3.814864936 1.987972075 0.03125 3.798425934 1.717103887 0.03125 3.777871342 1.430242975 0.03125 3.736783801 1.161679591 0.03125 3.552770666 0.929611949 0.03125 3.223258264 0.749426664 0.03125 2.78876209 0.6211676127 0.03125 2.26105462 0.5399385334 0.03125 1.734186051 0.495696619 0.03125 1.233084702 0.4779729551 0.03125 1 3 1 1 1 1 500 0.0004
-2.305606109 102.9 58.15330124 33.33610153 60.86919785 90.74620268 41.8444056 100.3934498 -0.154330746 -0.1543925301 0.975881636 0.4452221576 0.6688264583 -0.5953556912 -0.154330746 0.1543925301 -0.975881636 0 -0.1543925301 0.9718127942 0.1781652036 0 0.975881636 0.1781652036 -0.1261435402 0 0 0 0 1 1 0 0 58.15330124 0 1 0 33.33610153 0 0 1 60.86919785 0 0 0 1 -0.154330746 -0.1543925301 0.975881636 -0 0.1543925301 0.9718127942 0.1781652036 -0 -0.975881636 0.1781652036 -0.1261435402 -0 0 0 0 1 32 1.247663526 0.9312624455 0.03125 0.1220688994 0.9760998326 0.03125 -0.9030570683 1.048521025 0.03125 -1.781170297 1.127473372 0.03125 -2.224562716 1.207626935 0.03125 -2.186407181 1.294393863 0.03125 -1.726436555 1.397649067 0.03125 -0.8350725448 1.519868982 0.03125 0.2934533686 1.661583345 0.03125 1.630854131 1.815330613 0.03125 2.990233444 1.977102895 0.03125 4.32350692 2.142206555 0.03125 5.509619316 2.311580324 0.03125 6.500342625 2.488300024 0.03125 7.230496722 2.67267626 0.03125 7.66693209 2.854308039 0.03125 6.82230157 2.51246949 0.03125 6.702281115 2.61000578 0.03125 6.362402747 2.650712448 0.03125 5.826192121 2.611959123 0.03125 5.241942676 2.483597173 0.03125 4.644536574 2.272110296 0.03125 4.167511558 1.995221986 0.03125 3.819381582 1.690143261 0.03125 3.536524947 1.385439693 0.03125 3.308658677 1.11519786 0.03125 3.039442901 0.8934087401 0.03125 2.726084265 0.7281244219 0.03125 2.357284132 0.6156830392 0.03125 1.942026742 0.5477713959 0.03125 1.549285079 0.5130560705 0.03125 1.193482571 0.4997212807 0.03125 1 3 1 1 1 1 500 0.0004
