-1.839018027 102.9 58.353302 33.33610153 60.86919785 139.3174201 22.5702707 8.461099184 0.9556563668 -0.08050403861 0.2832666737 0.7288191945 -0.1270788512 -0.6728101867 0.9556563668 0.08050403861 -0.2832666737 0 -0.08050403861 0.9966860741 0.01166059213 0 0.2832666737 0.01166059213 0.9589702926 0 0 0 0 1 1 0 0 58.353302 0 1 0 33.33610153 0 0 1 60.86919785 0 0 0 1 0.9556563668 -0.08050403861 0.2832666737 -0 0.08050403861 0.9966860741 0.01166059213 -0 -0.2832666737 0.01166059213 0.9589702926 -0 0 0 0 1 32 2.213401737 0.9488061462 0.03125 2.463507583 0.9610482839 0.03125 2.674143462 0.9723035775 0.03125 2.844650968 0.9833642348 0.03125 2.962469797 0.9947935577 0.03125 3.027815295 1.007081315 0.03125 3.034277851 1.020379801 0.03125 2.983052678 1.034712028 0.03125 2.871918228 1.049814497 0.03125 2.703046471 1.065267451 0.03125 2.489849048 1.080460252 0.03125 2.234938265 1.094698562 0.03125 1.955242157 1.107196936 0.03125 1.653354461 1.117169762 0.03125 1.34501146 1.123779094 0.03125 1.032457956 1.126003933 0.03125 -0.2562370597 0.6247917942 0.03125 -0.517518563 0.6207406713 0.03125 -0.7222958556 0.615473646 0.03125 -0.8708723673 0.6088464284 0.03125 -0.9486618654 0.6008281694 0.03125 -0.9561384078 0.5915931321 0.03125 -0.8973360862 0.5811909325 0.03125 -0.7730719646 0.5700117028 0.03125 -0.6084601266 0.5582806456 0.03125 -0.4042444696 0.5465417279 0.03125 -0.1868175431 0.5351697013 0.03125 0.04331061147 0.5247033015 0.03125 0.2717564787 0.5155648312 0.03125 0.4981278997 0.5082048823 0.03125 0.708889958 0.5030154228 0.03125 0.9040706228 0.5002683716 0.03125 1 3 1 1 1 1 500 0.0004
-1.857796652 102.9 58.353302 33.33610153 60.86919785 138.2683158 23.64737608 8.997924324 0.9381042983 -0.05260180662 0.3423351799 0.7062949459 -0.1138231872 -0.6987071858 0.9381042983 0.05260180662 -0.3423351799 0 -0.05260180662 0.998572342 0.009291269281 0 0.3423351799 0.009291269281 0.9395319563 0 0 0 0 1 1 0 0 58.353302 0 1 0 33.33610153 0 0 1 60.86919785 0 0 0 1 0.9381042983 -0.05260180662 0.3423351799 -0 0.05260180662 0.998572342 0.009291269281 -0 -0.3423351799 0.009291269281 0.9395319563 -0 0 0 0 1 32 2.120536377 0.9410946448 0.03125 2.423383856 0.9397457359 0.03125 2.683178844 0.938685489 0.03125 2.898550798 0.9388827984 0.03125 3.058596434 0.941149223 0.03125 3.162947988 0.9461349514 0.03125 3.205256721 0.9541474433 0.03125 3.186369534 0.9652952119 0.03125 3.103388679 0.9793564279 0.03125 2.958398787 0.9958300615 0.03125 2.763003186 1.014031158 0.03125 2.519982792 1.032995584 0.03125 2.244494432 1.051723777 0.03125 1.939448517 1.069065203 0.03125 1.617534373 1.083892413 0.03125 1.281449579 1.094841808 0.03125 -0.04034507956 0.6003857829 0.03125 -0.3420570851 0.6006981914 0.03125 -0.5893089 0.5992491984 0.03125 -0.7816973844 0.5958882572 0.03125 -0.8973041124 0.5906173433 0.03125 -0.9358856998 0.5836672844 0.03125 -0.8997352723 0.5751487488 0.03125 -0.7891458809 0.5655146393 0.03125 -0.6316046167 0.5550303201 0.03125 -0.4276442081 0.5442970096 0.03125 -0.2079233961 0.5337046824 0.03125 0.02707063671 0.5238410733 0.03125 0.2598717969 0.5151271934 0.03125 0.4900871984 0.508034931 0.03125 0.7043716327 0.5029588101 0.03125 0.9026786812 0.5002665015 0.03125 1 3 1 1 1 1 500 0.0004
-1.938930251 102.9 58.353302 33.23609924 60.46920013 135.7836064 23.39063083 9.625430384 0.8908331388 0.03416995837 0.4530438531 0.6552629337 -0.117407354 -0.7462211475 0.8908331388 -0.03416995837 -0.4530438531 0 0.03416995837 0.9993825018 -0.008187126237 0 0.4530438531 -0.008187126237 0.891450637 0 0 0 0 1 1 0 0 58.353302 0 1 0 33.23609924 0 0 1 60.46920013 0 0 0 1 0.8908331388 0.03416995837 0.4530438531 -0 -0.03416995837 0.9993825018 -0.008187126237 -0 -0.4530438531 -0.008187126237 0.891450637 -0 0 0 0 1 32 2.145606445 0.9385663464 0.03125 2.498128286 0.9355780551 0.03125 2.807594632 0.9306364188 0.03125 3.07142882 0.9250292716 0.03125 3.279186814 0.919915382 0.03125 3.429202161 0.9164542924 0.03125 3.515977191 0.9154429816 0.03125 3.539082662 0.9176295512 0.03125 3.494543437 0.9232951597 0.03125 3.383378248 0.932632078 0.03125 3.213438914 0.9453063368 0.03125 2.987004939 0.9607808474 0.03125 2.717378584 0.978152884 0.03125 2.407554337 0.9963312688 0.03125 2.06944713 1.014079182 0.03125 1.706257087 1.029939229 0.03125 0.345282911 0.5405086003 0.03125 -0.005883151984 0.5450971232 0.03125 -0.3100510785 0.548075401 0.03125 -0.5659317681 0.5492715833 0.03125 -0.7410017662 0.5486445255 0.03125 -0.8339164294 0.5464168105 0.03125 -0.8418468419 0.5426967701 0.03125 -0.7640444685 0.5378944347 0.03125 -0.6292223653 0.5322327238 0.03125 -0.4371861221 0.526188647 0.03125 -0.224751483 0.5200559511 0.03125 0.007982509608 0.514245713 0.03125 0.2400960288 0.5090542396 0.03125 0.4713496671 0.5047999763 0.03125 0.6905718353 0.5017446966 0.03125 0.897791705 0.5001108591 0.03125 1 3 1 1 1 1 500 0.0004
-1.947370724 102.9 58.353302 33.33610153 60.86919785 125.462529 29.78469773 16.45141156 0.6414447575 0.05998234246 0.7648207252 0.387452216 0.0369515832 -0.9211489352 0.6414447575 -0.05998234246 -0.7648207252 0 0.05998234246 0.9978081008 -0.02794839025 0 0.7648207252 -0.02794839025 0.6436366567 0 0 0 0 1 1 0 0 58.353302 0 1 0 33.33610153 0 0 1 60.86919785 0 0 0 1 0.6414447575 0.05998234246 0.7648207252 -0 -0.05998234246 0.9978081008 -0.02794839025 -0 -0.7648207252 -0.02794839025 0.6436366567 -0 0 0 0 1 32 2.183418992 0.9380673316 0.03125 2.60183688 0.9330828804 0.03125 2.989270793 0.9241016346 0.03125 3.340897863 0.9124904741 0.03125 3.651284524 0.8996917397 0.03125 3.916131666 0.8871678166 0.03125 4.129085209 0.8762705299 0.03125 4.286879802 0.8682999885 0.03125 4.380922522 0.8642614288 0.03125 4.409690119 0.8651281634 0.03125 4.366626089 0.8712752474 0.03125 4.252690085 0.8830469333 0.03125 4.072298552 0.8998852694 0.03125 3.828910073 0.9210036793 0.03125 3.533043339 0.9449113474 0.03125 3.189563897 0.9697566676 0.03125 1.817041334 0.4891521692 0.03125 1.426454409 0.500947609 0.03125 1.046285961 0.5103439292 0.03125 0.6795501838 0.5171641719 0.03125 0.3747878736 0.5213059308 0.03125 0.1347225046 0.5231438796 0.03125 -0.01599343209 0.5228973507 0.03125 -0.0761093178 0.5212140408 0.03125 -0.06689008087 0.5184613376 0.03125 0.01187593327 0.5152165962 0.03125 0.1205799827 0.5117767637 0.03125 0.2593115198 0.5084661399 0.03125 0.4091422891 0.505447187 0.03125 0.5702459272 0.5029334898 0.03125 0.738295096 0.5010564762 0.03125 0.9134913737 0.5000517096 0.03125 1 3 1 1 1 1 500 0.0004
1.329118115 102.9 58.15330124 33.33610153 60.86919785 77.27289634 56.98525052 74.6031685 0.1244899805 -0.9679986515 0.2179010222 0.867801565 -0.08183643042 -0.4901257415 0.1244899805 0.9679986515 -0.2179010222 0 -0.9679986515 0.1667143278 0.1875765007 0 0.2179010222 0.1875765007 0.9577756527 0 0 0 0 1 1 0 0 58.15330124 0 1 0 33.33610153 0 0 1 60.86919785 0 0 0 1 0.1244899805 -0.9679986515 0.2179010222 -0 0.9679986515 0.1667143278 0.1875765007 -0 -0.2179010222 0.1875765007 0.9577756527 -0 0 0 0 1 32 29.08945908 4.232816394 0.03125 13.13219658 7.813407186 0.03125 0.7998889256 7.551321503 0.03125 -5.660867138 5.322722295 0.03125 -6.289314375 2.881211045 0.03125 -2.796636188 1.525457671 0.03125 1.680950787 1.183577997 0.03125 5.702727774 1.047071027 0.03125 8.333713857 0.2843548585 0.03125 9.445634974 -1.35140484 0.03125 9.413941769 -3.492677827 0.03125 8.676222248 -5.421327141 0.03125 7.859497186 -6.440428181 0.03125 7.360818412 -6.235898353 0.03125 7.749189512 -4.765723283 0.03125 8.633212093 -2.749561254 0.03125 8.276393086 -1.40297524 0.03125 8.315041537 -0.2226501739 0.03125 7.692224355 0.3144972144 0.03125 6.545190907 0.3740608696 0.03125 5.256214431 0.2151996416 0.03125 4.068429558 0.04741559031 0.03125 3.184458731 -0.03437861751 0.03125 2.710777757 -0.01024012058 0.03125 2.470691791 0.08078399326 0.03125 2.451895879 0.1982744587 0.03125 2.411560679 0.3072457461 0.03125 2.313743638 0.3937395731 0.03125 2.130396379 0.4515349806 0.03125 1.843848266 0.4835899375 0.03125 1.527889868 0.4957066227 0.03125 1.182371429 0.4974081738 0.03125 1 3 1 1 1 1 500 0.0004
