-2.075317205 101.9 58.353302 33.23609924 60.46920013 122.1122245 16.20552511 3.798930589 0.902853303 0.08474234499 0.421514707 0.8000198861 -0.03219468702 -0.5991090751 0.902853303 -0.08474234499 -0.421514707 0 0.08474234499 0.9962260543 -0.01877188571 0 0.421514707 -0.01877188571 0.9066272487 0 0 0 0 1 1 0 0 58.353302 0 1 0 33.23609924 0 0 1 60.46920013 0 0 0 1 0.902853303 0.08474234499 0.421514707 -0 -0.08474234499 0.9962260543 -0.01877188571 -0 -0.421514707 -0.01877188571 0.9066272487 -0 0 0 0 1 32 2.326622906 0.9422157632 0.03125 3.223988411 0.9410876745 0.03125 3.986502468 0.910484637 0.03125 4.599562784 0.8449910025 0.03125 5.043395005 0.7431610995 0.03125 5.310731932 0.6069933034 0.03125 5.403480667 0.442303946 0.03125 5.323862015 0.2564437192 0.03125 5.090095522 0.05877129346 0.03125 4.712844631 -0.1431228619 0.03125 4.216082387 -0.341389704 0.03125 3.615364554 -0.5316297003 0.03125 2.937816578 -0.7094448919 0.03125 2.201180391 -0.872863296 0.03125 1.441176325 -1.018721195 0.03125 0.6748775605 -1.143957994 0.03125 -1.069742949 -1.687021832 0.03125 -1.768392048 -1.625036827 0.03125 -2.337510437 -1.494892376 0.03125 -2.773782544 -1.29348834 0.03125 -3.037516161 -1.026120246 0.03125 -3.132930991 -0.7118366727 0.03125 -3.053094799 -0.3766247956 0.03125 -2.810066612 -0.05800214359 0.03125 -2.442616239 0.215205729 0.03125 -1.96555234 0.4174829461 0.03125 -1.445357202 0.5429991019 0.03125 -0.8931331938 0.5978299019 0.03125 -0.3744624245 0.599340633 0.03125 0.1057729801 0.5700783277 0.03125 0.5156666851 0.5320642486 0.03125 0.8532226318 0.5051739105 0.03125 1 3 1 1 1 1 500 0.0004
-2.046034949 101.9 58.353302 33.23609924 60.66919708 122.2462576 16.44094917 3.661329438 0.9043220873 0.06407984715 0.4220134307 0.7981545693 -0.03638563883 -0.6013529486 0.9043220873 -0.06407984715 -0.4220134307 0 0.06407984715 0.997843733 -0.01420062095 0 0.4220134307 -0.01420062095 0.9064783542 0 0 0 0 1 1 0 0 58.353302 0 1 0 33.23609924 0 0 1 60.66919708 0 0 0 1 0.9043220873 0.06407984715 0.4220134307 -0 -0.06407984715 0.997843733 -0.01420062095 -0 -0.4220134307 -0.01420062095 0.9064783542 -0 0 0 0 1 32 2.396418853 0.9323202485 0.03125 3.277053293 0.9107822966 0.03125 4.02342227 0.8622690719 0.03125 4.621280647 0.7829806488 0.03125 5.049850178 0.6725947673 0.03125 5.302415944 0.5337592046 0.03125 5.379875879 0.3723516288 0.03125 5.285012145 0.1952004429 0.03125 5.036377166 0.01050141469 0.03125 4.645208108 -0.1756531834 0.03125 4.138138431 -0.3570212608 0.03125 3.531292736 -0.5309165303 0.03125 2.853579699 -0.6941823241 0.03125 2.122857482 -0.8457955101 0.03125 1.374192715 -0.9829884572 0.03125 0.624305588 -1.102825692 0.03125 -1.100168962 -1.644946866 0.03125 -1.775972685 -1.586031301 0.03125 -2.324064198 -1.461002102 0.03125 -2.741332395 -1.266003333 0.03125 -2.990597682 -1.005504883 0.03125 -3.076109094 -0.6976516442 0.03125 -2.991463432 -0.3677312075 0.03125 -2.748737098 -0.05292427846 0.03125 -2.384621207 0.2180040984 0.03125 -1.913981245 0.4190979096 0.03125 -1.400351452 0.5441153032 0.03125 -0.8550243877 0.5986364604 0.03125 -0.3436683086 0.5998793307 0.03125 0.1287778157 0.5703781313 0.03125 0.5299767994 0.5321748447 0.03125 0.8580060848 0.5051874127 0.03125 1 3 1 1 1 1 500 0.0004
-2.066223725 101.9 58.353302 33.23609924 60.46920013 122.3567765 15.93067682 4.116385323 0.8993301047 0.08922835875 0.4280696937 0.8100125561 -0.04054209372 -0.5850093996 0.8993301047 -0.08922835875 -0.4280696937 0 0.08922835875 0.9958081536 -0.02011022524 0 0.4280696937 -0.02011022524 0.9035219511 0 0 0 0 1 1 0 0 58.353302 0 1 0 33.23609924 0 0 1 60.46920013 0 0 0 1 0.8993301047 0.08922835875 0.4280696937 -0 -0.08922835875 0.9958081536 -0.02011022524 -0 -0.4280696937 -0.02011022524 0.9035219511 -0 0 0 0 1 32 2.45572455 0.932765715 0.03125 3.324319839 0.9134675764 0.03125 4.059122314 0.8674007971 0.03125 4.646497066 0.7906746744 0.03125 5.067033548 0.6829271181 0.03125 5.31438878 0.5467584135 0.03125 5.390741388 0.3881116475 0.03125 5.298836828 0.2139375061 0.03125 5.056361316 0.03262882364 0.03125 4.673969617 -0.149335384 0.03125 4.176031749 -0.3256517477 0.03125 3.577691552 -0.4933357489 0.03125 2.907121881 -0.6495834946 0.03125 2.181172564 -0.7936122787 0.03125 1.434354427 -0.9232656104 0.03125 0.6825435797 -1.036182051 0.03125 -1.049590466 -1.575790052 0.03125 -1.73891042 -1.519679268 0.03125 -2.305527344 -1.400054126 0.03125 -2.746604487 -1.213021761 0.03125 -3.020628447 -0.9627684352 0.03125 -3.131325917 -0.6667935727 0.03125 -3.069782953 -0.3493242078 0.03125 -2.846610789 -0.04575012138 0.03125 -2.494044965 0.2162554686 0.03125 -2.025720951 0.411543254 0.03125 -1.507982321 0.5339479282 0.03125 -0.9513855485 0.5886628535 0.03125 -0.4248591165 0.592034723 0.03125 0.06681011112 0.5655127633 0.03125 0.4904086481 0.5301270174 0.03125 0.8441952703 0.5048763429 0.03125 1 3 1 1 1 1 500 0.0004
-2.054590301 101.9 58.353302 33.23609924 60.46920013 121.6037676 17.29850273 3.809064724 0.926236229 0.04968263843 0.3736550327 0.9012675942 0.1360483913 -0.4113484641 0.926236229 -0.04968263843 -0.3736550327 0 0.04968263843 0.9987185556 -0.009637534383 0 0.3736550327 -0.009637534383 0.9275176734 0 0 0 0 1 1 0 0 58.353302 0 1 0 33.23609924 0 0 1 60.46920013 0 0 0 1 0.926236229 0.04968263843 0.3736550327 -0 -0.04968263843 0.9987185556 -0.009637534383 -0 -0.3736550327 -0.009637534383 0.9275176734 -0 0 0 0 1 32 2.570071871 0.9346011883 0.03125 3.139853616 0.9248973298 0.03125 3.610048224 0.8882464225 0.03125 3.971635485 0.8161261163 0.03125 4.221098536 0.7047089766 0.03125 4.35773591 0.5551015092 0.03125 4.426316389 0.3746646201 0.03125 4.427621047 0.1742020622 0.03125 4.365356929 -0.03453933228 0.03125 4.241279307 -0.2443796089 0.03125 4.047980934 -0.4498594317 0.03125 3.794849982 -0.6518744631 0.03125 3.489089307 -0.8498212922 0.03125 3.145114377 -1.044256381 0.03125 2.712355447 -1.231025478 0.03125 2.202762505 -1.40387698 0.03125 0.5364975888 -1.966269436 0.03125 -0.2927839719 -1.891787962 0.03125 -1.161388371 -1.722712816 0.03125 -2.055469942 -1.461637182 0.03125 -2.810955924 -1.124176681 0.03125 -3.421709525 -0.7422246576 0.03125 -3.834123504 -0.352358747 0.03125 -4.066259362 0.001849817812 0.03125 -4.131091814 0.2914123345 0.03125 -4.05525491 0.494494753 0.03125 -3.685769683 0.6104472412 0.03125 -3.043348647 0.6505147952 0.03125 -2.207906903 0.6353179837 0.03125 -1.190873053 0.5900082339 0.03125 -0.2531948955 0.539221159 0.03125 0.5990360322 0.5051221108 0.03125 1 3 1 1 1 1 500 0.0004
-2.03045201 101.9 58.353302 33.33610153 60.86919785 117.8925968 19.27767225 5.879562576 0.9068546871 0.01681216997 0.421107976 0.8571585198 0.2152273239 -0.467927848 0.9068546871 -0.01681216997 -0.421107976 0 0.01681216997 0.9998517721 -0.003712783632 0 0.421107976 -0.003712783632 0.907002915 0 0 0 0 1 1 0 0 58.353302 0 1 0 33.33610153 0 0 1 60.86919785 0 0 0 1 0.9068546871 0.01681216997 0.421107976 -0 -0.01681216997 0.9998517721 -0.003712783632 -0 -0.421107976 -0.003712783632 0.907002915 -0 0 0 0 1 32 2.228021666 0.9332744208 0.03125 2.726881717 0.9132193553 0.03125 3.151845536 0.8583442485 0.03125 3.508151988 0.7576389836 0.03125 3.815285787 0.6078032251 0.03125 4.07817249 0.4142262107 0.03125 4.330945339 0.1921087723 0.03125 4.560068296 -0.04467321183 0.03125 4.740443539 -0.2794869986 0.03125 4.8559671 -0.5124262543 0.03125 4.890017422 -0.7418289764 0.03125 4.844253766 -0.9812041531 0.03125 4.666984258 -1.233699237 0.03125 4.37284398 -1.503145677 0.03125 3.852121117 -1.776485879 0.03125 3.115159632 -2.032743255 0.03125 1.101377762 -2.620825561 0.03125 -0.1728145074 -2.475433833 0.03125 -1.445082118 -2.17561873 0.03125 -2.661395002 -1.742154754 0.03125 -3.613511489 -1.218228786 0.03125 -4.28075711 -0.6645469917 0.03125 -4.654536575 -0.1391421244 0.03125 -4.774664522 0.3017238245 0.03125 -4.637237336 0.6263708782 0.03125 -4.301594206 0.817077568 0.03125 -3.682000064 0.8844521748 0.03125 -2.816756567 0.8560419354 0.03125 -1.885835216 0.7684571335 0.03125 -0.9005404263 0.6602528716 0.03125 -0.04598899524 0.565312101 0.03125 0.6789995858 0.5095137918 0.03125 1 3 1 1 1 1 500 0.0004
-2.22045351 101.9 58.353302 33.33610153 60.86919785 113.4352794 20.50271882 8.984800226 0.8674579939 0.05805572409 0.4941114871 0.7445610817 0.1809503407 -0.6425618801 0.8674579939 -0.05805572409 -0.4941114871 0 0.05805572409 0.9981951577 -0.01536098818 0 0.4941114871 -0.01536098818 0.8692628362 0 0 0 0 1 1 0 0 58.353302 0 1 0 33.33610153 0 0 1 60.86919785 0 0 0 1 0.8674579939 0.05805572409 0.4941114871 -0 -0.05805572409 0.9981951577 -0.01536098818 -0 -0.4941114871 -0.01536098818 0.8692628362 -0 0 0 0 1 32 2.257023996 0.9325276824 0.03125 2.768226695 0.9554075131 0.03125 3.139349548 1.008976133 0.03125 3.355136674 1.095457776 0.03125 3.527580626 1.203206146 0.03125 3.666519775 1.289127327 0.03125 3.955105364 1.313073691 0.03125 4.38864383 1.18890641 0.03125 4.882700982 0.8983524863 0.03125 5.414310526 0.3931615362 0.03125 5.80326233 -0.284250467 0.03125 6.053629974 -1.119696681 0.03125 6.04633966 -2.034386057 0.03125 5.799666215 -2.971382952 0.03125 5.252360707 -3.838959899 0.03125 4.38702304 -4.555432282 0.03125 2.077156551 -5.196984314 0.03125 0.3591706626 -4.591640298 0.03125 -1.439497697 -3.483997782 0.03125 -3.210880336 -1.944327022 0.03125 -4.738234657 -0.1384947891 0.03125 -5.876897868 1.672530903 0.03125 -6.392180591 3.220118724 0.03125 -6.284125789 4.243317838 0.03125 -5.449916409 4.628762649 0.03125 -4.130553489 4.403127598 0.03125 -2.569946835 3.725601204 0.03125 -1.008543217 2.846259342 0.03125 0.1680815875 1.971247893 0.03125 0.9328074733 1.248507788 0.03125 1.242796132 0.7628194353 0.03125 1.164761879 0.5342658746 0.03125 1 3 1 1 1 1 500 0.0004
-2.200752042 101.9 58.353302 33.33610153 60.86919785 113.4576343 20.64980178 8.899531247 0.8666428504 0.04778056881 0.4966358697 0.7478275376 0.1834918037 -0.6380319209 0.8666428504 -0.04778056881 -0.4966358697 0 0.04778056881 0.9987769579 -0.01271241809 0 0.4966358697 -0.01271241809 0.8678658925 0 0 0 0 1 1 0 0 58.353302 0 1 0 33.33610153 0 0 1 60.86919785 0 0 0 1 0.8666428504 0.04778056881 0.4966358697 -0 -0.04778056881 0.9987769579 -0.01271241809 -0 -0.4966358697 -0.01271241809 0.8678658925 -0 0 0 0 1 32 2.248207115 0.932760108 0.03125 2.745358928 0.9528641326 0.03125 3.109232426 0.9993658572 0.03125 3.326327578 1.073339325 0.03125 3.507252777 1.163446864 0.03125 3.661740083 1.229301119 0.03125 3.967654941 1.234144629 0.03125 4.417770906 1.09745319 0.03125 4.919245288 0.8037432222 0.03125 5.446600707 0.3078304098 0.03125 5.825413866 -0.349422373 0.03125 6.05889997 -1.156079127 0.03125 6.035219589 -2.037656758 0.03125 5.773643467 -2.941190384 0.03125 5.214678231 -3.778912208 0.03125 4.343098205 -4.472120822 0.03125 2.037529735 -5.108479755 0.03125 0.3330967232 -4.519265259 0.03125 -1.447810685 -3.44071025 0.03125 -3.199423999 -1.940596351 0.03125 -4.705186079 -0.1807431386 0.03125 -5.824265791 1.582666123 0.03125 -6.328899972 3.088249176 0.03125 -6.221399466 4.083479245 0.03125 -5.409700395 4.461289417 0.03125 -4.127337342 4.249964691 0.03125 -2.606074155 3.603399476 0.03125 -1.076568134 2.760846941 0.03125 0.0873360053 1.920071177 0.03125 0.8590267697 1.223834051 0.03125 1.190509263 0.7546178719 0.03125 1.14487801 0.5332463288 0.03125 1 3 1 1 1 1 500 0.0004
-2.500754005 101.9 58.353302 33.23609924 60.46920013 106.8828655 20.18348619 12.78362789 0.8319802953 0.04666259367 0.5528393895 0.8359937828 0.3923554877 -0.3836294649 0.8319802953 -0.04666259367 -0.5528393895 0 0.04666259367 0.9988114514 -0.01408143956 0 0.5528393895 -0.01408143956 0.8331688439 0 0 0 0 1 1 0 0 58.353302 0 1 0 33.23609924 0 0 1 60.46920013 0 0 0 1 0.8319802953 0.04666259367 0.5528393895 -0 -0.04666259367 0.9988114514 -0.01408143956 -0 -0.5528393895 -0.01408143956 0.8331688439 -0 0 0 0 1 32 1.849591977 0.9188940023 0.03125 1.660489711 0.9095274555 0.03125 1.576139794 0.8769467794 0.03125 1.648750975 0.8182971066 0.03125 2.175848618 0.7434950819 0.03125 3.154803177 0.7169628663 0.03125 4.538122028 0.7943596932 0.03125 6.146621995 1.059711652 0.03125 7.551202715 1.561561805 0.03125 8.527004798 2.291905984 0.03125 8.81706519 3.204925025 0.03125 8.335838854 4.16356051 0.03125 7.060159755 5.036487001 0.03125 5.27495992 5.643924934 0.03125 3.401107915 5.934919863 0.03125 1.823134461 5.88289191 0.03125 -0.2244316297 5.103540439 0.03125 -0.7349881139 4.748816504 0.03125 -0.7837084789 4.429388264 0.03125 -0.4379496825 4.205629914 0.03125 0.2671772377 4.089360291 0.03125 1.260847487 4.040871523 0.03125 2.452459729 3.976173921 0.03125 3.745788699 3.801058627 0.03125 4.840607027 3.44706776 0.03125 5.6157958 2.940012691 0.03125 5.908584606 2.335673024 0.03125 5.668338104 1.749391876 0.03125 5.074904711 1.248013682 0.03125 4.159196544 0.8708637495 0.03125 3.026665301 0.6295577499 0.03125 1.719545699 0.51656708 0.03125 1 3 1 1 1 1 500 0.0004
-2.321094068 101.9 58.353302 33.33610153 60.86919785 106.0439901 19.16250507 15.11741026 0.7889385886 -0.00882391462 0.6144086929 0.7745278631 0.5591881028 -0.2956607091 0.7889385886 0.00882391462 -0.6144086929 0 -0.00882391462 0.9999564762 0.003030562302 0 0.6144086929 0.003030562302 0.7889821125 0 0 0 0 1 1 0 0 58.353302 0 1 0 33.33610153 0 0 1 60.86919785 0 0 0 1 0.7889385886 -0.00882391462 0.6144086929 -0 0.00882391462 0.9999564762 0.003030562302 -0 -0.6144086929 0.003030562302 0.7889821125 -0 0 0 0 1 32 1.841035173 0.9208421655 0.03125 1.654488047 0.8874939808 0.03125 1.571646125 0.796923184 0.03125 1.629852076 0.6378855592 0.03125 2.126066402 0.4174113319 0.03125 3.058216897 0.2013152541 0.03125 4.408261705 0.05423973935 0.03125 6.012402113 0.0843130567 0.03125 7.437130354 0.3634991166 0.03125 8.457707631 0.9191647912 0.03125 8.811447267 1.737420234 0.03125 8.398661522 2.719413657 0.03125 7.17553022 3.750394955 0.03125 5.363339762 4.652200821 0.03125 3.385545403 5.325948552 0.03125 1.632169348 5.666544209 0.03125 -0.5466357805 5.208761851 0.03125 -1.093463133 5.056743812 0.03125 -1.090483887 4.831351148 0.03125 -0.5957265049 4.595908099 0.03125 0.3075233104 4.379250562 0.03125 1.540424763 4.172178213 0.03125 2.971844748 3.93022719 0.03125 4.49471143 3.605745976 0.03125 5.738685693 3.164051002 0.03125 6.588647518 2.638255472 0.03125 6.836638909 2.07325039 0.03125 6.446615628 1.554172652 0.03125 5.678255187 1.124926158 0.03125 4.565920168 0.8081759374 0.03125 3.256716643 0.6075224008 0.03125 1.790556432 0.51350673 0.03125 1 3 1 1 1 1 500 0.0004
-2.336966312 101.9 58.353302 33.33610153 60.86919785 101.6737403 17.67253239 19.44093764 0.7060487962 0.03555959896 0.7072698299 0.6819697509 0.6498989429 -0.3354826714 0.7060487962 -0.03555959896 -0.7072698299 0 0.03555959896 0.9992588224 -0.0147418008 0 0.7072698299 -0.0147418008 0.7067899738 0 0 0 0 1 1 0 0 58.353302 0 1 0 33.33610153 0 0 1 60.86919785 0 0 0 1 0.7060487962 0.03555959896 0.7072698299 -0 -0.03555959896 0.9992588224 -0.0147418008 -0 -0.7072698299 -0.0147418008 0.7067899738 -0 0 0 0 1 32 1.904208897 0.9175537784 0.03125 1.845469331 0.867174987 0.03125 1.86902828 0.7440609418 0.03125 1.991211992 0.5364486855 0.03125 2.455382037 0.2478449638 0.03125 3.25437446 -0.06601126938 0.03125 4.396828454 -0.3503248166 0.03125 5.769587299 -0.4981454791 0.03125 7.017469162 -0.4359420066 0.03125 7.975482965 -0.1039966199 0.03125 8.433050809 0.5154608892 0.03125 8.300284269 1.377769093 0.03125 7.524919428 2.412110104 0.03125 6.185568798 3.487057626 0.03125 4.517161252 4.487206021 0.03125 2.797195805 5.255173842 0.03125 0.4663485455 5.199715862 0.03125 -0.3285289111 5.328364506 0.03125 -0.543847286 5.259524537 0.03125 -0.1928617422 5.041184514 0.03125 0.6050743639 4.722627946 0.03125 1.770978616 4.338671551 0.03125 3.143048774 3.899358522 0.03125 4.62491815 3.411818022 0.03125 5.87236788 2.875347684 0.03125 6.795015689 2.326430787 0.03125 7.064396585 1.794813953 0.03125 6.653012894 1.34012935 0.03125 5.83217623 0.9837949215 0.03125 4.632960172 0.7326225975 0.03125 3.274160186 0.5794583754 0.03125 1.787818673 0.5096236311 0.03125 1 3 1 1 1 1 500 0.0004
-2.59995425 101.9 58.353302 33.33610153 60.86919785 92.2461996 10.13496772 34.81787849 0.5815869233 0.002386165924 0.8134807661 0.654229767 0.5602633503 -0.5080240055 0.5815869233 -0.002386165924 -0.8134807661 0 0.002386165924 0.9999964 -0.001227311667 0 0.8134807661 -0.001227311667 0.5815905233 0 0 0 0 1 1 0 0 58.353302 0 1 0 33.33610153 0 0 1 60.86919785 0 0 0 1 0.5815869233 0.002386165924 0.8134807661 -0 -0.002386165924 0.9999964 -0.001227311667 -0 -0.8134807661 -0.001227311667 0.5815905233 -0 0 0 0 1 32 1.785642919 0.9049538736 0.03125 1.385733995 0.8495517868 0.03125 1.111696973 0.7297218333 0.03125 0.9786719655 0.5346145877 0.03125 1.222819341 0.2590953532 0.03125 1.843272832 -0.07337395857 0.03125 2.842788362 -0.4389759558 0.03125 4.158594644 -0.7688525684 0.03125 5.504534195 -1.006458678 0.03125 6.770784534 -1.071989993 0.03125 7.761259878 -0.9071220459 0.03125 8.378446244 -0.472189953 0.03125 8.535708103 0.2465238664 0.03125 8.197442605 1.216484678 0.03125 7.349127299 2.36931071 0.03125 6.092823499 3.559408154 0.03125 3.771913149 4.076770169 0.03125 2.557837675 4.770816901 0.03125 1.724105214 5.204747989 0.03125 1.339221671 5.336039765 0.03125 1.492857685 5.190106307 0.03125 2.140311118 4.816397735 0.03125 3.093181608 4.274793043 0.03125 4.266030059 3.639367386 0.03125 5.338909788 2.960939764 0.03125 6.246350826 2.308465671 0.03125 6.544139075 1.719051822 0.03125 6.212363516 1.250220916 0.03125 5.45318073 0.9076464185 0.03125 4.293821211 0.6843718262 0.03125 3.033127671 0.5588404124 0.03125 1.697499577 0.5058407075 0.03125 1 3 1 1 1 1 500 0.0004
-2.783947162 101.9 58.15330124 33.23609924 60.66919708 86.12818546 8.025679382 41.51575215 0.5370582211 0.02430755984 0.8431948824 0.6697328504 0.479981021 -0.5666357988 0.5370582211 -0.02430755984 -0.8431948824 0 0.02430755984 0.999615592 -0.01333456975 0 0.8431948824 -0.01333456975 0.5374426291 0 0 0 0 1 1 0 0 58.15330124 0 1 0 33.23609924 0 0 1 60.66919708 0 0 0 1 0.5370582211 0.02430755984 0.8431948824 -0 -0.02430755984 0.999615592 -0.01333456975 -0 -0.8431948824 -0.01333456975 0.5374426291 -0 0 0 0 1 32 1.829672879 0.8921036384 0.03125 1.265380562 0.8386568152 0.03125 0.8396038075 0.7316632489 0.03125 0.5806064282 0.5628301507 0.03125 0.7263354041 0.3252738365 0.03125 1.283268015 0.0302359398 0.03125 2.234805357 -0.3115542798 0.03125 3.525460646 -0.6540580245 0.03125 4.893789227 -0.9546680177 0.03125 6.236636909 -1.141650266 0.03125 7.377007929 -1.149032603 0.03125 8.21625672 -0.9133687185 0.03125 8.695878216 -0.3884855011 0.03125 8.764654039 0.4338625559 0.03125 8.355604486 1.515937275 0.03125 7.497610439 2.740804858 0.03125 5.380778037 3.404096654 0.03125 4.113189517 4.289916583 0.03125 3.02076046 4.942648773 0.03125 2.207959737 5.269760393 0.03125 1.902469835 5.271259725 0.03125 2.096514477 4.972164792 0.03125 2.771137392 4.433937309 0.03125 3.819865328 3.750784907 0.03125 4.895280698 3.000041832 0.03125 5.915500712 2.28408227 0.03125 6.413276727 1.659394181 0.03125 6.366641543 1.186987341 0.03125 5.719809979 0.8629487672 0.03125 4.513516639 0.6607778977 0.03125 3.175096375 0.5496077383 0.03125 1.747735526 0.5023712041 0.03125 1 3 1 1 1 1 500 0.0004
-2.805658778 101.9 58.45330048 32.63610077 60.66919708 86.0447891 7.78088425 41.76976558 0.5264030978 0.06115338463 0.8480330431 0.6721265406 0.4683962671 -0.5734551861 0.5264030978 -0.06115338463 -0.8480330431 0 0.06115338463 0.997549968 -0.03397535745 0 0.8480330431 -0.03397535745 0.5288531299 0 0 0 0 1 1 0 0 58.45330048 0 1 0 32.63610077 0 0 1 60.66919708 0 0 0 1 0.5264030978 0.06115338463 0.8480330431 -0 -0.06115338463 0.997549968 -0.03397535745 -0 -0.8480330431 -0.03397535745 0.5288531299 -0 0 0 0 1 32 1.85548977 0.8948893246 0.03125 1.354673802 0.8428422815 0.03125 0.9731182877 0.7274606132 0.03125 0.7367363595 0.540557649 0.03125 0.8964651842 0.275956553 0.03125 1.455204678 -0.04945176863 0.03125 2.414762144 -0.4204851931 0.03125 3.715142332 -0.7820979418 0.03125 5.06489225 -1.085716442 0.03125 6.363812579 -1.255973867 0.03125 7.447124466 -1.226202503 0.03125 8.224447266 -0.9379167127 0.03125 8.644141205 -0.3514742561 0.03125 8.660601281 0.5300242149 0.03125 8.226033031 1.658012135 0.03125 7.381801321 2.898812148 0.03125 5.323354487 3.548937636 0.03125 4.151965951 4.398130885 0.03125 3.144883829 4.999418861 0.03125 2.390089057 5.275506057 0.03125 2.093291805 5.232076644 0.03125 2.24195768 4.899150253 0.03125 2.866430115 4.339100982 0.03125 3.861243851 3.647767507 0.03125 4.878824307 2.901001662 0.03125 5.841415452 2.199144624 0.03125 6.302607104 1.595225676 0.03125 6.244913365 1.143968029 0.03125 5.603983798 0.8387562456 0.03125 4.420823977 0.6496377064 0.03125 3.114261773 0.545929137 0.03125 1.726151038 0.5017747758 0.03125 1 3 1 1 1 1 500 0.0004
-2.983761871 101.9 58.25329971 32.63610077 60.86919785 84.45312486 6.398346072 45.13332756 0.5379765173 0.09924028019 0.8370977444 0.6333549798 0.3758192313 -0.6764771799 0.5379765173 -0.09924028019 -0.8370977444 0 0.09924028019 0.9935963696 -0.05401500853 0 0.8370977444 -0.05401500853 0.5443801477 0 0 0 0 1 1 0 0 58.25329971 0 1 0 32.63610077 0 0 1 60.86919785 0 0 0 1 0.5379765173 0.09924028019 0.8370977444 -0 -0.09924028019 0.9935963696 -0.05401500853 -0 -0.8370977444 -0.05401500853 0.5443801477 -0 0 0 0 1 32 1.797251053 0.8902477241 0.03125 1.33321747 0.8369825479 0.03125 0.9910345325 0.733494429 0.03125 0.7862553785 0.5712606104 0.03125 0.9155263805 0.3447246419 0.03125 1.38398857 0.06725582392 0.03125 2.208766407 -0.2480463874 0.03125 3.349189464 -0.554365044 0.03125 4.612563585 -0.8121348807 0.03125 5.911532577 -0.9557558188 0.03125 7.060549107 -0.9309555154 0.03125 7.967803929 -0.6875977489 0.03125 8.539260538 -0.1906651735 0.03125 8.718253957 0.5642340428 0.03125 8.437472005 1.549031294 0.03125 7.725311666 2.671054712 0.03125 5.759987827 3.237685872 0.03125 4.676042046 4.070094246 0.03125 3.719010952 4.695212359 0.03125 2.96948667 5.024097738 0.03125 2.611762775 5.04906641 0.03125 2.638895899 4.791277145 0.03125 3.050107388 4.30736269 0.03125 3.775026733 3.687027852 0.03125 4.519342771 2.998351724 0.03125 5.225116812 2.328992516 0.03125 5.511263102 1.725075602 0.03125 5.360080157 1.246940466 0.03125 4.785694972 0.8998748062 0.03125 3.811119596 0.6775451648 0.03125 2.740032452 0.555462716 0.03125 1.597624978 0.5051655278 0.03125 1 3 1 1 1 1 500 0.0004
-2.919041772 101.9 58.353302 33.33610153 60.86919785 83.3508795 3.110601994 51.73956176 0.519705546 0.1253107846 0.8451055275 0.6357151133 0.4209168086 -0.647066716 0.519705546 -0.1253107846 -0.8451055275 0 0.1253107846 0.9896672136 -0.06968510247 0 0.8451055275 -0.06968510247 0.5300383324 0 0 0 0 1 1 0 0 58.353302 0 1 0 33.33610153 0 0 1 60.86919785 0 0 0 1 0.519705546 0.1253107846 0.8451055275 -0 -0.1253107846 0.9896672136 -0.06968510247 -0 -0.8451055275 -0.06968510247 0.5300383324 -0 0 0 0 1 32 1.952900077 0.8736705439 0.03125 1.160998352 0.7902492407 0.03125 0.5413637236 0.6540973334 0.03125 0.1206232022 0.46332941 0.03125 0.1672253383 0.2140211657 0.03125 0.6848334448 -0.08639994784 0.03125 1.599560543 -0.4354952991 0.03125 2.862264484 -0.8012897365 0.03125 4.239755488 -1.154428954 0.03125 5.636648629 -1.429541416 0.03125 6.870956692 -1.561298412 0.03125 7.846552283 -1.47334192 0.03125 8.477958785 -1.098277676 0.03125 8.705193055 -0.397517644 0.03125 8.45432548 0.6211319936 0.03125 7.729384535 1.863262729 0.03125 5.710834023 2.618353693 0.03125 4.494061883 3.64455477 0.03125 3.367812793 4.471267161 0.03125 2.442147985 4.975824409 0.03125 1.988490914 5.135003488 0.03125 2.021900682 4.951251905 0.03125 2.67680465 4.47825996 0.03125 3.843998582 3.815374396 0.03125 5.091373188 3.050738484 0.03125 6.321376881 2.306285604 0.03125 7.032240436 1.653308083 0.03125 7.192886223 1.165512614 0.03125 6.563625792 0.8409488218 0.03125 5.191521694 0.646290515 0.03125 3.617278196 0.5437819847 0.03125 1.898599399 0.5013870016 0.03125 1 3 1 1 1 1 500 0.0004
-2.447153582 101.9 58.15330124 33.33610153 60.86919785 85.35427477 59.4581523 77.86446057 0.01343650221 -0.04000772774 0.9991090241 -0.1465144377 0.8698867658 -0.4709888897 0.01343650221 0.04000772774 -0.9991090241 0 -0.04000772774 0.9984206033 0.03944211772 0 0.9991090241 0.03944211772 0.01501589892 0 0 0 0 1 1 0 0 58.15330124 0 1 0 33.33610153 0 0 1 60.86919785 0 0 0 1 0.01343650221 -0.04000772774 0.9991090241 -0 0.04000772774 0.9984206033 0.03944211772 -0 -0.9991090241 0.03944211772 0.01501589892 -0 0 0 0 1 32 1.848643177 0.9260457891 0.03125 0.8163063266 0.9721483975 0.03125 -0.1107344991 1.076213194 0.03125 -0.9037875603 1.234209084 0.03125 -1.235288312 1.441332556 0.03125 -1.067716691 1.679743399 0.03125 -0.4538244848 1.934976628 0.03125 0.6145445759 2.181847041 0.03125 1.922137433 2.40256497 0.03125 3.432789026 2.580581848 0.03125 4.967524512 2.715890916 0.03125 6.455671806 2.81767924 0.03125 7.757953188 2.911497498 0.03125 8.798100163 3.023082637 0.03125 9.459695981 3.177451966 0.03125 9.706403942 3.373964526 0.03125 8.538750363 3.083135398 0.03125 8.024508331 3.251114346 0.03125 7.280330381 3.359192031 0.03125 6.366536782 3.366559804 0.03125 5.412418267 3.252446592 0.03125 4.464617663 3.016305963 0.03125 3.677098031 2.67776489 0.03125 3.05689012 2.281318357 0.03125 2.591396995 1.866035403 0.03125 2.263215862 1.481634502 0.03125 1.994012348 1.151203109 0.03125 1.773394044 0.8950132185 0.03125 1.562816691 0.711375949 0.03125 1.363498735 0.5943938396 0.03125 1.19790476 0.5297364328 0.03125 1.073399128 0.5028970553 0.03125 1 3 1 1 1 1 500 0.0004
-2.427038799 101.9 58.15330124 33.33610153 60.86919785 85.53060073 59.78663805 77.6430626 0.06115636933 -0.06695323469 0.9958800946 -0.1784344651 0.8708794393 -0.4579630377 0.06115636933 0.06695323469 -0.9958800946 0 -0.06695323469 0.9957756126 0.06283465437 0 0.9958800946 0.06283465437 0.06538075677 0 0 0 0 1 1 0 0 58.15330124 0 1 0 33.33610153 0 0 1 60.86919785 0 0 0 1 0.06115636933 -0.06695323469 0.9958800946 -0 0.06695323469 0.9957756126 0.06283465437 -0 -0.9958800946 0.06283465437 0.06538075677 -0 0 0 0 1 32 1.500748326 0.9276591114 0.03125 0.6264468288 0.9730241611 0.03125 -0.1556728954 1.073563937 0.03125 -0.8217394647 1.227697518 0.03125 -1.078182627 1.432914669 0.03125 -0.8911101381 1.674448724 0.03125 -0.3034183016 1.94107979 0.03125 0.695028722 2.210756066 0.03125 1.925794727 2.467758899 0.03125 3.359905423 2.693099118 0.03125 4.829604074 2.882113201 0.03125 6.273386216 3.032664159 0.03125 7.558922897 3.159194807 0.03125 8.615762489 3.274559455 0.03125 9.336569317 3.39627847 0.03125 9.678672442 3.524745469 0.03125 8.613932076 3.145900131 0.03125 8.18846296 3.22579696 0.03125 7.476586856 3.251531012 0.03125 6.526940184 3.195965462 0.03125 5.480844935 3.04321917 0.03125 4.389798388 2.79503089 0.03125 3.501807255 2.467442094 0.03125 2.835309171 2.098655185 0.03125 2.371320985 1.721562678 0.03125 2.096406289 1.37728425 0.03125 1.877011366 1.084170079 0.03125 1.706028288 0.8563761971 0.03125 1.538632038 0.6920229863 0.03125 1.376226811 0.5863185426 0.03125 1.221460141 0.5271568798 0.03125 1.080885975 0.5025075578 0.03125 1 3 1 1 1 1 500 0.0004
-2.386010381 101.9 58.15330124 33.33610153 60.86919785 85.41260975 60.00557973 77.63819285 0.06795970306 -0.05933671067 0.9959220017 -0.2150147261 0.8885719484 -0.4052265541 0.06795970306 0.05933671067 -0.9959220017 0 -0.05933671067 0.996703204 0.05533423733 0 0.9959220017 0.05533423733 0.07125649902 0 0 0 0 1 1 0 0 58.15330124 0 1 0 33.33610153 0 0 1 60.86919785 0 0 0 1 0.06795970306 -0.05933671067 0.9959220017 -0 0.05933671067 0.996703204 0.05533423733 -0 -0.9959220017 0.05533423733 0.07125649902 -0 0 0 0 1 32 1.642532573 0.9233856117 0.03125 0.7354708779 0.9545270178 0.03125 -0.06728935262 1.036705297 0.03125 -0.7422785666 1.169910781 0.03125 -1.000123096 1.352208139 0.03125 -0.8105692818 1.570576201 0.03125 -0.2162810488 1.813660506 0.03125 0.7897678708 2.060277752 0.03125 2.022930957 2.295179417 0.03125 3.451968378 2.50064645 0.03125 4.915639069 2.674318356 0.03125 6.349994137 2.817433107 0.03125 7.619815727 2.948945924 0.03125 8.653072681 3.08654107 0.03125 9.336117267 3.250680083 0.03125 9.630282623 3.440709901 0.03125 8.519351485 3.132046673 0.03125 8.059515615 3.27990215 0.03125 7.348370879 3.369576252 0.03125 6.4404643 3.364810603 0.03125 5.484323923 3.245603025 0.03125 4.528605929 3.009374687 0.03125 3.743629433 2.673986138 0.03125 3.138136178 2.28129936 0.03125 2.682591473 1.869267684 0.03125 2.360528556 1.486582017 0.03125 2.095753614 1.156266252 0.03125 1.878227046 0.8989957375 0.03125 1.659889345 0.7136807769 0.03125 1.441934557 0.5953952636 0.03125 1.249675524 0.5300033687 0.03125 1.090899803 0.5028849051 0.03125 1 3 1 1 1 1 500 0.0004
-2.330879782 101.9 58.15330124 33.33610153 60.86919785 83.61049504 56.71175763 78.48502992 0.04036913193 -0.147974504 0.9881669289 -0.217498445 0.891934498 -0.3964180592 0.04036913193 0.147974504 -0.9881669289 0 -0.147974504 0.9789531877 0.140549644 0 0.9881669289 0.140549644 0.06141594422 0 0 0 0 1 1 0 0 58.15330124 0 1 0 33.33610153 0 0 1 60.86919785 0 0 0 1 0.04036913193 -0.147974504 0.9881669289 -0 0.147974504 0.9789531877 0.140549644 -0 -0.9881669289 0.140549644 0.06141594422 -0 0 0 0 1 32 1.344819218 0.9332873748 0.03125 0.5309841733 0.9756891378 0.03125 -0.2025657372 1.064259765 0.03125 -0.83384155 1.201121786 0.03125 -1.077615925 1.385761707 0.03125 -0.9000707962 1.604387531 0.03125 -0.3129378286 1.844443511 0.03125 0.6943169299 2.082612194 0.03125 1.946678325 2.30037929 0.03125 3.412481814 2.479085107 0.03125 4.920999833 2.614173358 0.03125 6.403416353 2.709721988 0.03125 7.720887313 2.786792622 0.03125 8.795341684 2.870064862 0.03125 9.516048067 2.986649378 0.03125 9.838311336 3.146052577 0.03125 8.734514517 2.829938423 0.03125 8.264258239 2.992710468 0.03125 7.53612068 3.115530299 0.03125 6.612517308 3.154574041 0.03125 5.655121964 3.083972172 0.03125 4.717937179 2.893039462 0.03125 3.921310105 2.596154912 0.03125 3.275307496 2.231216562 0.03125 2.76782409 1.836687781 0.03125 2.382946162 1.463855072 0.03125 2.069764094 1.138557765 0.03125 1.815892606 0.8858411006 0.03125 1.578869095 0.7051772973 0.03125 1.359687054 0.5909082798 0.03125 1.187279136 0.5284371648 0.03125 1.069523982 0.5026924062 0.03125 1 3 1 1 1 1 500 0.0004
-2.316618577 101.9 58.15330124 33.33610153 60.86919785 81.3367146 47.99612618 81.83552208 -0.09505454455 -0.2921918243 0.9516241755 -0.1709424375 0.9095374745 -0.3788406863 -0.09505454455 0.2921918243 -0.9516241755 0 -0.2921918243 0.9056561236 0.307263606 0 0.9516241755 0.307263606 -0.0007106681843 0 0 0 0 1 1 0 0 58.15330124 0 1 0 33.33610153 0 0 1 60.86919785 0 0 0 1 -0.09505454455 -0.2921918243 0.9516241755 -0 0.2921918243 0.9056561236 0.307263606 -0 -0.9516241755 0.307263606 -0.0007106681843 -0 0 0 0 1 32 1.477458731 0.9374758131 0.03125 0.6972005321 0.9974541802 0.03125 -0.02647538839 1.114689295 0.03125 -0.6668083783 1.283496697 0.03125 -0.9491839112 1.499119105 0.03125 -0.8296815188 1.742900492 0.03125 -0.3224120114 2.002018551 0.03125 0.5915430974 2.251527003 0.03125 1.740280598 2.47175503 0.03125 3.099448436 2.641911052 0.03125 4.517704524 2.753407168 0.03125 5.934916182 2.807120274 0.03125 7.23185915 2.817934374 0.03125 8.335995306 2.807396469 0.03125 9.151824261 2.800918651 0.03125 9.62841716 2.814011466 0.03125 8.73499847 2.350586896 0.03125 8.504775136 2.385387293 0.03125 7.983547767 2.406276749 0.03125 7.214198409 2.386689274 0.03125 6.294480904 2.307350403 0.03125 5.277762063 2.159522418 0.03125 4.35012189 1.948051065 0.03125 3.542614037 1.694088815 0.03125 2.930269321 1.421885421 0.03125 2.506858901 1.165423827 0.03125 2.163156076 0.9425208902 0.03125 1.889992954 0.7682391413 0.03125 1.642080692 0.6428339455 0.03125 1.419572639 0.5630697021 0.03125 1.231151522 0.5191972714 0.03125 1.082137129 0.5014752864 0.03125 1 3 1 1 1 1 500 0.0004
-0.9813700145 101.9 58.15330124 33.33610153 60.86919785 69.81692448 49.69459694 101.2803764 -0.1019406106 -0.4063348947 0.9080198595 -0.2044964191 0.9659384089 -0.158569243 -0.1019406106 0.4063348947 -0.9080198595 0 -0.4063348947 0.8161501916 0.4108415973 0 0.9080198595 0.4108415973 0.08190919773 0 0 0 0 1 1 0 0 58.15330124 0 1 0 33.33610153 0 0 1 60.86919785 0 0 0 1 -0.1019406106 -0.4063348947 0.9080198595 -0 0.4063348947 0.8161501916 0.4108415973 -0 -0.9080198595 0.4108415973 0.08190919773 -0 0 0 0 1 32 2.30890255 1.060676527 0.03125 -0.06406976142 1.567044976 0.03125 -2.294265701 1.998967919 0.03125 -3.921257752 1.818178485 0.03125 -4.896625185 0.9092551572 0.03125 -4.65171983 -0.3418680696 0.03125 -3.55000022 -1.493264209 0.03125 -1.443245298 -2.167083243 0.03125 1.016483337 -2.221033571 0.03125 3.617809495 -1.731024826 0.03125 5.781871841 -0.8809175161 0.03125 7.261773427 0.1338282383 0.03125 8.344512261 1.168884925 0.03125 8.854791247 2.131735878 0.03125 9.073787036 2.913018999 0.03125 8.997372675 3.4791695 0.03125 7.872174429 3.385862003 0.03125 7.387550862 3.497360694 0.03125 6.745541764 3.486787085 0.03125 5.980424229 3.360846092 0.03125 5.2548237 3.138159158 0.03125 4.636437395 2.836780896 0.03125 4.173258741 2.478020888 0.03125 3.884152369 2.091304187 0.03125 3.642912678 1.706052334 0.03125 3.438651699 1.355365303 0.03125 3.162852199 1.057395366 0.03125 2.803984197 0.8274123782 0.03125 2.39364491 0.6632346092 0.03125 1.936363607 0.5590831664 0.03125 1.517387123 0.5015634662 0.03125 1.148513912 0.4775062716 0.03125 1 3 1 1 1 1 500 0.0004
-0.79708055 101.9 58.15330124 33.33610153 60.86919785 53.76338705 53.3411604 120.8863411 -0.09985864022 -0.2869312359 0.9527322383 -0.115776823 0.9919932008 0.05045014105 -0.09985864022 0.2869312359 -0.9527322383 0 -0.2869312359 0.9085371056 0.3036952315 0 0.9527322383 0.3036952315 -0.008395745796 0 0 0 0 1 1 0 0 58.15330124 0 1 0 33.33610153 0 0 1 60.86919785 0 0 0 1 -0.09985864022 -0.2869312359 0.9527322383 -0 0.2869312359 0.9085371056 0.3036952315 -0 -0.9527322383 0.3036952315 -0.008395745796 -0 0 0 0 1 32 1.167483736 0.9732479811 0.03125 -0.9237343994 1.042154821 0.03125 -2.727686267 1.027676548 0.03125 -4.046378901 0.8290948368 0.03125 -4.604530097 0.43608811 0.03125 -4.314024789 -0.0359074977 0.03125 -3.441760096 -0.4690730759 0.03125 -2.017887673 -0.7447995482 0.03125 -0.3581430125 -0.8060192306 0.03125 1.458574237 -0.6398409659 0.03125 3.180831868 -0.2566606099 0.03125 4.733991509 0.314026571 0.03125 6.011624224 1.046672249 0.03125 6.975053025 1.893065758 0.03125 7.592371759 2.797070554 0.03125 7.837412328 3.656301222 0.03125 6.901878817 3.905047809 0.03125 6.61196832 4.362629125 0.03125 6.146726731 4.614841497 0.03125 5.517227079 4.626883846 0.03125 4.841304834 4.406740318 0.03125 4.151037058 3.999180237 0.03125 3.563107648 3.459602523 0.03125 3.085555451 2.866536112 0.03125 2.717327485 2.274948473 0.03125 2.448618938 1.748751888 0.03125 2.194357737 1.311572476 0.03125 1.950991928 0.981145709 0.03125 1.687951647 0.7503142725 0.03125 1.416397591 0.6043669592 0.03125 1.202097378 0.5239791957 0.03125 1.060864284 0.4901834402 0.03125 1 3 1 1 1 1 500 0.0004
-1.10369103 101.9 58.15330124 33.33610153 60.86919785 48.28078318 57.39100826 124.9950371 -0.105370899 -0.3024331831 0.9473284243 -0.1333181522 0.9867534396 0.09243332584 -0.105370899 0.3024331831 -0.9473284243 0 -0.3024331831 0.8977611726 0.3202484141 0 0.9473284243 0.3202484141 -0.003132071592 0 0 0 0 1 1 0 0 58.15330124 0 1 0 33.33610153 0 0 1 60.86919785 0 0 0 1 -0.105370899 -0.3024331831 0.9473284243 -0 0.3024331831 0.8977611726 0.3202484141 -0 -0.9473284243 0.3202484141 -0.003132071592 -0 0 0 0 1 32 1.144120753 0.9615650671 0.03125 -0.6504523029 0.9729970706 0.03125 -2.250881635 0.972106787 0.03125 -3.586670599 0.9386117709 0.03125 -4.235882895 0.860784392 0.03125 -4.169686064 0.7481661013 0.03125 -3.503816314 0.6229050666 0.03125 -2.256893298 0.525943438 0.03125 -0.748769096 0.5053831763 0.03125 0.9679765772 0.6108679892 0.03125 2.615489805 0.8888646138 0.03125 4.137156667 1.361150082 0.03125 5.384475195 2.03227674 0.03125 6.339836223 2.846488183 0.03125 6.948610505 3.732619482 0.03125 7.239988289 4.558967753 0.03125 6.300353524 4.68603195 0.03125 6.148054241 5.032210285 0.03125 5.819407233 5.153008592 0.03125 5.325174814 5.039614755 0.03125 4.736319879 4.716658579 0.03125 4.064899374 4.232431591 0.03125 3.462862414 3.638792382 0.03125 2.93993186 3.007966173 0.03125 2.549604207 2.385915593 0.03125 2.290057583 1.834835942 0.03125 2.056332881 1.375052157 0.03125 1.848901788 1.026619025 0.03125 1.62236685 0.7819213232 0.03125 1.387850285 0.6259107775 0.03125 1.201114953 0.5389978523 0.03125 1.073720036 0.5019777786 0.03125 1 3 1 1 1 1 500 0.0004
-1.024651776 101.9 58.15330124 33.33610153 60.86919785 43.28965184 61.37743698 129.6105481 -0.110444542 -0.1232499943 0.9862106479 -0.1560099206 0.9764464268 0.1490412029 -0.110444542 0.1232499943 -0.9862106479 0 -0.1232499943 0.9829234243 0.1366417975 0 0.9862106479 0.1366417975 -0.09336796633 0 0 0 0 1 1 0 0 58.15330124 0 1 0 33.33610153 0 0 1 60.86919785 0 0 0 1 -0.110444542 -0.1232499943 0.9862106479 -0 0.1232499943 0.9829234243 0.1366417975 -0 -0.9862106479 0.1366417975 -0.09336796633 -0 0 0 0 1 32 0.988487086 0.9523507119 0.03125 -1.00138687 0.9339570169 0.03125 -2.709434631 0.8987049899 0.03125 -4.049166715 0.8382140934 0.03125 -4.598312111 0.7408399296 0.03125 -4.335868099 0.6051089652 0.03125 -3.49157494 0.4436159293 0.03125 -2.097373515 0.2910514065 0.03125 -0.5089407537 0.1978995062 0.03125 1.211217425 0.2229570911 0.03125 2.805677314 0.4247905558 0.03125 4.207845424 0.8400689222 0.03125 5.280591605 1.481910897 0.03125 6.002130055 2.294998059 0.03125 6.348518672 3.203494079 0.03125 6.364452114 4.056565514 0.03125 5.207650668 4.206654908 0.03125 4.893633792 4.558271222 0.03125 4.495485262 4.690269758 0.03125 4.030513502 4.597471864 0.03125 3.568148321 4.309102488 0.03125 3.11721956 3.874789419 0.03125 2.779186704 3.344411034 0.03125 2.548543392 2.783243766 0.03125 2.387816337 2.229382393 0.03125 2.282120552 1.73689502 0.03125 2.138346579 1.321079841 0.03125 1.955632223 1.001383042 0.03125 1.731983865 0.7725564011 0.03125 1.479805592 0.6235001758 0.03125 1.262907818 0.5382826363 0.03125 1.092839352 0.5008321083 0.03125 1 3 1 1 1 1 500 0.0004
-1.249277494 101.9 58.15330124 33.33610153 60.86919785 42.40162401 70.56303022 123.3499795 -0.07255633734 -0.13290362 0.9884696281 -0.1387360153 0.9902165782 0.01494812049 -0.07255633734 0.13290362 -0.9884696281 0 -0.13290362 0.9809547761 0.1416487029 0 0.9884696281 0.1416487029 -0.05351111344 0 0 0 0 1 1 0 0 58.15330124 0 1 0 33.33610153 0 0 1 60.86919785 0 0 0 1 -0.07255633734 -0.13290362 0.9884696281 -0 0.13290362 0.9809547761 0.1416487029 -0 -0.9884696281 0.1416487029 -0.05351111344 -0 0 0 0 1 32 0.9588189433 0.9312542214 0.03125 -1.183913813 0.8893317928 0.03125 -2.900093459 0.9128148038 0.03125 -4.114763782 1.058209955 0.03125 -4.490781201 1.299565109 0.03125 -4.056250855 1.521733734 0.03125 -3.116197462 1.652301012 0.03125 -1.725043587 1.673922179 0.03125 -0.1553420195 1.636056156 0.03125 1.525083801 1.624360146 0.03125 3.079872004 1.730249551 0.03125 4.435466555 2.021795127 0.03125 5.475495927 2.532103958 0.03125 6.176992873 3.202782036 0.03125 6.514701592 3.951792008 0.03125 6.547443922 4.596820991 0.03125 5.395485851 4.521147977 0.03125 5.061943882 4.630838815 0.03125 4.607500883 4.51830037 0.03125 4.048666733 4.210947943 0.03125 3.466536707 3.767036392 0.03125 2.873585871 3.253419108 0.03125 2.406504327 2.724482136 0.03125 2.061438616 2.232383093 0.03125 1.842038665 1.794013692 0.03125 1.730295002 1.429685186 0.03125 1.619329116 1.1312103 0.03125 1.505243032 0.9008073648 0.03125 1.370069171 0.7295479148 0.03125 1.226058656 0.6107811111 0.03125 1.11338139 0.5364134988 0.03125 1.040064725 0.4999742 0.03125 1 3 1 1 1 1 500 0.0004
