-18.66476184   5.813471995   3.653476079   0.9980527211   -0.02325598125   0.0578785393   0.02221759037   0.9995816022   0.01852024064   -0.05828502941   -0.01719825489   0.9981518298   

-5.071443546   3.435785423   -2.694653073   0.9994483908   -0.01171588097   0.0310749452   0.01140063545   0.9998819346   0.01030254329   -0.03119197969   -0.009942586187   0.999463959   

-2.20636106   5.94621994   1.539016281   0.9956877915   -0.04825665752   0.07922825736   0.04758552475   0.9988136653   0.0103382676   -0.07963315637   -0.006523568631   0.996802891   

0.8719474999   4.882475591   -3.590781265   0.9985671569   -0.03296501148   0.04215377933   0.03314947217   0.9994436147   -0.003684223636   -0.04200887512   0.005076320257   0.9991043416   

-10.53549172   5.615919249   3.528855908   0.9994825276   -0.007848909726   0.03119409629   0.007265195811   0.9997972096   0.01878181579   -0.0313351872   -0.0185454655   0.999336866   

13.9390438   26.82283282   -1.982199162   0.991615995   -0.0729337081   -0.1066695486   0.05094290665   0.9792806195   -0.1959956338   0.11875411   0.1889183486   0.974785781   

-13.59694211   -23.9298323   17.0261185   0.9118819319   0.4077677125   0.04687040495   -0.39494739   0.8406054442   0.3706737734   0.1117492791   -0.3565220607   0.9275797103   

0.02870077028   -1.910152498   1.376069029   0.9982142977   -0.0353671257   -0.04813919753   0.03345097623   0.9986378105   -0.04004441954   0.04948987884   0.03836260897   0.9980376056   

-0.80387181   -0.6323304017   1.21920007   0.9970714587   -0.06461037258   0.04091461742   0.06642043633   0.996796951   -0.04454395681   -0.03790556425   0.04713107473   0.9981692392   

7.472888308   -6.69984336   -2.585178204   0.9917775169   0.01917383989   -0.1265295257   -0.02221118746   0.999496968   -0.02263789023   0.126031822   0.02526212157   0.9917044948   

3.411238237   0.3629087695   5.247394403   0.9987407484   0.0003356822659   -0.05016776634   -0.001071217759   0.9998923237   -0.01463534773   0.05015745164   0.01467065874   0.9986335673   

3.050159557   1.907114526   1.640349763   0.9928691236   -0.1032463936   -0.05959098652   0.09810441717   0.9916603306   -0.08357817933   0.067723163   0.07713605466   0.9947178506   

2.782536214   -0.3107875121   3.64409635   0.9995577736   0.009119974572   0.02830341481   -0.009612996582   0.9998035721   0.01733226572   -0.02813978541   -0.01759668156   0.9994491029   

1.066804624   -0.1262506013   -0.1705780073   0.9986745269   0.0341818205   -0.03848106677   -0.03409363099   0.9994143016   0.002945850287   0.038559223   -0.001629986351   0.9992549872   

-0.2964468459   -0.4237332805   0.4515295072   0.9997548698   0.02148211142   0.005359028562   -0.02154889302   0.9996867265   0.01273161468   -0.005083847756   -0.01284397491   0.9999045888   

0.885176684   1.742031103   -0.5304900938   0.9949710798   -0.09750182218   -0.02293349351   0.09599438242   0.9935981506   -0.0595633577   0.02859421265   0.05706233178   0.997961052   

-1.817473651   -1.31494876   0.7977034024   0.9897935331   0.106496659   0.09469542437   -0.115158408   0.9891457606   0.0912644805   -0.0839482153   -0.1012379669   0.9913140628   

0.6603945459   0.759327136   1.195442484   0.9993105795   -0.02520630402   -0.02725817282   0.02454241692   0.9994004422   -0.02442183158   0.02785741408   0.02373601322   0.9993300587   

7.613091017   40.94504105   -21.33464983   0.9073741002   -0.2176615009   0.3595771312   0.2135826041   0.97556295   0.05156938834   -0.3620147973   0.03000669271   0.9316892641   

0.4386282361   9.480392829   -7.093631286   0.5833387975   0.8115512563   -0.03317236397   -0.4875983018   0.3825615782   0.7847894845   0.649587364   -0.4416233658   0.6188740254   

-3.239026854   9.170435286   -0.8137384283   0.9843230257   -0.1702820014   0.04595890625   0.1743694168   0.9786967807   -0.1083878124   -0.02652333996   0.1147024471   0.9930457497   

-0.5865925672   0.599384669   11.66384552   0.2552761382   -0.4828020556   0.8376970027   0.9553683656   -0.007274740823   -0.2953275539   0.1486787787   0.8756992939   0.459396743   

-8.157161064   -4.42558621   3.612750129   0.9868386232   -0.1399283044   0.08105307732   0.1319685169   0.9865533729   0.09641967146   -0.09345502795   -0.08445420143   0.992035103   

-8.1342639   -8.659932549   6.279965112   0.9997790906   -0.01983100258   -0.006964291062   0.02089964879   0.9731366721   0.2292776091   0.002230402169   -0.2293725108   0.9733361581   

-38.42371826   -18.97375675   -3.892028727   0.7656534618   0.4759084298   -0.4327654595   -0.3469356572   0.8720551361   0.3451890632   0.5416737267   -0.1141534321   0.8328016377   

21.52430007   8.243869585   17.23823821   0.4696041029   0.2434132298   -0.8486589339   -0.3684770369   0.9275572527   0.06214673089   0.8023070857   0.2835269695   0.5252768772   

12.47319764   -2.313745663   -8.356101617   0.9746189689   0.1968855024   0.1065549834   -0.1938541247   0.9802864017   -0.03819880927   -0.1119751931   0.01657316105   0.9935727887   

12.72545495   -2.929147695   -0.8656308753   0.9422510493   0.2919057475   -0.1641767179   -0.2914462403   0.9561939212   0.02742761374   0.1649910578   0.02200498936   0.9860495582   

-1.277568081   -2.329802765   -7.310218858   0.9898416192   -0.07774160356   0.1190370192   0.08184088437   0.996195673   -0.02993744669   -0.1162567784   0.03937542564   0.9924383796   

22.06721205   -8.483868844   -22.41042341   0.05815380157   -0.7562260099   -0.6517210732   0.9768119206   0.177846252   -0.1192022755   0.2060500114   -0.6296768477   0.7490330168   

9.016183821   2.337669634   -1.859174905   0.9995868376   0.02543943425   -0.01337868433   -0.02656651053   0.9953863679   -0.09219652447   0.01097153258   0.09251385729   0.9956509487   

4.043091182   1.336908001   1.132794339   0.9947666353   0.07097561993   0.07349695711   -0.07497080433   0.9957707074   0.05310439591   -0.06941699955   -0.05833660722   0.9958805754   

2.647436791   -0.3920875067   -1.324986609   0.9984884512   -0.01277020316   -0.0534577848   0.007074373593   0.9944035447   -0.1054113068   0.0545047345   0.1048737921   0.9929907964   

6.201416599   2.592686193   0.09413450177   0.9948867953   0.05555837674   0.08434175352   -0.06200544725   0.9951895122   0.07584958327   -0.07972194882   -0.08069139697   0.9935458265   

7.104951988   1.251979678   -2.411723575   0.9923593599   0.1095910987   0.05668061237   -0.1079696432   0.9936729863   -0.03092818255   -0.05971144687   0.02457208594   0.9979132005   

0.7029275339   1.34485878   -1.198563182   0.9990064085   0.004100773593   0.04437769091   -0.006485000457   0.9985351974   0.05371595946   -0.04409240937   -0.05395037709   0.9975696548   

-2.827979303   0.05913656415   -3.06147648   0.9903242065   -0.07562574519   0.1163559744   0.04905992011   0.9751116222   0.2162185203   -0.1298117497   -0.2084180198   0.9693868364   

-12.39574786   -5.270432252   -2.645845586   0.9691273226   -0.173832267   0.1748558706   0.09803709256   0.9223857267   0.3736218671   -0.2262320954   -0.3449447986   0.9109512198   

