-3.767239002   5.243680802   3.013969019   0.9945448582   -0.09787453757   0.03607076231   0.09969527048   0.9936210079   -0.05270811739   -0.03068188458   0.05601667154   0.997958293   

-21.1419617   -25.40227113   28.21794316   -0.03871779454   0.8853109509   0.4633847782   -0.6217906456   -0.3843610453   0.6823803778   0.7822258788   -0.2617080571   0.5653596797   

-22.68068096   74.52340243   -35.45113955   -0.09804409906   0.7686149657   -0.6321537702   -0.8696018566   -0.3750495825   -0.321139256   -0.4839214458   0.5182362832   0.7051603996   

19.58400824   -65.67057425   32.2166434   -0.6929531149   -0.6748334235   0.2538027405   0.2367089554   0.1195661464   0.9641954195   -0.6810175115   0.7282196009   0.07688538116   

5.573872576   22.36291494   -21.32997093   -0.474124143   -0.494130203   0.7287260387   0.6245604405   0.3946276524   0.6739386264   -0.6205888762   0.7746640294   0.1215116798   

-5.071443546   3.435785423   -2.694653073   0.9994483908   -0.01171588097   0.0310749452   0.01140063545   0.9998819346   0.01030254329   -0.03119197969   -0.009942586187   0.999463959   

-20.30229063   37.31380888   -6.955849968   -0.1473606239   -0.596067858   0.7892958603   0.4287560585   0.6806354461   0.5940569264   -0.8913209797   0.4259559814   0.1552688414   

18.09592957   -31.36758894   8.494866249   -0.05540840347   0.4405832989   -0.8960001482   -0.5938934229   0.7068316225   0.3842911132   0.8026334849   0.553421552   0.2224951117   

-18.02697573   33.05305582   -9.143410042   0.1949780117   -0.5476961655   0.8136414967   0.7165327198   0.6460127103   0.2631509825   -0.6697495326   0.5316920992   0.5184004969   

18.89892323   -28.17058023   5.552628777   0.2470050116   0.7035844837   -0.6663012821   -0.5421374301   0.6702616114   0.5067902714   0.8031659425   0.2360471279   0.5469974609   

-10.53549172   5.615919249   3.528855908   0.9994825276   -0.007848909726   0.03119409629   0.007265195811   0.9997972096   0.01878181579   -0.0313351872   -0.0185454655   0.999336866   

3.712536119   14.73611457   25.3581939   0.3789247347   -0.8721977009   0.3093335029   -0.7566941772   -0.4844432153   -0.4390087623   0.5327569499   -0.06771958169   -0.8435544384   

3.768738031   19.07619411   -11.90943753   -0.8713061287   -0.2182863375   -0.4395187197   -0.4072904069   0.8212722576   0.3995327313   0.2737519946   0.5271270756   -0.8044854826   

-1.211691649   -8.624266539   0.08059004107   0.917692747   -0.3071895804   0.2519416276   -0.3339098193   -0.2527482363   0.9080873095   -0.2152771575   -0.9174709209   -0.3345188405   

-13.1021956   6.271999891   -24.97098276   -0.9857350583   -0.1092499938   0.1280266915   0.1196494645   -0.9898606749   0.07654965635   0.1183655378   0.09077600503   0.9888120733   

6.024800517   -30.4619649   40.8371904   0.7218078662   -0.5439169864   -0.4279576104   -0.6908449791   -0.6033714655   -0.3983416743   -0.04155260749   0.5831785204   -0.8112805891   

-4.272342457   -24.42325   5.006613312   0.991528932   0.08881277823   -0.09477693483   -0.09619338523   0.9924285016   -0.0763708187   0.08727662683   0.08484079051   0.992564774   

9.679123339   71.07026453   -48.36463169   0.1876694979   0.2629649964   0.9463770761   -0.08108085063   -0.9560605101   0.2817342662   0.9788800004   -0.1296059866   -0.1581019703   

-15.36000273   -25.15288708   40.245784   0.6536841638   0.4413309666   -0.6147552292   -0.755584844   0.426016362   -0.4975958228   0.0422913408   0.7897702433   0.6119431389   

8.923918216   26.20093818   -34.51452606   0.6219696599   -0.7771723966   -0.09569121233   0.5545085357   0.3508605715   0.7545973384   -0.5528779485   -0.522398244   0.649173358   

3.825195106   -40.14067889   13.2928225   0.9616398989   -0.2648089786   -0.0715884743   -0.05768943081   -0.4503636003   0.8909795492   -0.2681802274   -0.8526715853   -0.4483642863   

-0.7460403724   88.43712279   -22.91355799   0.9509305341   -0.1948534789   -0.240339845   -0.305959427   -0.4766049875   -0.8241580643   0.04604289712   0.8572513095   -0.5128354941   

3.889110413   -0.3825411301   -16.31491386   0.9903603722   0.1351915905   -0.03015902893   -0.1353815304   0.9907840443   -0.004338069962   0.02929461408   0.008379228074   0.9995356993   

2.84912514   -2.348788268   2.087177341   0.982763616   -0.1741343734   0.06207169247   0.1649927462   0.9776410701   0.1303661452   -0.08338506284   -0.1178777252   0.9895209817   

-4.763995314   -89.83163864   62.03342422   0.8001527482   -0.2122006372   0.5610048745   0.2482877642   -0.734241398   -0.6318565942   0.5459933752   0.6448724363   -0.5348184506   

10.72276504   22.39621419   -31.93594499   -0.0278789011   -0.9946598017   0.09937125258   -0.8696618461   0.07314871761   0.4881982575   -0.4928600616   -0.07280895603   -0.8670569852   

-10.54344432   31.97032876   15.08856688   0.7516933054   -0.6594436122   0.009554945581   0.2660186629   0.2899113795   -0.9193396886   0.6034825976   0.6936032831   0.3933487511   

-3.45735431   -26.79192511   0.9573589637   0.5760721948   -0.1193619919   0.8086368414   -0.6822985008   -0.6149910608   0.395290717   0.4501217415   -0.7794476955   -0.4357197583   

5.446733135   59.98336047   -29.79586959   0.933360991   2.217057338e-06   0.3589390762   0.1974819209   0.8350414102   -0.51352384   -0.2997301309   0.5501870984   0.7793946403   

-0.4691231753   7.678915466   6.88034296   0.9872841068   -0.02319604063   -0.1572642243   -0.109015506   0.6212232464   -0.7760137225   0.1156966378   0.7832902539   0.6107951098   

-5.477420128   -18.58776105   11.85717743   0.9918943067   -0.1264080164   -0.01291114823   0.09314280737   0.7924389048   -0.602797644   0.08642975064   0.5967089706   0.7977896356   

-2.910686892   17.03584982   -12.98504821   0.9983088513   0.03337371324   0.04759866247   -0.05592047534   0.775048956   0.6294219699   -0.01588514533   -0.6310192636   0.7756045069   

-2.608766146   1.185419783   0.1262853885   0.9979780518   0.05998547777   -0.021013104   -0.05910729231   0.9974426974   0.04017951499   0.02336955454   -0.03885624641   0.9989714991   

-10.94930853   -40.13190016   13.66104478   -0.3860704328   -0.396978942   -0.8326808155   -0.5393050669   -0.6351983906   0.5528770653   -0.7483980664   0.6625184708   0.03113856266   

-8.226915503   22.5503419   -6.747605538   -0.1034876512   0.9867131882   0.1252493127   -0.4798975385   -0.1598325021   0.8626424079   0.8711995516   0.02916599975   0.4900619204   

2.684986996   14.64454618   -2.186813672   0.352993416   0.932968069   -0.0704714873   -0.6924212976   0.3111507196   0.6509515929   0.6292443046   -0.1809856677   0.7558411164   

-10.29561434   -9.340283079   -5.01139017   0.9824989137   -0.1687563598   0.07884906806   0.1760431731   0.9795891866   -0.09702487647   -0.06086612948   0.1092076759   0.9921537168   

1.21870861   0.8828558474   -1.812059683   0.98735321   0.1496522723   -0.05232433659   -0.1441177427   0.9847857963   0.09709279891   0.06605842146   -0.08832402139   0.9938989648   

-0.2576602416   -0.1991823204   0.2417492961   0.9853962773   -0.1562168552   0.06775301286   0.1636768706   0.9786968786   -0.1239447531   -0.04694740265   0.1332242994   0.9899733468   

0.5678257132   -0.1778260579   -0.5581214726   0.9982081619   0.05724895277   -0.01740755642   -0.05599518484   0.9962772625   0.06554506465   0.02109513897   -0.06445287916   0.9976977606   

-0.3023183815   -0.6003156052   0.4480004027   0.9825655957   0.1811698627   -0.04174123973   -0.1689993942   0.9639316287   0.2056089004   0.07748583745   -0.1949699875   0.977743652   

0.2919353371   0.5684775725   -0.4938792001   0.9949559236   -0.09487218672   0.03258800692   0.09826004987   0.9871203182   -0.1262475347   -0.02019090407   0.1288128317   0.9914633537   

0.2610727986   -1.554703166   0.2128856768   0.9995876811   -0.02848770284   0.003594240207   0.02865159074   0.9978042618   -0.05971383024   -0.001885238346   0.0597921898   0.9982090662   

-1.341812865   5.521907742   2.712843605   0.9956303576   -0.08873187995   0.02910059338   0.09133891988   0.9901830208   -0.1058054209   -0.01942659955   0.1080011058   0.9939609491   

18.44662596   -34.92518692   13.80212624   0.1728663438   0.9086038828   0.3802054856   -0.5458148986   -0.2329547057   0.8048715435   0.8198800666   -0.3466570195   0.4556595079   

13.93192001   41.37047299   -11.91719525   0.1608722554   -0.8322507992   0.5305456858   0.8683308373   -0.1361838135   -0.4769229769   0.4691712634   0.5374128545   0.7007608361   

-11.99196948   -30.45340841   13.82589845   -0.5397520661   -0.8242182528   0.1712658135   0.795724097   -0.4331229604   0.4233528818   -0.2747560164   0.3647859275   0.8896293377   

1.88312614   3.481974675   9.957466177   0.04826758472   0.8865892817   0.4600322661   -0.9617314165   0.1656165464   -0.2182746943   -0.2697089596   -0.4318918906   0.8606546764   

15.62977264   24.17318791   -23.98887301   0.8944551083   0.4121072534   0.1735444348   -0.3877205168   0.521425856   0.7601235936   0.222761891   -0.7471831692   0.6261744578   

-17.18975755   -66.16093905   31.15910335   -0.27048765   0.05401207414   0.9612071197   0.5738783448   -0.7926004668   0.2060294769   0.7729812912   0.6073443799   0.183392278   

18.05652109   63.02983646   -30.03850747   -0.280033532   0.67293752   0.6846432028   -0.03632027788   -0.720093437   0.6929258831   0.9593029023   0.1691760511   0.2260915862   

-8.306258745   -68.91665201   23.5072808   0.9729046644   -0.06774684681   0.2210585414   -0.2085445438   -0.6699524388   0.7125116863   0.09982828888   -0.7393064957   -0.6659280879   

-6.329588171   -1.800110943   -25.60635144   0.5263588201   0.8189219875   0.2287207268   -0.7640772704   0.5735790693   -0.2952845679   -0.3730044469   -0.01933467187   0.9276280791   

6.31227493   28.78327173   33.40184544   -0.2914794973   0.5989434668   0.7458595218   -0.7419017513   0.3506492936   -0.5715127857   -0.6038389637   -0.7199387449   0.3421501272   

-1.636751765   29.28706121   -8.965163189   0.8818044548   0.1458624316   -0.4484919782   0.3582537939   0.4112949789   0.8381471586   0.3067166813   -0.899755851   0.3104259752   

9.631184412   -22.98312242   -19.14666643   0.6792380141   -0.2392535469   -0.6938252377   0.6379478634   -0.2749162599   0.7193355084   -0.3628474111   -0.9312243502   -0.03410228541   

-2.196743021   24.77626635   6.773025696   0.7784873588   0.4891985441   -0.3932457458   -0.211303895   -0.3856897825   -0.8981058154   -0.5910229235   0.7822583819   -0.1968850623   

-3.468136303   -78.23059086   11.6666613   0.418172947   0.8855992406   -0.2021023784   -0.4374263814   0.3913185641   0.8096468009   0.7961090046   -0.2501674767   0.5510233084   

0.02870077028   -1.910152498   1.376069029   0.9982142977   -0.0353671257   -0.04813919753   0.03345097623   0.9986378105   -0.04004441954   0.04948987884   0.03836260897   0.9980376056   

-0.80387181   -0.6323304017   1.21920007   0.9970714587   -0.06461037258   0.04091461742   0.06642043633   0.996796951   -0.04454395681   -0.03790556425   0.04713107473   0.9981692392   

-7.771178729   24.2437293   -27.72298019   0.1519413663   -0.3961634104   0.9055210508   0.7855671264   0.6043996634   0.132609716   -0.5998317356   0.6911986684   0.4030462626   

15.24406704   -30.94357266   25.13780199   0.02610034027   0.8033283294   -0.5949641732   -0.4782353989   0.5326756931   0.6982460234   0.8778437648   0.2663084699   0.3980830609   

3.411238237   0.3629087695   5.247394403   0.9987407484   0.0003356822659   -0.05016776634   -0.001071217759   0.9998923237   -0.01463534773   0.05015745164   0.01467065874   0.9986335673   

3.050159557   1.907114526   1.640349763   0.9928691236   -0.1032463936   -0.05959098652   0.09810441717   0.9916603306   -0.08357817933   0.067723163   0.07713605466   0.9947178506   

2.782536214   -0.3107875121   3.64409635   0.9995577736   0.009119974572   0.02830341481   -0.009612996582   0.9998035721   0.01733226572   -0.02813978541   -0.01759668156   0.9994491029   

1.066804624   -0.1262506013   -0.1705780073   0.9986745269   0.0341818205   -0.03848106677   -0.03409363099   0.9994143016   0.002945850287   0.038559223   -0.001629986351   0.9992549872   

-0.2964468459   -0.4237332805   0.4515295072   0.9997548698   0.02148211142   0.005359028562   -0.02154889302   0.9996867265   0.01273161468   -0.005083847756   -0.01284397491   0.9999045888   

0.885176684   1.742031103   -0.5304900938   0.9949710798   -0.09750182218   -0.02293349351   0.09599438242   0.9935981506   -0.0595633577   0.02859421265   0.05706233178   0.997961052   

-1.817473651   -1.31494876   0.7977034024   0.9897935331   0.106496659   0.09469542437   -0.115158408   0.9891457606   0.0912644805   -0.0839482153   -0.1012379669   0.9913140628   

0.6603945459   0.759327136   1.195442484   0.9993105795   -0.02520630402   -0.02725817282   0.02454241692   0.9994004422   -0.02442183158   0.02785741408   0.02373601322   0.9993300587   

-9.887871637   -11.12149583   11.30212502   -0.5309869219   0.7627684343   -0.3691032435   -0.4235599217   0.1383530839   0.8952404241   0.7339277086   0.631698298   0.2496144602   

-2.006014362   11.26176534   3.232187833   0.8833626326   -0.1253674947   0.4516120577   0.4683952605   0.2703129421   -0.8411520631   -0.01662345722   0.9545752483   0.2975058925   

-4.980755599   43.45852611   -13.12871375   0.8224342144   0.5522298158   -0.1365437423   0.2566093677   -0.1459276556   0.9554353729   0.5076943918   -0.8208211436   -0.2617232407   

2.615384789   10.53819639   0.7997945967   0.9353498702   -0.1919506634   0.297112038   -0.1337812261   0.5855947827   0.79948817   -0.3274495439   -0.7875491688   0.5220566089   

15.86875772   -26.75103214   -7.698925376   0.5301183104   -0.2897450417   0.7968829197   -0.7491458204   0.2801781541   0.6002339059   -0.3971839836   -0.9151764927   -0.06853371729   

0.9997442178   -7.226100248   0.6170782762   0.3228848224   0.9234460295   0.2073471052   -0.3981704364   -0.06621130749   0.9149187758   0.8586068338   -0.3779728738   0.3463102823   

5.003845885   20.78518143   -16.45819643   0.2938336215   -0.3829356977   0.8757979529   0.9271021635   -0.1088697162   -0.3586488023   0.2326873039   0.9173372533   0.3230309308   

-3.701263719   7.241570623   -2.502440198   0.9940157456   -0.06973066712   0.08408526307   0.07199558182   0.9971111371   -0.0242077753   -0.08215432795   0.03011667725   0.9961644704   

4.139891955   2.238822207   -4.591191088   0.5485200422   0.8344905245   -0.05245310141   -0.4144488472   0.3258337732   0.849743788   0.7261941313   -0.4443623711   0.5245799909   

-3.239026854   9.170435286   -0.8137384283   0.9843230257   -0.1702820014   0.04595890625   0.1743694168   0.9786967807   -0.1083878124   -0.02652333996   0.1147024471   0.9930457497   

0.1236153385   -9.315138362   4.850492921   0.943406788   0.2804444139   0.1770157142   -0.2875715911   0.9576346298   0.0154433105   -0.1651853878   -0.06547401454   0.9840868565   

-3.169972986   28.04745186   2.857299209   0.4183617863   -0.313564449   0.8524381222   0.717856229   -0.4608428829   -0.5218297344   0.5564672948   0.8302416357   0.0322951412   

10.03905905   -9.390641405   -8.097554547   0.7209023774   0.682325711   0.1213729223   -0.5114361586   0.4055918963   0.7575805366   0.4676888045   -0.6082161111   0.6413582028   

0.5148850114   -10.61595759   5.867495102   0.8806294251   -0.09080954048   -0.4650219812   0.004344600835   0.9829677971   -0.1837265206   0.4737857534   0.1597746453   0.8660248972   

-0.419673591   2.332319582   -1.1186329   0.9974681619   0.06077944016   0.03692053046   -0.06203607431   0.9974979973   0.03390089917   -0.03476767752   -0.03610547236   0.9987430117   

-0.2163782895   -6.248148543   1.351311334   0.7758007425   0.5153711959   0.364040847   -0.6089634527   0.7626212303   0.2181109179   -0.1652171941   -0.3908981832   0.9054843396   

1.153048415   12.18058491   -7.20833425   0.5977904966   -0.7869591596   0.1527802453   0.6821153475   0.3992071506   -0.6126600229   0.4211474504   0.4704560894   0.7754391614   

-2.529266582   3.052066798   -1.738990539   0.8237305739   -0.5270156516   0.2090991263   0.5545811611   0.8256294415   -0.1038063638   -0.1179308164   0.2014709119   0.9723691656   

2.623879562   1.613861306   -5.72250441   0.9910450766   -0.1278336619   0.03857733787   0.1301834491   0.9892754433   -0.0662296527   -0.02969723399   0.07065870213   0.9970583845   

-31.39147406   -71.75496864   29.14887735   0.9446230292   -0.2238108859   -0.2399917081   0.04208190796   -0.6426755039   0.7649819016   -0.325448069   -0.7327188302   -0.5976676922   

18.27665671   12.6836126   14.58059809   0.9587858277   -0.236053117   -0.1581412739   0.2782037629   0.6668580998   0.6913052445   -0.05772696834   -0.7068091685   0.7050449606   

4.409028861   48.01434216   -23.10621184   0.300735881   0.1367543746   0.9438517738   0.5669501925   -0.8214436422   -0.0616264711   0.7668933493   0.5536502359   -0.3245704964   

-8.157161064   -4.42558621   3.612750129   0.9868386232   -0.1399283044   0.08105307732   0.1319685169   0.9865533729   0.09641967146   -0.09345502795   -0.08445420143   0.992035103   

-8.1342639   -8.659932549   6.279965112   0.9997790906   -0.01983100258   -0.006964291062   0.02089964879   0.9731366721   0.2292776091   0.002230402169   -0.2293725108   0.9733361581   

-3.576799748   -76.64052939   30.98246926   0.9284266688   0.3379790691   0.154253264   0.3650437999   -0.9070657219   -0.2097016939   0.06904306494   0.2510018427   -0.9655211702   

-1.884836901   0.6533797884   -1.252374733   0.9610130136   0.09465776365   -0.2597958729   -0.1875684758   0.91351024   -0.3609946098   0.2031552477   0.3956500337   0.8956500411   

-14.81728589   77.57136809   -24.50859102   -0.9575296873   0.2872064728   0.02548214837   -0.05255934877   -0.2607574525   0.9639725441   0.2835038144   0.9216930036   0.2647783871   

2.888976345   -17.71704575   0.3085416787   0.9824109004   0.182001621   -0.04176401329   -0.1163180514   0.7714208389   0.6256037086   0.1460785193   -0.609741994   0.7790223148   

0.8197609816   -71.57605597   13.33378293   0.8190931362   0.5548699648   0.1456219637   0.1230665293   -0.4178998199   0.9001190865   0.5603044383   -0.7193601759   -0.4105847949   

-12.95836299   76.57361174   -19.44577572   0.619645834   0.5435367534   0.5662215452   0.4133245039   -0.8392493551   0.3533035161   0.6672345127   0.01511018736   -0.7446944254   

-3.015684143   -2.172316581   -2.914333102   0.9403645173   0.3324299061   -0.07214521509   -0.2988124552   0.9086000307   0.291816896   0.162559808   -0.2528563657   0.9537494258   

19.56358927   2.808162285   -29.20010281   0.9083829991   -0.3799222963   0.1746407047   0.3592015726   0.922822094   0.1391891273   -0.2140433537   -0.06370582108   0.9747445876   

-25.44307518   -8.474330959   28.80435479   0.5977749586   0.7176941182   -0.3571837784   -0.4264555009   0.6619658634   0.6163902184   0.6788231026   -0.2161396502   0.7017712213   

-7.270058731   -18.79248844   1.553960202   0.3793503313   -0.4520521554   0.8073055029   0.715707663   -0.409609252   -0.5656702236   0.586392247   0.7923819215   0.1681517862   

26.70683947   -39.67626701   1.487805797   0.4213713299   -0.4363895527   0.7949907928   0.7325027059   -0.3530614193   -0.582054482   0.5346830727   0.8275939781   0.1708865684   

2.876017394   11.29136509   -9.755386222   0.9864499897   -0.1465994103   -0.073654808   -0.03404847476   0.2562386532   -0.9660136924   0.1604902465   0.9554320308   0.2477751305   

-9.512672089   -25.45121493   13.38373109   0.9460712403   -0.0267744418   -0.3228503332   0.3150868484   0.3076788582   0.8978051003   0.07529599146   -0.9511134788   0.2995223934   

-24.97659436   36.06489287   -8.887520911   0.3405564049   0.8842715538   -0.3195076748   -0.901329821   0.4037688266   0.1567650739   0.2676301344   0.2345944453   0.9345263813   

-41.03783485   41.6519824   -25.16743232   0.87962404   0.3808026573   -0.2850454076   -0.4105133812   0.9104553407   -0.05049590461   0.240292139   0.1614323657   0.9571829915   

50.98340331   -64.14840939   41.99130491   -0.3718719735   -0.8981035603   0.2347791095   0.5557247097   -0.01279820884   0.8312678587   -0.7435598714   0.4395977716   0.5038576355   

13.30240654   60.31911051   -12.93459863   0.6380811711   -0.7169608819   0.2807481309   0.5945128199   0.6904672221   0.4120795096   -0.4892922707   -0.09603181312   0.8668165693   

-2.08898497   1.068989582   3.326802503   0.9996698718   -0.02524150024   0.004797291088   0.02519689846   0.9996407164   0.009140809549   -0.005026295246   -0.009016915054   0.9999467144   

3.824108817   -63.24305133   15.7854182   0.3883297107   0.7765487591   -0.4961572942   -0.9174721222   0.3762135621   -0.1292604376   0.08628407057   0.505406154   0.8585567417   

8.717669536   69.15896023   -3.545846408   0.3111590585   -0.9231097937   0.2259388169   0.8259401073   0.3802719696   0.4161924653   -0.4701095398   0.05710987504   0.8807584702   

12.47319764   -2.313745663   -8.356101617   0.9746189689   0.1968855024   0.1065549834   -0.1938541247   0.9802864017   -0.03819880927   -0.1119751931   0.01657316105   0.9935727887   

12.72545495   -2.929147695   -0.8656308753   0.9422510493   0.2919057475   -0.1641767179   -0.2914462403   0.9561939212   0.02742761374   0.1649910578   0.02200498936   0.9860495582   

-1.277568081   -2.329802765   -7.310218858   0.9898416192   -0.07774160356   0.1190370192   0.08184088437   0.996195673   -0.02993744669   -0.1162567784   0.03937542564   0.9924383796   

2.632219699   -6.018795136   -10.07674969   0.9878839915   0.1332976106   -0.0794793454   -0.1320821673   0.9910291955   0.02038221578   0.08148325239   -0.009637460483   0.9966281147   

-21.50049484   -72.46270347   13.16633507   0.3548989198   0.8788299185   -0.3189117921   -0.8899049147   0.4221108342   0.1728921239   0.2865588938   0.2224419431   0.9318817427   

33.69978315   73.16926438   -23.34540724   -0.5853223234   -0.6222648996   -0.5197924321   0.06358746999   -0.6743408535   0.7356772709   -0.8083034154   0.3975560438   0.4342750058   

7.235704043   -3.171634618   -2.154601544   0.931538514   -0.2938571249   -0.2142054786   0.1381570365   0.8308821125   -0.5390246269   0.3363757277   0.4725282058   0.8145971179   

9.016183821   2.337669634   -1.859174905   0.9995868376   0.02543943425   -0.01337868433   -0.02656651053   0.9953863679   -0.09219652447   0.01097153258   0.09251385729   0.9956509487   

4.043091182   1.336908001   1.132794339   0.9947666353   0.07097561993   0.07349695711   -0.07497080433   0.9957707074   0.05310439591   -0.06941699955   -0.05833660722   0.9958805754   

2.647436791   -0.3920875067   -1.324986609   0.9984884512   -0.01277020316   -0.0534577848   0.007074373593   0.9944035447   -0.1054113068   0.0545047345   0.1048737921   0.9929907964   

6.201416599   2.592686193   0.09413450177   0.9948867953   0.05555837674   0.08434175352   -0.06200544725   0.9951895122   0.07584958327   -0.07972194882   -0.08069139697   0.9935458265   

7.104951988   1.251979678   -2.411723575   0.9923593599   0.1095910987   0.05668061237   -0.1079696432   0.9936729863   -0.03092818255   -0.05971144687   0.02457208594   0.9979132005   

0.7029275339   1.34485878   -1.198563182   0.9990064085   0.004100773593   0.04437769091   -0.006485000457   0.9985351974   0.05371595946   -0.04409240937   -0.05395037709   0.9975696548   

-2.827979303   0.05913656415   -3.06147648   0.9903242065   -0.07562574519   0.1163559744   0.04905992011   0.9751116222   0.2162185203   -0.1298117497   -0.2084180198   0.9693868364   

-17.24139742   -20.51358832   -0.668560346   0.9456700724   -0.195476303   0.259802096   0.03779029001   0.8597460809   0.5093216766   -0.3229241522   -0.4718322703   0.8204232448   

4.845649561   15.24315607   -1.97728524   0.9971115204   -0.01795940594   -0.0737975313   0.00542051056   0.9859906892   -0.1667122639   0.07575773197   0.1658306986   0.9832400243   

