-1.610934471 77.9 59.17969894 32.73089981 60.63139725 114.4771306 53.03932213 35.22575331 0.6974108547 0.07932101014 0.7122684024 0.3527345648 0.4082851372 -0.8419510518 0.6974108547 -0.07932101014 -0.7122684024 0 0.07932101014 0.9962932824 -0.03328472244 0 0.7122684024 -0.03328472244 0.7011175723 0 0 0 0 1 1 0 0 59.17969894 0 1 0 32.73089981 0 0 1 60.63139725 0 0 0 1 0.6974108547 0.07932101014 0.7122684024 -0 -0.07932101014 0.9962932824 -0.03328472244 -0 -0.7122684024 -0.03328472244 0.7011175723 -0 0 0 0 1 32 2.083307984 0.9478527795 0.03125 2.297051382 0.947764386 0.03125 2.492479586 0.9466011398 0.03125 2.667709478 0.9448561524 0.03125 2.823075719 0.9430974199 0.03125 2.95736019 0.9416356206 0.03125 3.070716481 0.9408850474 0.03125 3.162182987 0.9411046043 0.03125 3.229414597 0.9425788293 0.03125 3.271820475 0.9454621172 0.03125 3.286337893 0.9498428721 0.03125 3.273040488 0.9556560586 0.03125 3.226788154 0.9627495882 0.03125 3.148614729 0.9709299582 0.03125 3.040571759 0.9798251536 0.03125 2.902058134 0.987899538 0.03125 1.755478075 0.4983628328 0.03125 1.587568728 0.5009566611 0.03125 1.419539546 0.5038140178 0.03125 1.250077694 0.5057705621 0.03125 1.098425905 0.5068079513 0.03125 0.9657226551 0.50714009 0.03125 0.8674047761 0.5068271234 0.03125 0.8042858777 0.5061287106 0.03125 0.7705191258 0.5051407224 0.03125 0.7665263654 0.504041434 0.03125 0.7764231241 0.5028980691 0.03125 0.8004634921 0.5017937264 0.03125 0.8316366406 0.5007639635 0.03125 0.8701436925 0.4998882894 0.03125 0.9165005706 0.4992095306 0.03125 0.9709326438 0.4988468908 0.03125 1 3 1 1 1 1 500 0.0004
-1.4161721 77.9 58.67969894 33.63090134 60.63139725 107.1418048 49.17931092 43.35462779 0.5276138562 -0.06526287288 0.8469736573 0.3156455287 0.3023262625 -0.8994257786 0.5276138562 0.06526287288 -0.8469736573 0 -0.06526287288 0.997211833 0.03618449382 0 0.8469736573 0.03618449382 0.5304020232 0 0 0 0 1 1 0 0 58.67969894 0 1 0 33.63090134 0 0 1 60.63139725 0 0 0 1 0.5276138562 -0.06526287288 0.8469736573 -0 0.06526287288 0.997211833 0.03618449382 -0 -0.8469736573 0.03618449382 0.5304020232 -0 0 0 0 1 32 1.87437566 0.9395314658 0.03125 1.716094115 0.9274735896 0.03125 1.593473674 0.8996745992 0.03125 1.506100858 0.8531686328 0.03125 1.547906309 0.7857505368 0.03125 1.718769084 0.6969025608 0.03125 2.068279522 0.5879695316 0.03125 2.585840372 0.4650603115 0.03125 3.170783395 0.334565892 0.03125 3.805607806 0.2072909613 0.03125 4.394230672 0.09211446801 0.03125 4.920911354 -0.0005806321067 0.03125 5.291354496 -0.06278476414 0.03125 5.490663327 -0.08544117885 0.03125 5.470878964 -0.06586300132 0.03125 5.216476642 -0.01304198285 0.03125 3.89695098 -0.4101521666 0.03125 3.417308986 -0.3343022567 0.03125 2.901950212 -0.2402338016 0.03125 2.34308891 -0.1400980253 0.03125 1.790453937 -0.037929166 0.03125 1.252163558 0.06111737678 0.03125 0.8073585081 0.1537085561 0.03125 0.4630603082 0.2355655441 0.03125 0.2477361172 0.3053693504 0.03125 0.1642967259 0.3619512843 0.03125 0.1605475693 0.4061105723 0.03125 0.2365587588 0.4391384632 0.03125 0.346939514 0.4626121849 0.03125 0.4917108128 0.4782375578 0.03125 0.6691551461 0.4874204989 0.03125 0.8787323783 0.491629437 0.03125 1 3 1 1 1 1 500 0.0004
-1.902531168 77.9 58.87969971 33.43090057 60.53139877 107.3403924 26.23168701 48.47624804 0.3703874291 -0.06157372413 0.926834305 0.341412189 0.005583324067 -0.9398970921 0.3703874291 0.06157372413 -0.926834305 0 -0.06157372413 0.997233393 0.0416441647 0 0.926834305 0.0416441647 0.3731540362 0 0 0 0 1 1 0 0 58.87969971 0 1 0 33.43090057 0 0 1 60.53139877 0 0 0 1 0.3703874291 -0.06157372413 0.926834305 -0 0.06157372413 0.997233393 0.0416441647 -0 -0.926834305 0.0416441647 0.3731540362 -0 0 0 0 1 32 1.882523355 0.9251002587 0.03125 1.705116878 0.9145543159 0.03125 1.564044359 0.8913688507 0.03125 1.461216691 0.8535112235 0.03125 1.487873071 0.7990969939 0.03125 1.644933188 0.7279914402 0.03125 1.978026497 0.6408398539 0.03125 2.477239439 0.5424988805 0.03125 3.046089756 0.4380333364 0.03125 3.667760087 0.3359726058 0.03125 4.256864689 0.2440184312 0.03125 4.798829377 0.1705081199 0.03125 5.225354928 0.1228465428 0.03125 5.52228876 0.1079361808 0.03125 5.621859149 0.1292000866 0.03125 5.505757038 0.1780161812 0.03125 4.296953561 -0.2270751017 0.03125 3.902395825 -0.1602616884 0.03125 3.45737559 -0.07873295456 0.03125 2.954521193 0.005567978187 0.03125 2.435475107 0.08922916345 0.03125 1.907011217 0.1687664619 0.03125 1.434611515 0.2417002926 0.03125 1.024379718 0.3053674072 0.03125 0.7285119791 0.3587934893 0.03125 0.5505103907 0.4013485158 0.03125 0.4673568164 0.4337440349 0.03125 0.4800588644 0.4572851669 0.03125 0.5346390747 0.4733854328 0.03125 0.6314826592 0.4837460873 0.03125 0.7562081976 0.4895798768 0.03125 0.909868251 0.4921917111 0.03125 1 3 1 1 1 1 500 0.0004
-2.211919121 77.9 58.97969818 32.73089981 60.63139725 104.2575368 21.52860737 50.55550194 0.314148985 0.03261716559 0.9488132249 0.3169649015 -0.03466553041 -0.9478035409 0.314148985 -0.03261716559 -0.9488132249 0 0.03261716559 0.9991904423 -0.02354953542 0 0.9488132249 -0.02354953542 0.3149585428 0 0 0 0 1 1 0 0 58.97969818 0 1 0 32.73089981 0 0 1 60.63139725 0 0 0 1 0.314148985 0.03261716559 0.9488132249 -0 -0.03261716559 0.9991904423 -0.02354953542 -0 -0.9488132249 -0.02354953542 0.3149585428 -0 0 0 0 1 32 1.903137518 0.9169851672 0.03125 1.745452262 0.9172747048 0.03125 1.61321323 0.9177480235 0.03125 1.508915694 0.9173842076 0.03125 1.527332071 0.9144656156 0.03125 1.672740325 0.9056029732 0.03125 1.997797583 0.8887808212 0.03125 2.496664417 0.8613675444 0.03125 3.078755651 0.8238994718 0.03125 3.728284037 0.7782738785 0.03125 4.356074676 0.7284560649 0.03125 4.94613632 0.6795687306 0.03125 5.430591676 0.6373959727 0.03125 5.792439969 0.608213183 0.03125 5.948676744 0.5968293925 0.03125 5.876674385 0.5994128834 0.03125 4.689468572 0.1453816238 0.03125 4.292193046 0.1665048127 0.03125 3.830902766 0.2019599742 0.03125 3.298895582 0.2416518915 0.03125 2.738032064 0.2831512449 0.03125 2.155817573 0.324119472 0.03125 1.618933265 0.3625744253 0.03125 1.13428077 0.3966291248 0.03125 0.7731445752 0.4252758913 0.03125 0.5396170138 0.4478689143 0.03125 0.42382585 0.464683949 0.03125 0.4269639342 0.4764914194 0.03125 0.4828763675 0.4841818839 0.03125 0.5920559939 0.488880176 0.03125 0.7313069336 0.491327594 0.03125 0.9020293897 0.4923675607 0.03125 1 3 1 1 1 1 500 0.0004
-2.172176403 77.9 58.97969818 32.73089981 60.63139725 103.880703 16.79642838 53.01091634 0.2856871157 0.008016274174 0.9582894194 0.3334965477 -0.1478358782 -0.9310878615 0.2856871157 -0.008016274174 -0.9582894194 0 0.008016274174 0.9999500184 -0.005974945715 0 0.9582894194 -0.005974945715 0.2857370973 0 0 0 0 1 1 0 0 58.97969818 0 1 0 32.73089981 0 0 1 60.63139725 0 0 0 1 0.2856871157 0.008016274174 0.9582894194 -0 -0.008016274174 0.9999500184 -0.005974945715 -0 -0.9582894194 -0.005974945715 0.2857370973 -0 0 0 0 1 32 1.869906395 0.9177425645 0.03125 1.632830479 0.9076817576 0.03125 1.441416086 0.8861455894 0.03125 1.298835361 0.8511786976 0.03125 1.333203124 0.8008519859 0.03125 1.545175076 0.7351344485 0.03125 1.939980715 0.6546980645 0.03125 2.506585546 0.5640917817 0.03125 3.123799306 0.4682691961 0.03125 3.775150986 0.3748303898 0.03125 4.389267851 0.2912211008 0.03125 4.951060644 0.2253736256 0.03125 5.397394251 0.1844964338 0.03125 5.713566414 0.1746315173 0.03125 5.835934617 0.199010869 0.03125 5.746771076 0.2491043812 0.03125 4.554931328 -0.1588291516 0.03125 4.177230119 -0.09376960313 0.03125 3.738530709 -0.01592687091 0.03125 3.233340086 0.06352964512 0.03125 2.704091017 0.1413145032 0.03125 2.158402019 0.2142575988 0.03125 1.655517537 0.2801198852 0.03125 1.20192963 0.3368439743 0.03125 0.854389212 0.3836457268 0.03125 0.6166139128 0.420271235 0.03125 0.485827281 0.4474773222 0.03125 0.463203401 0.466663037 0.03125 0.500573221 0.479251746 0.03125 0.5983840606 0.4870150531 0.03125 0.7321041457 0.491130698 0.03125 0.9028977408 0.492911083 0.03125 1 3 1 1 1 1 500 0.0004
-2.235497277 77.9 58.97969818 32.73089981 60.63139725 97.94613275 26.21486798 56.09818149 0.155435267 0.1064567123 0.9820930945 0.1948213786 -0.0005016410727 -0.98083861 0.155435267 -0.1064567123 -0.9820930945 0 0.1064567123 0.9901915478 -0.09048572865 0 0.9820930945 -0.09048572865 0.1652437192 0 0 0 0 1 1 0 0 58.97969818 0 1 0 32.73089981 0 0 1 60.63139725 0 0 0 1 0.155435267 0.1064567123 0.9820930945 -0 -0.1064567123 0.9901915478 -0.09048572865 -0 -0.9820930945 -0.09048572865 0.1652437192 -0 0 0 0 1 32 1.978739614 0.9172468741 0.03125 1.552966383 0.9159290853 0.03125 1.202275487 0.9148495774 0.03125 0.9358811171 0.9114468716 0.03125 0.9067950532 0.9029643565 0.03125 1.120756131 0.8859831227 0.03125 1.558631007 0.8589198608 0.03125 2.212503841 0.8206548183 0.03125 2.951257171 0.7729163157 0.03125 3.755645721 0.7188710162 0.03125 4.541892728 0.6639282384 0.03125 5.287365008 0.6145107383 0.03125 5.924470589 0.5776791564 0.03125 6.429191871 0.5595593517 0.03125 6.712950916 0.5650374778 0.03125 6.750378025 0.5889034558 0.03125 5.62693816 0.1505047159 0.03125 5.271014932 0.1876881528 0.03125 4.80553436 0.2353031237 0.03125 4.230685459 0.2833462445 0.03125 3.606892993 0.3290603111 0.03125 2.948297122 0.3698947649 0.03125 2.343658871 0.404319317 0.03125 1.803770057 0.4319503154 0.03125 1.382497584 0.4527806992 0.03125 1.083551195 0.4680454013 0.03125 0.88125805 0.4785579475 0.03125 0.7760236502 0.4855939258 0.03125 0.7256807446 0.4898968993 0.03125 0.7314401066 0.4922942323 0.03125 0.7975119706 0.4932692963 0.03125 0.9263077034 0.4936655547 0.03125 1 3 1 1 1 1 500 0.0004
-2.083710425 77.9 58.97969818 32.73089981 60.63139725 100.5139965 35.63447139 52.81438506 0.08775667064 0.1531003515 0.9843063797 -0.01672173193 0.1674223588 -0.985743444 0.08775667064 -0.1531003515 -0.9843063797 0 0.1531003515 0.9784513226 -0.1385398562 0 0.9843063797 -0.1385398562 0.1093053481 0 0 0 0 1 1 0 0 58.97969818 0 1 0 32.73089981 0 0 1 60.63139725 0 0 0 1 0.08775667064 0.1531003515 0.9843063797 -0 -0.1531003515 0.9784513226 -0.1385398562 -0 -0.9843063797 -0.1385398562 0.1093053481 -0 0 0 0 1 32 2.151087889 0.9309769247 0.03125 2.202449838 0.9249983821 0.03125 2.260962588 0.9197647285 0.03125 2.329228302 0.9153899248 0.03125 2.445447537 0.9114465224 0.03125 2.612360613 0.9065357433 0.03125 2.84881287 0.8998114563 0.03125 3.15294408 0.8898618147 0.03125 3.49277498 0.8768708357 0.03125 3.861332778 0.861195023 0.03125 4.220185421 0.8445317413 0.03125 4.56144863 0.8288998565 0.03125 4.861129535 0.8168038642 0.03125 5.111275475 0.8104724279 0.03125 5.278034291 0.8119886683 0.03125 5.354899937 0.8218902359 0.03125 4.346000396 0.3360809168 0.03125 4.256908431 0.3464204094 0.03125 4.116696236 0.3595522205 0.03125 3.926722688 0.3743006984 0.03125 3.706939961 0.3901074149 0.03125 3.459841687 0.406344726 0.03125 3.194436863 0.4224554241 0.03125 2.913133444 0.4378901059 0.03125 2.625295917 0.4521600853 0.03125 2.333382297 0.4648444725 0.03125 2.052226495 0.4756162054 0.03125 1.784172508 0.484312181 0.03125 1.545462672 0.4908376411 0.03125 1.338072003 0.4953761957 0.03125 1.175140107 0.4980398828 0.03125 1.058283104 0.4993358135 0.03125 1 3 1 1 1 1 500 0.0004
-1.996876733 77.9 58.97969818 32.73089981 60.63139725 94.66574512 44.94583709 53.46238993 0.1588039655 0.1222978252 0.9797063552 0.06332890498 0.3128379168 -0.947692929 0.1588039655 -0.1222978252 -0.9797063552 0 0.1222978252 0.9870929351 -0.1033962259 0 0.9797063552 -0.1033962259 0.1717110304 0 0 0 0 1 1 0 0 58.97969818 0 1 0 32.73089981 0 0 1 60.63139725 0 0 0 1 0.1588039655 0.1222978252 0.9797063552 -0 -0.1222978252 0.9870929351 -0.1033962259 -0 -0.9797063552 -0.1033962259 0.1717110304 -0 0 0 0 1 32 2.019982526 0.9190187553 0.03125 1.642428718 0.9101417577 0.03125 1.300822056 0.9176096317 0.03125 1.004813915 0.9411115145 0.03125 0.9204217435 0.9793494865 0.03125 1.058567779 1.026830076 0.03125 1.475368676 1.081197905 0.03125 2.166972027 1.135727886 0.03125 2.991304626 1.189112519 0.03125 3.925960734 1.238063221 0.03125 4.83671326 1.283322571 0.03125 5.695848846 1.325508719 0.03125 6.414894876 1.366009673 0.03125 6.965267372 1.404174804 0.03125 7.23254893 1.439325192 0.03125 7.196244388 1.46316246 0.03125 5.962912703 0.9890979373 0.03125 5.495422839 0.9769894895 0.03125 4.919188245 0.954417019 0.03125 4.241333042 0.9182250522 0.03125 3.534386402 0.8706196118 0.03125 2.814684872 0.8156204476 0.03125 2.174623408 0.7565511184 0.03125 1.624767013 0.69914361 0.03125 1.207479012 0.6461350853 0.03125 0.925510625 0.6013489692 0.03125 0.7453240721 0.565349215 0.03125 0.6670805488 0.5384074352 0.03125 0.6460786744 0.519335992 0.03125 0.6834510737 0.5068083483 0.03125 0.7744970265 0.4993508276 0.03125 0.9212425238 0.4960252635 0.03125 1 3 1 1 1 1 500 0.0004
-1.591487461 77.9 58.97969818 32.73089981 60.63139725 94.20970048 59.93334863 53.19501313 0.1779457941 0.09273344073 0.9796610655 0.05259206671 0.4711464155 -0.8804857351 0.1779457941 -0.09273344073 -0.9796610655 0 0.09273344073 0.9926995868 -0.07712353303 0 0.9796610655 -0.07712353303 0.1852462073 0 0 0 0 1 1 0 0 58.97969818 0 1 0 32.73089981 0 0 1 60.63139725 0 0 0 1 0.1779457941 0.09273344073 0.9796610655 -0 -0.09273344073 0.9926995868 -0.07712353303 -0 -0.9796610655 -0.07712353303 0.1852462073 -0 0 0 0 1 32 4.072493596 0.8867155783 0.03125 3.158174722 0.8312195338 0.03125 2.292589658 0.8330225573 0.03125 1.499779963 0.8774221074 0.03125 0.9997362647 0.9506772585 0.03125 0.8086983731 1.034589532 0.03125 1.01773511 1.120425094 0.03125 1.623762523 1.196221089 0.03125 2.433852309 1.259091483 0.03125 3.422341137 1.306047558 0.03125 4.400318284 1.33991185 0.03125 5.337429422 1.365615554 0.03125 6.101354332 1.389336645 0.03125 6.660479215 1.414953459 0.03125 6.889880581 1.444277816 0.03125 6.765630638 1.464599003 0.03125 5.467863325 1.005032443 0.03125 4.908578032 0.9975109244 0.03125 4.26797121 0.9824249008 0.03125 3.546488633 0.9524889783 0.03125 2.828111869 0.9091168095 0.03125 2.126969237 0.8555798477 0.03125 1.542127661 0.7951541773 0.03125 1.081126893 0.7337869771 0.03125 0.7630110321 0.6746940772 0.03125 0.5884012381 0.623125961 0.03125 0.5013691408 0.580182632 0.03125 0.5012766863 0.5472448274 0.03125 0.5426693398 0.5233529467 0.03125 0.626470007 0.5072659696 0.03125 0.7476385096 0.4975359187 0.03125 0.9080765891 0.4929794037 0.03125 1 3 1 1 1 1 500 0.0004
-1.713393883 77.9 58.97969818 32.73089981 60.63139725 92.87908209 60.71404962 54.74393275 0.3066389506 0.08323014611 0.9481799917 -0.02080612228 0.5564982034 -0.8305882583 0.3066389506 -0.08323014611 -0.9481799917 0 0.08323014611 0.9946984152 -0.06039706624 0 0.9481799917 -0.06039706624 0.3119405354 0 0 0 0 1 1 0 0 58.97969818 0 1 0 32.73089981 0 0 1 60.63139725 0 0 0 1 0.3066389506 0.08323014611 0.9481799917 -0 -0.08323014611 0.9946984152 -0.06039706624 -0 -0.9481799917 -0.06039706624 0.3119405354 -0 0 0 0 1 32 1.359310562 0.9561284553 0.03125 1.204324885 1.005148998 0.03125 1.064383297 1.072206583 0.03125 0.9452103597 1.155507502 0.03125 0.9738141589 1.252487455 0.03125 1.158336104 1.356014271 0.03125 1.578281768 1.462056769 0.03125 2.230766679 1.561873412 0.03125 2.994313527 1.651939508 0.03125 3.850328502 1.727046275 0.03125 4.67085122 1.785732283 0.03125 5.434127139 1.827149294 0.03125 6.060422051 1.851840848 0.03125 6.527856123 1.859739688 0.03125 6.72028323 1.851765935 0.03125 6.621055451 1.823323176 0.03125 5.351502104 1.298899419 0.03125 4.866033004 1.241748371 0.03125 4.299005764 1.177160237 0.03125 3.653762668 1.10265801 0.03125 2.99920301 1.020634999 0.03125 2.348310967 0.935021942 0.03125 1.791400528 0.8490304532 0.03125 1.336813972 0.768260321 0.03125 1.009104604 0.6954785427 0.03125 0.8103384574 0.6347097798 0.03125 0.6918357271 0.5863654713 0.03125 0.6538677016 0.5505206796 0.03125 0.6588208487 0.5255154493 0.03125 0.7078477889 0.5093327561 0.03125 0.796999152 0.4999943873 0.03125 0.9283444511 0.4958311056 0.03125 1 3 1 1 1 1 500 0.0004
-1.396795504 77.9 58.97969818 32.73089981 60.63139725 91.93579278 60.46045113 56.17497899 0.305484168 -0.01773921522 0.9520319025 -0.03360800067 0.4940177801 -0.8688020115 0.305484168 0.01773921522 -0.9520319025 0 -0.01773921522 0.9997589555 0.0129364256 0 0.9520319025 0.0129364256 0.3057252125 0 0 0 0 1 1 0 0 58.97969818 0 1 0 32.73089981 0 0 1 60.63139725 0 0 0 1 0.305484168 -0.01773921522 0.9520319025 -0 0.01773921522 0.9997589555 0.0129364256 -0 -0.9520319025 0.0129364256 0.3057252125 -0 0 0 0 1 32 1.739490758 0.9402151743 0.03125 1.430596111 0.9477165764 0.03125 1.14061658 0.9711900813 0.03125 0.8776332759 1.008593718 0.03125 0.7976049144 1.056915172 0.03125 0.9122482361 1.107042232 0.03125 1.307066714 1.153872194 0.03125 1.979911116 1.187263003 0.03125 2.78275273 1.203703227 0.03125 3.69468742 1.199957882 0.03125 4.572467714 1.177212904 0.03125 5.392624851 1.138791612 0.03125 6.049734466 1.090303759 0.03125 6.518804085 1.040039269 0.03125 6.699075662 0.9951797755 0.03125 6.568356969 0.9569018949 0.03125 5.297964965 0.4625241895 0.03125 4.800794319 0.4456432923 0.03125 4.231122799 0.4429310812 0.03125 3.58802601 0.4452656644 0.03125 2.962676104 0.4508759454 0.03125 2.369585938 0.4582494866 0.03125 1.887685928 0.4659871652 0.03125 1.525041243 0.4730643074 0.03125 1.26058055 0.4789926525 0.03125 1.096014069 0.4836082202 0.03125 0.9753593542 0.4870111939 0.03125 0.8992766658 0.4894014582 0.03125 0.8525921823 0.4909282294 0.03125 0.8368508698 0.4918227951 0.03125 0.8677865345 0.4921772036 0.03125 0.9482141767 0.4923427172 0.03125 1 3 1 1 1 1 500 0.0004
-1.653509992 77.9 58.97969818 32.73089981 60.63139725 91.0179661 59.58304552 57.52662517 0.2761573417 0.009473270293 0.961065752 -0.08235469232 0.5682015451 -0.8187580283 0.2761573417 -0.009473270293 -0.961065752 0 0.009473270293 0.9999296773 -0.007134257933 0 0.961065752 -0.007134257933 0.2762276645 0 0 0 0 1 1 0 0 58.97969818 0 1 0 32.73089981 0 0 1 60.63139725 0 0 0 1 0.2761573417 0.009473270293 0.961065752 -0 -0.009473270293 0.9999296773 -0.007134257933 -0 -0.961065752 -0.007134257933 0.2762276645 -0 0 0 0 1 32 1.877768471 0.9589887534 0.03125 1.524702138 1.016976352 0.03125 1.188926776 1.098268501 0.03125 0.8794538581 1.198905955 0.03125 0.7492297348 1.313899618 0.03125 0.8116858499 1.432012831 0.03125 1.16486786 1.545853706 0.03125 1.809921834 1.642597107 0.03125 2.618360768 1.716463076 0.03125 3.569443472 1.761663715 0.03125 4.501841672 1.778172629 0.03125 5.388374075 1.7689174 0.03125 6.134368938 1.739314209 0.03125 6.711020471 1.696414471 0.03125 6.985251363 1.64681979 0.03125 6.933463472 1.590737076 0.03125 5.696113392 1.061467623 0.03125 5.212392294 1.008860225 0.03125 4.629733755 0.9589707379 0.03125 3.952205588 0.9059029642 0.03125 3.271677847 0.8497258165 0.03125 2.605211704 0.7921651039 0.03125 2.049524937 0.7345805787 0.03125 1.614377613 0.6804082238 0.03125 1.296098109 0.6313755881 0.03125 1.09620282 0.5900559658 0.03125 0.9563203271 0.5569304459 0.03125 0.8765102583 0.532142927 0.03125 0.830771841 0.5147584569 0.03125 0.8206197054 0.5035751641 0.03125 0.8585898965 0.4971933723 0.03125 0.9477520044 0.4944209231 0.03125 1 3 1 1 1 1 500 0.0004
-1.61894227 77.9 58.97969818 32.73089981 60.63139725 91.06109734 59.82480108 57.54647653 0.2520723698 0.003658530145 0.9677014703 -0.1177343591 0.5930021655 -0.7965469556 0.2520723698 -0.003658530145 -0.9677014703 0 0.003658530145 0.9999893098 -0.002827604127 0 0.9677014703 -0.002827604127 0.25208306 0 0 0 0 1 1 0 0 58.97969818 0 1 0 32.73089981 0 0 1 60.63139725 0 0 0 1 0.2520723698 0.003658530145 0.9677014703 -0 -0.003658530145 0.9999893098 -0.002827604127 -0 -0.9677014703 -0.002827604127 0.25208306 -0 0 0 0 1 32 1.932321588 0.9413006341 0.03125 1.641231899 0.9620108173 0.03125 1.358309541 1.00496645 0.03125 1.091412101 1.069173952 0.03125 0.9856477895 1.152376172 0.03125 1.052886667 1.246914948 0.03125 1.389165837 1.348420457 0.03125 1.99490803 1.446963861 0.03125 2.744330256 1.53876127 0.03125 3.619093683 1.617819157 0.03125 4.473460807 1.682983369 0.03125 5.283812486 1.733792039 0.03125 5.968942801 1.771110846 0.03125 6.504810591 1.794894408 0.03125 6.77267265 1.805366368 0.03125 6.750855247 1.79486904 0.03125 5.558632368 1.290865016 0.03125 5.131226817 1.245639692 0.03125 4.610474443 1.190354888 0.03125 3.998317898 1.121175563 0.03125 3.375734895 1.04077813 0.03125 2.757330908 0.9541601285 0.03125 2.226773419 0.8653501266 0.03125 1.79249671 0.7811239256 0.03125 1.465440982 0.7048265078 0.03125 1.247034929 0.6408597396 0.03125 1.088154441 0.5898883567 0.03125 0.9889520123 0.5519914828 0.03125 0.9213373956 0.5255474641 0.03125 0.8869102583 0.5085698676 0.03125 0.8993104885 0.4988817128 0.03125 0.9616008592 0.4946709367 0.03125 1 3 1 1 1 1 500 0.0004
-1.634238112 77.9 58.97969818 32.73089981 60.63139725 92.84139563 57.70711877 63.11666063 0.2393543541 -0.06623957164 0.9686701256 -0.02035844794 0.6436278719 -0.7650677723 0.2393543541 0.06623957164 -0.9686701256 0 -0.06623957164 0.9964597043 0.05177235547 0 0.9686701256 0.05177235547 0.2428946498 0 0 0 0 1 1 0 0 58.97969818 0 1 0 32.73089981 0 0 1 60.63139725 0 0 0 1 0.2393543541 -0.06623957164 0.9686701256 -0 0.06623957164 0.9964597043 0.05177235547 -0 -0.9686701256 0.05177235547 0.2428946498 -0 0 0 0 1 32 2.004284353 0.9377779844 0.03125 1.50567855 0.9625250134 0.03125 1.024054373 1.023064507 0.03125 0.573875327 1.113062747 0.03125 0.3466008217 1.226633036 0.03125 0.3602744767 1.351115982 0.03125 0.7067825102 1.481029009 0.03125 1.389836514 1.603151825 0.03125 2.257697565 1.712349836 0.03125 3.289187381 1.799709381 0.03125 4.299180302 1.861937306 0.03125 5.258213441 1.896846112 0.03125 6.076584713 1.904414257 0.03125 6.724382275 1.885807238 0.03125 7.065254354 1.843844932 0.03125 7.073813149 1.780189727 0.03125 5.859832427 1.228673115 0.03125 5.370432244 1.148687229 0.03125 4.760306582 1.066704369 0.03125 4.03804049 0.9810071582 0.03125 3.330156349 0.8943545454 0.03125 2.658182782 0.8121609202 0.03125 2.129880635 0.736916921 0.03125 1.756514631 0.6722976358 0.03125 1.493783647 0.6191316396 0.03125 1.34318589 0.5773716489 0.03125 1.220601826 0.5462188991 0.03125 1.126582136 0.5240879491 0.03125 1.050705932 0.5094831543 0.03125 0.9947283974 0.5008046944 0.03125 0.9720080138 0.4963892056 0.03125 0.9863710681 0.4946648038 0.03125 1 3 1 1 1 1 500 0.0004
-1.630935484 77.9 58.97969818 32.73089981 60.63139725 88.76174433 48.40194713 66.66383112 0.0531598702 -0.1713363286 0.9837773583 -0.06496483192 0.5852704486 -0.8082314474 0.0531598702 0.1713363286 -0.9837773583 0 -0.1713363286 0.9721256589 0.160048636 0 0.9837773583 0.160048636 0.08103421134 0 0 0 0 1 1 0 0 58.97969818 0 1 0 32.73089981 0 0 1 60.63139725 0 0 0 1 0.0531598702 -0.1713363286 0.9837773583 -0 0.1713363286 0.9721256589 0.160048636 -0 -0.9837773583 0.160048636 0.08103421134 -0 0 0 0 1 32 1.549047017 0.9346968943 0.03125 1.144827834 0.9366872359 0.03125 0.7764997825 0.9538629959 0.03125 0.4541561344 0.9857163366 0.03125 0.3481907315 1.031154691 0.03125 0.470035215 1.086836995 0.03125 0.8524897538 1.151238983 0.03125 1.497779387 1.218524912 0.03125 2.299297459 1.286711629 0.03125 3.241027573 1.349671089 0.03125 4.192633894 1.405970698 0.03125 5.125818906 1.453426052 0.03125 5.967148348 1.492161397 0.03125 6.685388045 1.521384788 0.03125 7.18865413 1.541253032 0.03125 7.443568527 1.545692228 0.03125 6.483776052 1.055936034 0.03125 6.250744731 1.026910383 0.03125 5.850904349 0.9891307703 0.03125 5.290312748 0.9392656 0.03125 4.647892354 0.8797896387 0.03125 3.946569469 0.8152491635 0.03125 3.301858341 0.7492445187 0.03125 2.730738137 0.6874567607 0.03125 2.271262867 0.6325830223 0.03125 1.9273992 0.5876211956 0.03125 1.647425902 0.55295728 0.03125 1.43120749 0.5281356803 0.03125 1.248565349 0.5117245815 0.03125 1.101619994 0.5019276803 0.03125 1.018103799 0.4968040294 0.03125 1.002611724 0.4948705404 0.03125 1 3 1 1 1 1 500 0.0004
-1.472952248 77.9 58.97969818 32.73089981 60.63139725 88.90540403 44.39566259 68.21144867 0.1297935552 -0.2477239978 0.9600971065 0.002372649477 0.4599960104 -0.8879178121 0.1297935552 0.2477239978 -0.9600971065 0 -0.2477239978 0.9456828384 0.210515534 0 0.9600971065 0.210515534 0.1841107168 0 0 0 0 1 1 0 0 58.97969818 0 1 0 32.73089981 0 0 1 60.63139725 0 0 0 1 0.1297935552 -0.2477239978 0.9600971065 -0 0.2477239978 0.9456828384 0.210515534 -0 -0.9600971065 0.210515534 0.1841107168 -0 0 0 0 1 32 0.2695223252 0.9556932728 0.03125 -0.09352339762 0.9915857174 0.03125 -0.3932229758 1.034289107 0.03125 -0.6215340371 1.08159409 0.03125 -0.5446883176 1.130494042 0.03125 -0.1443178128 1.170142181 0.03125 0.5223924348 1.19364835 0.03125 1.450794766 1.193402471 0.03125 2.461882925 1.165487913 0.03125 3.530898576 1.111457642 0.03125 4.547738843 1.035443856 0.03125 5.480410151 0.9480202458 0.03125 6.244507259 0.8602551607 0.03125 6.812850394 0.7874243623 0.03125 7.159797541 0.740142244 0.03125 7.259956382 0.7166551359 0.03125 6.21952498 0.251343576 0.03125 5.947499565 0.2660234462 0.03125 5.562651444 0.30059104 0.03125 5.069344443 0.3398876456 0.03125 4.53939305 0.3792477986 0.03125 3.995688071 0.4131993764 0.03125 3.496824671 0.4395989698 0.03125 3.055442025 0.4582252029 0.03125 2.669000029 0.4698962909 0.03125 2.339897864 0.4773518904 0.03125 2.037016222 0.4819423324 0.03125 1.76105869 0.4852947164 0.03125 1.510770009 0.487811573 0.03125 1.289166272 0.4897421791 0.03125 1.129194466 0.4909575387 0.03125 1.037421149 0.4917105636 0.03125 1 3 1 1 1 1 500 0.0004
-1.985306981 77.9 58.97969818 32.73089981 60.63139725 88.74193786 35.59363295 72.53357884 -0.08232276522 -0.1809902106 0.9800334208 0.0632854292 0.5387806838 -0.8400656696 -0.08232276522 0.1809902106 -0.9800334208 0 -0.1809902106 0.9643039458 0.193288499 0 0.9800334208 0.193288499 -0.04662671098 0 0 0 0 1 1 0 0 58.97969818 0 1 0 32.73089981 0 0 1 60.63139725 0 0 0 1 -0.08232276522 -0.1809902106 0.9800334208 -0 0.1809902106 0.9643039458 0.193288499 -0 -0.9800334208 0.193288499 -0.04662671098 -0 0 0 0 1 32 1.846669313 0.942452587 0.03125 1.034173773 0.9955142154 0.03125 0.3144536129 1.073869289 0.03125 -0.2829727803 1.162349691 0.03125 -0.4898408725 1.25201897 0.03125 -0.2731298029 1.329350589 0.03125 0.2235655874 1.391383746 0.03125 1.002513977 1.434458062 0.03125 1.906210059 1.45709294 0.03125 2.912732645 1.459384203 0.03125 3.91744267 1.443060959 0.03125 4.886378079 1.414089315 0.03125 5.720525355 1.378812923 0.03125 6.388151475 1.34765163 0.03125 6.86514591 1.326633898 0.03125 7.123352111 1.312908834 0.03125 6.236478355 0.8292362156 0.03125 6.140870442 0.8191805747 0.03125 5.921529815 0.8113202139 0.03125 5.584927947 0.7948910452 0.03125 5.187689621 0.7685821644 0.03125 4.752089119 0.7324331543 0.03125 4.327677386 0.6891740409 0.03125 3.926356287 0.6441317959 0.03125 3.537201669 0.6012213992 0.03125 3.162311358 0.5648762816 0.03125 2.783589922 0.5365512003 0.03125 2.402151344 0.5167014341 0.03125 2.028063354 0.5042560112 0.03125 1.664598739 0.4976300976 0.03125 1.358542182 0.4948129281 0.03125 1.117669083 0.4941662427 0.03125 1 3 1 1 1 1 500 0.0004
-1.983369286 77.9 58.97969818 32.73089981 60.63139725 90.58012405 27.64412803 71.24899135 -0.1905958722 -0.1101815853 0.9754656487 -0.002393881846 0.332918251 -0.9429526539 -0.1905958722 0.1101815853 -0.9754656487 0 -0.1101815853 0.9850013345 0.132787007 0 0.9754656487 0.132787007 -0.1755972067 0 0 0 0 1 1 0 0 58.97969818 0 1 0 32.73089981 0 0 1 60.63139725 0 0 0 1 -0.1905958722 -0.1101815853 0.9754656487 -0 0.1101815853 0.9850013345 0.132787007 -0 -0.9754656487 0.132787007 -0.1755972067 -0 0 0 0 1 32 1.932557315 0.9372058721 0.03125 1.668291764 0.9374085715 0.03125 1.432028464 0.9392046403 0.03125 1.232344723 0.9400836186 0.03125 1.139079121 0.9368052886 0.03125 1.161992467 0.9244585244 0.03125 1.337624408 0.9000434406 0.03125 1.666819485 0.8613163992 0.03125 2.108811554 0.8090301222 0.03125 2.65243514 0.7465224899 0.03125 3.236640783 0.6786397686 0.03125 3.844881998 0.6118259778 0.03125 4.439486248 0.5527130314 0.03125 5.003261215 0.5078190965 0.03125 5.507156693 0.4829415982 0.03125 5.935365382 0.4819405905 0.03125 5.26544865 -0.001040153174 0.03125 5.505728072 0.02407083265 0.03125 5.64039415 0.06085740491 0.03125 5.667760126 0.1055935468 0.03125 5.590761648 0.1559410225 0.03125 5.412398226 0.2082446042 0.03125 5.149996895 0.2603402594 0.03125 4.80903399 0.309643722 0.03125 4.412507773 0.3546789469 0.03125 3.966295214 0.394112809 0.03125 3.492115735 0.4272603956 0.03125 2.995216128 0.4537794468 0.03125 2.497673609 0.4736678542 0.03125 2.004297618 0.487358574 0.03125 1.566947732 0.4954714051 0.03125 1.190346494 0.4992974821 0.03125 1 3 1 1 1 1 500 0.0004
-2.270494333 77.9 58.97969818 32.73089981 60.63139725 90.97667084 18.16326246 75.86031756 -0.2049082952 0.001976890744 0.9787791796 0.2065691193 0.1377358724 -0.9686888192 -0.2049082952 -0.001976890744 -0.9787791796 0 0.001976890744 0.9999950847 -0.002433605443 0 0.9787791796 -0.002433605443 -0.20490338 0 0 0 0 1 1 0 0 58.97969818 0 1 0 32.73089981 0 0 1 60.63139725 0 0 0 1 -0.2049082952 0.001976890744 0.9787791796 -0 -0.001976890744 0.9999950847 -0.002433605443 -0 -0.9787791796 -0.002433605443 -0.20490338 0 0 0 0 1 32 2.469272351 0.9223545095 0.03125 2.004636217 0.9118076926 0.03125 1.580444144 0.903013241 0.03125 1.207195865 0.8922281102 0.03125 0.9672218885 0.875504957 0.03125 0.8707997529 0.8476138265 0.03125 0.9571943252 0.805987074 0.03125 1.225791781 0.7494625189 0.03125 1.629857198 0.6798540374 0.03125 2.156488329 0.6020017804 0.03125 2.738075487 0.5214928341 0.03125 3.357123637 0.4455902727 0.03125 3.970995745 0.3809592467 0.03125 4.562760318 0.3341714625 0.03125 5.102155077 0.3106572472 0.03125 5.57409943 0.3144098195 0.03125 4.950931059 -0.1612235885 0.03125 5.239487789 -0.1266174301 0.03125 5.416212949 -0.0781014851 0.03125 5.479426309 -0.01953944854 0.03125 5.430415726 0.04632705819 0.03125 5.272003514 0.1149527303 0.03125 5.026171707 0.1835867765 0.03125 4.698125635 0.2485798516 0.03125 4.315692481 0.3080405458 0.03125 3.884343876 0.3599908563 0.03125 3.426963911 0.4036431783 0.03125 2.948225391 0.4385444345 0.03125 2.46724133 0.4648368835 0.03125 1.988148782 0.4830201489 0.03125 1.560275536 0.4939457554 0.03125 1.187674767 0.4990856044 0.03125 1 3 1 1 1 1 500 0.0004
-2.293426929 77.9 58.97969818 32.73089981 60.63139725 89.89950828 15.33798426 76.984082 -0.1108189119 -0.05635336197 0.9922416376 0.2534571914 0.1033228968 -0.9618127838 -0.1108189119 0.05635336197 -0.9922416376 0 -0.05635336197 0.99642851 0.06288499937 0 0.9922416376 0.06288499937 -0.1072474218 0 0 0 0 1 1 0 0 58.97969818 0 1 0 32.73089981 0 0 1 60.63139725 0 0 0 1 -0.1108189119 -0.05635336197 0.9922416376 -0 0.05635336197 0.99642851 0.06288499937 -0 -0.9922416376 0.06288499937 -0.1072474218 -0 0 0 0 1 32 1.000696835 0.9220133895 0.03125 0.8415135875 0.9079123326 0.03125 0.7079231737 0.8909380124 0.03125 0.6045649849 0.8701017316 0.03125 0.5926111116 0.8439427547 0.03125 0.6779359525 0.8095007315 0.03125 0.897778459 0.7654935518 0.03125 1.251805786 0.7112322923 0.03125 1.709090548 0.648308158 0.03125 2.260039931 0.5808235027 0.03125 2.845151626 0.5133545341 0.03125 3.450508421 0.4520451474 0.03125 4.036231186 0.4022851789 0.03125 4.588751249 0.3692542059 0.03125 5.083707784 0.3572027791 0.03125 5.509178202 0.3689169251 0.03125 4.848517459 -0.1022199797 0.03125 5.110128895 -0.06613559356 0.03125 5.275960694 -0.01906167869 0.03125 5.344373108 0.0356887265 0.03125 5.310378548 0.09588416067 0.03125 5.176275725 0.157751751 0.03125 4.954852309 0.2190748294 0.03125 4.650945963 0.2768879153 0.03125 4.287602897 0.3296464474 0.03125 3.870346763 0.3757369642 0.03125 3.422942131 0.4144817001 0.03125 2.950375435 0.4454804897 0.03125 2.474030769 0.4688135255 0.03125 1.998249742 0.4849491815 0.03125 1.56912768 0.4946131518 0.03125 1.190767686 0.4991705018 0.03125 1 3 1 1 1 1 500 0.0004
-2.388209012 77.9 58.97969818 32.73089981 60.63139725 90.44860991 13.84808596 78.08964126 -0.1526043232 0.03039565244 0.9878198342 0.2712284143 0.02501203663 -0.9621899736 -0.1526043232 -0.03039565244 -0.9878198342 0 0.03039565244 0.9989097234 -0.03543259562 0 0.9878198342 -0.03543259562 -0.1515140465 0 0 0 0 1 1 0 0 58.97969818 0 1 0 32.73089981 0 0 1 60.63139725 0 0 0 1 -0.1526043232 0.03039565244 0.9878198342 -0 -0.03039565244 0.9989097234 -0.03543259562 -0 -0.9878198342 -0.03543259562 -0.1515140465 0 0 0 0 1 32 2.101858997 0.9127581234 0.03125 1.727588414 0.8894170196 0.03125 1.383850906 0.8670703196 0.03125 1.078422735 0.8432429197 0.03125 0.883420891 0.8150787765 0.03125 0.8072956279 0.778218491 0.03125 0.8952526512 0.7305182572 0.03125 1.14759706 0.6709761574 0.03125 1.532179509 0.6011730833 0.03125 2.038166208 0.525917951 0.03125 2.59734251 0.4503479512 0.03125 3.194086585 0.3815230137 0.03125 3.78234072 0.3254070819 0.03125 4.34732555 0.2878500991 0.03125 4.862289251 0.2734887958 0.03125 5.314179462 0.2855585234 0.03125 4.682826073 -0.1839820539 0.03125 4.975343676 -0.14541007 0.03125 5.16864006 -0.09367643547 0.03125 5.260739318 -0.03249865856 0.03125 5.245692099 0.0355197074 0.03125 5.12563106 0.1059188368 0.03125 4.915421337 0.176095138 0.03125 4.619731023 0.2424136578 0.03125 4.264016068 0.3030689584 0.03125 3.853541587 0.3560845987 0.03125 3.41334361 0.4007077034 0.03125 2.948028226 0.436464482 0.03125 2.477332447 0.4634928198 0.03125 2.005188213 0.4822837612 0.03125 1.57574138 0.493653475 0.03125 1.192884223 0.4990293689 0.03125 1 3 1 1 1 1 500 0.0004
-2.451268916 77.9 58.97969818 32.73089981 60.63139725 90.28733161 14.54804841 79.02528395 -0.1493217389 0.06312575916 0.9867715829 0.2720506986 0.02033484162 -0.962068039 -0.1493217389 -0.06312575916 -0.9867715829 0 0.06312575916 0.9953156656 -0.07322475269 0 0.9867715829 -0.07322475269 -0.1446374044 0 0 0 0 1 1 0 0 58.97969818 0 1 0 32.73089981 0 0 1 60.63139725 0 0 0 1 -0.1493217389 0.06312575916 0.9867715829 -0 -0.06312575916 0.9953156656 -0.07322475269 -0 -0.9867715829 -0.07322475269 -0.1446374044 0 0 0 0 1 32 2.258135146 0.9089941313 0.03125 1.845900396 0.8838556115 0.03125 1.465256631 0.8623000977 0.03125 1.124702014 0.8417249786 0.03125 0.8976229512 0.8191295357 0.03125 0.7930673191 0.7897686309 0.03125 0.8567782468 0.7512008685 0.03125 1.089348299 0.7017628177 0.03125 1.457077229 0.6425981794 0.03125 1.949276277 0.577812571 0.03125 2.499073979 0.5120201484 0.03125 3.09085706 0.4516251683 0.03125 3.678925686 0.4021417533 0.03125 4.248357865 0.3689424034 0.03125 4.772247148 0.3564177354 0.03125 5.237410424 0.3675608216 0.03125 4.623577613 -0.105444046 0.03125 4.9369364 -0.07213926932 0.03125 5.154702479 -0.02715892651 0.03125 5.274453806 0.02615949519 0.03125 5.287356254 0.08559462645 0.03125 5.19490622 0.1472978463 0.03125 5.006642763 0.2090335445 0.03125 4.726733947 0.2676492444 0.03125 4.378908618 0.3215452689 0.03125 3.968230517 0.3689476264 0.03125 3.522848567 0.4091059459 0.03125 3.047336461 0.4415299117 0.03125 2.562752101 0.4662194488 0.03125 2.073002113 0.4835219366 0.03125 1.620089188 0.4940645947 0.03125 1.207936464 0.4990853322 0.03125 1 3 1 1 1 1 500 0.0004
-2.328923661 77.9 58.77969742 33.03089905 60.73139954 78.89019587 31.601083 77.11354225 -0.1358339492 0.09891593712 0.9857813021 0.1598129039 0.01385803614 -0.9870500446 -0.1358339492 -0.09891593712 -0.9857813021 0 0.09891593712 0.9886776823 -0.1128365101 0 0.9857813021 -0.1128365101 -0.1245116315 0 0 0 0 1 1 0 0 58.77969742 0 1 0 33.03089905 0 0 1 60.73139954 0 0 0 1 -0.1358339492 0.09891593712 0.9857813021 -0 -0.09891593712 0.9886776823 -0.1128365101 -0 -0.9857813021 -0.1128365101 -0.1245116315 0 0 0 0 1 32 0.1077382145 0.8950101683 0.03125 -0.7305496273 0.8688958221 0.03125 -1.441431034 0.8465615489 0.03125 -1.99248049 0.8298732548 0.03125 -2.084565688 0.8212614154 0.03125 -1.690953368 0.8209553167 0.03125 -0.9554731331 0.8261791672 0.03125 0.1202488097 0.8282546202 0.03125 1.335642649 0.8183832356 0.03125 2.662423621 0.7888941541 0.03125 3.972749887 0.7362382949 0.03125 5.220254896 0.6663305643 0.03125 6.288477464 0.5908252798 0.03125 7.133241202 0.534308521 0.03125 7.714528385 0.5161871579 0.03125 7.992662151 0.5415535263 0.03125 7.089855234 0.1427588368 0.03125 6.908341636 0.2241143936 0.03125 6.597616481 0.3297560721 0.03125 6.173775153 0.4288310893 0.03125 5.718653359 0.5086878826 0.03125 5.267189723 0.558510191 0.03125 4.848946715 0.5786237201 0.03125 4.476531222 0.5768324864 0.03125 4.104554033 0.560875463 0.03125 3.731924083 0.5405928738 0.03125 3.326702045 0.5210700116 0.03125 2.889476846 0.5060444178 0.03125 2.434244119 0.4961911741 0.03125 1.965715657 0.4915380997 0.03125 1.542766047 0.4901854735 0.03125 1.178597922 0.4904577105 0.03125 1 3 1 1 1 1 500 0.0004
-1.983228667 77.9 58.97969818 32.73089981 60.63139725 80.48551758 41.6307816 68.42825146 -0.1692085658 0.1783748238 0.9693043297 0.02446177748 -0.009807458751 -0.9996526573 -0.1692085658 -0.1783748238 -0.9693043297 0 0.1783748238 0.9617020874 -0.2081141931 0 0.9693043297 -0.2081141931 -0.1309106532 0 0 0 0 1 1 0 0 58.97969818 0 1 0 32.73089981 0 0 1 60.63139725 0 0 0 1 -0.1692085658 0.1783748238 0.9693043297 -0 -0.1783748238 0.9617020874 -0.2081141931 -0 -0.9693043297 -0.2081141931 -0.1309106532 0 0 0 0 1 32 2.026837677 0.9294019069 0.03125 0.7914647036 0.9463852445 0.03125 -0.2871046773 0.9745894126 0.03125 -1.163122591 1.005630212 0.03125 -1.488803883 1.032564274 0.03125 -1.236281625 1.044646192 0.03125 -0.5664671919 1.034458984 0.03125 0.514470212 0.9943820811 0.03125 1.751013934 0.9225129097 0.03125 3.107454071 0.822855314 0.03125 4.457560946 0.7059050435 0.03125 5.749119819 0.5902023157 0.03125 6.864958036 0.4975705237 0.03125 7.752202624 0.4522419916 0.03125 8.327478637 0.4724208369 0.03125 8.551721074 0.5550704488 0.03125 7.518344063 0.2071773571 0.03125 7.17680454 0.3442370202 0.03125 6.658792721 0.4884480059 0.03125 5.991569297 0.6094160396 0.03125 5.287483864 0.6940765282 0.03125 4.589934865 0.7342604436 0.03125 3.979497522 0.7339986921 0.03125 3.475639729 0.7056179819 0.03125 3.051993823 0.6608023774 0.03125 2.706057427 0.6138016443 0.03125 2.379845293 0.571550488 0.03125 2.069249869 0.5388601571 0.03125 1.769484379 0.5162187412 0.03125 1.481735367 0.5027644941 0.03125 1.250018971 0.4960381124 0.03125 1.08011294 0.4939146706 0.03125 1 3 1 1 1 1 500 0.0004
-1.806636257 77.9 58.97969818 32.73089981 60.63139725 78.98941842 48.09795731 67.49685377 -0.1310200663 0.1737968411 0.976026844 -0.02755047322 0.04519713063 -0.9985981128 -0.1310200663 -0.1737968411 -0.976026844 0 0.1737968411 0.9652404609 -0.1952063284 0 0.976026844 -0.1952063284 -0.0962605272 0 0 0 0 1 1 0 0 58.97969818 0 1 0 32.73089981 0 0 1 60.63139725 0 0 0 1 -0.1310200663 0.1737968411 0.976026844 -0 -0.1737968411 0.9652404609 -0.1952063284 -0 -0.976026844 -0.1952063284 -0.0962605272 0 0 0 0 1 32 1.391986137 0.9327192939 0.03125 0.3894765564 0.9456074238 0.03125 -0.4736579261 0.9663664797 0.03125 -1.161478897 0.9924935511 0.03125 -1.361585621 1.020060452 0.03125 -1.053290459 1.041020219 0.03125 -0.3606951437 1.047741136 0.03125 0.7097328858 1.032030265 0.03125 1.918097818 0.9906736823 0.03125 3.232611906 0.9256164541 0.03125 4.524967535 0.8458590524 0.03125 5.748757941 0.7678398436 0.03125 6.789659563 0.7119402847 0.03125 7.601639517 0.699542474 0.03125 8.110855399 0.7464432712 0.03125 8.282001551 0.8444252222 0.03125 7.234186178 0.504579199 0.03125 6.89405514 0.632668144 0.03125 6.410519109 0.7609930871 0.03125 5.804348482 0.8586746813 0.03125 5.173232834 0.9142841122 0.03125 4.554202671 0.922175723 0.03125 4.005325527 0.8880133446 0.03125 3.542228773 0.8264365986 0.03125 3.143100796 0.7504168216 0.03125 2.805255628 0.6762270843 0.03125 2.476074721 0.6115279841 0.03125 2.152047844 0.5620124276 0.03125 1.833755586 0.5277163393 0.03125 1.523337065 0.5070307262 0.03125 1.271820081 0.4964164004 0.03125 1.086408072 0.4926661647 0.03125 1 3 1 1 1 1 500 0.0004
