-5.071443546   3.435785423   -2.694653073   0.9994483908   -0.01171588097   0.0310749452   0.01140063545   0.9998819346   0.01030254329   -0.03119197969   -0.009942586187   0.999463959   

-2.20636106   5.94621994   1.539016281   0.9956877915   -0.04825665752   0.07922825736   0.04758552475   0.9988136653   0.0103382676   -0.07963315637   -0.006523568631   0.996802891   

0.8719474999   4.882475591   -3.590781265   0.9985671569   -0.03296501148   0.04215377933   0.03314947217   0.9994436147   -0.003684223636   -0.04200887512   0.005076320257   0.9991043416   

3.40355208   32.43875207   1.546656747   0.9936586264   -0.08050750554   -0.07849251999   0.0658140201   0.9824525319   -0.1745151493   0.09116495435   0.1682425752   0.981520956   

-6.899224845   -33.17215856   17.0362094   0.9153504195   0.391114465   -0.09572400317   -0.3596557961   0.9010508912   0.2423943062   0.1810561178   -0.1874480373   0.9654438956   

3.411238237   0.3629087695   5.247394403   0.9987407484   0.0003356822659   -0.05016776634   -0.001071217759   0.9998923237   -0.01463534773   0.05015745164   0.01467065874   0.9986335673   

3.050159557   1.907114526   1.640349763   0.9928691236   -0.1032463936   -0.05959098652   0.09810441717   0.9916603306   -0.08357817933   0.067723163   0.07713605466   0.9947178506   

2.782536214   -0.3107875121   3.64409635   0.9995577736   0.009119974572   0.02830341481   -0.009612996582   0.9998035721   0.01733226572   -0.02813978541   -0.01759668156   0.9994491029   

1.066804624   -0.1262506013   -0.1705780073   0.9986745269   0.0341818205   -0.03848106677   -0.03409363099   0.9994143016   0.002945850287   0.038559223   -0.001629986351   0.9992549872   

-0.2964468459   -0.4237332805   0.4515295072   0.9997548698   0.02148211142   0.005359028562   -0.02154889302   0.9996867265   0.01273161468   -0.005083847756   -0.01284397491   0.9999045888   

