iter: 1  val: 10.1706  params: 1  1  
iter: 3  val: 8.28178  params: 1.25882  1.96593  
iter: 5  val: 8.13541  params: 1.51764  2.93185  
iter: 11  val: 8.00924  params: 0.905266  2.31948  
total time: 1