1.747920857   -0.8669727419   -1.583859113   0.9995580498   -0.006460928732   -0.02901657185   0.006251220172   0.9999537266   -0.00731210837   0.02906247216   0.007127487803   0.9995521855   

2.14203598   0.6102149972   -1.56548457   0.9994439332   0.01332071878   -0.0305676778   -0.01326324796   0.9999098715   0.002082117271   0.03059265808   -0.001675532784   0.9995305307   

-0.1184738559   -1.138510947   1.474260733   0.9970447019   0.03909108498   -0.06613432946   -0.0385307034   0.999210061   0.009728256495   0.06646237547   -0.007151304364   0.9977633043   

-3.171882049   2.337140508   1.933067904   0.9918449944   -0.04959327994   0.1174053393   0.0505656227   0.9987065926   -0.005315977501   -0.1169898496   0.01120929976   0.9930698499   

-7.491180408   5.377462128   3.8943503   0.9918391161   -0.08578554093   0.09431865566   0.0886146337   0.9957208305   -0.02621973226   -0.09166577624   0.03436376919   0.9951967227   

-0.5361441725   -6.170792619   1.993448769   0.9927203305   0.120227393   -0.007191617051   -0.1193921761   0.9901767831   0.07276981907   0.01586989787   -0.07138145603   0.9973228334   

-5.909508471   6.977524081   1.966158649   0.9890181557   -0.123834179   0.0806733154   0.1292227342   0.9894574449   -0.06538692285   -0.07172567662   0.07509368023   0.9945935685   

-5.68156821   -6.881826562   4.250769137   0.9915532063   0.1296918579   -0.001503663129   -0.1290046148   0.9873657489   0.0920146033   0.01341821033   -0.09104339544   0.9957565223   

-5.902680387   -0.3521758765   2.613641778   0.9988790023   0.03943836785   0.02617926599   -0.04021573959   0.9987446513   0.02986328568   -0.02496864264   -0.03088262755   0.9992111039   

-4.309510167   6.49259405   -0.07744244268   0.9923231894   -0.09934226186   0.07366004917   0.1046351434   0.9919111246   -0.07185963925   -0.06592552311   0.07901541622   0.9946911025   

-0.6160138619   0.5392830663   0.8399653569   0.9999323965   -0.003918772989   -0.01094740759   0.003859195821   0.9999776584   -0.005457959883   0.01096855151   0.005415342715   0.9999251797   

-4.287560018   -2.210489844   4.998227997   0.9956417324   0.09242936729   -0.01242387705   -0.09123678968   0.99295605   0.07559187088   0.01932327268   -0.07412890662   0.9970614406   

-1.824321374   -0.01711744905   1.616716276   0.9989832768   0.04074674365   -0.01929029691   -0.04009856988   0.9986548278   0.03287308322   0.02060381924   -0.03206614708   0.9992733584   

-5.606675437   -0.387737843   4.328894772   0.9999735195   -2.587731255e-07   0.00727738596   1.825917503e-06   0.9999999768   -0.0002153377656   -0.007277385735   0.0002153453513   0.9999734963   

-1.444040654   0.4180060996   1.072929713   0.9994494172   0.02785638494   -0.0180245487   -0.02744039134   0.9993604371   0.02292905673   0.0186517415   -0.02242183171   0.9995745965   

-0.08477359507   0.9276200219   1.472381939   0.99914427   -0.0001601053892   -0.04136063403   0.0002802134933   0.9999957611   0.002898142122   0.0413599947   -0.002907251903   0.9991400796   

-1.616960544   2.740904075   7.436863117   0.9941827301   -0.046687588   -0.09706167226   0.0442478901   0.9986518899   -0.02713903184   0.09819787837   0.02268638256   0.9949082896   

-0.1923754187   0.3749966759   -3.706182989   0.9980844053   -0.0005724348264   0.06186430443   0.0006310562292   0.9999993702   -0.0009280459208   -0.06186373423   0.0009653080157   0.998084138   

-0.6743925995   2.209019256   -1.508710489   0.9981791547   0.05074777372   0.03260427102   -0.05180467668   0.9981304442   0.03243288157   -0.03089741898   -0.03406288003   0.9989419751   

-1.687217472   6.032861879   -4.227439837   0.9999540874   0.009231274459   0.002570362564   -0.009247178407   0.9999377375   0.006245869175   -0.002512545194   -0.006269351012   0.9999771909   

0.3399402982   4.347156426   -3.842842106   0.9879012231   -0.1333293965   0.07921139652   0.1408584667   0.9851072557   -0.09860318056   -0.06488501888   0.1085677985   0.9919692371   

-3.330745828   9.745438905   -2.133259043   0.9815775647   -0.1769430254   0.07208779556   0.1854126528   0.9732297397   -0.1358161326   -0.04612626912   0.1466800581   0.9881079535   

0.8059075597   -1.732560332   -1.110549639   0.9541388411   0.2786910266   -0.10931781   -0.2529234   0.9458072258   0.2036625774   0.1601525074   -0.1666733434   0.9729188923   

0.09655175444   -1.746915227   0.1285930961   0.9607682817   -0.2132355503   0.1773553184   0.239003556   0.9609675782   -0.1393506868   -0.1407181904   0.1762722717   0.9742312236   

-3.15479369   3.633287347   0.1628414496   0.9775075448   -0.1912641202   0.08886526958   0.2033394286   0.9665260477   -0.1564623782   -0.05596495866   0.1710129683   0.9836780409   

2.408914461   -5.337978168   -1.415438952   0.9809503383   0.1926190513   -0.0251860061   -0.1847931972   0.9652540046   0.1847597923   0.05989914915   -0.1765859782   0.9824609327   

1.508373956   -1.645416209   -0.9578906874   0.9997994718   0.0003711749053   0.020021946   -0.0005400009139   0.9999643439   0.008427300615   -0.0200181041   -0.008436422573   0.9997640233   

-0.9592756615   -1.143493293   0.9695255037   0.9978363056   -0.01433076214   0.06416647416   0.01367810468   0.999850273   0.01059910193   -0.06430875992   -0.00969849296   0.9978829203   

0.1537848767   -0.5512572495   -0.167684774   0.9992792418   0.02801624781   0.02561418913   -0.02918289466   0.9984980306   0.04636854132   -0.02427664486   -0.047082617   0.9985959502   

1.2393819   -3.944806617   0.217092538   0.9919293672   -0.06339198479   0.109807043   0.06879810363   0.9965620783   -0.04616107636   -0.1065032927   0.05334304358   0.9928804401   

-0.6607603393   1.544287632   1.037181763   0.9953629683   -0.07522044212   0.05995370218   0.0808789195   0.9918611268   -0.09833669462   -0.05206881695   0.1027296949   0.9933455834   

6.145567233   -4.16262341   1.746835901   0.9958937536   0.05942365662   -0.06829685569   -0.05614199575   0.9972193759   0.04900604652   0.07101906629   -0.04497049383   0.9964607102   

-6.173392179   0.9081843556   2.80459727   0.9880442987   0.1333507989   -0.07736942757   -0.1202986095   0.9807129451   0.1540466288   0.0964194402   -0.1428974587   0.9850297497   

-0.01921143806   -0.2352850996   -0.1480537623   0.9981603728   -0.0604872701   0.004142512415   0.06062414941   0.9948885057   -0.08075626134   0.0007633878049   0.08085883621   0.996725271   

-0.2018847303   -0.03458361038   -0.1296033705   0.9958206301   0.08890522517   0.02090773971   -0.09084752308   0.9877624233   0.1267758761   -0.009380841825   -0.1281454492   0.9917110182   

0.7495792369   3.888160462   -0.2747168099   0.9931737409   0.1157392934   -0.01450297722   -0.112082325   0.9813568981   0.1561287639   0.03230282955   -0.1534374611   0.9876302308   

1.127883336   2.063231981   -1.151983791   0.9970496293   0.06532478785   -0.04030767641   -0.06137228222   0.9938167349   0.09252967331   0.04610292463   -0.08978290238   0.9948937384   

1.305862994   -1.339458332   -0.9916873198   0.9977433   0.06428850858   -0.01937252901   -0.06243109649   0.9944467923   0.08472269697   0.02471164516   -0.08332205504   0.9962162264   

2.651473989   -4.321836859   2.990971198   0.9976902279   0.05859174971   -0.03436882406   -0.05548898575   0.9948195864   0.08517607016   0.03918139432   -0.08307224166   0.9957729766   

-1.956758749   -5.381607891   1.323986271   0.9982713344   0.05876639476   -0.0009240358743   -0.05858708456   0.9962311034   0.06396203631   0.004679371554   -0.06379733077   0.9979519047   

0.4732992671   -3.935333833   0.5394969661   0.9952209754   -0.04370086899   0.08732378961   0.05379517791   0.9916965499   -0.1168076703   -0.08149410418   0.1209470424   0.9893081036   

0.5259839436   -2.089025312   0.9864015934   0.9977226485   -0.06680809899   -0.009284107621   0.06587568244   0.9947248757   -0.07863088544   0.01448831278   0.07784021834   0.9968605666   

0.3625430029   0.924782809   0.2097539741   0.9985462608   -0.01638569757   -0.05135050125   0.01653858286   0.999859967   0.002553763488   0.05130146529   -0.003399315502   0.9986774276   

-1.829369844   0.869173197   6.615902334   0.9933133967   -0.05933331864   -0.09903561571   0.05695987807   0.9980213602   -0.02662586981   0.1004194611   0.02080677659   0.9947276059   

-0.1137224986   -2.062413964   0.1457124457   0.9988348814   0.04379667486   -0.02026649843   -0.04282357352   0.9980145052   0.0461864597   0.02224907276   -0.04526476311   0.99872723   

-0.245598606   -1.225614607   2.183112742   0.9982027447   -0.02389859318   -0.05495577983   0.02389151765   0.9997142481   -0.000785824735   0.05495885621   -0.0005285645766   0.99848848   

0.892030786   -4.397081467   0.9830540737   0.9121652111   -0.3332617248   0.2385188679   0.3961599912   0.8660562946   -0.3049651717   -0.1049375478   0.3726702529   0.9220113848   

2.041639547   1.505133973   -2.43521914   0.9900960646   -0.1397419844   -0.01348927949   0.1355862386   0.9767063652   -0.1663161089   0.03641640823   0.1628399642   0.9859802185   

-0.1879884608   3.20290156   -3.593807416   0.9795795403   -0.1311712459   0.1523746318   0.1351698914   0.9906909536   -0.01614109488   -0.1488389218   0.03640794874   0.988190992   

0.4095083463   1.895629783   -1.266509519   0.9954347616   -0.0903067849   0.03089206896   0.09330325941   0.9888957122   -0.1156709649   -0.02010316159   0.1180252301   0.992807085   

1.955389537   1.978490838   -0.4762036096   0.9929757893   -0.1156679599   0.02489989875   0.1182724427   0.9761876593   -0.1818496168   -0.003272799684   0.1835172386   0.9830110436   

-5.251318734   -2.101535998   -4.017090219   0.989361292   0.1428907588   0.02732150971   -0.1445811074   0.9449203304   0.2936356118   0.01614116538   -0.2944618824   0.9555269031   

0.3902574076   -0.7018496749   -3.256772719   0.9944973147   0.09600938675   -0.04192002826   -0.09074480687   0.9894136388   0.1132520697   0.05234950946   -0.1088248543   0.9926815602   

-4.722345349   0.8796000339   2.871927991   0.9981081778   0.05096001757   -0.03439683015   -0.0492083742   0.9975371256   0.0499821855   0.03685920813   -0.04819501601   0.9981576224   

-14.3887374   10.71511762   -6.683121416   0.9811988479   -0.1437463908   0.1287858536   0.160682916   0.9780676759   -0.1325315878   -0.1069103431   0.1507335278   0.982776466   

-17.8756127   -72.64990917   32.22672196   0.5452766736   0.5007753452   0.6722331463   -0.08776352731   -0.7634298183   0.639900364   0.8336491543   -0.407920294   -0.3723306611   

1.587785777   25.52491494   -2.492912152   0.9991171405   -0.03200376738   0.02721577408   0.003466066591   0.7084084976   0.7057941534   -0.04186795753   -0.7050767046   0.7078939996   

3.810160466   50.22729511   -8.416699418   0.8703409305   -0.4892647157   -0.05591692631   -0.3423294329   -0.6827352197   0.6455100147   -0.3540017288   -0.5426717772   -0.7617021191   

0.3074341323   -1.84322286   0.1276823812   0.9998875782   0.0135382712   0.006445631964   -0.01395039111   0.9975267695   0.06888926448   -0.005497048885   -0.06897143892   0.9976034899   

6.087543628   -3.40884581   -4.148458633   0.9965165514   0.07564567655   -0.03510689967   -0.07415173356   0.9963593135   0.04206707424   0.03816127874   -0.03931729828   0.9984978051   

18.36334932   -5.63311447   -7.39856053   0.9736777248   0.2264597239   -0.02583953679   -0.2102013299   0.9359927821   0.2823701698   0.08813109062   -0.2695060395   0.9589574576   

17.27629988   -3.040253075   -14.36213847   0.9927262898   0.1188450211   0.01924511405   -0.120295988   0.9727485581   0.1982148278   0.004836188454   -0.1990881806   0.9799696463   

12.62922899   0.8915977002   -8.714558742   0.9989843653   0.003980247693   -0.04488201781   -0.005046143998   0.999707313   -0.02366061699   0.04477470631   0.02386306757   0.9987120604   

11.61055696   -1.951583698   -8.803398445   0.9983296923   -0.05370015935   0.02131005285   0.05498179746   0.9963708338   -0.06497817751   -0.01774337664   0.06604130897   0.9976591192   

10.14646257   -0.1641332187   -2.544910935   0.9924074106   -0.03314944553   -0.1184425841   0.01575191914   0.989319976   -0.1449063908   0.1219811809   0.141940478   0.982330643   

9.837732126   -6.042953609   4.237637537   0.7318442948   0.5267206313   -0.4323994735   -0.4739856284   0.8493216641   0.232358204   0.4896341003   0.03490111024   0.8712292237   

0.6173480435   -3.710109492   5.094343006   0.9897896516   0.01119465583   -0.1420954795   -0.01192958427   0.9999195028   -0.004321209698   0.1420356667   0.005972228638   0.9898435239   

-6.871227918   1.572656605   1.834032596   0.8044750599   -0.4615745664   0.3738566539   0.4742991722   0.8780718238   0.06348360027   -0.3575754092   0.1262489284   0.9253113178   

0.1213628969   -3.402938726   -0.05638576749   0.983520053   0.1805333856   -0.009798059214   -0.1787658267   0.9791350324   0.09663005529   0.02703857405   -0.09328603894   0.9952721389   

-2.918750329   -2.250999622   2.582381312   0.9901210042   0.1345878642   0.03932561242   -0.1375958664   0.986586691   0.08782982761   -0.02697729691   -0.09237319883   0.9953589391   

-8.401609971   -1.177565021   3.663985068   0.9865177691   -0.008373632043   0.1634398165   0.003899271163   0.9996092903   0.02767783391   -0.163607723   -0.02666737879   0.986164978   

0.6131060202   0.3872656561   0.5433349854   0.9965484141   -0.08059005196   -0.01991235719   0.0788782843   0.9940246075   -0.07545393203   0.02587420934   0.07362284373   0.9969504512   

-4.264140981   -1.309231507   1.89755252   0.98763967   0.1526304766   -0.03566258254   -0.1477222924   0.9824631812   0.1137726764   0.05240235211   -0.1070982501   0.992866536   

-10.77910964   1.375638104   2.381668821   0.9970609675   0.06553143766   0.03968699654   -0.06758294474   0.9963172454   0.05276828669   -0.03608285738   -0.05529536308   0.9978178442   

-4.559372457   -0.2046334974   -0.2315112678   0.9988509602   -0.003304735719   0.04781043894   0.003484117728   0.9999871993   -0.003669092492   -0.04779770155   0.003831453756   0.9988496882   

-6.050078421   -1.428883319   0.5257713284   0.9994505053   0.02251496482   0.02432619682   -0.02300426597   0.9995347913   0.02002510256   -0.02386401558   -0.02057370518   0.9995034924   

-8.807386939   -3.751188001   7.034789147   0.9923002351   0.1237658861   -0.004716860168   -0.1223397951   0.9853840764   0.118537743   0.0193188477   -0.1170479705   0.9929383439   

15.42929769   1.861777435   -16.2780397   0.9898323214   -0.07614697595   0.1201399748   0.08903476543   0.9903903769   -0.1058286916   -0.1109269401   0.115449294   0.987100134   

14.38932677   1.313809092   -1.536424976   0.9439080422   -0.2438201444   -0.2226866522   0.1857640648   0.9496359603   -0.2523554142   0.2730005864   0.1968331272   0.9416620412   

4.178743108   4.616775776   -0.5025626625   0.9852084223   0.1624704727   0.05447669396   -0.1681502866   0.9778446725   0.1246807021   -0.03301281236   -0.1319967495   0.9907002636   

0.06695841432   0.01411420462   -0.7049115785   0.9871862385   0.002659892441   0.1595501658   -0.004135477493   0.9999516905   0.008917085864   -0.1595187395   -0.009462640572   0.987149548   

-0.622851427   5.826775712   -0.3151108717   0.9811970275   -0.09645962151   -0.1671763576   0.07927051239   0.9911347877   -0.1066209099   0.1759789163   0.09136396433   0.9801449112   

-0.3520630678   2.775448671   -1.749736369   0.9983246028   -0.03419287392   0.04667799165   0.03496264391   0.9992641071   -0.01577522806   -0.04610424126   0.01738078429   0.998785416   

-3.919256866   6.954268619   0.001800312212   0.9912666402   0.03535222133   -0.1270459309   -0.03574660177   0.9993605456   -0.0008248878153   0.1269355292   0.00535914407   0.9918964921   

-5.084768769   8.256499967   1.109710848   0.9258301369   -0.3631444222   0.1047123975   0.3774085202   0.9030219968   -0.2052171585   -0.02003413187   0.229515581   0.973098778   

-7.696657549   7.604533367   4.977706958   0.9861963386   -0.1577357444   0.05036086443   0.1612326845   0.9840462055   -0.07521360839   -0.03769354304   0.08229520258   0.9958949224   

-6.990338167   4.458634746   5.262908989   0.9836402179   -0.1539329304   0.0935765709   0.1548950712   0.9879261781   -0.003063266601   -0.09197520644   0.01750770184   0.9956073733   

-3.440505145   -0.01014783715   1.558708971   0.9995454482   -0.025781258   0.0156276591   0.02580446288   0.9996661835   -0.001285004842   -0.01558931329   0.00168768409   0.999877055   

-1.209754864   -3.430223339   -4.289185276   0.9974879607   -0.01717569452   0.06872236723   0.007318815281   0.9899558008   0.141187632   -0.07045710172   -0.1403299968   0.9875946987   

-0.1701208877   1.533821126   1.005022934   0.9993846999   -0.02664529757   0.02280898285   0.02667929898   0.9996433386   -0.00118764532   -0.0227692026   0.001795442234   0.9997391359   

-1.054428893   -3.783696164   -0.01082077481   0.9993528315   -0.03090481676   0.01840680319   0.0313586138   0.9991980496   -0.02489768916   -0.01762258333   0.025458788   0.9995205324   

5.218358677   1.517996777   3.892218917   0.999447709   -0.02892522176   -0.01635874149   0.02649004555   0.9907162818   -0.1333398911   0.02006375746   0.1328329048   0.9909353486   

-7.365875158   1.019436931   6.522464122   0.9996146543   -0.026886845   -0.006902208807   0.02613538854   0.9953836824   -0.09234861226   0.009353308843   0.09213263421   0.9957028138   

-6.271039815   -1.554677016   2.662999593   0.9980929434   -0.06172862939   -0.0002295426677   0.0609669262   0.9863458238   -0.1529867636   0.009670071686   0.1526810147   0.9882282112   

4.545016855   -4.973933823   -0.02796773   0.9985419635   0.05264881467   0.01191844776   -0.05386043174   0.9864721142   0.1548283621   -0.003605686624   -0.1552445494   0.9878694898   

-3.901712612   -7.358060951   4.310658907   0.9990977993   -0.02697591003   0.03280072878   0.02360099663   0.994782633   0.09924971601   -0.03530694675   -0.09838604295   0.9945217977   

1.169712526   -4.593618117   4.07279314   0.9999797436   -2.724242208e-05   -0.006364878082   -0.0001904488852   0.9994150301   -0.03419885042   0.006362086479   0.03419936986   0.9993947803   

-0.9188187254   -5.24319419   3.846559867   0.9947581495   0.08611093518   -0.05514644826   -0.08731596089   0.9959834075   -0.0198235982   0.05321791887   0.02453485098   0.9982814704   

-0.3640844853   -6.938816389   5.371288012   0.9891108102   0.1293309658   -0.07023749974   -0.1292388087   0.9915961002   0.005874049033   0.07040692726   0.003267325397   0.997513002   

1.457615322   -6.603295957   6.892966005   0.9919071706   0.1102202721   -0.06302107968   -0.1105005699   0.9938755883   -0.0009690383593   0.06252830497   0.007925061318   0.9980117256   

0.2331181939   -1.502832558   1.702989663   0.9989230571   0.03475004222   -0.03074346376   -0.03526807147   0.9992421434   -0.0164712443   0.03014778819   0.01753776838   0.9993915837   

0.8820305044   -0.04989996467   -0.8873998139   0.9967215363   0.08089820389   0.001288274724   -0.08084694707   0.9952167004   0.05484059048   0.00315439275   -0.05476495067   0.9984942914   

1.724587766   -2.659839578   -0.7323748848   0.9998885047   0.001155342113   0.01488769058   -0.001414883189   0.9998470057   0.01743454317   -0.01486526998   -0.01745366364   0.9997371621   

4.163828546   -3.553342345   -4.494568738   0.993230834   0.1067693381   0.04574733589   -0.1116019129   0.9863659566   0.1209430147   -0.0322106091   -0.1252298215   0.9916047441   

14.63776135   5.587598343   -19.32499306   0.9935452157   -0.03988021446   0.1061954468   0.03358586733   0.9976081754   0.06041455045   -0.1083507912   -0.05645792137   0.9925082414   

-5.684979253   11.89070567   -9.787312393   0.9851891333   -0.1136934892   0.1283595033   0.1149383338   0.9933699466   -0.002308376717   -0.1272460255   0.01702761509   0.991725017   

25.12178475   5.721257995   -21.3352808   0.9922542543   0.02852345956   -0.1209045367   -0.04168694448   0.9932998461   -0.1077850375   0.1170200555   0.1119903027   0.9867950541   

7.278800654   -6.236974411   2.392949293   0.7215210177   0.5852845382   -0.3699316564   -0.5323156754   0.8105628489   0.244188226   0.4427724504   0.02073348216   0.8963942659   

2.124036081   8.25735053   -1.087371327   0.8770433765   -0.4572112791   0.1474881757   0.4721028587   0.8771031958   -0.08836783795   -0.08895957805   0.1471320164   0.9851083003   

-3.092063051   -7.073815653   2.466879799   0.9813986551   0.1708500235   0.08756111741   -0.1812569956   0.97489405   0.1293348091   -0.06326595721   -0.1428000728   0.9877274715   

-2.605393857   8.018531662   -1.432166617   0.9873314543   -0.1522169741   0.04479500042   0.1549734115   0.9856889707   -0.06633622562   -0.03405643832   0.07243787615   0.9967913087   

-1.217916766   0.7783266475   0.6605366505   0.9934055367   -0.1070281333   0.04111469659   0.1086078052   0.9933456857   -0.03832353465   -0.0367394101   0.04253618847   0.9984191947   

-2.052068255   -4.873182724   -1.902137393   0.9278991709   0.371335496   -0.03336282275   -0.3568389574   0.9104620924   0.2091046072   0.1080235484   -0.1821228367   0.977323992   

-0.1043885991   1.6303922   -1.393432696   0.9900764038   -0.09094459067   0.1071344769   0.09353197373   0.9954278658   -0.01936837186   -0.1048831951   0.02919666704   0.9940558687   

-5.85061352   1.38186501   -2.442295974   0.996242675   0.0652400017   0.05695853555   -0.0693285627   0.9949171767   0.07302987032   -0.05190455651   -0.07670432677   0.995701945   

-11.62459863   1.418418134   3.199574125   0.9605245476   0.2703228198   0.06571275755   -0.2781654939   0.9297892645   0.2410723578   0.004068343026   -0.2498349391   0.9682798933   

6.387379135   -7.82720545   -6.073894492   0.8809790386   0.4675160393   -0.07283327943   -0.3841518981   0.7966024357   0.4667460537   0.2762304342   -0.3832144471   0.8813872218   

3.201603835   20.94516528   6.255492062   0.664156148   -0.6720884918   0.3274044446   0.7363577148   0.5124602738   -0.4417711893   0.129127561   0.53449184   0.8352511873   

-1.513143096   3.64564728   -3.256406416   0.9469413927   0.04637739361   0.3180426641   -0.09479121035   0.9858186315   0.1384783459   -0.3071101192   -0.1612785268   0.9379086371   

-9.652697593   5.572734221   4.096279977   0.9817471042   -0.02860330234   0.1880278558   0.03132985046   0.9994424302   -0.01154422548   -0.1875928142   0.01722439454   0.9820958488   

-9.729671277   5.985832199   -3.433531439   0.984280004   0.05724450355   -0.167080641   -0.04557948572   0.9963017288   0.0728380104   0.1706323072   -0.06407754748   0.9832490446   

4.885367408   -20.55607142   0.7194037351   0.875933037   0.4370928621   -0.2041840949   -0.2574303403   0.7814241149   0.5684241133   0.4080084982   -0.4453382789   0.7969961623   

-12.45923931   30.8884774   -1.604879277   0.6664316527   -0.3103197476   0.6779162976   0.7383076098   0.4012505651   -0.5421253151   -0.1037821065   0.861800231   0.4965175084   

0.7422902899   -1.664478557   9.635413396   0.9479353159   0.2621511087   -0.1808187849   -0.2056801181   0.9374533816   0.2808502204   0.2431343781   -0.2290370134   0.9425644385   

-1.319913284   -14.67768616   14.19255416   0.7554930146   0.5792372457   -0.3061282706   -0.3182075893   0.7328639842   0.6013770122   0.5726903483   -0.3569237929   0.7379913083   

-10.2106443   7.371359543   -3.880363431   0.9279737319   -0.3211761228   0.1889726198   0.3576888997   0.909929714   -0.2099680133   -0.1045150894   0.2624382094   0.9592720064   

-10.13415835   2.30932085   3.940832821   0.9896777147   -0.1426723027   0.01351425625   0.1433101003   0.9855816639   -0.08994998032   -0.000486032336   0.09095822037   0.9958545908   

-23.77781323   -31.05191453   18.49601493   -0.5461256721   -0.7782442158   -0.3099720806   -0.1435232443   0.4514809563   -0.8806622647   0.825316805   -0.4364640725   -0.3582614754   

-2.751722046   -0.7741911261   1.812742081   0.9981893752   0.05925614681   0.01032861692   -0.06014331166   0.9857382722   0.1571713737   -0.0008679429987   -0.1575079926   0.987517331   

10.64987097   30.36753899   -14.59575971   0.2625280137   0.04301310067   0.9639652043   -0.9598899934   -0.09027437988   0.2654462974   0.09843902936   -0.9949876429   0.01758829128   

-16.3767362   -36.57974865   15.83443604   -0.4484134142   -0.2808326395   0.848562572   0.7392987602   -0.6500991867   0.1755231912   0.5023571968   0.7060482108   0.4991324181   

7.879157021   0.05491238307   -4.461651035   0.8705247854   0.1521138499   0.4680256132   -0.1461451095   0.9880342752   -0.0492937923   -0.4699236161   -0.02548818654   0.8823390207   

39.61564342   37.22491898   -29.93769788   0.1129910233   -0.0270246092   0.9932284224   -0.8170812924   -0.5713021908   0.07740780585   0.565341658   -0.8202947503   -0.08663332174   

12.09031977   -15.74739   -0.8861041396   0.7487535014   0.6619081326   -0.03529614845   -0.5631107552   0.6632782384   0.4929181026   0.349677668   -0.3491985145   0.8693594918   

14.62176937   -8.829099266   1.745868967   0.9884260488   0.09274844128   -0.1200486263   -0.07835026823   0.9897310418   0.1195562648   0.1299045092   -0.1087666844   0.9855428082   

