-3.705626544 83.9 60.40769958 33.33289719 60.54160309 108.3183621 -16.95910919 61.94758799 0.8948374482 -0.3486271819 0.2787920897 0.7221567292 -0.1525615795 -0.6746959485 0.8948374482 0.3486271819 -0.2787920897 0 -0.3486271819 0.9358568134 0.05129437391 0 0.2787920897 0.05129437391 0.9589806348 0 0 0 0 1 1 0 0 60.40769958 0 1 0 33.33289719 0 0 1 60.54160309 0 0 0 1 0.8948374482 -0.3486271819 0.2787920897 -0 0.3486271819 0.9358568134 0.05129437391 -0 -0.2787920897 0.05129437391 0.9589806348 -0 0 0 0 1 32 1.937171126 0.8257687325 0.03125 2.455056969 1.025954944 0.03125 2.835785872 1.394024623 0.03125 3.015770658 1.884475012 0.03125 3.037157709 2.439038529 0.03125 2.92876264 2.980882914 0.03125 2.67913469 3.456360677 0.03125 2.341247942 3.821027456 0.03125 1.891573182 4.067725754 0.03125 1.408374588 4.205455359 0.03125 0.9001353622 4.267845939 0.03125 0.4531453414 4.295619627 0.03125 0.125849183 4.332827562 0.03125 -0.01362999437 4.414823306 0.03125 0.1107945611 4.555760565 0.03125 0.4410592887 4.694277254 0.03125 0.5534652292 4.522039424 0.03125 1.557077713 4.584775743 0.03125 2.86416811 4.618122928 0.03125 4.261225017 4.506918656 0.03125 5.4433676 4.199876771 0.03125 6.241363899 3.734816181 0.03125 6.472827516 3.155957467 0.03125 6.098343096 2.55797726 0.03125 5.348466726 1.993759043 0.03125 4.309527649 1.508924588 0.03125 3.291874741 1.121669084 0.03125 2.374624764 0.8366264731 0.03125 1.659723948 0.6452266096 0.03125 1.189719748 0.5294262345 0.03125 0.8884842754 0.4695381328 0.03125 0.8073195716 0.4440831915 0.03125 1 3 1 1 1 1 500 0.0004
-3.393669331 83.9 60.40769958 33.33289719 60.54160309 107.373162 -17.62957645 63.09313255 0.8489586109 -0.2553738033 0.4626591591 0.6616913859 0.01694131991 -0.7495848861 0.8489586109 0.2553738033 -0.4626591591 0 -0.2553738033 0.9647283725 0.06390139205 0 0.4626591591 0.06390139205 0.8842302384 0 0 0 0 1 1 0 0 60.40769958 0 1 0 33.33289719 0 0 1 60.54160309 0 0 0 1 0.8489586109 -0.2553738033 0.4626591591 -0 0.2553738033 0.9647283725 0.06390139205 -0 -0.4626591591 0.06390139205 0.8842302384 -0 0 0 0 1 32 2.305696115 0.8647082436 0.03125 2.752914848 0.9664052396 0.03125 3.004363889 1.144883006 0.03125 3.082200076 1.37130065 0.03125 2.999484879 1.621981005 0.03125 2.779838434 1.870893348 0.03125 2.44773064 2.105519581 0.03125 2.034163909 2.31605201 0.03125 1.576605161 2.506689881 0.03125 1.112355645 2.683502894 0.03125 0.6892153424 2.860504796 0.03125 0.3454105952 3.046866883 0.03125 0.1367003916 3.25143531 0.03125 0.09157345901 3.470681942 0.03125 0.2516662476 3.694931002 0.03125 0.5733452081 3.874848315 0.03125 0.3210721422 3.591816181 0.03125 1.04898676 3.635327111 0.03125 1.931818893 3.645279877 0.03125 2.889090378 3.571732197 0.03125 3.800697154 3.395526132 0.03125 4.629636647 3.120903114 0.03125 5.23489268 2.75767105 0.03125 5.588022842 2.345440801 0.03125 5.650803256 1.91543155 0.03125 5.418105597 1.515133744 0.03125 4.969442846 1.168842599 0.03125 4.321651808 0.8985911209 0.03125 3.59875631 0.7052498543 0.03125 2.826828449 0.5815666086 0.03125 2.135794414 0.5129097698 0.03125 1.559818375 0.4802446487 0.03125 1 3 1 1 1 1 500 0.0004
-3.736028423 83.9 60.40769958 33.33289719 60.54160309 97.48414491 -13.99540532 69.31382358 0.7568496361 -0.2310255108 0.6113966321 0.5184760027 0.150878118 -0.8416759638 0.7568496361 0.2310255108 -0.6113966321 0 -0.2310255108 0.9696201738 0.08039858183 0 0.6113966321 0.08039858183 0.7872294623 0 0 0 0 1 1 0 0 60.40769958 0 1 0 33.33289719 0 0 1 60.54160309 0 0 0 1 0.7568496361 -0.2310255108 0.6113966321 -0 0.2310255108 0.9696201738 0.08039858183 -0 -0.6113966321 0.08039858183 0.7872294623 -0 0 0 0 1 32 2.015211583 0.8725396077 0.03125 2.18624323 0.9622819513 0.03125 2.255504245 1.113850014 0.03125 2.238898197 1.309238119 0.03125 2.156276477 1.535227018 0.03125 2.025603093 1.775014589 0.03125 1.87167998 2.022039737 0.03125 1.715333373 2.268033999 0.03125 1.581760666 2.514566972 0.03125 1.492428784 2.759893143 0.03125 1.459769895 3.007690994 0.03125 1.503659619 3.254047662 0.03125 1.634736363 3.496119153 0.03125 1.866696459 3.720886507 0.03125 2.210122719 3.914062236 0.03125 2.631611292 4.036567458 0.03125 2.292803944 3.653576944 0.03125 2.890280075 3.628047339 0.03125 3.538295969 3.547878689 0.03125 4.183186896 3.389098083 0.03125 4.743710201 3.14880097 0.03125 5.198326969 2.842414299 0.03125 5.491666261 2.485380184 0.03125 5.609058231 2.109535886 0.03125 5.547945261 1.737938533 0.03125 5.306191067 1.400227482 0.03125 4.92673442 1.111090651 0.03125 4.418522815 0.8828791917 0.03125 3.857594613 0.7149894891 0.03125 3.258947286 0.6016018637 0.03125 2.719736428 0.5324057123 0.03125 2.261744709 0.4936045114 0.03125 1 3 1 1 1 1 500 0.0004
-4.769374061 83.9 60.40769958 33.33289719 60.54160309 86.16453934 16.22470198 77.28360854 0.7249672641 0.4847693975 0.4893067516 0.765720502 0.1704978887 -0.6201633517 0.7249672641 -0.4847693975 -0.4893067516 0 0.4847693975 0.8637647371 -0.1375104004 0 0.4893067516 -0.1375104004 0.861202527 0 0 0 0 1 1 0 0 60.40769958 0 1 0 33.33289719 0 0 1 60.54160309 0 0 0 1 0.7249672641 0.4847693975 0.4893067516 -0 -0.4847693975 0.8637647371 -0.1375104004 -0 -0.4893067516 -0.1375104004 0.861202527 -0 0 0 0 1 32 1.384784351 0.8588244596 0.03125 1.671857138 0.9129880778 0.03125 1.92528664 1.008978744 0.03125 2.146936698 1.152892857 0.03125 2.35704407 1.347942389 0.03125 2.566720391 1.588504607 0.03125 2.801029341 1.867346271 0.03125 3.072793934 2.167542197 0.03125 3.399537003 2.47321441 0.03125 3.789896745 2.760892247 0.03125 4.241080412 3.012303227 0.03125 4.750486183 3.206691792 0.03125 5.28803672 3.333141284 0.03125 5.836950279 3.383767121 0.03125 6.349193824 3.362484251 0.03125 6.791260373 3.272280013 0.03125 6.172005605 2.66229687 0.03125 6.413676059 2.513375896 0.03125 6.55666679 2.357452239 0.03125 6.588818244 2.195772307 0.03125 6.514151565 2.033722041 0.03125 6.337580173 1.873158323 0.03125 6.076683663 1.715288448 0.03125 5.738808524 1.56060885 0.03125 5.349335013 1.409202671 0.03125 4.915179461 1.262764775 0.03125 4.466587629 1.121741372 0.03125 4.009510715 0.9885989358 0.03125 3.577965585 0.8635811853 0.03125 3.177501142 0.7480510851 0.03125 2.843804289 0.6412315791 0.03125 2.583592847 0.5428205075 0.03125 1 3 1 1 1 1 500 0.0004
-4.679145848 83.9 60.40769958 33.33289719 60.54160309 87.7323914 15.7285942 77.19884945 0.6165768259 0.4414515593 0.6518846052 0.8129422518 0.2155944168 -0.54096575 0.6165768259 -0.4414515593 -0.6518846052 0 0.4414515593 0.879449293 -0.1780153413 0 0.6518846052 -0.1780153413 0.7371275329 0 0 0 0 1 1 0 0 60.40769958 0 1 0 33.33289719 0 0 1 60.54160309 0 0 0 1 0.6165768259 0.4414515593 0.6518846052 -0 -0.4414515593 0.879449293 -0.1780153413 -0 -0.6518846052 -0.1780153413 0.7371275329 -0 0 0 0 1 32 -1.227815107 0.8397148836 0.03125 -0.4555034575 0.841504849 0.03125 0.2595429113 0.879321564 0.03125 0.9135927893 0.9668010101 0.03125 1.521801653 1.113727311 0.03125 2.090272043 1.321190552 0.03125 2.637880715 1.586947177 0.03125 3.173801923 1.897712222 0.03125 3.710758438 2.238816109 0.03125 4.257127384 2.585529825 0.03125 4.808217648 2.91601535 0.03125 5.364928129 3.203645258 0.03125 5.89930297 3.430820493 0.03125 6.400367983 3.581835992 0.03125 6.829024633 3.653778793 0.03125 7.159263892 3.64321852 0.03125 6.413800726 3.083767244 0.03125 6.5335506 2.960552097 0.03125 6.559426316 2.812895044 0.03125 6.483893685 2.642928053 0.03125 6.316909361 2.458004882 0.03125 6.06587409 2.262933513 0.03125 5.749489092 2.06259322 0.03125 5.376026245 1.861244628 0.03125 4.967006476 1.66236629 0.03125 4.529104561 1.470151105 0.03125 4.086486353 1.286806388 0.03125 3.644259079 1.115470938 0.03125 3.23083167 0.9565988934 0.03125 2.850778223 0.8111174788 0.03125 2.536400053 0.6775984124 0.03125 2.293368022 0.5550667901 0.03125 1 3 1 1 1 1 500 0.0004
-4.709334245 83.9 60.40769958 33.33289719 60.54160309 86.70341321 17.19212591 76.25063713 0.6899129925 0.5086836759 0.5150349315 0.7982516251 0.3381162973 -0.4984693697 0.6899129925 -0.5086836759 -0.5150349315 0 0.5086836759 0.8468802339 -0.1550315687 0 0.5150349315 -0.1550315687 0.8430327586 0 0 0 0 1 1 0 0 60.40769958 0 1 0 33.33289719 0 0 1 60.54160309 0 0 0 1 0.6899129925 0.5086836759 0.5150349315 -0 -0.5086836759 0.8468802339 -0.1550315687 -0 -0.5150349315 -0.1550315687 0.8430327586 -0 0 0 0 1 32 -0.2672710434 0.8570682285 0.03125 0.7003714071 0.9279658814 0.03125 1.57914247 1.020452077 0.03125 2.330111902 1.143970102 0.03125 2.937336741 1.307388235 0.03125 3.399286538 1.512925294 0.03125 3.753537635 1.759573321 0.03125 4.007722885 2.036580466 0.03125 4.226053054 2.330187683 0.03125 4.42529292 2.618391301 0.03125 4.660865852 2.878327914 0.03125 4.947231125 3.08664526 0.03125 5.292831082 3.224752422 0.03125 5.691658951 3.285063424 0.03125 6.104087538 3.268264345 0.03125 6.466645506 3.171006802 0.03125 5.912368216 2.614378565 0.03125 6.136897377 2.472576433 0.03125 6.314595207 2.347540506 0.03125 6.407171062 2.22257676 0.03125 6.422373552 2.101469532 0.03125 6.366895842 1.977143112 0.03125 6.24285221 1.849344249 0.03125 6.056588346 1.713166198 0.03125 5.795886881 1.569379392 0.03125 5.466697081 1.419395021 0.03125 5.068625376 1.265306679 0.03125 4.609556206 1.112015188 0.03125 4.129109223 0.9610002574 0.03125 3.636920922 0.8161672536 0.03125 3.205944522 0.677355777 0.03125 2.849944482 0.5502301448 0.03125 1 3 1 1 1 1 500 0.0004
-4.84737655 83.9 60.40769958 33.33289719 60.54160309 90.86175013 14.78736785 77.36410155 0.7265654329 0.4217327783 0.5424427484 0.9084823083 0.2709930411 -0.3181550992 0.7265654329 -0.4217327783 -0.5424427484 0 0.4217327783 0.8969870861 -0.1324976644 0 0.5424427484 -0.1324976644 0.8295783469 0 0 0 0 1 1 0 0 60.40769958 0 1 0 33.33289719 0 0 1 60.54160309 0 0 0 1 0.7265654329 0.4217327783 0.5424427484 -0 -0.4217327783 0.8969870861 -0.1324976644 -0 -0.5424427484 -0.1324976644 0.8295783469 -0 0 0 0 1 32 1.045913312 0.8935260278 0.03125 1.448894288 1.030693899 0.03125 1.821862798 1.226023505 0.03125 2.16519468 1.4793767 0.03125 2.49893622 1.787315564 0.03125 2.832606213 2.136351757 0.03125 3.187421865 2.511589415 0.03125 3.575184708 2.888173352 0.03125 4.00608264 3.244468459 0.03125 4.486754421 3.553015689 0.03125 5.003552609 3.796046654 0.03125 5.548662479 3.956278595 0.03125 6.082392336 4.031049949 0.03125 6.582120493 4.02109525 0.03125 6.999238342 3.940398411 0.03125 7.302027078 3.797644416 0.03125 6.505323235 3.147958709 0.03125 6.550446896 2.973321253 0.03125 6.491304001 2.796292042 0.03125 6.326559446 2.614071327 0.03125 6.07108023 2.42946367 0.03125 5.737214579 2.242124574 0.03125 5.346177767 2.053021638 0.03125 4.908904163 1.863248415 0.03125 4.447016242 1.674225647 0.03125 3.967896679 1.489075269 0.03125 3.496225926 1.309515357 0.03125 3.03646219 1.138869298 0.03125 2.616556147 0.9778954418 0.03125 2.2396828 0.8281431289 0.03125 1.936168124 0.6886291745 0.03125 1.709854239 0.5590394741 0.03125 1 3 1 1 1 1 500 0.0004
-4.682186512 83.9 60.40769958 33.33289719 60.54160309 91.78688111 14.76405605 78.5445366 0.6871313527 0.4852563997 0.5407187168 0.9173696615 0.295223353 -0.2669757965 0.6871313527 -0.4852563997 -0.5407187168 0 0.4852563997 0.8604294959 -0.1555226968 0 0.5407187168 -0.1555226968 0.8267018569 0 0 0 0 1 1 0 0 60.40769958 0 1 0 33.33289719 0 0 1 60.54160309 0 0 0 1 0.6871313527 0.4852563997 0.5407187168 -0 -0.4852563997 0.8604294959 -0.1555226968 -0 -0.5407187168 -0.1555226968 0.8267018569 -0 0 0 0 1 32 0.03403890851 0.8231915293 0.03125 1.01429688 0.8527890133 0.03125 1.889810766 0.9397348406 0.03125 2.617024339 1.093773343 0.03125 3.189874589 1.319712715 0.03125 3.607580505 1.613072016 0.03125 3.919211136 1.965039858 0.03125 4.13437756 2.354969156 0.03125 4.327805374 2.759077112 0.03125 4.520314852 3.144374029 0.03125 4.766878203 3.479975438 0.03125 5.082146716 3.736685815 0.03125 5.456691978 3.896285659 0.03125 5.876054585 3.954609728 0.03125 6.276259584 3.921390165 0.03125 6.590507764 3.79924759 0.03125 5.947730684 3.207993939 0.03125 6.072101407 3.028988235 0.03125 6.139007856 2.86438955 0.03125 6.122233188 2.693191198 0.03125 6.030704248 2.518476142 0.03125 5.877240479 2.332845738 0.03125 5.661393867 2.138809309 0.03125 5.391613112 1.935967085 0.03125 5.049121258 1.729113151 0.03125 4.640334 1.524173852 0.03125 4.158482697 1.325518316 0.03125 3.610917373 1.139609059 0.03125 3.038140662 0.9676846991 0.03125 2.448425637 0.8122878212 0.03125 1.928684128 0.6713909052 0.03125 1.491508517 0.5476309354 0.03125 1 3 1 1 1 1 500 0.0004
-4.949851585 83.9 60.40769958 33.33289719 60.54160309 88.37116705 17.38863864 80.20040513 0.7100764353 0.5110215536 0.484405231 0.943578291 0.2185176833 -0.2488172639 0.7100764353 -0.5110215536 -0.484405231 0 0.5110215536 0.8472916047 -0.1447546487 0 0.484405231 -0.1447546487 0.8627848305 0 0 0 0 1 1 0 0 60.40769958 0 1 0 33.33289719 0 0 1 60.54160309 0 0 0 1 0.7100764353 0.5110215536 0.484405231 -0 -0.5110215536 0.8472916047 -0.1447546487 -0 -0.484405231 -0.1447546487 0.8627848305 -0 0 0 0 1 32 0.4271175429 0.8836503865 0.03125 1.227311974 1.028620507 0.03125 1.963819097 1.21534692 0.03125 2.601775741 1.438677552 0.03125 3.12582381 1.69729336 0.03125 3.532219842 1.985418658 0.03125 3.858814265 2.295278662 0.03125 4.11064798 2.612291836 0.03125 4.353754916 2.919577946 0.03125 4.602548048 3.194505775 0.03125 4.904921224 3.416286808 0.03125 5.26871479 3.567286089 0.03125 5.679547744 3.638551381 0.03125 6.121070587 3.633411479 0.03125 6.534706154 3.564807318 0.03125 6.857944159 3.434725712 0.03125 6.220718289 2.864296747 0.03125 6.349642151 2.72745985 0.03125 6.422472012 2.610983938 0.03125 6.410126187 2.487691528 0.03125 6.320198472 2.356756706 0.03125 6.160284677 2.207901605 0.03125 5.931468324 2.042423719 0.03125 5.638670792 1.860280884 0.03125 5.275326903 1.667062893 0.03125 4.845950612 1.471098334 0.03125 4.35558438 1.278417456 0.03125 3.810477502 1.098027303 0.03125 3.250140225 0.9321986779 0.03125 2.682538154 0.7847359359 0.03125 2.183987551 0.6536534453 0.03125 1.767588986 0.5408232029 0.03125 1 3 1 1 1 1 500 0.0004
-5.293047136 83.9 60.40769958 33.33289719 60.54160309 79.68063859 20.95204865 87.93772643 0.7193325455 0.5180795933 0.4627680024 0.9491554621 0.04431611821 -0.3116728901 0.7193325455 -0.5180795933 -0.4627680024 0 0.5180795933 0.8438891501 -0.1394440297 0 0.4627680024 -0.1394440297 0.8754433954 0 0 0 0 1 1 0 0 60.40769958 0 1 0 33.33289719 0 0 1 60.54160309 0 0 0 1 0.7193325455 0.5180795933 0.4627680024 -0 -0.5180795933 0.8438891501 -0.1394440297 -0 -0.4627680024 -0.1394440297 0.8754433954 -0 0 0 0 1 32 0.02607835018 0.8609280099 0.03125 0.9664417565 0.9672455186 0.03125 1.823178783 1.105403025 0.03125 2.55672537 1.278549186 0.03125 3.14394615 1.491886816 0.03125 3.579177825 1.746130958 0.03125 3.893811883 2.039610756 0.03125 4.092044588 2.361850266 0.03125 4.238032111 2.698249359 0.03125 4.352220629 3.023470538 0.03125 4.501545377 3.310412952 0.03125 4.712949651 3.527737474 0.03125 5.014433261 3.651338003 0.03125 5.411896387 3.6669355 0.03125 5.867707058 3.575982688 0.03125 6.325295976 3.382995421 0.03125 5.848982175 2.70136586 0.03125 6.194574646 2.456425712 0.03125 6.46702671 2.233966248 0.03125 6.624378696 2.032366425 0.03125 6.659980083 1.860976122 0.03125 6.577645578 1.715131087 0.03125 6.389026223 1.591910591 0.03125 6.106371242 1.479931225 0.03125 5.743428008 1.373202698 0.03125 5.313199633 1.264632852 0.03125 4.832483585 1.15136532 0.03125 4.312402791 1.033450862 0.03125 3.790255973 0.9112385561 0.03125 3.274812648 0.7883161147 0.03125 2.829507371 0.665493503 0.03125 2.464693647 0.5487836633 0.03125 1 3 1 1 1 1 500 0.0004
-5.497311483 83.9 60.40769958 33.33289719 60.54160309 78.15438964 21.03431727 89.45833105 0.669306505 0.5117534438 0.5386438667 0.9553448626 -0.04185416966 -0.292513969 0.669306505 -0.5117534438 -0.5386438667 0 0.5117534438 0.8431135406 -0.1651301621 0 0.5386438667 -0.1651301621 0.8261929644 0 0 0 0 1 1 0 0 60.40769958 0 1 0 33.33289719 0 0 1 60.54160309 0 0 0 1 0.669306505 0.5117534438 0.5386438667 -0 -0.5117534438 0.8431135406 -0.1651301621 -0 -0.5386438667 -0.1651301621 0.8261929644 -0 0 0 0 1 32 0.2911639572 0.9360402942 0.03125 0.7587954035 1.175181614 0.03125 1.211776591 1.439565564 0.03125 1.649880592 1.725514304 0.03125 2.079428551 2.028197112 0.03125 2.505476878 2.337505692 0.03125 2.937913971 2.643088516 0.03125 3.382798813 2.929380545 0.03125 3.845987916 3.183439717 0.03125 4.330908523 3.389406565 0.03125 4.830776291 3.537567453 0.03125 5.341166101 3.619113919 0.03125 5.837680942 3.634241915 0.03125 6.306649078 3.586113544 0.03125 6.714449419 3.486132752 0.03125 7.03860281 3.343031668 0.03125 6.282183934 2.707038716 0.03125 6.399451252 2.567374628 0.03125 6.430135906 2.432136363 0.03125 6.369853587 2.299016872 0.03125 6.229369372 2.168826256 0.03125 6.015619089 2.038956721 0.03125 5.746895802 1.907649667 0.03125 5.430658383 1.772455896 0.03125 5.088936863 1.632074489 0.03125 4.727318653 1.486539962 0.03125 4.369176369 1.33608518 0.03125 4.017924813 1.18285182 0.03125 3.697382256 1.027842088 0.03125 3.409618007 0.8736175591 0.03125 3.179058507 0.7208104824 0.03125 3.007917163 0.5715340908 0.03125 1 3 1 1 1 1 500 0.0004
-5.454624688 83.9 60.40769958 33.63290024 60.54160309 77.12505553 49.94363934 86.03972358 0.6521880481 0.7358725494 0.1820503803 -0.002562324684 0.01583079715 -0.9998714019 0.6521880481 -0.7358725494 -0.1820503803 0 0.7358725494 0.6722477144 -0.08108391636 0 0.1820503803 -0.08108391636 0.9799403337 0 0 0 0 1 1 0 0 60.40769958 0 1 0 33.63290024 0 0 1 60.54160309 0 0 0 1 0.6521880481 0.7358725494 0.1820503803 -0 -0.7358725494 0.6722477144 -0.08108391636 -0 -0.1820503803 -0.08108391636 0.9799403337 -0 0 0 0 1 32 2.896079507 0.8048433995 0.03125 4.244224304 0.9423330551 0.03125 5.051043505 1.115061535 0.03125 5.334132904 1.291829734 0.03125 5.04381097 1.464376699 0.03125 4.240734461 1.635213956 0.03125 3.095684066 1.826843016 0.03125 1.713467517 2.070410981 0.03125 0.4001638203 2.402646775 0.03125 -0.7264729595 2.842241679 0.03125 -1.380270814 3.386585654 0.03125 -1.484027968 3.988936671 0.03125 -0.921829202 4.570815244 0.03125 0.2872466534 5.02756818 0.03125 2.012116317 5.245881207 0.03125 4.003117288 5.107120035 0.03125 5.462213602 4.390614409 0.03125 7.330568281 3.739611089 0.03125 8.880816501 2.96739523 0.03125 9.89525535 2.148226913 0.03125 10.29802928 1.380571024 0.03125 10.11993322 0.7608101766 0.03125 9.527825044 0.3307708487 0.03125 8.662195703 0.08589502228 0.03125 7.733294364 0.0009711951168 0.03125 6.877105125 0.01994468091 0.03125 6.155763383 0.1042929752 0.03125 5.637262173 0.2064238825 0.03125 5.310271859 0.3043227449 0.03125 5.183771121 0.3780880883 0.03125 5.214093735 0.4230561385 0.03125 5.392971494 0.4434267346 0.03125 1 3 1 1 1 1 500 0.0004
-2.25106358 83.9 60.40769958 33.33289719 60.54160309 80.80210645 52.41218633 88.29427073 0.807965571 0.4799584251 0.3418062993 -0.104767232 0.01876688534 -0.9943196825 0.807965571 -0.4799584251 -0.3418062993 0 0.4799584251 0.8725860196 -0.0907389033 0 0.3418062993 -0.0907389033 0.9353795514 0 0 0 0 1 1 0 0 60.40769958 0 1 0 33.33289719 0 0 1 60.54160309 0 0 0 1 0.807965571 0.4799584251 0.3418062993 -0 -0.4799584251 0.8725860196 -0.0907389033 -0 -0.3418062993 -0.0907389033 0.9353795514 -0 0 0 0 1 32 -7.940930249 0.8458680948 0.03125 -6.904076249 0.6007136337 0.03125 -5.957210226 0.1845526565 0.03125 -5.117432191 -0.3249503266 0.03125 -4.3348971 -0.8673589443 0.03125 -3.58913281 -1.385490056 0.03125 -2.838364474 -1.84464384 0.03125 -2.075564495 -2.214125405 0.03125 -1.285351539 -2.478070448 0.03125 -0.471901129 -2.623513504 0.03125 0.3639564763 -2.642502991 0.03125 1.21584281 -2.530922293 0.03125 2.082645806 -2.284987181 0.03125 2.958948108 -1.909397166 0.03125 3.836329765 -1.410947789 0.03125 4.676704947 -0.8275308685 0.03125 4.642599625 -0.6756581971 0.03125 5.493649285 -0.1192486814 0.03125 6.304443475 0.4508622363 0.03125 7.027869612 0.9790691594 0.03125 7.610949089 1.423890133 0.03125 8.043722107 1.751244017 0.03125 8.308603893 1.934083053 0.03125 8.409648138 1.971074623 0.03125 8.369446312 1.869171723 0.03125 8.200518096 1.66842374 0.03125 7.944523641 1.403968107 0.03125 7.614499367 1.130504903 0.03125 7.261248697 0.8813643075 0.03125 6.897674465 0.6881839083 0.03125 6.573212224 0.5613582052 0.03125 6.307671424 0.4957237766 0.03125 1 3 1 1 1 1 500 0.0004
-2.023396521 83.9 60.40769958 33.63290024 60.54160309 85.14253752 51.90322452 88.25982137 0.7134393466 0.3155841026 0.6256284623 -0.2275992075 0.3392573952 -0.912744773 0.7134393466 -0.3155841026 -0.6256284623 0 0.3155841026 0.9418751962 -0.1152292885 0 0.6256284623 -0.1152292885 0.7715641504 0 0 0 0 1 1 0 0 60.40769958 0 1 0 33.63290024 0 0 1 60.54160309 0 0 0 1 0.7134393466 0.3155841026 0.6256284623 -0 -0.3155841026 0.9418751962 -0.1152292885 -0 -0.6256284623 -0.1152292885 0.7715641504 -0 0 0 0 1 32 -3.547378392 0.4440621282 0.03125 -4.463040716 0.3543896394 0.03125 -5.053255826 0.1871842866 0.03125 -5.234198366 -0.0269203914 0.03125 -4.959039001 -0.266440951 0.03125 -4.248918655 -0.5135558241 0.03125 -3.247409032 -0.7450642558 0.03125 -2.03061442 -0.9371136101 0.03125 -0.8102433839 -1.071033614 0.03125 0.3410078316 -1.136092701 0.03125 1.315038954 -1.129848782 0.03125 2.084606543 -1.053858969 0.03125 2.713034948 -0.9100936888 0.03125 3.211086968 -0.6960369601 0.03125 3.68923359 -0.4280802474 0.03125 4.017468462 -0.1928894008 0.03125 4.635651851 0.1718417073 0.03125 5.202091342 0.490886501 0.03125 6.049437208 0.9268341584 0.03125 6.959989729 1.389182058 0.03125 7.776692021 1.830605628 0.03125 8.422778349 2.201209266 0.03125 8.730686608 2.468621976 0.03125 8.688591894 2.59005448 0.03125 8.28719459 2.556031926 0.03125 7.60698253 2.366755564 0.03125 6.787956536 2.049853069 0.03125 5.912811708 1.657564478 0.03125 5.076141746 1.240511543 0.03125 4.315915157 0.8657039117 0.03125 3.750785938 0.5692362139 0.03125 3.391864346 0.4006139429 0.03125 1 3 1 1 1 1 500 0.0004
-1.960203951 83.9 60.40769958 33.63290024 60.54160309 86.32368808 56.43386442 91.99515156 0.7070998593 0.2494266169 0.6616616596 0.04860604139 0.4719770687 -0.8802699014 0.7070998593 -0.2494266169 -0.6616616596 0 0.2494266169 0.9635559473 -0.09667625968 0 0.6616616596 -0.09667625968 0.743543912 0 0 0 0 1 1 0 0 60.40769958 0 1 0 33.63290024 0 0 1 60.54160309 0 0 0 1 0.7070998593 0.2494266169 0.6616616596 -0 -0.2494266169 0.9635559473 -0.09667625968 -0 -0.6616616596 -0.09667625968 0.743543912 -0 0 0 0 1 32 -3.615757424 0.4803710334 0.03125 -4.439484335 0.4087099752 0.03125 -4.90227914 0.2802014647 0.03125 -4.973497308 0.1092277431 0.03125 -4.643697319 -0.08601888817 0.03125 -3.942517372 -0.2871133132 0.03125 -3.013896939 -0.4751437369 0.03125 -1.927526363 -0.6311954696 0.03125 -0.851745905 -0.7416053822 0.03125 0.1543899807 -0.798144445 0.03125 1.00847212 -0.7968245757 0.03125 1.693086971 -0.7348103673 0.03125 2.266954337 -0.608061442 0.03125 2.744479339 -0.4065289425 0.03125 3.218790322 -0.1413084047 0.03125 3.561064158 0.1113649265 0.03125 4.188865806 0.5244961946 0.03125 4.73312669 0.9193585373 0.03125 5.544285478 1.462399017 0.03125 6.418354935 2.064213888 0.03125 7.267477582 2.661466514 0.03125 8.039369147 3.164768216 0.03125 8.571740949 3.510806165 0.03125 8.829221573 3.61616391 0.03125 8.63447531 3.471154562 0.03125 7.999340987 3.09808746 0.03125 6.96980629 2.563029453 0.03125 5.644011559 1.973552619 0.03125 4.356520497 1.405389988 0.03125 3.225659048 0.9376839349 0.03125 2.505791432 0.5963106488 0.03125 2.240614342 0.4134272868 0.03125 1 3 1 1 1 1 500 0.0004
-1.861429868 83.9 60.40769958 33.63290024 60.54160309 87.65924306 59.38038005 95.30103071 0.7115606661 0.1409667761 0.6883384244 0.07914404917 0.8026117646 -0.5912280227 0.7115606661 -0.1409667761 -0.6883384244 0 0.1409667761 0.9883897589 -0.05669261422 0 0.6883384244 -0.05669261422 0.7231709072 0 0 0 0 1 1 0 0 60.40769958 0 1 0 33.63290024 0 0 1 60.54160309 0 0 0 1 0.7115606661 0.1409667761 0.6883384244 -0 -0.1409667761 0.9883897589 -0.05669261422 -0 -0.6883384244 -0.05669261422 0.7231709072 -0 0 0 0 1 32 -3.154390876 0.3631550971 0.03125 -4.130578765 0.3172122501 0.03125 -4.841054899 0.2179542879 0.03125 -5.038196559 0.1173387167 0.03125 -4.745564198 0.0297006228 0.03125 -4.008238759 -0.03469044767 0.03125 -3.020874574 -0.07273488282 0.03125 -1.889234163 -0.0811886266 0.03125 -0.7810978985 -0.06497481641 0.03125 0.2190094399 -0.03334000171 0.03125 1.052054919 0.004348142675 0.03125 1.696036556 0.04472688041 0.03125 2.238085053 0.09340319498 0.03125 2.699679349 0.1747721787 0.03125 3.194144328 0.2926711045 0.03125 3.595488586 0.4053549146 0.03125 4.372660841 0.7656677407 0.03125 4.967526755 1.141734697 0.03125 5.754969861 1.74812143 0.03125 6.510739 2.516047983 0.03125 7.120755651 3.37241993 0.03125 7.58197499 4.171518141 0.03125 7.811247113 4.784565781 0.03125 7.871762716 5.019312813 0.03125 7.627172525 4.819870696 0.03125 7.069132698 4.203512177 0.03125 6.186896684 3.309367282 0.03125 4.993427658 2.368872239 0.03125 3.7742858 1.535047592 0.03125 2.638657167 0.9278258561 0.03125 1.746591263 0.5463270109 0.03125 1.284469674 0.3695165345 0.03125 1 3 1 1 1 1 500 0.0004
-1.825199413 83.9 60.40769958 33.63290024 60.54160309 83.21734965 59.84745809 100.9008676 0.6991745786 0.1163209666 0.7054249367 0.1667968709 0.5937347393 -0.7871835004 0.6991745786 -0.1163209666 -0.7054249367 0 0.1163209666 0.9920369764 -0.04829151258 0 0.7054249367 -0.04829151258 0.7071376022 0 0 0 0 1 1 0 0 60.40769958 0 1 0 33.63290024 0 0 1 60.54160309 0 0 0 1 0.6991745786 0.1163209666 0.7054249367 -0 -0.1163209666 0.9920369764 -0.04829151258 -0 -0.7054249367 -0.04829151258 0.7071376022 -0 0 0 0 1 32 -3.277069289 0.5548086572 0.03125 -4.158473279 0.5504229066 0.03125 -4.776604619 0.5457133292 0.03125 -4.971806863 0.5498762446 0.03125 -4.743326514 0.5553752887 0.03125 -4.123672512 0.552851365 0.03125 -3.267242742 0.5317307421 0.03125 -2.243699238 0.4884494416 0.03125 -1.230906479 0.427124816 0.03125 -0.2860751147 0.3615468193 0.03125 0.5196483822 0.3122855863 0.03125 1.159290515 0.3036985147 0.03125 1.701619683 0.3597927462 0.03125 2.140361156 0.5012638502 0.03125 2.578019736 0.7259026091 0.03125 2.840260932 0.9267432292 0.03125 3.385860321 1.265329289 0.03125 3.880935388 1.554366889 0.03125 4.684982405 1.959113864 0.03125 5.567819696 2.361599859 0.03125 6.404045908 2.705162152 0.03125 7.133899696 2.939166017 0.03125 7.600380376 3.03520507 0.03125 7.763163846 2.962490584 0.03125 7.525428916 2.72957085 0.03125 6.909593983 2.357554486 0.03125 6.009145219 1.89868025 0.03125 4.904721537 1.427896789 0.03125 3.845492973 1.00250041 0.03125 2.922759845 0.6768963944 0.03125 2.31083787 0.4603194207 0.03125 2.108456912 0.3504136547 0.03125 1 3 1 1 1 1 500 0.0004
-1.841899973 83.9 60.50769806 33.63290024 60.54160309 75.91643606 62.08218225 105.3049889 0.6760503736 0.004551210213 0.7368413526 0.2776868884 0.7435462202 -0.608300099 0.6760503736 -0.004551210213 -0.7368413526 0 0.004551210213 0.9999876415 -0.002000846718 0 0.7368413526 -0.002000846718 0.6760627321 0 0 0 0 1 1 0 0 60.50769806 0 1 0 33.63290024 0 0 1 60.54160309 0 0 0 1 0.6760503736 0.004551210213 0.7368413526 -0 -0.004551210213 0.9999876415 -0.002000846718 -0 -0.7368413526 -0.002000846718 0.6760627321 -0 0 0 0 1 32 -3.944389104 0.8181759268 0.03125 -4.525406756 0.8649244176 0.03125 -4.828714365 0.9592919135 0.03125 -4.832751195 1.082102673 0.03125 -4.546268482 1.211238379 0.03125 -4.016386181 1.311797512 0.03125 -3.328439498 1.361253258 0.03125 -2.532129862 1.336961849 0.03125 -1.71610046 1.239857339 0.03125 -0.9113002142 1.084833933 0.03125 -0.1480229622 0.9067786536 0.03125 0.5640966715 0.7537250724 0.03125 1.257274823 0.6787132668 0.03125 1.924187608 0.7310109743 0.03125 2.604391823 0.946837315 0.03125 3.189918348 1.28152154 0.03125 3.293694038 1.439547052 0.03125 4.014814833 1.907538536 0.03125 4.840068263 2.477506711 0.03125 5.651671362 3.011419366 0.03125 6.357188314 3.4189754 0.03125 6.93208208 3.613262911 0.03125 7.24895965 3.554407753 0.03125 7.283964212 3.255011698 0.03125 6.996031492 2.769451703 0.03125 6.397185854 2.203446239 0.03125 5.612795502 1.639840918 0.03125 4.687783619 1.168430341 0.03125 3.787450637 0.8174393977 0.03125 2.957781297 0.5971476727 0.03125 2.300189416 0.4824487403 0.03125 1.875744834 0.4376879072 0.03125 1 3 1 1 1 1 500 0.0004
-1.844630436 83.9 60.70769882 33.53289795 60.54160309 67.40137834 65.47364374 100.676178 0.6369012312 -0.04863234352 0.7694099797 0.1987967801 0.6871364723 -0.6988013371 0.6369012312 0.04863234352 -0.7694099797 0 -0.04863234352 0.9985551328 0.02285917423 0 0.7694099797 0.02285917423 0.6383460984 0 0 0 0 1 1 0 0 60.70769882 0 1 0 33.53289795 0 0 1 60.54160309 0 0 0 1 0.6369012312 -0.04863234352 0.7694099797 -0 0.04863234352 0.9985551328 0.02285917423 -0 -0.7694099797 0.02285917423 0.6383460984 -0 0 0 0 1 32 -3.186309349 0.8676658675 0.03125 -4.405581435 1.059275776 0.03125 -5.20572676 1.385611456 0.03125 -5.490573699 1.803350575 0.03125 -5.289447801 2.267416246 0.03125 -4.681115229 2.706609184 0.03125 -3.781561867 3.059253039 0.03125 -2.720917034 3.262460891 0.03125 -1.633069262 3.287454702 0.03125 -0.6317171026 3.130938257 0.03125 0.2469610117 2.821923942 0.03125 0.9906085518 2.416886877 0.03125 1.682751201 1.988642094 0.03125 2.363521193 1.61982288 0.03125 3.096821553 1.387359101 0.03125 3.780080554 1.289438242 0.03125 4.000325121 1.128088989 0.03125 4.761804734 1.349726675 0.03125 5.546425188 1.724348536 0.03125 6.198223431 2.104930045 0.03125 6.612763296 2.406882748 0.03125 6.794432043 2.545244452 0.03125 6.704591712 2.494687706 0.03125 6.386614594 2.271118806 0.03125 5.879303749 1.925940613 0.03125 5.226656396 1.538857726 0.03125 4.505255733 1.166382578 0.03125 3.752070163 0.8639459452 0.03125 3.052871863 0.6439861951 0.03125 2.436657735 0.5097007111 0.03125 1.968828797 0.44314047 0.03125 1.68347094 0.4210776217 0.03125 1 3 1 1 1 1 500 0.0004
1.530579696 83.9 60.70769882 33.53289795 60.54160309 66.27733533 65.54252278 99.49861078 0.6563409073 -0.135248045 0.7422429384 0.167296676 0.6561106306 -0.7358876698 0.6563409073 0.135248045 -0.7422429384 0 -0.135248045 0.9889563594 0.06060763572 0 0.7422429384 0.06060763572 0.6673845479 0 0 0 0 1 1 0 0 60.70769882 0 1 0 33.53289795 0 0 1 60.54160309 0 0 0 1 0.6563409073 -0.135248045 0.7422429384 -0 0.135248045 0.9889563594 0.06060763572 -0 -0.7422429384 0.06060763572 0.6673845479 -0 0 0 0 1 32 3.636750988 0.1845880942 0.03125 4.824625174 -0.1836983959 0.03125 5.671795367 -0.822273026 0.03125 6.212540729 -1.789380545 0.03125 5.849144686 -2.916554711 0.03125 4.893669395 -4.016342685 0.03125 3.354023252 -4.915663936 0.03125 1.792692374 -5.483700422 0.03125 0.2980855772 -5.705794498 0.03125 -0.6712402173 -5.708044803 0.03125 -1.185563783 -5.634041291 0.03125 -1.070267756 -5.587884335 0.03125 -0.4391581375 -5.54495303 0.03125 0.7804025944 -5.316079962 0.03125 2.238856268 -4.821370801 0.03125 3.935747775 -3.743941979 0.03125 5.091232474 -2.486462101 0.03125 6.034473392 -0.758170803 0.03125 6.363519977 0.7448524902 0.03125 6.393074351 2.01711883 0.03125 6.37422858 2.751511782 0.03125 6.318900315 2.999055498 0.03125 6.389704847 2.854365545 0.03125 6.298082392 2.49138062 0.03125 6.011127986 2.047465411 0.03125 5.44546425 1.61014364 0.03125 4.572666346 1.214290198 0.03125 3.603324555 0.8697564047 0.03125 2.610187644 0.6061023505 0.03125 1.748905413 0.4191928207 0.03125 1.323131962 0.303596674 0.03125 1.060881896 0.255446137 0.03125 1 3 1 1 1 1 500 0.0004
1.554579255 83.9 60.50769806 33.63290024 60.54160309 65.69362331 67.53551479 99.79423163 0.6629748204 -0.03850706789 0.7476507161 0.1891660616 0.7088143299 -0.6795575376 0.6629748204 0.03850706789 -0.7476507161 0 -0.03850706789 0.9991083483 0.01731225063 0 0.7476507161 0.01731225063 0.6638664721 0 0 0 0 1 1 0 0 60.50769806 0 1 0 33.63290024 0 0 1 60.54160309 0 0 0 1 0.6629748204 -0.03850706789 0.7476507161 -0 0.03850706789 0.9991083483 0.01731225063 -0 -0.7476507161 0.01731225063 0.6638664721 -0 0 0 0 1 32 3.139994327 -0.08188549676 0.03125 4.418124864 -0.1290331752 0.03125 6.50116781 -0.9200479804 0.03125 7.119315555 -1.91739853 0.03125 6.225717999 -3.010019045 0.03125 4.387138031 -4.084663599 0.03125 2.472241519 -4.904447578 0.03125 0.7734511887 -5.270661426 0.03125 0.06675048605 -5.217885299 0.03125 -0.4865386507 -4.958703189 0.03125 -0.4797895428 -4.820445588 0.03125 -0.592424466 -4.976836469 0.03125 -0.231410563 -5.38219583 0.03125 0.744665845 -5.818042096 0.03125 2.439963577 -5.785138605 0.03125 3.919009902 -5.47840195 0.03125 5.825596143 -3.813912989 0.03125 6.257063391 -2.176223687 0.03125 6.388516152 0.06171156314 0.03125 6.038745013 1.927409545 0.03125 5.520012688 3.109799662 0.03125 5.65397505 3.493538624 0.03125 5.843287961 3.323384551 0.03125 6.171040387 2.894786278 0.03125 6.127917421 2.409910221 0.03125 5.565938188 1.930154141 0.03125 4.720191043 1.460840274 0.03125 3.522071917 1.035165647 0.03125 2.409088619 0.6663753799 0.03125 1.551336336 0.4189634191 0.03125 0.9594865106 0.295012327 0.03125 1.329440308 0.2330924371 0.03125 1 3 1 1 1 1 500 0.0004
-1.910494599 83.9 60.50769806 33.33289719 60.54160309 64.69229563 72.41389121 97.1721323 0.6191620155 0.05311506616 0.783464861 0.2291673337 0.7325266854 -0.641004671 0.6191620155 -0.05311506616 -0.783464861 0 0.05311506616 0.9982576109 -0.02570081778 0 0.783464861 -0.02570081778 0.6209044046 0 0 0 0 1 1 0 0 60.50769806 0 1 0 33.33289719 0 0 1 60.54160309 0 0 0 1 0.6191620155 0.05311506616 0.783464861 -0 -0.05311506616 0.9982576109 -0.02570081778 -0 -0.783464861 -0.02570081778 0.6209044046 -0 0 0 0 1 32 -2.86166333 0.7278808155 0.03125 -3.583296405 0.8649242886 0.03125 -4.583721693 1.201095175 0.03125 -5.290952255 1.720628921 0.03125 -5.505087017 2.357063043 0.03125 -5.182949964 3.010601372 0.03125 -4.387755684 3.548167454 0.03125 -3.265119447 3.854846406 0.03125 -1.985486719 3.89077622 0.03125 -0.7162403449 3.690177088 0.03125 0.4337222734 3.341075038 0.03125 1.440945865 2.934789178 0.03125 2.296163427 2.538563952 0.03125 3.057123409 2.191814143 0.03125 3.724299766 1.901039704 0.03125 4.275880495 1.66628867 0.03125 4.749373363 1.511870325 0.03125 5.175030127 1.48945458 0.03125 5.555922374 1.585954488 0.03125 5.797736478 1.732040797 0.03125 5.879170571 1.848798429 0.03125 5.824289963 1.869244597 0.03125 5.642351905 1.77048403 0.03125 5.354832373 1.558318781 0.03125 4.903083116 1.279387632 0.03125 4.278058398 0.9850841099 0.03125 3.500119577 0.7222188519 0.03125 2.609701169 0.523552989 0.03125 1.820410412 0.3923130182 0.03125 1.189392021 0.3175880124 0.03125 0.7859600794 0.2802920322 0.03125 0.6266110563 0.2650854819 0.03125 1 3 1 1 1 1 500 0.0004
-2.095364324 83.9 60.50769806 33.33289719 60.54160309 61.38884702 80.62855728 95.53699131 0.6289269014 0.1039616826 0.7704822654 -0.1139013483 0.9903215884 -0.07930721541 0.6289269014 -0.1039616826 -0.7704822654 0 0.1039616826 0.9933649377 -0.04917386574 0 0.7704822654 -0.04917386574 0.6355619637 0 0 0 0 1 1 0 0 60.50769806 0 1 0 33.33289719 0 0 1 60.54160309 0 0 0 1 0.6289269014 0.1039616826 0.7704822654 -0 -0.1039616826 0.9933649377 -0.04917386574 -0 -0.7704822654 -0.04917386574 0.6355619637 -0 0 0 0 1 32 -2.905293756 0.8117954918 0.03125 -3.644238817 0.8638574571 0.03125 -4.660578634 1.097174004 0.03125 -5.424645948 1.515464265 0.03125 -5.677928724 2.05703582 0.03125 -5.353016069 2.649707296 0.03125 -4.502850245 3.164925755 0.03125 -3.322952292 3.478991623 0.03125 -2.037019964 3.551485496 0.03125 -0.830570039 3.427201538 0.03125 0.1717929211 3.204370923 0.03125 1.010593996 2.972255232 0.03125 1.737356774 2.785092914 0.03125 2.448469908 2.66799838 0.03125 3.174817408 2.615683191 0.03125 3.866424684 2.613591916 0.03125 4.58195176 2.699607709 0.03125 5.149754482 2.823752412 0.03125 5.624226549 2.967394779 0.03125 5.907370335 3.031009228 0.03125 6.017595127 2.917233544 0.03125 5.986060574 2.561912721 0.03125 5.764693344 1.996378135 0.03125 5.346879188 1.290602347 0.03125 4.551798996 0.5771145788 0.03125 3.390286187 -0.02410801917 0.03125 1.910477152 -0.4148300852 0.03125 0.2830199275 -0.5519250542 0.03125 -1.027931044 -0.4655760987 0.03125 -1.856431615 -0.2491880018 0.03125 -2.046656004 -0.01158711067 0.03125 -1.80109356 0.1459540943 0.03125 1 3 1 1 1 1 500 0.0004
1.189521208 83.9 60.50769806 33.63290024 60.54160309 55.52237034 83.39204758 93.4645651 0.6423833519 0.2445176289 0.7263296486 -0.06993483853 0.6795126732 -0.7303229733 0.6423833519 -0.2445176289 -0.7263296486 0 0.2445176289 0.9635962756 -0.1081357792 0 0.7263296486 -0.1081357792 0.6787870763 0 0 0 0 1 1 0 0 60.50769806 0 1 0 33.63290024 0 0 1 60.54160309 0 0 0 1 0.6423833519 0.2445176289 0.7263296486 -0 -0.2445176289 0.9635962756 -0.1081357792 -0 -0.7263296486 -0.1081357792 0.6787870763 -0 0 0 0 1 32 2.923122775 0.4007192576 0.03125 4.024746832 0.1034025875 0.03125 5.086498081 -0.4485476394 0.03125 5.675409131 -1.147233434 0.03125 5.734216214 -1.890432372 0.03125 5.281786591 -2.528223561 0.03125 4.34496639 -2.99128353 0.03125 3.13075343 -3.262269455 0.03125 1.665367047 -3.435949317 0.03125 0.2624636376 -3.655149193 0.03125 -0.9865619093 -4.055647505 0.03125 -1.762284022 -4.700381702 0.03125 -1.878539925 -5.514109639 0.03125 -1.234503933 -6.263282735 0.03125 0.2428257903 -6.642918997 0.03125 2.108619982 -6.394693341 0.03125 4.337861659 -5.348821054 0.03125 6.165088523 -3.535297223 0.03125 7.327482552 -1.089494247 0.03125 7.390355306 1.366558659 0.03125 6.625506913 3.249334788 0.03125 5.454763692 4.209063001 0.03125 4.323037155 4.269609421 0.03125 3.578938136 3.743597657 0.03125 3.191715912 2.956912976 0.03125 3.164072296 2.187638366 0.03125 3.205790559 1.552617792 0.03125 3.205481759 1.083198794 0.03125 3.010132076 0.7544287765 0.03125 2.519894505 0.5329734515 0.03125 1.94490254 0.3920789709 0.03125 1.19842198 0.3174962394 0.03125 1 3 1 1 1 1 500 0.0004
1.08323973 83.9 60.50769806 33.63290024 60.54160309 57.30572318 86.86295956 93.40504334 0.6702465402 0.2133614658 0.7108069079 -0.002662382666 0.6947149155 -0.7192802638 0.6702465402 -0.2133614658 -0.7108069079 0 0.2133614658 0.9727446733 -0.09080025023 0 0.7108069079 -0.09080025023 0.6975018668 0 0 0 0 1 1 0 0 60.50769806 0 1 0 33.63290024 0 0 1 60.54160309 0 0 0 1 0.6702465402 0.2133614658 0.7108069079 -0 -0.2133614658 0.9727446733 -0.09080025023 -0 -0.7108069079 -0.09080025023 0.6975018668 -0 0 0 0 1 32 2.925288299 0.3898917679 0.03125 4.220530698 0.1096924361 0.03125 5.47059926 -0.4287182829 0.03125 6.0996301 -1.130886505 0.03125 6.038541748 -1.89673964 0.03125 5.328906028 -2.571132429 0.03125 4.12312636 -3.071820161 0.03125 2.681323841 -3.372136078 0.03125 1.164849206 -3.550902186 0.03125 -0.1117604062 -3.737387185 0.03125 -1.056862674 -4.05425581 0.03125 -1.438129628 -4.554367454 0.03125 -1.205750908 -5.16866568 0.03125 -0.3755984378 -5.697115246 0.03125 0.9604694808 -5.902079 0.03125 2.354794949 -5.642678835 0.03125 3.840318774 -4.803827354 0.03125 4.850751644 -3.469297919 0.03125 5.442187759 -1.643999584 0.03125 5.328125267 0.2948223674 0.03125 4.841515363 1.973265199 0.03125 4.262258057 3.102274476 0.03125 3.851017347 3.587949762 0.03125 3.830568132 3.514945005 0.03125 3.941334714 3.055087008 0.03125 4.14863244 2.427282755 0.03125 4.166008344 1.78373303 0.03125 3.921201528 1.237827127 0.03125 3.445195403 0.8264844502 0.03125 2.710315076 0.5525638311 0.03125 1.975835171 0.3912733484 0.03125 1.221462233 0.3147016472 0.03125 1 3 1 1 1 1 500 0.0004
