-3.526363282 87.9 61.10770035 33.33289719 60.54160309 104.4070791 -11.9653635 65.86383638 0.7196022075 -0.2178628241 0.6593242396 0.719530559 0.4335985931 -0.5424647774 0.7196022075 0.2178628241 -0.6593242396 0 -0.2178628241 0.9723981454 0.08353224961 0 0.6593242396 0.08353224961 0.7472040621 0 0 0 0 1 1 0 0 61.10770035 0 1 0 33.33289719 0 0 1 60.54160309 0 0 0 1 0.7196022075 -0.2178628241 0.6593242396 -0 0.2178628241 0.9723981454 0.08353224961 -0 -0.6593242396 0.08353224961 0.7472040621 -0 0 0 0 1 32 2.017056543 0.8273772968 0.03125 2.497948656 0.918233933 0.03125 2.815363285 1.091474785 0.03125 2.958094643 1.331442873 0.03125 2.919829395 1.623852203 0.03125 2.727383306 1.943396067 0.03125 2.430829573 2.275744766 0.03125 2.075438558 2.600252231 0.03125 1.764063456 2.9099512 0.03125 1.543896577 3.193631651 0.03125 1.479554078 3.448620609 0.03125 1.580855172 3.67121541 0.03125 1.796670547 3.856908772 0.03125 2.101658242 4.002552336 0.03125 2.477637925 4.09782709 0.03125 2.820887546 4.093525981 0.03125 2.570093824 3.707255014 0.03125 3.010604903 3.592761107 0.03125 3.57489384 3.457121429 0.03125 4.169152981 3.256718415 0.03125 4.724045567 2.993770457 0.03125 5.218259978 2.681546462 0.03125 5.539352661 2.338361909 0.03125 5.6736401 1.988912723 0.03125 5.59072388 1.652912887 0.03125 5.297038146 1.350295333 0.03125 4.857829877 1.09058943 0.03125 4.294524837 0.880983544 0.03125 3.70121631 0.7202168708 0.03125 3.104516879 0.6041408482 0.03125 2.585970544 0.5250032413 0.03125 2.193569343 0.4754366323 0.03125 1 3 1 1 1 1 500 0.0004
-4.03169403 87.9 60.70769882 33.33289719 60.54160309 85.74231726 -6.151891502 69.51731246 0.7327957503 -0.004924760179 0.6804308452 0.6766486027 0.4393568334 -0.590857209 0.7327957503 0.004924760179 -0.6804308452 0 -0.004924760179 0.9999860034 0.001933845192 0 0.6804308452 0.001933845192 0.7328097469 0 0 0 0 1 1 0 0 60.70769882 0 1 0 33.33289719 0 0 1 60.54160309 0 0 0 1 0.7327957503 -0.004924760179 0.6804308452 -0 0.004924760179 0.9999860034 0.001933845192 -0 -0.6804308452 0.001933845192 0.7328097469 -0 0 0 0 1 32 2.514841104 0.7454570514 0.03125 2.969970111 0.7465174088 0.03125 3.301718662 0.8076864853 0.03125 3.497267594 0.9525482157 0.03125 3.564178436 1.184273569 0.03125 3.509784464 1.481605001 0.03125 3.368048737 1.835677661 0.03125 3.140722094 2.222754037 0.03125 2.897138346 2.632770937 0.03125 2.659882157 3.043777838 0.03125 2.511686013 3.437810942 0.03125 2.496322822 3.785960625 0.03125 2.672746646 4.054894177 0.03125 3.069672349 4.210097687 0.03125 3.674212215 4.21441806 0.03125 4.376679152 4.018333303 0.03125 4.460921323 3.357725843 0.03125 5.178923995 2.951615444 0.03125 5.826242126 2.515290863 0.03125 6.263467815 2.069605002 0.03125 6.444368257 1.658906262 0.03125 6.374713583 1.317416319 0.03125 6.106448142 1.060678551 0.03125 5.693629585 0.8816170368 0.03125 5.212518565 0.7679562517 0.03125 4.710191878 0.6960231407 0.03125 4.23685997 0.6500005032 0.03125 3.813182974 0.613924373 0.03125 3.45106696 0.5806965487 0.03125 3.157761053 0.5462887061 0.03125 2.930004544 0.5102423563 0.03125 2.791386028 0.4778824739 0.03125 1 3 1 1 1 1 500 0.0004
-4.147523474 87.9 60.70769882 33.33289719 60.54160309 80.67087371 -2.716106079 66.82265939 0.7210445517 0.01208221245 0.6927833533 0.6527670493 0.4409318526 -0.616014838 0.7210445517 -0.01208221245 -0.6927833533 0 0.01208221245 0.9999151795 -0.004863532234 0 0.6927833533 -0.004863532234 0.7211293722 0 0 0 0 1 1 0 0 60.70769882 0 1 0 33.33289719 0 0 1 60.54160309 0 0 0 1 0.7210445517 0.01208221245 0.6927833533 -0 -0.01208221245 0.9999151795 -0.004863532234 -0 -0.6927833533 -0.004863532234 0.7211293722 -0 0 0 0 1 32 2.108178218 0.8771869172 0.03125 2.622152778 0.9914440274 0.03125 3.023914101 1.154058108 0.03125 3.305948095 1.358997543 0.03125 3.461748792 1.60439053 0.03125 3.503733863 1.87892087 0.03125 3.475252851 2.173780427 0.03125 3.395840789 2.471630612 0.03125 3.322352688 2.758470458 0.03125 3.275110599 3.014595577 0.03125 3.301463031 3.22308355 0.03125 3.413249313 3.36655567 0.03125 3.642535318 3.430261409 0.03125 3.983509366 3.40705051 0.03125 4.423107336 3.29373909 0.03125 4.88554414 3.078644816 0.03125 4.557831346 2.427720611 0.03125 5.009670746 2.169755336 0.03125 5.448327202 1.931250999 0.03125 5.81001648 1.704062771 0.03125 6.056171939 1.500795933 0.03125 6.184428449 1.325256709 0.03125 6.183346473 1.179728833 0.03125 6.059060619 1.058068556 0.03125 5.826432027 0.9561828028 0.03125 5.496353432 0.8676470518 0.03125 5.112018735 0.7886176548 0.03125 4.686055868 0.7170888186 0.03125 4.271665927 0.6517163431 0.03125 3.880569032 0.5931456534 0.03125 3.559042935 0.540962468 0.03125 3.323207691 0.497211948 0.03125 1 3 1 1 1 1 500 0.0004
-4.316567698 87.9 60.70769882 33.33289719 60.54160309 78.46451265 3.230113861 68.36167567 0.7463635782 0.0516485055 0.6635313414 0.5798685022 0.4651024962 -0.6689037211 0.7463635782 -0.0516485055 -0.6635313414 0 0.0516485055 0.9984725013 -0.01962386445 0 0.6635313414 -0.01962386445 0.7478910769 0 0 0 0 1 1 0 0 60.70769882 0 1 0 33.33289719 0 0 1 60.54160309 0 0 0 1 0.7463635782 0.0516485055 0.6635313414 -0 -0.0516485055 0.9984725013 -0.01962386445 -0 -0.6635313414 -0.01962386445 0.7478910769 -0 0 0 0 1 32 1.81092662 0.7336515877 0.03125 2.485745117 0.7679941752 0.03125 3.009889301 0.891286297 0.03125 3.337591198 1.109765999 0.03125 3.442352292 1.417605773 0.03125 3.351170504 1.782475527 0.03125 3.182404856 2.18345559 0.03125 2.985210077 2.583761444 0.03125 2.883341288 2.960021282 0.03125 2.922863274 3.279759993 0.03125 3.132012752 3.515861242 0.03125 3.518268068 3.643854808 0.03125 4.050573639 3.641019081 0.03125 4.686007855 3.508304794 0.03125 5.379863814 3.247626897 0.03125 5.963298303 2.85042835 0.03125 5.908662211 2.164711444 0.03125 6.257461048 1.777796881 0.03125 6.540563243 1.48418635 0.03125 6.657369817 1.251712912 0.03125 6.628431436 1.086509854 0.03125 6.477594455 0.9730491282 0.03125 6.228741552 0.899857778 0.03125 5.905684968 0.8436655348 0.03125 5.510805648 0.7932385762 0.03125 5.061964064 0.7395445618 0.03125 4.581805887 0.6806974123 0.03125 4.085802581 0.6213015898 0.03125 3.622729836 0.5641349181 0.03125 3.206721359 0.5153953981 0.03125 2.87954018 0.4761210754 0.03125 2.671826965 0.449486933 0.03125 1 3 1 1 1 1 500 0.0004
-4.270755152 87.9 60.70769882 33.33289719 60.54160309 79.33646015 8.112589452 64.7708944 0.7659112818 0.2074894039 0.6085458533 0.5355087127 0.4865304457 -0.6903032262 0.7659112818 -0.2074894039 -0.6085458533 0 0.2074894039 0.9756206027 -0.07150235555 0 0.6085458533 -0.07150235555 0.7902906791 0 0 0 0 1 1 0 0 60.70769882 0 1 0 33.33289719 0 0 1 60.54160309 0 0 0 1 0.7659112818 0.2074894039 0.6085458533 -0 -0.2074894039 0.9756206027 -0.07150235555 -0 -0.6085458533 -0.07150235555 0.7902906791 -0 0 0 0 1 32 2.325844195 0.7968283935 0.03125 2.776693332 0.8610322757 0.03125 3.095663677 0.9919148225 0.03125 3.282021114 1.18259399 0.03125 3.354330938 1.427857303 0.03125 3.336577702 1.707108169 0.03125 3.303000533 2.006711048 0.03125 3.283414507 2.30042743 0.03125 3.346253648 2.568555275 0.03125 3.512877972 2.785207302 0.03125 3.798418259 2.929584882 0.03125 4.198591258 2.987569452 0.03125 4.68985193 2.949585443 0.03125 5.238878736 2.826892143 0.03125 5.807483525 2.632044022 0.03125 6.261547852 2.355895728 0.03125 6.008429869 1.772707298 0.03125 6.296778274 1.540385747 0.03125 6.5509183 1.390758915 0.03125 6.679275656 1.280610863 0.03125 6.666971067 1.207912157 0.03125 6.526687676 1.15338215 0.03125 6.268000011 1.106054398 0.03125 5.907595813 1.049292133 0.03125 5.472395209 0.9780725752 0.03125 4.97807365 0.8933491128 0.03125 4.479052462 0.7991254995 0.03125 3.988420889 0.7070145127 0.03125 3.562688456 0.6223373188 0.03125 3.211588938 0.5535354536 0.03125 2.95444771 0.5014089703 0.03125 2.81280602 0.467632776 0.03125 1 3 1 1 1 1 500 0.0004
-4.449840134 87.9 60.90769958 33.33289719 60.54160309 68.80096844 13.7285087 68.29975031 0.8016387559 0.3799613976 0.4615242588 0.5098794828 0.4773572096 -0.715648662 0.8016387559 -0.3799613976 -0.4615242588 0 0.3799613976 0.9198670304 -0.09733438616 0 0.4615242588 -0.09733438616 0.8817717255 0 0 0 0 1 1 0 0 60.90769958 0 1 0 33.33289719 0 0 1 60.54160309 0 0 0 1 0.8016387559 0.3799613976 0.4615242588 -0 -0.3799613976 0.9198670304 -0.09733438616 -0 -0.4615242588 -0.09733438616 0.8817717255 -0 0 0 0 1 32 2.126504208 0.756890871 0.03125 2.958915838 0.7999717272 0.03125 3.708958828 0.8835045122 0.03125 4.290035052 1.005482754 0.03125 4.655120182 1.163370108 0.03125 4.810292048 1.338350721 0.03125 4.775115422 1.516364636 0.03125 4.576516676 1.675005642 0.03125 4.312496941 1.800090029 0.03125 4.020434767 1.879606939 0.03125 3.832698437 1.904625975 0.03125 3.776843081 1.874648961 0.03125 3.926728042 1.787252652 0.03125 4.282015595 1.654383759 0.03125 4.804627061 1.484666105 0.03125 5.351539872 1.250695691 0.03125 5.436538354 0.7960163772 0.03125 6.017484392 0.6350624199 0.03125 6.615511552 0.5862714955 0.03125 7.083699465 0.5932459661 0.03125 7.355545957 0.6502817376 0.03125 7.414728129 0.7291765535 0.03125 7.256923151 0.8099716882 0.03125 6.895894306 0.8631323245 0.03125 6.389187473 0.8762100252 0.03125 5.772183622 0.8472385978 0.03125 5.152077568 0.7818276679 0.03125 4.563257523 0.6999917047 0.03125 4.099325098 0.6127764511 0.03125 3.77784195 0.5377789307 0.03125 3.602076596 0.479717 0.03125 3.587984358 0.4439447353 0.03125 1 3 1 1 1 1 500 0.0004
-5.122581476 87.9 60.40769958 33.23289871 60.4416008 82.74001223 40.55134152 66.31755115 0.7138927376 0.6925691081 0.1034658869 0.5471271391 0.63370542 -0.54687232 0.7138927376 -0.6925691081 -0.1034658869 0 0.6925691081 0.7201388635 -0.04180966254 0 0.1034658869 -0.04180966254 0.9937538741 0 0 0 0 1 1 0 0 60.40769958 0 1 0 33.23289871 0 0 1 60.4416008 0 0 0 1 0.7138927376 0.6925691081 0.1034658869 -0 -0.6925691081 0.7201388635 -0.04180966254 -0 -0.1034658869 -0.04180966254 0.9937538741 -0 0 0 0 1 32 1.201305461 0.6540132491 0.03125 2.358303317 0.6956455507 0.03125 3.303950951 0.8162681545 0.03125 3.880612051 1.036620906 0.03125 4.061121428 1.359701831 0.03125 3.880051885 1.756896137 0.03125 3.531208624 2.200471152 0.03125 3.105229045 2.638494028 0.03125 2.896943995 3.02100255 0.03125 3.002994914 3.281240343 0.03125 3.565088524 3.351689671 0.03125 4.576522902 3.187109134 0.03125 5.885431891 2.77011808 0.03125 7.339413776 2.179863128 0.03125 8.647101171 1.525960473 0.03125 9.493356989 0.924678443 0.03125 9.648469869 0.4673737089 0.03125 9.631146786 0.4402926441 0.03125 9.455822765 0.7637894842 0.03125 9.04441166 1.240228383 0.03125 8.521097944 1.752013635 0.03125 7.965608456 2.151313812 0.03125 7.425648394 2.37285967 0.03125 6.937253455 2.382660914 0.03125 6.461621746 2.207228994 0.03125 5.99359845 1.910597871 0.03125 5.466182721 1.551835074 0.03125 4.871964315 1.204888368 0.03125 4.217884515 0.9025884794 0.03125 3.515652017 0.6749088097 0.03125 2.869611185 0.5190714198 0.03125 2.346246014 0.4325984423 0.03125 1 3 1 1 1 1 500 0.0004
-5.008102121 87.9 60.40769958 33.23289871 60.4416008 69.14307012 16.62150922 83.34366965 0.7303023427 0.4291482601 0.5314981271 0.731687835 0.1138985641 -0.672056567 0.7303023427 -0.4291482601 -0.5314981271 0 0.4291482601 0.8935629776 -0.1318217579 0 0.5314981271 -0.1318217579 0.8367393651 0 0 0 0 1 1 0 0 60.40769958 0 1 0 33.23289871 0 0 1 60.4416008 0 0 0 1 0.7303023427 0.4291482601 0.5314981271 -0 -0.4291482601 0.8935629776 -0.1318217579 -0 -0.5314981271 -0.1318217579 0.8367393651 -0 0 0 0 1 32 2.346970924 0.8526946671 0.03125 2.495726702 0.8963339503 0.03125 2.630675807 0.9690540943 0.03125 2.755275345 1.071803469 0.03125 2.883233424 1.204532267 0.03125 3.021937976 1.362060035 0.03125 3.186053387 1.539691714 0.03125 3.38279851 1.727450927 0.03125 3.620035458 1.917332924 0.03125 3.901859732 2.09728048 0.03125 4.224431909 2.258693253 0.03125 4.586479893 2.390860452 0.03125 4.972357146 2.487746892 0.03125 5.375106988 2.543306456 0.03125 5.772755222 2.556407051 0.03125 6.149512564 2.525148605 0.03125 5.50792157 1.968788092 0.03125 5.808239443 1.879640716 0.03125 6.060633819 1.773993586 0.03125 6.253435261 1.654369683 0.03125 6.37565783 1.525525333 0.03125 6.423341836 1.392873073 0.03125 6.394387236 1.26073262 0.03125 6.288424243 1.133791646 0.03125 6.115862192 1.014942672 0.03125 5.879767197 0.9072118226 0.03125 5.60394193 0.8116806499 0.03125 5.293937012 0.7293254549 0.03125 4.983185484 0.6596952912 0.03125 4.678556457 0.6018463467 0.03125 4.417983889 0.5543810906 0.03125 4.208510457 0.5150264136 0.03125 1 3 1 1 1 1 500 0.0004
-4.911063589 87.9 60.90769958 33.33289719 60.54160309 69.17177089 14.71135672 84.71973868 0.5501472221 0.3699224179 0.7486624331 0.7587052573 0.1651312002 -0.6301571385 0.5501472221 -0.3699224179 -0.7486624331 0 0.3699224179 0.9117228394 -0.1786585258 0 0.7486624331 -0.1786585258 0.6384243827 0 0 0 0 1 1 0 0 60.90769958 0 1 0 33.33289719 0 0 1 60.54160309 0 0 0 1 0.5501472221 0.3699224179 0.7486624331 -0 -0.3699224179 0.9117228394 -0.1786585258 -0 -0.7486624331 -0.1786585258 0.6384243827 -0 0 0 0 1 32 0.5108774233 0.8753502052 0.03125 0.9347267868 0.9441417549 0.03125 1.3297698 1.024663984 0.03125 1.695125019 1.122843496 0.03125 2.03949239 1.243282864 0.03125 2.367404219 1.385899243 0.03125 2.691822242 1.549803031 0.03125 3.019240866 1.728522108 0.03125 3.360615958 1.916014724 0.03125 3.721643365 2.101283046 0.03125 4.104320166 2.275384804 0.03125 4.510466549 2.426385143 0.03125 4.928055598 2.545955118 0.03125 5.35351025 2.625323795 0.03125 5.767104342 2.660429466 0.03125 6.155713328 2.646725666 0.03125 5.524400077 2.102852933 0.03125 5.837367484 2.021545177 0.03125 6.106797872 1.918110242 0.03125 6.321143104 1.795540361 0.03125 6.468806832 1.659096701 0.03125 6.545413558 1.515352524 0.03125 6.547742708 1.369547409 0.03125 6.475002868 1.227615502 0.03125 6.336585832 1.093367419 0.03125 6.135360831 0.9707287882 0.03125 5.893195075 0.8613881042 0.03125 5.615749304 0.7666609613 0.03125 5.333620202 0.6862921013 0.03125 5.053870848 0.6192453038 0.03125 4.811052799 0.5640265814 0.03125 4.612324887 0.5180329914 0.03125 1 3 1 1 1 1 500 0.0004
-4.981346599 87.9 60.90769958 33.33289719 60.54160309 68.36789908 14.07902632 85.93893875 0.7067078252 0.3230493136 0.6294467339 0.7200315311 0.2430655034 -0.6499798114 0.7067078252 -0.3230493136 -0.6294467339 0 0.3230493136 0.9388525338 -0.1191430263 0 0.6294467339 -0.1191430263 0.7678552913 0 0 0 0 1 1 0 0 60.90769958 0 1 0 33.33289719 0 0 1 60.54160309 0 0 0 1 0.7067078252 0.3230493136 0.6294467339 -0 -0.3230493136 0.9388525338 -0.1191430263 -0 -0.6294467339 -0.1191430263 0.7678552913 -0 0 0 0 1 32 1.515301397 0.8420632935 0.03125 2.325323982 0.9273557892 0.03125 2.982561315 1.047733134 0.03125 3.461120896 1.207204625 0.03125 3.745260334 1.411171488 0.03125 3.84140333 1.654609837 0.03125 3.811616912 1.932370602 0.03125 3.677753381 2.22704177 0.03125 3.543950165 2.523848496 0.03125 3.441790461 2.797723651 0.03125 3.452243731 3.027552135 0.03125 3.598911469 3.18867284 0.03125 3.861429091 3.260909196 0.03125 4.239400076 3.231692431 0.03125 4.693980399 3.092878796 0.03125 5.152387919 2.831845377 0.03125 4.821547189 2.114279725 0.03125 5.279982087 1.779674053 0.03125 5.761354883 1.45169121 0.03125 6.197650337 1.136183578 0.03125 6.563278607 0.8568846664 0.03125 6.848193012 0.6335755897 0.03125 7.018626952 0.4785929359 0.03125 7.075042457 0.3893645052 0.03125 7.000812649 0.36048679 0.03125 6.807065588 0.371470833 0.03125 6.525947661 0.407569857 0.03125 6.17533895 0.4479520231 0.03125 5.816693602 0.4817685896 0.03125 5.467271123 0.5001998938 0.03125 5.181706927 0.5009140004 0.03125 4.975991712 0.4881775255 0.03125 1 3 1 1 1 1 500 0.0004
-4.675367854 87.9 60.90769958 33.33289719 60.54160309 75.84078739 7.379182957 83.35376054 0.6865492711 0.3268955172 0.6494531694 0.8010132203 0.24166465 -0.5477006645 0.6865492711 -0.3268955172 -0.6494531694 0 0.3268955172 0.9366394561 -0.1258803009 0 0.6494531694 -0.1258803009 0.749909815 0 0 0 0 1 1 0 0 60.90769958 0 1 0 33.33289719 0 0 1 60.54160309 0 0 0 1 0.6865492711 0.3268955172 0.6494531694 -0 -0.3268955172 0.9366394561 -0.1258803009 -0 -0.6494531694 -0.1258803009 0.749909815 -0 0 0 0 1 32 0.4848513072 0.8416615515 0.03125 1.692559996 0.8985372782 0.03125 2.733709284 0.9720266723 0.03125 3.550158818 1.073107512 0.03125 4.096557689 1.214352405 0.03125 4.36467373 1.402426815 0.03125 4.417355166 1.639997469 0.03125 4.266418941 1.918956628 0.03125 4.038709008 2.227751521 0.03125 3.76649765 2.54348012 0.03125 3.563285221 2.842706642 0.03125 3.467735792 3.095875087 0.03125 3.529285772 3.276227597 0.03125 3.768743681 3.361284336 0.03125 4.178061389 3.335324155 0.03125 4.692434335 3.17591788 0.03125 4.469703463 2.540413343 0.03125 5.075035167 2.267842089 0.03125 5.676384282 1.993002888 0.03125 6.195003639 1.719503233 0.03125 6.572489125 1.47016018 0.03125 6.797889574 1.259195796 0.03125 6.863076732 1.094688865 0.03125 6.775647125 0.9710849183 0.03125 6.563077999 0.882319142 0.03125 6.241733063 0.8148694833 0.03125 5.857439314 0.7598870551 0.03125 5.427435156 0.708890255 0.03125 5.003266516 0.6577172449 0.03125 4.599330241 0.6056043521 0.03125 4.262184907 0.552415677 0.03125 4.008474768 0.502859858 0.03125 1 3 1 1 1 1 500 0.0004
-4.62819818 87.9 60.90769958 33.33289719 60.54160309 79.25202562 7.742091727 88.60115495 0.6227547354 0.3011242971 0.7221500517 0.8275625846 0.2487963586 -0.503230107 0.6227547354 -0.3011242971 -0.7221500517 0 0.3011242971 0.9441222753 -0.1340048018 0 0.7221500517 -0.1340048018 0.6786324601 0 0 0 0 1 1 0 0 60.90769958 0 1 0 33.33289719 0 0 1 60.54160309 0 0 0 1 0.6227547354 0.3011242971 0.7221500517 -0 -0.3011242971 0.9441222753 -0.1340048018 -0 -0.7221500517 -0.1340048018 0.6786324601 -0 0 0 0 1 32 -0.1779134305 0.8300318824 0.03125 1.005722291 0.8167515543 0.03125 2.072549456 0.7849794857 0.03125 2.948881304 0.777976975 0.03125 3.57767976 0.8314904481 0.03125 3.941877045 0.9700624751 0.03125 4.087899108 1.208070442 0.03125 4.013497603 1.542310933 0.03125 3.823927689 1.962226535 0.03125 3.542425047 2.437313946 0.03125 3.295147886 2.932735184 0.03125 3.130601176 3.39838134 0.03125 3.145091479 3.78549964 0.03125 3.381203283 4.046350123 0.03125 3.84365349 4.144596122 0.03125 4.478920528 4.048042948 0.03125 4.380704799 3.390856877 0.03125 5.151784607 3.061291874 0.03125 5.888630926 2.685735574 0.03125 6.494886712 2.289760645 0.03125 6.905040812 1.912013864 0.03125 7.103794017 1.583683418 0.03125 7.096096269 1.323084968 0.03125 6.903332737 1.130187266 0.03125 6.573834318 0.9985110446 0.03125 6.138185619 0.9085649184 0.03125 5.649875693 0.845079166 0.03125 5.131712342 0.7902934763 0.03125 4.629407087 0.7345813019 0.03125 4.157339071 0.6715509349 0.03125 3.762107563 0.5995327076 0.03125 3.459014279 0.5243193185 0.03125 1 3 1 1 1 1 500 0.0004
-4.785310721 87.9 60.90769958 33.33289719 60.54160309 82.30218518 9.649206253 90.24150471 0.691974045 0.299276432 0.6569669233 0.8259619898 0.3699680804 -0.425335645 0.691974045 -0.299276432 -0.6569669233 0 0.299276432 0.9470639736 -0.1162043338 0 0.6569669233 -0.1162043338 0.7449100714 0 0 0 0 1 1 0 0 60.90769958 0 1 0 33.33289719 0 0 1 60.54160309 0 0 0 1 0.691974045 0.299276432 0.6569669233 -0 -0.299276432 0.9470639736 -0.1162043338 -0 -0.6569669233 -0.1162043338 0.7449100714 -0 0 0 0 1 32 1.315804668 0.8337499277 0.03125 2.1553335 0.90351167 0.03125 2.834412428 1.020187286 0.03125 3.324133696 1.191874925 0.03125 3.606810071 1.425476524 0.03125 3.687829353 1.717454718 0.03125 3.631385243 2.062728455 0.03125 3.458954833 2.443606246 0.03125 3.276023941 2.843120585 0.03125 3.118650291 3.232661781 0.03125 3.077188653 3.585908319 0.03125 3.185612702 3.870579569 0.03125 3.467598127 4.059480774 0.03125 3.926072848 4.132092097 0.03125 4.503820753 4.077324125 0.03125 5.112593769 3.880335517 0.03125 4.908853237 3.209339041 0.03125 5.447961003 2.906121598 0.03125 5.935665948 2.608580976 0.03125 6.301957103 2.318825887 0.03125 6.529294646 2.057011055 0.03125 6.622182783 1.832643185 0.03125 6.594354223 1.650098378 0.03125 6.463744577 1.500913305 0.03125 6.255980402 1.377756954 0.03125 5.988263211 1.267153157 0.03125 5.680944951 1.160786865 0.03125 5.345870422 1.050953193 0.03125 5.006321634 0.9340066965 0.03125 4.671163024 0.8096501091 0.03125 4.383148022 0.6782061757 0.03125 4.155632347 0.5501118677 0.03125 1 3 1 1 1 1 500 0.0004
-4.743908856 87.9 60.90769958 33.33289719 60.54160309 85.0847214 9.338418741 93.88560106 0.6841811239 0.2959325879 0.6665733966 0.8169323759 0.3545834081 -0.4548539325 0.6841811239 -0.2959325879 -0.6665733966 0 0.2959325879 0.9480007849 -0.117125639 0 0.6665733966 -0.117125639 0.7361803391 0 0 0 0 1 1 0 0 60.90769958 0 1 0 33.33289719 0 0 1 60.54160309 0 0 0 1 0.6841811239 0.2959325879 0.6665733966 -0 -0.2959325879 0.9480007849 -0.117125639 -0 -0.6665733966 -0.117125639 0.7361803391 -0 0 0 0 1 32 1.181815342 0.8302644737 0.03125 2.073208753 0.899467729 0.03125 2.787252678 1.019448876 0.03125 3.291524347 1.197762239 0.03125 3.568093066 1.440575526 0.03125 3.622133429 1.743323806 0.03125 3.520348127 2.100879888 0.03125 3.284859182 2.495986704 0.03125 3.025626871 2.913372614 0.03125 2.78155488 3.325960662 0.03125 2.658289591 3.708678447 0.03125 2.695618192 4.028383213 0.03125 2.932617713 4.255143443 0.03125 3.376893797 4.363662633 0.03125 3.97027186 4.337190746 0.03125 4.618908786 4.15536116 0.03125 4.479416753 3.493892914 0.03125 5.068541395 3.182665766 0.03125 5.603440506 2.869023085 0.03125 6.007209364 2.55636695 0.03125 6.276289833 2.266431552 0.03125 6.416346721 2.011532948 0.03125 6.454006571 1.798542209 0.03125 6.408092645 1.621663311 0.03125 6.283963866 1.475776509 0.03125 6.098680769 1.347337316 0.03125 5.852233574 1.227795282 0.03125 5.557204067 1.106911225 0.03125 5.241822053 0.9795516899 0.03125 4.916267053 0.843706204 0.03125 4.637964653 0.6990247169 0.03125 4.420907673 0.5576836107 0.03125 1 3 1 1 1 1 500 0.0004
-4.751911522 87.9 60.90769958 33.33289719 60.54160309 86.15152602 9.212168139 93.71502305 0.6915125051 0.2874286126 0.6627180758 0.845473125 0.3251836066 -0.423592749 0.6915125051 -0.2874286126 -0.6627180758 0 0.2874286126 0.9511589734 -0.1126117226 0 0.6627180758 -0.1126117226 0.7403535317 0 0 0 0 1 1 0 0 60.90769958 0 1 0 33.33289719 0 0 1 60.54160309 0 0 0 1 0.6915125051 0.2874286126 0.6627180758 -0 -0.2874286126 0.9511589734 -0.1126117226 -0 -0.6627180758 -0.1126117226 0.7403535317 -0 0 0 0 1 32 1.305098143 0.8455787674 0.03125 2.155568759 0.9351259079 0.03125 2.836989825 1.074953923 0.03125 3.321922379 1.270003438 0.03125 3.590218797 1.525548469 0.03125 3.645590298 1.837853295 0.03125 3.547868706 2.201964541 0.03125 3.316131542 2.60174411 0.03125 3.053913812 3.021410537 0.03125 2.79758452 3.433973658 0.03125 2.652453917 3.813827047 0.03125 2.659335469 4.127883338 0.03125 2.874669559 4.347104569 0.03125 3.310700599 4.446491489 0.03125 3.917260833 4.411064932 0.03125 4.606451094 4.222132385 0.03125 4.503110978 3.546721303 0.03125 5.157051218 3.232315485 0.03125 5.747215462 2.915662187 0.03125 6.196862805 2.602123448 0.03125 6.479649962 2.314487093 0.03125 6.599298004 2.064740173 0.03125 6.571465655 1.85847774 0.03125 6.419061924 1.687190683 0.03125 6.177530574 1.54288573 0.03125 5.869660383 1.410783082 0.03125 5.528894755 1.281858014 0.03125 5.169198374 1.148497511 0.03125 4.818577376 1.007478343 0.03125 4.484995912 0.8599532531 0.03125 4.20594778 0.7068538883 0.03125 3.9932179 0.5602116903 0.03125 1 3 1 1 1 1 500 0.0004
-4.760084026 87.9 60.90769958 33.33289719 60.54160309 85.85507917 8.788434859 94.16655256 0.6986449741 0.3071766715 0.646171566 0.8499814588 0.3014697057 -0.4320272402 0.6986449741 -0.3071766715 -0.646171566 0 0.3071766715 0.9444513074 -0.1168512749 0 0.646171566 -0.1168512749 0.7541936667 0 0 0 0 1 1 0 0 60.90769958 0 1 0 33.33289719 0 0 1 60.54160309 0 0 0 1 0.6986449741 0.3071766715 0.646171566 -0 -0.3071766715 0.9444513074 -0.1168512749 -0 -0.646171566 -0.1168512749 0.7541936667 -0 0 0 0 1 32 1.336634962 0.8506719298 0.03125 2.214141246 0.947520098 0.03125 2.919523033 1.091440226 0.03125 3.422619279 1.287380751 0.03125 3.699657837 1.541321516 0.03125 3.753381585 1.850332099 0.03125 3.644737726 2.209799327 0.03125 3.393508529 2.603551014 0.03125 3.110722574 3.015577145 0.03125 2.834554642 3.418418637 0.03125 2.676444395 3.786353536 0.03125 2.677620246 4.086815841 0.03125 2.882821318 4.29186434 0.03125 3.302332436 4.378714415 0.03125 3.881056139 4.334188561 0.03125 4.53095647 4.141048084 0.03125 4.387646743 3.468449042 0.03125 4.999611504 3.160574297 0.03125 5.55886777 2.852702693 0.03125 5.990226881 2.548446457 0.03125 6.271888679 2.269205714 0.03125 6.407363802 2.026449957 0.03125 6.407529954 1.825907864 0.03125 6.293295502 1.659630239 0.03125 6.089256599 1.52037787 0.03125 5.816579865 1.393458136 0.03125 5.503858194 1.269923118 0.03125 5.164669703 1.141429884 0.03125 4.827132162 1.004373721 0.03125 4.499409396 0.8594195462 0.03125 4.22145655 0.707343374 0.03125 4.005007361 0.5606203676 0.03125 1 3 1 1 1 1 500 0.0004
-4.775027235 87.9 60.90769958 33.33289719 60.54160309 86.74025586 10.53046596 93.63606247 0.6874681091 0.2590569501 0.6784372451 0.8262210181 0.4068661803 -0.3896392442 0.6874681091 -0.2590569501 -0.6784372451 0 0.2590569501 0.9602300612 -0.1041524178 0 0.6784372451 -0.1041524178 0.7272380479 0 0 0 0 1 1 0 0 60.90769958 0 1 0 33.33289719 0 0 1 60.54160309 0 0 0 1 0.6874681091 0.2590569501 0.6784372451 -0 -0.2590569501 0.9602300612 -0.1041524178 -0 -0.6784372451 -0.1041524178 0.7272380479 -0 0 0 0 1 32 0.3779028808 0.7924622472 0.03125 1.753694029 0.8636380633 0.03125 2.926482774 0.9903187495 0.03125 3.734715959 1.19476289 0.03125 4.139023214 1.493043445 0.03125 4.132986883 1.874991649 0.03125 3.85327303 2.32452702 0.03125 3.346585562 2.80545926 0.03125 2.824511359 3.29063131 0.03125 2.370402949 3.745373184 0.03125 2.14641143 4.143906786 0.03125 2.221557321 4.456399566 0.03125 2.600292026 4.652257408 0.03125 3.27326753 4.70699042 0.03125 4.115747631 4.599428715 0.03125 4.945345192 4.298848673 0.03125 5.139046695 3.626797577 0.03125 5.772719954 3.21977813 0.03125 6.317864343 2.861468456 0.03125 6.654382979 2.544653055 0.03125 6.779798391 2.292050087 0.03125 6.717100061 2.100159293 0.03125 6.510621278 1.959012261 0.03125 6.205126228 1.837464246 0.03125 5.853742664 1.716800473 0.03125 5.490079683 1.578477983 0.03125 5.134465002 1.417093111 0.03125 4.798939936 1.238384771 0.03125 4.481090444 1.047825841 0.03125 4.184300172 0.8604974644 0.03125 3.929509371 0.6818449021 0.03125 3.73755143 0.5355505704 0.03125 1 3 1 1 1 1 500 0.0004
-4.608074584 87.9 60.90769958 33.33289719 60.54160309 84.92278221 9.215517201 94.43376587 0.6166761508 0.3262999654 0.7164069079 0.8242210559 0.271743437 -0.496804947 0.6166761508 -0.3262999654 -0.7164069079 0 0.3262999654 0.934141623 -0.1445951616 0 0.7164069079 -0.1445951616 0.6825345278 0 0 0 0 1 1 0 0 60.90769958 0 1 0 33.33289719 0 0 1 60.54160309 0 0 0 1 0.6166761508 0.3262999654 0.7164069079 -0 -0.3262999654 0.934141623 -0.1445951616 -0 -0.7164069079 -0.1445951616 0.6825345278 -0 0 0 0 1 32 0.06412398908 0.8406914931 0.03125 1.156734379 0.8625682975 0.03125 2.126858273 0.8811604245 0.03125 2.904412054 0.93167532 0.03125 3.437970229 1.04314315 0.03125 3.713559344 1.23298045 0.03125 3.782212765 1.510066421 0.03125 3.647192019 1.866785026 0.03125 3.417871976 2.290904182 0.03125 3.120871316 2.753387551 0.03125 2.872521779 3.224189978 0.03125 2.717625337 3.661745331 0.03125 2.72691566 4.027211246 0.03125 2.935097341 4.282776167 0.03125 3.338697719 4.398024099 0.03125 3.884035513 4.339426349 0.03125 3.71182658 3.73555657 0.03125 4.418446646 3.45466582 0.03125 5.146522375 3.11999722 0.03125 5.804907362 2.745722348 0.03125 6.337926514 2.364974701 0.03125 6.723744901 2.01089436 0.03125 6.935238767 1.70825636 0.03125 6.98011407 1.466770469 0.03125 6.845495641 1.28760829 0.03125 6.555263175 1.154286185 0.03125 6.147251618 1.051712389 0.03125 5.64593881 0.9596921329 0.03125 5.128722084 0.8665246522 0.03125 4.614619015 0.7655714619 0.03125 4.182880977 0.6549797471 0.03125 3.853038416 0.5433003247 0.03125 1 3 1 1 1 1 500 0.0004
-4.760594524 87.9 61.10770035 33.63290024 60.54160309 85.58317675 9.974844337 95.62920835 0.6741153259 0.2913784776 0.6787246203 0.8303451685 0.3039417747 -0.4670613438 0.6741153259 -0.2913784776 -0.6787246203 0 0.2913784776 0.9492858013 -0.1181314952 0 0.6787246203 -0.1181314952 0.7248295246 0 0 0 0 1 1 0 0 61.10770035 0 1 0 33.63290024 0 0 1 60.54160309 0 0 0 1 0.6741153259 0.2913784776 0.6787246203 -0 -0.2913784776 0.9492858013 -0.1181314952 -0 -0.6787246203 -0.1181314952 0.7248295246 -0 0 0 0 1 32 1.172916137 0.8387958785 0.03125 2.070683754 0.9216352194 0.03125 2.786285649 1.055034116 0.03125 3.289437548 1.245191334 0.03125 3.559085178 1.497886514 0.03125 3.600452691 1.808280723 0.03125 3.478982716 2.171085449 0.03125 3.216989069 2.569164376 0.03125 2.928885721 2.98752121 0.03125 2.653841845 3.400111178 0.03125 2.500602963 3.783261473 0.03125 2.509715552 4.105740986 0.03125 2.723684319 4.339141313 0.03125 3.1522706 4.458232258 0.03125 3.743410757 4.444493864 0.03125 4.406062617 4.273867543 0.03125 4.293236278 3.616686108 0.03125 4.927333816 3.304427007 0.03125 5.521677147 2.979381897 0.03125 5.995929185 2.646816019 0.03125 6.330122545 2.331511784 0.03125 6.524141422 2.05132208 0.03125 6.578954967 1.81680815 0.03125 6.5129455 1.624275418 0.03125 6.340191128 1.468486663 0.03125 6.082440267 1.334185147 0.03125 5.77074882 1.211315989 0.03125 5.421535863 1.088774226 0.03125 5.075803441 0.9613447811 0.03125 4.744308359 0.8275526968 0.03125 4.470763216 0.6875571735 0.03125 4.268684014 0.5528658411 0.03125 1 3 1 1 1 1 500 0.0004
-5.615006513 87.9 61.10770035 33.53289795 60.54160309 93.19626777 50.91988538 74.29455852 0.6542614718 0.7529522216 0.07074516588 0.5193326992 0.4497755499 -0.7266329901 0.6542614718 -0.7529522216 -0.07074516588 0 0.7529522216 0.6572869176 -0.03220030855 0 0.07074516588 -0.03220030855 0.9969745542 0 0 0 0 1 1 0 0 61.10770035 0 1 0 33.53289795 0 0 1 60.54160309 0 0 0 1 0.6542614718 0.7529522216 0.07074516588 -0 -0.7529522216 0.6572869176 -0.03220030855 -0 -0.07074516588 -0.03220030855 0.9969745542 -0 0 0 0 1 32 0.8427943753 0.875553472 0.03125 2.549046048 1.051793085 0.03125 3.888593384 1.283302891 0.03125 4.630985071 1.58443266 0.03125 4.655686537 1.991882482 0.03125 3.955839361 2.508653017 0.03125 2.812337179 3.118406581 0.03125 1.371767248 3.765429432 0.03125 0.1829277987 4.394135434 0.03125 -0.5079097999 4.923042312 0.03125 -0.3115603621 5.271928555 0.03125 0.8520410511 5.357637627 0.03125 2.781576505 5.110998491 0.03125 5.197586396 4.556603452 0.03125 7.480053477 3.784202435 0.03125 9.146528758 2.959893056 0.03125 9.546615193 2.150970693 0.03125 9.613460853 1.92395038 0.03125 9.252944059 2.112425067 0.03125 8.513128505 2.535499412 0.03125 7.724989283 3.063552466 0.03125 7.050966233 3.4991704 0.03125 6.567980881 3.740787225 0.03125 6.320438319 3.715510226 0.03125 6.133524679 3.444260869 0.03125 5.978213795 2.997165394 0.03125 5.693423804 2.453512196 0.03125 5.251106255 1.915223361 0.03125 4.650817402 1.42888444 0.03125 3.897965364 1.039400725 0.03125 3.141412388 0.7408643043 0.03125 2.445663522 0.5421606665 0.03125 1 3 1 1 1 1 500 0.0004
2.274165532 87.9 60.70769882 33.53289795 60.54160309 93.634896 60.40027821 67.20092723 0.04199282506 0.777161809 0.6278981807 0.6920669588 -0.6514128277 -0.3109737167 0.04199282506 -0.777161809 -0.6278981807 0 0.777161809 0.4203602339 -0.4683127122 0 0.6278981807 -0.4683127122 0.6216325911 0 0 0 0 1 1 0 0 60.70769882 0 1 0 33.53289795 0 0 1 60.54160309 0 0 0 1 0.04199282506 0.777161809 0.6278981807 -0 -0.777161809 0.4203602339 -0.4683127122 -0 -0.6278981807 -0.4683127122 0.6216325911 -0 0 0 0 1 32 -4.272033367 1.217947393 0.03125 -3.826670134 1.513854946 0.03125 -3.338450709 1.803853791 0.03125 -2.807793692 2.08011037 0.03125 -2.214185886 2.33546897 0.03125 -1.558611834 2.56160128 0.03125 -0.8361303192 2.751846844 0.03125 -0.05182645783 2.899254096 0.03125 0.779795559 2.999363576 0.03125 1.648381781 3.04875095 0.03125 2.524607062 3.046779733 0.03125 3.394094146 2.995060546 0.03125 4.220339584 2.897440338 0.03125 4.987959337 2.760408829 0.03125 5.660545276 2.591623341 0.03125 6.221372406 2.398678556 0.03125 5.655275075 1.72596855 0.03125 5.948139075 1.56608032 0.03125 6.125022784 1.409184139 0.03125 6.18247782 1.258072758 0.03125 6.122286967 1.116059763 0.03125 5.947962332 0.9868868984 0.03125 5.676916103 0.8723218439 0.03125 5.314724688 0.7744404081 0.03125 4.890932284 0.6932718261 0.03125 4.412361492 0.6289591786 0.03125 3.915230036 0.5800929994 0.03125 3.407138068 0.5451058798 0.03125 2.926351531 0.5218087683 0.03125 2.480846763 0.5076837929 0.03125 2.108328145 0.5006061407 0.03125 1.816523562 0.4980542837 0.03125 1 3 1 1 1 1 500 0.0004
2.262487725 87.9 60.90769958 33.53289795 60.54160309 90.39586915 69.5707135 66.3871888 -0.03803966373 0.8154860669 0.5775252883 0.7778493111 -0.4831545645 -0.4018857003 -0.03803966373 -0.8154860669 -0.5775252883 0 0.8154860669 0.3086850878 -0.4895875725 0 0.5775252883 -0.4895875725 0.6532752484 0 0 0 0 1 1 0 0 60.90769958 0 1 0 33.53289795 0 0 1 60.54160309 0 0 0 1 -0.03803966373 0.8154860669 0.5775252883 -0 -0.8154860669 0.3086850878 -0.4895875725 -0 -0.5775252883 -0.4895875725 0.6532752484 -0 0 0 0 1 32 -4.086290318 1.21524373 0.03125 -3.700196154 1.50301568 0.03125 -3.276351092 1.780045045 0.03125 -2.815616098 2.041096888 0.03125 -2.299051125 2.281291699 0.03125 -1.727520989 2.494674207 0.03125 -1.094519491 2.676431567 0.03125 -0.4035928369 2.821153161 0.03125 0.3351629641 2.925146261 0.03125 1.114486453 2.985274974 0.03125 1.910525467 3.000199461 0.03125 2.712909279 2.970325303 0.03125 3.491133839 2.89755809 0.03125 4.233511955 2.786169157 0.03125 4.908610412 2.641199623 0.03125 5.501993423 2.468224175 0.03125 4.997010759 1.809890414 0.03125 5.377553833 1.660592803 0.03125 5.663720766 1.508710119 0.03125 5.850545888 1.357282083 0.03125 5.933273247 1.209830192 0.03125 5.91280158 1.070955945 0.03125 5.799042913 0.9433630486 0.03125 5.594806663 0.8304655504 0.03125 5.323205312 0.7335838216 0.03125 4.988827888 0.6541971837 0.03125 4.622504972 0.5920892468 0.03125 4.230436315 0.5466506166 0.03125 3.847410911 0.5164698342 0.03125 3.480911148 0.499309773 0.03125 3.167275864 0.4931879795 0.03125 2.914654477 0.4949486636 0.03125 1 3 1 1 1 1 500 0.0004
-1.875810348 87.9 60.40769958 33.33289719 60.54160309 89.80927658 70.17009817 78.05103432 0.7642190528 0.06297418243 0.6418749814 0.09517593855 0.8653353701 -0.4920734071 0.7642190528 -0.06297418243 -0.6418749814 0 0.06297418243 0.9977521229 -0.02291186693 0 0.6418749814 -0.02291186693 0.7664669299 0 0 0 0 1 1 0 0 60.40769958 0 1 0 33.33289719 0 0 1 60.54160309 0 0 0 1 0.7642190528 0.06297418243 0.6418749814 -0 -0.06297418243 0.9977521229 -0.02291186693 -0 -0.6418749814 -0.02291186693 0.7664669299 -0 0 0 0 1 32 -2.659057327 0.4406283524 0.03125 -3.621561072 0.4872174542 0.03125 -4.566226409 0.6454569036 0.03125 -4.969632817 0.9498011314 0.03125 -4.812846158 1.402374755 0.03125 -4.085610374 1.978966492 0.03125 -2.929874979 2.578384967 0.03125 -1.452153758 3.06320478 0.03125 0.2123629565 3.280028255 0.03125 1.858000172 3.106448466 0.03125 3.370939283 2.505832982 0.03125 4.533008866 1.581123206 0.03125 5.344828793 0.5355572666 0.03125 5.726550369 -0.2947730284 0.03125 5.859848065 -0.6687406059 0.03125 5.676914635 -0.4722231374 0.03125 5.931826142 0.533025357 0.03125 5.911227083 1.75555568 0.03125 5.965700623 3.251715077 0.03125 6.100362617 4.649195208 0.03125 6.14128944 5.701486498 0.03125 6.22882902 6.170694965 0.03125 6.125159748 6.014808092 0.03125 5.752751474 5.291402595 0.03125 5.06993525 4.188435981 0.03125 3.976767161 2.989246982 0.03125 2.775750142 1.905605282 0.03125 1.536890594 1.102164595 0.03125 0.5170297847 0.5980362548 0.03125 -0.1818263941 0.3444803967 0.03125 -0.5461957931 0.2484719257 0.03125 -0.5443053708 0.2315263135 0.03125 1 3 1 1 1 1 500 0.0004
-1.771761651 87.9 60.50769806 33.63290024 60.54160309 81.65211552 65.74451196 81.66378445 0.7048458414 -0.06717739812 0.7061724556 -0.0670456828 0.8188141992 -0.5701299708 0.7048458414 0.06717739812 -0.7061724556 0 -0.06717739812 0.9973529555 0.02782587554 0 0.7061724556 0.02782587554 0.7074928859 0 0 0 0 1 1 0 0 60.50769806 0 1 0 33.63290024 0 0 1 60.54160309 0 0 0 1 0.7048458414 -0.06717739812 0.7061724556 -0 0.06717739812 0.9973529555 0.02782587554 -0 -0.7061724556 0.02782587554 0.7074928859 -0 0 0 0 1 32 -3.10750441 0.4297508515 0.03125 -4.228410951 0.4902600544 0.03125 -5.242814509 0.6371285273 0.03125 -5.609697806 0.9226434352 0.03125 -5.338226214 1.338543901 0.03125 -4.449002601 1.854614062 0.03125 -3.154876531 2.374566662 0.03125 -1.586806787 2.789899001 0.03125 0.06932754531 2.991851386 0.03125 1.647342012 2.90425889 0.03125 3.100712996 2.508155634 0.03125 4.294880725 1.86971378 0.03125 5.304831331 1.120752921 0.03125 6.047463451 0.5005722018 0.03125 6.537298113 0.2000681032 0.03125 6.628779523 0.3376896601 0.03125 7.057516183 1.197373903 0.03125 7.115953264 2.234405235 0.03125 7.363951946 3.513252532 0.03125 7.694384217 4.671763185 0.03125 7.623182839 5.472063773 0.03125 7.229451291 5.693199926 0.03125 6.402819707 5.343300958 0.03125 5.227529087 4.554564071 0.03125 4.049310253 3.540446403 0.03125 2.887698526 2.539192004 0.03125 1.937415808 1.6899601 0.03125 1.196634791 1.070023195 0.03125 0.6653503543 0.6634447615 0.03125 0.3374643746 0.4270273452 0.03125 0.1569382597 0.3022782054 0.03125 0.1099644265 0.2522250735 0.03125 1 3 1 1 1 1 500 0.0004
-1.777972307 87.9 61.00769806 32.93289948 60.54160309 73.51785162 57.08457941 87.94374956 0.5760598131 -0.1494754685 0.8036243998 -0.07929822721 0.6646988571 -0.7428911229 0.5760598131 0.1494754685 -0.8036243998 0 -0.1494754685 0.9858235611 0.07621673533 0 0.8036243998 0.07621673533 0.590236252 0 0 0 0 1 1 0 0 61.00769806 0 1 0 32.93289948 0 0 1 60.54160309 0 0 0 1 0.5760598131 -0.1494754685 0.8036243998 -0 0.1494754685 0.9858235611 0.07621673533 -0 -0.8036243998 0.07621673533 0.590236252 -0 0 0 0 1 32 -2.719587359 0.3953734687 0.03125 -3.519298215 0.5381125599 0.03125 -4.708520475 0.8401032778 0.03125 -5.42645454 1.376388131 0.03125 -5.531539581 2.11697787 0.03125 -4.989372528 2.983621064 0.03125 -3.923871579 3.81957073 0.03125 -2.469907024 4.463625867 0.03125 -0.768134589 4.771277751 0.03125 0.9526383604 4.652639784 0.03125 2.601602789 4.08680797 0.03125 3.987243091 3.133337526 0.03125 5.117756679 1.92090619 0.03125 5.927154495 0.6729026534 0.03125 6.41607653 -0.4029783468 0.03125 6.59927644 -1.060399076 0.03125 7.056006841 -0.938401252 0.03125 7.147553038 -0.3196620638 0.03125 7.350125901 0.8936459238 0.03125 7.446944943 2.439845929 0.03125 7.283587759 3.983656137 0.03125 6.879046846 5.088475627 0.03125 6.502463375 5.530838295 0.03125 6.108427973 5.237528845 0.03125 5.897798226 4.373403897 0.03125 5.601955894 3.276416965 0.03125 5.28872436 2.19560348 0.03125 4.834942747 1.342790516 0.03125 3.910629764 0.7639252891 0.03125 2.653581193 0.4313491076 0.03125 1.161140172 0.2768197196 0.03125 0.0109201718 0.2339327433 0.03125 1 3 1 1 1 1 500 0.0004
