-1.450075699   0.7287788928   0.3602483104   0.9779455556   0.01047160816   0.2085973052   -0.004915544194   0.9996196659   -0.02713597307   -0.2088021258   0.02551213499   0.9776250832   

-6.005070792   3.293983449   10.65227985   0.998489749   -0.05484896733   -0.003132400178   0.05452988455   0.9963936749   -0.06500873986   0.006686765973   0.06473975093   0.9978797782   

-5.055327267   2.482709855   6.079049682   0.9943239793   -0.01613464534   0.1051641448   0.01872293435   0.999544458   -0.02367125474   -0.1047343108   0.02550587759   0.9941731109   

-1.725044366   0.4074134701   5.627317983   0.997585276   0.003274623041   0.06937502406   -0.003688976378   0.9999761112   0.005845384694   -0.06935422534   -0.006087192528   0.9975735249   

-2.51737034   0.7115538314   5.236489445   0.9967118801   0.007263985594   0.0807010689   -0.00834923096   0.9998790914   0.0131184182   -0.08059601945   -0.01374907514   0.9966520178   

-1.3439509   6.427666384   4.868031107   0.9995075036   -0.02484501713   0.01916964475   0.02584428303   0.9982187268   -0.05377217244   -0.01779952783   0.05424111556   0.9983692094   

-0.1089018276   0.7438403615   -1.410000483   0.9998713614   -0.01357412538   -0.008544222532   0.01330621047   0.9994410354   -0.03066857658   0.008955745718   0.0305509402   0.9994930889   

-1.406433632   2.611925125   0.8967799676   0.999436476   -0.02942073305   0.01616016429   0.03036191041   0.9976473354   -0.06146501959   -0.01431379891   0.06192103604   0.9979784068   

-2.9198076   2.839131009   3.573007558   0.9998794504   0.01545924226   0.001447938181   -0.01550065372   0.999259518   0.03521569723   -0.0009024580138   -0.03523389598   0.9993786861   

0.1181716935   -0.1471184128   0.4868781292   0.9998802716   0.005321736292   0.01453002569   -0.005555220398   0.9998553358   0.01607628629   -0.01444236996   -0.016155079   0.9997651881   

-3.678611688   4.112642881   7.181010706   0.9987523625   -0.04353489154   0.02446286254   0.04575744939   0.9940182996   -0.0991659013   -0.01999935627   0.1001615364   0.9947701706   

-1.514270753   -1.724301025   1.321502118   0.9918166911   -0.0150217209   0.1267832766   0.01020457548   0.9992041996   0.03855948869   -0.1272616123   -0.03695017496   0.9911806932   

0.6933102219   -0.8735612744   0.2025787933   0.9991023148   0.01355255922   -0.04013592756   -0.01259178062   0.9996303722   0.02409493709   0.04044764027   -0.02356792462   0.9989036697   

-2.371933504   2.125099799   4.028221512   0.999306566   -0.01072366525   0.03565655897   0.01141608866   0.9997490867   -0.0192726903   -0.03544093838   0.0196663844   0.999178249   

-1.596264639   3.073127318   -1.632933588   0.99963909   0.01554516329   -0.02190976127   -0.01457398679   0.9989335884   0.04380964451   0.02256742453   -0.0434745206   0.9987996182   

-1.616564968   7.454826544   8.586160787   0.9971097815   -0.07367469797   0.01855054111   0.07596255613   0.9625011344   -0.2604251455   0.001331827073   0.2610816064   0.9653158141   

-0.6666870133   4.371816259   1.40159841   0.9989973316   -0.02098181899   0.03954863866   0.02162475286   0.9996397202   -0.01589968086   -0.03920078586   0.01673896829   0.9990911397   

4.024978642   6.688619519   1.499870191   0.9983428687   -0.01487414158   -0.05559025479   0.005807379911   0.9871276754   -0.1598287418   0.05725199432   0.1592410509   0.9855782551   

-0.7210998436   2.499953915   5.099530739   0.9964616396   0.004369835944   -0.0839351254   -0.01687933678   0.9887060545   -0.1489141558   0.08233643624   0.1498040131   0.9852814161   

2.028967415   0.6733561103   -1.964377351   0.9988115024   0.03387466186   -0.03504411328   -0.03379997834   0.999424912   0.00272153561   0.03511615093   -0.001533810801   0.9993820608   

2.282991197   0.7365758242   -1.599227895   0.9994179781   0.01307518983   -0.0315078479   -0.01400991005   0.9994627358   -0.02963042659   0.03110349641   0.03005460315   0.9990642088   

1.079726863   0.06951390438   0.8334659435   0.9987610134   0.03510905872   -0.03526743586   -0.03511754638   0.9993831169   0.000378942342   0.03525898428   0.0008600329768   0.9993778386   

-2.68665313   1.444361345   6.232403129   0.9988480343   -0.03585927222   -0.03188599974   0.03249962404   0.9944290011   -0.1002733079   0.03530409071   0.09912151345   0.9944488658   

-3.949771803   7.031500699   -3.74493809   0.9964923696   -0.07284113844   0.0411961867   0.07397933677   0.9968992704   -0.0268123563   -0.03911540591   0.02976597503   0.9987912553   

-12.99485992   -17.86399091   31.43402949   0.9371589515   -0.3311174864   0.1099741326   0.3422373485   0.8110804595   -0.4743649286   0.06787265278   0.4821925947   0.8734320836   

0.6667390136   3.644754867   1.51636574   0.9977904798   -0.06602197268   0.007433548466   0.06643848358   0.9920108538   -0.1072398894   -0.0002939717121   0.1074968144   0.9942053855   

-4.470680578   10.97732801   4.153073877   0.9998774971   -0.008277867097   0.0132841118   0.01149984124   0.9642599087   -0.264708485   -0.01061811477   0.2648288227   0.9642369783   

-3.852569366   1.767175409   3.992592496   0.9993324915   0.03358434903   0.01437577661   -0.03157564238   0.991973175   -0.1224426353   -0.01837254096   0.1219069794   0.9923714718   

-5.466741805   -2.259863839   -3.515282219   0.9896989677   -0.1240397028   -0.07148500122   0.1351305246   0.9742861599   0.1802948137   0.04728313222   -0.1880973967   0.9810115569   

-5.099561943   -4.259656469   -3.936607568   0.9985657619   -0.04910826448   -0.02132598211   0.05018645055   0.9973128733   0.05336996341   0.01864777022   -0.05436369352   0.9983470586   

-1.271337255   4.731605462   2.733855047   0.9948825818   0.1008315237   0.006453849046   -0.1010373696   0.9930443041   0.06045213011   -0.0003134776462   -0.06079485121   0.9981502331   

0.6776657098   0.6801834868   1.203689703   0.9933736804   0.1143669433   0.01135488417   -0.1144168136   0.9934254036   0.003841907749   -0.01084084315   -0.005115639707   0.9999281506   

-0.1820563723   0.5697437398   1.26999352   0.999759859   -0.0218658077   -0.001452829141   0.02166394993   0.9961637579   -0.08478467231   0.003301141077   0.08473283802   0.996398238   

-1.566566524   -1.004943834   -3.199927776   0.9998593542   -0.01554118977   -0.006304218465   0.01620914653   0.9919778016   0.1253686752   0.004305266401   -0.1254532286   0.9920901935   

-3.13455963   11.83851917   -8.990956209   0.9996172001   0.02539958239   0.0109687948   -0.01865401658   0.9115398146   -0.4107885028   -0.0204323496   0.4104266409   0.9116646815   

5.259235384   5.701353869   -2.534251528   0.9890503711   0.1167148183   0.09031619272   -0.1430253569   0.9089158594   0.3916831728   -0.03637458957   -0.4003118931   0.9156567465   

0.5709915125   0.3617074883   -0.8637173233   0.9978780092   -0.06506145271   -0.002546797168   0.06509653579   0.9977209363   0.01775878276   0.00138558065   -0.01788688646   0.9998390568   

-1.994594412   -0.5649661505   -9.448252034   0.9997821497   0.01532373922   0.01417166723   -0.01747809694   0.9857807556   0.1671251567   -0.01140917451   -0.1673364422   0.9858338328   

31.59876045   -35.7153303   -10.85394155   0.9709423553   0.2307595779   0.06341103892   -0.2353275427   0.8724846372   0.4282423443   0.04349586534   -0.4307209944   0.9014363731   

-0.01427460464   0.2650255814   0.1360473691   0.999654657   0.01309298349   0.02278465695   -0.01491357819   0.9965485168   0.08166173474   -0.02163682034   -0.0819733342   0.9963996289   

1.655311585   -4.18813539   2.366125522   0.9899683029   0.1329954967   -0.04769651146   -0.126270643   0.9842584409   0.12365697   0.06339151415   -0.1163938116   0.9911780852   

3.003097525   -3.867023996   2.378549405   0.9591875446   0.2401728279   -0.1492523604   -0.2201381499   0.9655219171   0.1389482729   0.1774780247   -0.1004213142   0.9789877989   

-0.08699151902   1.235141623   1.39034659   0.9964202541   0.08371414019   0.01177369628   -0.08441731561   0.9927403626   0.08567548834   -0.004515973673   -0.0863626957   0.9962535274   

-29.81033674   -4.426624631   20.0529234   0.696081964   0.1253205485   -0.7069403508   -0.2304979146   0.9715323392   -0.05473230589   0.67995633   0.2010464476   0.7051522638   

-3.026764858   0.2364970542   0.7102548672   0.9958296211   0.0905355317   0.01125536062   -0.09050347058   0.9958905828   -0.003327001982   -0.01151031954   0.002294477925   0.9999311216   

-6.82658263   4.336071959   -1.022689951   0.9201735979   -0.3759862956   -0.1091551886   0.376764675   0.9262002075   -0.01419702084   0.1064374436   -0.0280620954   0.9939233318   

-0.2544446533   -0.9472833796   0.3847730057   0.9878475554   0.1512157184   -0.03593067929   -0.1525823754   0.9875233946   -0.03893794851   0.02959435652   0.04394714564   0.9985954248   

-2.130652808   -3.180060763   0.7129133673   0.8906658851   0.406541154   -0.2035646612   -0.4323231755   0.8958883552   -0.1023754218   0.1407513874   0.1791880165   0.9736943574   

-0.904726326   0.009733336479   -0.1331882099   0.9967072587   0.008506393939   0.08063672656   -0.007157828254   0.9998298971   -0.01699830409   -0.08076760429   0.01636514924   0.9965986032   

-1.859125049   -0.2042678421   0.7419563475   0.9982466023   0.05733453277   -0.01471300044   -0.05755361173   0.9982308411   -0.01492547251   0.01383122581   0.01574608853   0.9997803548   

-5.527896189   0.1683688072   -0.5864517668   0.9589060069   0.1320567878   -0.2511180494   -0.1272236733   0.9912400247   0.03545913564   0.2536008811   -0.002053817472   0.9673067636   

0.3284977863   -0.2573209501   -1.529617316   0.9804465477   0.0792250352   0.1801331755   -0.05615886586   0.9899577356   -0.1297299636   -0.1886020915   0.1170772201   0.9750498324   

-0.3642414468   2.084777989   -0.2719116165   0.9898594467   0.08601198017   -0.1130496136   -0.08295083202   0.9960551312   0.03151721966   0.1153145062   -0.0218200581   0.9930893463   

-1.007039835   3.186777958   0.276732438   0.9669052807   0.1954116143   -0.1640380417   -0.1962118742   0.9804944231   0.01147112423   0.163079976   0.02109472101   0.9863873145   

10.34441465   5.557507131   -3.214621529   0.9820630937   0.01583554427   0.187886443   0.02373099942   0.9781626778   -0.2064815134   -0.1870532533   0.2072366069   0.9602416723   

2.823051732   2.8668545   -2.504951509   0.9967085321   -0.0806237401   0.00848024441   0.08038671236   0.9964419927   0.02532452543   -0.0104918296   -0.0245594716   0.9996433133   

-0.4995136264   8.089878454   -6.301345794   0.9536673601   -0.2453460264   0.1741375709   0.254184584   0.9666885066   -0.03005874819   -0.160961994   0.07292913306   0.9842624538   

-2.122193038   2.635096169   -0.917770412   0.952315351   0.1965551513   -0.2333699741   -0.1714149033   0.9774000643   0.1237176026   0.2524131598   -0.07781508059   0.9644855675   

-2.563922372   4.104653295   -1.435615308   0.9988869501   -0.04714438819   0.001505869073   0.04709605174   0.9986136998   0.02350830705   -0.00261206624   -0.02341122064   0.9997225074   

4.333112423   1.289624178   -1.278375917   0.9401792471   -0.2394281242   0.2423574978   0.2500208237   0.9681468595   -0.01346277042   -0.2314142845   0.07325183861   0.9700936022   

14.26928314   -1.209594137   -3.249701417   0.8800608271   -0.3731578828   0.2936769231   0.3844495709   0.922915776   0.02061547605   -0.2787318928   0.09476109418   0.9556824091   

-3.437234486   -0.1788308297   -0.5049583654   0.9981404421   -0.04559586388   0.04045584015   0.04576685386   0.9989466645   -0.003310068723   -0.04026230114   0.005155449983   0.9991758446   

-2.484756106   1.517570484   -6.908698993   0.9064028593   -0.2838845716   0.3127993072   0.2909510779   0.9564135657   0.02491107313   -0.3062373701   0.06842982768   0.9494925128   

28.08470974   -32.63057774   -0.5564179813   0.7105801417   0.07720382167   0.6993678804   -0.4108628316   0.8524300356   0.3233492972   -0.5711983857   -0.5171098571   0.6374400362   

-0.591100707   3.385541438   0.09134757859   0.9975967796   -0.06928159798   -0.0008517279021   0.06742811698   0.97358972   -0.2181203935   0.01594096295   0.2175387718   0.9759214971   

-1.501389127   5.997435319   2.604346072   0.9976161742   -0.03821304483   0.05746070202   0.04487462895   0.9918180515   -0.1195124276   -0.05242362776   0.1218060584   0.9911685262   

2.018169008   0.2179131565   1.350317766   0.9986007386   0.007032410271   -0.05241288053   -0.007623174814   0.9999095565   -0.01107998184   0.05233022115   0.0114640306   0.998564031   

0.1632195638   1.789140729   1.118676093   0.9996426931   -0.01236888578   -0.02369592287   0.01109121473   0.9985162954   -0.05331221941   0.02432017787   0.05303035402   0.9982967046   

0.8003480103   2.016755516   1.046552713   0.9995840498   -0.02512989059   -0.01414977043   0.02386025348   0.9962059937   -0.08369173444   0.01619925024   0.08331930574   0.9963912272   

3.254970297   3.604899851   2.120938874   0.9913354434   -0.02007869055   -0.129810958   -0.001154883656   0.9868775619   -0.1614662321   0.1313495522   0.1602171154   0.9783035168   

2.450264083   2.470184238   0.9809664491   0.9942599346   -0.009260903172   -0.106589953   -0.003886333025   0.9924633784   -0.1224799533   0.1069208998   0.1221911544   0.9867305828   

1.722576254   3.404455934   4.123637897   0.9881756097   -0.05435323794   -0.1433690692   0.02213650339   0.9758366858   -0.217376949   0.1517199384   0.2116329092   0.9655012025   

2.652617959   0.4062585572   -1.588408739   0.9964060755   0.01681938715   -0.08301831664   -0.02394587609   0.9960411136   -0.08560779834   0.08124978585   0.0872880767   0.992864172   

1.397889437   0.4482774515   -0.6636297311   0.9969573974   -0.01916831316   -0.07555477139   0.01156873507   0.9949435958   -0.09976675557   0.07708509634   0.09858913185   0.992138131   

-0.5675162615   -0.5331976767   -2.799751647   0.9975722675   -0.02459646516   0.06515048017   0.01973672125   0.9970470691   0.07421323243   -0.06678347848   -0.07274720568   0.9951119591   

-2.433246105   -1.109142071   -0.7952194402   0.9969090937   -0.07307595681   0.02884724284   0.07311887336   0.9973231381   -0.0004342602356   -0.02873828877   0.002542195874   0.9995837374   

2.139536217   -0.05720892919   -3.110282864   0.9998360324   0.01703668982   0.006136740996   -0.01715509575   0.9996570011   0.0197884544   -0.005797506341   -0.01989048611   0.9997853557   

13.31914055   -2.225301998   -10.95938878   0.9851880606   0.1432119146   -0.09431242111   -0.1469521958   0.9885608134   -0.0339495258   0.08837158715   0.04730608485   0.9949636159   

3.888359189   0.4756399878   -1.915260294   0.9993968353   0.03038833851   -0.01680816411   -0.03048760143   0.9995189993   -0.005681208412   0.01662743689   0.006190222315   0.9998425924   

4.236928872   0.05624318653   -2.725166252   0.9917226909   0.06140395553   -0.1127637292   -0.0708975579   0.9940905625   -0.08220395217   0.1070497111   0.08951819767   0.9902155582   

-0.5700836555   -0.3459548831   -1.311744597   0.9996039723   -0.01428850357   0.02424329324   0.01382203749   0.9997181769   0.0193007257   -0.02451223941   -0.01895799037   0.999519757   

3.26207934   -2.553593187   -2.452155722   0.9999819946   0.002279601812   0.005551028291   -0.002309254672   0.9999830686   0.005341330605   -0.005538758198   -0.00535405317   0.9999703277   

-0.5255571081   -1.024549071   1.786536761   0.9831139374   0.1674506158   0.07380567239   -0.1735203278   0.981123478   0.08536636745   -0.0581178272   -0.09673165009   0.9936122513   

-0.2952491515   -0.409216865   1.303009516   0.9998222173   -0.009934820265   0.01602601757   0.009825607539   0.999928065   0.006879119362   -0.01609320755   -0.006720431014   0.9998479107   

-16.45828167   -0.8714603187   3.758407667   0.9464834387   -0.1510793224   0.2852089385   0.1080179697   0.9809954499   0.1611832667   -0.3041401297   -0.121749602   0.9448152285   

-6.920741132   -0.568758191   1.877351325   0.9949879406   -0.03597114887   0.09330098901   0.03102663029   0.9980633621   0.05391542858   -0.09505969869   -0.05075038596   0.9941770728   

-6.586967471   -2.271715966   1.184760925   0.9986819638   0.01707310125   0.04840293779   -0.02035278611   0.9974711693   0.06809574544   -0.0471179294   -0.06899112742   0.9965039514   

-6.958328268   -2.475242452   2.484612247   0.9912326124   -0.02428488168   0.1298774521   0.01183429089   0.9953312106   0.09579003448   -0.1315973312   -0.09341319857   0.9868921505   

-4.583027711   -4.616281099   4.496114226   0.9867521376   -0.01295246987   0.1617171992   -0.01338835889   0.986906533   0.1607365761   -0.161681696   -0.1607722879   0.9736587188   

-5.716985029   -3.054922893   6.060905339   0.9951301896   -0.009189979808   0.09813995125   0.001314462863   0.9967929749   0.08001273217   -0.09856052936   -0.07949408401   0.991950862   

-4.707899519   0.3079140096   7.210232683   0.9983904471   -0.003214608219   -0.0566231525   -0.0006895569008   0.9976305201   -0.06879585681   0.0567101368   0.06872417113   0.9960225643   

-4.081012142   0.5826210357   3.936469811   0.9992411714   -0.03520557265   -0.01666280361   0.03217424343   0.987184002   -0.1563091944   0.02195220785   0.1556544694   0.9875676112   

15.5053053   -1.220328127   -14.15467838   0.9946858553   0.03372855455   0.09727504211   -0.06412253083   0.9421466198   0.329010711   -0.08055029639   -0.3334998223   0.9393026766   

4.491975393   2.871249316   -1.501632531   0.998684679   -0.01221706764   -0.04979613605   0.007955600739   0.99635815   -0.0848949071   0.05065195282   0.08438708487   0.9951448134   

9.349036321   2.79361967   -3.265134597   0.9839346408   -0.001861079102   -0.1785193518   -0.01730002408   0.9942457969   -0.1057166232   0.1776888622   0.1071066368   0.9782406844   

5.382539476   3.511734125   -3.191488818   0.9869026825   -0.008759228161   -0.1610787735   -0.009388895048   0.9937132498   -0.1115608618   0.1610432985   0.1116120655   0.9806160323   

2.560803661   1.955741903   -2.311423242   0.9946148884   0.006556766541   -0.1034322613   -0.01251158571   0.9982941275   -0.05702889811   0.1028818938   0.05801589273   0.9930002377   

0.3561649543   1.261415326   -0.4594133376   0.999623386   -0.02574574893   0.009499612473   0.02596578346   0.9993790998   -0.02381581276   -0.008880558225   0.02405350827   0.9996712282   

3.913772589   -1.190362774   -4.450987764   0.9985051506   0.0283347201   -0.04673978876   -0.02837442227   0.9995973477   -0.0001860453429   0.04671569734   0.001511981736   0.9989070815   

3.028311996   -0.407447932   -3.349559092   0.9984290233   0.00792659331   -0.05546759884   -0.009444423652   0.9995865957   -0.02715585842   0.05522941485   0.0276370567   0.9980911305   

8.804696194   -1.918457716   -7.371825325   0.9899164325   0.08715749483   -0.1116648007   -0.08619388014   0.9961877583   0.01343745798   0.1124102826   -0.003677138016   0.9936550745   

3.878174921   0.2433423772   -3.979180019   0.9989065331   0.006484806491   -0.04629994952   -0.007264528605   0.9998342829   -0.01669231271   0.04618403041   0.01701040753   0.9987881063   

2.20203312   1.122079569   -3.030753801   0.9983476101   -0.04233667243   0.03885428661   0.04268562701   0.9990549386   -0.008195544658   -0.03847059483   0.009840522008   0.9992112777   

