4.829157377   0.2628065576   -1.268925428   0.9964113585   0.004789586305   -0.08450718574   0.003758821126   0.9949089439   0.1007078184   0.08455930371   -0.1006640616   0.9913205692   

4.921172842   -0.8837648873   -0.03189803804   0.9951501218   0.0952108257   0.02472111996   -0.09384913322   0.9942594923   -0.05138484317   -0.02947160153   0.04881557726   0.9983729083   

4.19507193   -0.7461480475   -2.616225257   0.9956754175   0.07213447214   0.05854127575   -0.06725568184   0.994408293   -0.08141756653   -0.06408694327   0.07712823612   0.9949593453   

1.093944527   -4.499824548   1.885434806   0.9961552988   0.02622206167   -0.08358842122   -0.01510683596   0.9912760134   0.1309337574   0.08629255001   -0.1291675997   0.9878609857   

-0.08399772802   -4.559875751   2.049506651   0.9883522369   -0.1347310517   -0.07076298122   0.1411250342   0.985437012   0.09485578554   0.05695244103   -0.103737356   0.9929727994   

3.037994272   -1.751662999   -3.564024066   0.9990162286   0.004379824299   -0.04412926647   -0.001605259689   0.9980302574   0.06271386119   0.04431701887   -0.06258132616   0.9970554546   

1.73401578   -4.672210476   -0.4045226052   0.9973686672   0.0321678557   -0.06496899899   -0.02889202098   0.9982935525   0.0507467645   0.06649054741   -0.04873614719   0.9965961043   

0.9387697391   -4.584373843   -1.761314237   0.9904642234   -0.1365908116   0.0179881184   0.1347775063   0.9877206923   0.07901175719   -0.0285595168   -0.07583392498   0.9967113774   

3.47123366   0.3014216763   3.586039857   0.9994023777   0.03305409645   0.01011504187   -0.03268274701   0.9988560704   -0.03490542331   -0.0112572382   0.0345539757   0.9993394305   

3.448168717   -2.875373233   2.200536587   0.9992183165   0.0212056555   0.03336279727   -0.01936327292   0.9983200729   -0.0546085679   -0.03446476068   0.05391986833   0.9979503134   

4.339202705   -1.697090086   1.814167888   0.9984478198   0.03954167397   0.03922253335   -0.03651021907   0.996499518   -0.07520448486   -0.0420589468   0.07365573067   0.9963964464   

1.162433811   -4.847557389   0.3872144019   0.9993294739   0.02816592095   0.02339409065   -0.02728079082   0.9989305445   -0.0373299576   -0.02442050435   0.03666671759   0.9990291241   

4.604533976   -1.107127932   1.603912282   0.9961065739   0.06817945992   0.05588608735   -0.06346360588   0.9945925138   -0.0822076769   -0.06118875912   0.07834087476   0.9950470557   

1.945216201   -4.585698799   0.4330132262   0.9991149296   0.03528758463   -0.02289418846   -0.03459872324   0.9989563663   0.02981788931   0.0239224966   -0.02899938869   0.999293125   

2.519512016   -0.9259250644   4.21837907   0.9982163062   0.01486179679   -0.0578215621   -0.01025156281   0.9968038989   0.07922684297   0.05881421178   -0.07849276517   0.9951782626   

4.914772263   0.7851345479   0.4780976275   0.9989779366   0.02523661906   -0.03749927087   -0.02349180727   0.9986530276   0.04626300286   0.03861628217   -0.04533479349   0.9982251947   

4.154523091   -2.041631419   1.889888631   0.9992213296   0.03924991125   0.004022298152   -0.03903710101   0.9982818002   -0.04369842291   -0.005730546261   0.04350737738   0.9990366705   

3.692122048   -3.235723923   -0.9478003359   0.9878263346   0.153384205   -0.02593103086   -0.1541053617   0.9876413945   -0.02856594759   0.02122899432   0.03221430619   0.999255507   

-0.8978489855   -2.147128674   -4.425348083   0.9951327767   -0.0942747894   -0.02868833808   0.09752351269   0.983949452   0.1494410936   0.01413934691   -0.1515115179   0.9883543589   

2.908993707   -4.066641085   -0.01363449362   0.9996869774   0.007675229725   -0.02381255946   -0.006865420908   0.9994014804   0.03390496828   0.0240585356   -0.03373087202   0.9991413389   

3.498345333   -2.44236816   2.606993998   0.9992986353   0.03701552013   0.005664700418   -0.0364571018   0.9962436003   -0.07854660129   -0.00855086484   0.07828499291   0.9968943488   

2.059974326   -4.309760563   1.477318405   0.9966343246   0.04921143632   -0.06556109821   -0.04300132606   0.9947388773   0.09298092199   0.06979189795   -0.08984876422   0.9935070662   

-1.009346542   -4.895534301   0.1223252589   0.9989400907   -0.02358537283   0.03952752638   0.0275190823   0.994390621   -0.1021273376   -0.03689709017   0.1031068531   0.9939857049   

0.5417481449   -2.25715985   4.428514238   0.9980172647   0.03777789626   -0.05034252683   -0.03527566424   0.9981411141   0.04969852896   0.05212645169   -0.04782412386   0.9974947049   

-0.8957728334   -4.886527681   0.5651886865   0.9984673127   0.05013747876   -0.02343626778   -0.04993328485   0.9987100104   0.009218583568   0.02386823178   -0.008034204527   0.9996828292   

3.300946033   -2.432633728   2.861127126   0.9898195951   0.1115397043   -0.08840850393   -0.1019240218   0.9890543102   0.1066914484   0.09934114449   -0.09659433599   0.9903539121   

1.731472007   -4.670367941   0.435508884   0.9989906858   -0.04423568323   0.007798327686   0.04285129411   0.9906117676   0.1298156094   -0.01346759735   -0.1293504163   0.9915074854   

-0.3153939785   -2.271638173   4.442992984   0.9982545735   0.05727100825   -0.01441659189   -0.05859403336   0.9909827428   -0.1204987253   0.007385510283   0.1211331299   0.9926087946   

-1.747521149   -4.194356046   2.086515563   0.9954239725   0.08446092082   -0.04469304031   -0.08286610136   0.9958952907   0.03641125076   0.04758491614   -0.03254109387   0.9983369937   

2.235828968   -3.515627913   -2.764313513   0.9986896999   -0.04440443428   0.02543874253   0.03946957299   0.9847547103   0.1694116684   -0.03257355083   -0.1681856319   0.9852170101   

4.514577343   -1.874266356   1.051530806   0.9979174916   0.05195528105   -0.03822732907   -0.0524851547   0.9985372146   -0.01298998166   0.03749651255   0.01496929719   0.9991846334   

-0.9952141507   -4.08747737   2.702235657   0.9997747895   -0.008253064566   -0.01955140002   0.01082643194   0.9907306774   0.13540869   0.01825263512   -0.1355898664   0.9905969056   

4.967580496   0.4408987996   0.3588206556   0.9921896064   -0.0654342557   0.1061986021   0.07183059282   0.9957544164   -0.057563079   -0.1019811298   0.06474179725   0.9926773639   

-4.796096088   0.05277830425   1.412330262   0.9990947198   -0.0007366977221   0.04253467036   0.006528595515   0.9906609953   -0.1361916657   -0.04203710679   0.1363460658   0.9897689791   

2.542211117   1.761400827   3.928693137   0.9968882986   0.06326119585   -0.04702915201   -0.06970107582   0.9860627309   -0.1510696885   0.03681684491   0.1538775873   0.9874037715   

2.426357864   2.595665913   3.517855311   0.9902608962   0.1134836357   -0.08065247576   -0.120240863   0.9891380674   -0.08454595539   0.0701818516   0.09342027685   0.9931501194   

