1 1 49 1 49 -0.030349418682664667385 -0.40175857651070273624 -0.91524256838595441366 -0.041884426115321116146 -0.91434892438077297605 0.4027551853579469654 -0.99866140790290613971 0.050557795480200687366 0.010922530914017073572 -4.7413626738904101451e-12 1.0000000000000004441 -3.5127456499139952939e-13 -1.000000000000000222 -4.7417814375430594743e-12 -2.4990241547649124868e-12 -2.499358717481093462e-12 3.5144109844509330287e-13 1.000000000000000222 -4.1942787900000002566 -22.546999950000000013 -11.192000000000000171 0 3 -4.2853270460479944148 -22.672653228345964749 -14.187984223708717479 0.10822886339959744695 3 -4.8147400130785440453 -22.707642955456840639 -17.158593227642970902 0.2164577267991948939 1.5 -5.2776331404575609341 -22.158743015997902859 -18.441300842748280076 0.27057215849899363125 1.5 -5.8002100203609092688 -21.194629949458487772 -19.455927662820155177 0.3246865901987923686 1.5 -6.3119158951712410754 -19.934913134910068777 -20.080727956099959641 0.37880102189859110595 1.5 -6.7624549466568684153 -18.521732308737423267 -20.29351874366196995 0.43291545359838978779 1.5 -7.1200060672798306527 -17.072383897368613503 -20.129113296980683856 0.48702988529818852514 1.5 -7.376536190614022992 -15.676142841268699613 -19.644682270255891865 0.5411443169979872625 1.5 -7.536824724082511473 -14.385852882848865875 -18.8965019900486908 0.59525874869778594434 1.5 -7.6128988150220724407 -13.229957046127671205 -17.943933861313993816 0.6493731803975847372 1.5 -7.6227840243123772268 -12.209382886034456206 -16.84383296354835835 0.70348761209738341904 1.5 -7.587551334762797417 -11.305124230151571751 -15.646706003353155978 0.7576020437971822119 1.5 -7.5270907085129037384 -10.488127215494019495 -14.389421708796662713 0.81171647549698089374 1.5 -7.4582434345494990069 -9.7298443931043898658 -13.096622399609021414 0.86583090719677957559 1.5 -7.3943497893884986283 -9.008043319306461072 -11.783056290406653588 0.91994533889657836845 1.5 -7.3461658833232998944 -8.3084406453476216114 -10.456987885257007065 0.97405977059637705029 1.5 -7.3227144604465657096 -7.62427978976677867 -9.1222601776346881053 1.0281742022961757321 1.5 -7.3320326897729009019 -6.955142732970569952 -7.7797629415632769678 1.082288633995974525 1.5 -7.3815257649699770326 -6.3059840633641641716 -6.428343349903219206 1.1364030656957733179 1.5 -7.4781410085891195649 -5.6864063891444533994 -5.0656011391540225475 1.1905174973955718887 1.5 -7.6283563293427603114 -5.110220840868060499 -3.6887158689533054989 1.2446319290953706815 1.5 -7.8380817793207882005 -4.5950674007420815315 -2.2954908264515734295 1.2987463607951694744 1.5 -8.112437344856354926 -4.1620177814281795747 -0.8856369204183174304 1.3528607924949682673 1.5 -8.455384614280061939 -3.8350092008708211999 0.53772087149826419683 1.4069752241947668381 1.5 -8.8691679372092337985 -3.6399619511061773736 1.9664200711343444716 1.4610896558945656309 1.5 -9.3535334984496927291 -3.6034147721301899026 3.3857055656763961338 1.5152040875943644238 1.5 -9.9047400782070624814 -3.7505286080428783535 4.7730176061599030035 1.5693185192941629946 1.5 -10.514448232087390878 -4.1023959076883480535 6.0974947529624650144 1.6234329509939617875 1.5 -11.168686285734310104 -4.6727557430356521095 7.3206209055028645949 1.6775473826937605804 1.5 -11.847209951603407063 -5.4644765141168614164 8.3984167274013987736 1.7316618143935591512 1.5 -12.523653658730381721 -6.466482879667337258 9.2853760943401244532 1.785776246093357944 1.5 -13.166834175195203827 -7.6520719958066560906 9.9399301228139407272 1.8398906777931567369 1.5 -13.743343814823948179 -8.9795970702381691098 10.330628787646157107 1.8940051094929555298 1.5 -14.221164773064955966 -10.396114941859190495 10.441668171920154506 1.9481195411927541006 1.5 -14.573585745281423698 -11.843781876218193005 10.276195838466419374 2.0022339728925531155 1.5 -14.782438446042936775 -13.267801628581478823 9.8562556220774499849 2.0563484045923514643 1.5 -14.839798216236413708 -14.624069347348740422 9.2192484187899523818 2.1104628362921502571 1.5 -14.747806200356180284 -15.884702296998984394 8.4119565577469330719 2.16457726799194905 1.5 -14.516941188588385003 -17.040424811973068131 7.4839394058171366808 2.2186916996917478428 1.5 -14.163572562418325518 -18.099863252475785202 6.4821144040236298167 2.2728061313915466357 1.5 -13.707749891206189474 -19.086617952322882275 5.4476816963854499676 2.3269205630913454286 1.5 -13.171937817573498464 -20.035223070930236133 4.4156966438274674047 2.3810349947911437773 1.5 -12.581255194520267082 -20.986760884420267104 3.4167506799509705928 2.4351494264909425702 1.5 -11.965049462201143626 -21.984134574659961459 2.4797507164020746728 2.4892638581907413631 1.5 -11.357081740318646368 -23.067260235859990303 1.6358268572477112635 2.5433782898905401559 1.5 -10.798810991532239001 -24.262773421077017844 0.92389878382094514642 2.5974927215903389488 3 -9.9999999999857482891 -27 7.4730525554551905138e-12 2.7057215849899374227 3 -10 -30 0 2.8139504483895350084 3 0 2 1 0 0 0 1 0 0 0 1 1 0 0 0 1 0 0 0 1 2 -1 -1.2246467991473532072e-16 0 1.2246467991473532072e-16 -1 0 0 0 1 1 0 0 0 1 0 0 0 1 2 0 48 
1 53 1 53 -1 -1.2246467991473532072e-16 0 1.2246467991473532072e-16 -1 0 0 0 1 2.0227269748117559835e-11 5.1618950849818823201e-08 0.99999999999999833467 -1.0000000000000004441 -4.4902471355647452631e-12 2.0227520639207809482e-11 4.4905249485815304143e-12 -0.99999999999999822364 5.1618950960841125664e-08 24.242640687119283882 -21.316718427000253655 1.1239224588802132487 0 3 21.242640687119283882 -21.316718427000253655 1.1239224588802132487 0.0013459576679555017298 3 18.258985391306019608 -21.332137637173246958 1.5503095716223806999 0.0026919153359110034596 3 15.621366883235351608 -21.296769801123510035 2.9413116916565646974 0.0040378730038665051894 3 13.838488329330401072 -21.200045484148319019 5.3223740293211641017 0.0053838306718220069191 3 13.211189420985325782 -21.12066396873365548 8.2435035804856884312 0.0067297883397775086489 3 13.563303271861288479 -21.189114632248053027 11.224634268541340276 0.0080757460077330103787 3 14.394514543070849655 -21.487689577419676112 14.103000618895418228 0.0094217036756885121085 3 15.094218852113881368 -21.96289989080462135 16.992531987944349936 0.010767661343644013838 3 15.042610167078187544 -22.436439579362520647 19.950518274571759747 0.012113619011599515568 3 13.832511506585595029 -22.746875041925513017 22.659184645605296993 0.013459576679555017298 3 11.525827502266389857 -22.895949347675866647 24.550119875785036072 0.014805534347510519028 3 8.6028428588390930543 -23.004410840256181103 25.193741935030118384 0.016151492015466020757 3 5.6947878512337073431 -23.089816194191481458 24.467883803971258061 0.017497449683421522487 3 3.4226729868797520773 -22.946749512121431991 22.528975848750640409 0.018843407351377024217 3 2.3037464904098401419 -22.343937207535155665 19.840797459256457103 0.020189365019332525947 3 2.4949264320972468489 -21.327151427483101997 17.042452308814414863 0.021535322687288027677 3 3.5458454672154924303 -20.203087433386503591 14.446576735952056936 0.022881280355243529406 3 4.55167799355206526 -19.255975608298562918 11.774096074368067377 0.024227238023199031136 1.5 4.7920001615014484742 -18.910874988721150913 10.352964876690183615 0.024900216857176783736 1.5 4.8657764332601525226 -18.680174290951960359 8.8733953074408944417 0.025573195691154532866 1.5 4.7541636744135571391 -18.54169812344647994 7.384024320297414512 0.026246174525132285466 1.5 4.5314989486839101218 -18.493788338411206951 5.9018546394564639357 0.026919153359110034596 1.5 4.2624422056831194894 -18.51779214000248075 4.4240627230884213006 0.027592132193087787195 1.5 3.9465049555721627428 -18.557731968062970651 2.9569601922033745822 0.028265111027065536325 1.5 3.670751161879973079 -18.605181808738439742 1.4821782993313066257 0.028938089861043288925 1.5 3.4587933205907459566 -18.63251765371735047 -0.001558772440307604765 0.029611068695021038055 1.5 3.2880237965969536518 -18.604180889918477959 -1.4903221471163787815 0.030284047528998790655 1.5 3.2209512875183876623 -18.540156079431447722 -2.9875630584638885878 0.030957026362976539785 1.5 3.2399830797110649172 -18.454102380553838003 -4.4835534662889209301 0.031630005196954288915 1.5 3.2974436988867843468 -18.372856192731731539 -5.9819584507222893777 0.032302984030932041515 1.5 3.3706445555443194095 -18.35609836771470782 -7.4826080531955438957 0.032975962864909794114 1.5 3.3777635223227377992 -18.441307892537842861 -8.9779081847206434475 0.033648941698887546714 1.5 3.2784813861070443153 -18.65918826300139699 -10.454578699766132743 0.034321920532865292375 1.5 3.0878646948083723345 -19.026672681711339408 -11.887532493359206143 0.034994899366843044974 3 2.4992948907617345 -20.155798708306146949 -14.611117161189822511 0.036340857034798550174 3 2.0182835593090930892 -21.47043265480052554 -17.279925967859036007 0.037686814702754048434 3 2.1851879184310258886 -22.542043557103948359 -20.0721578481347116 0.039032772370709553633 3 3.4346110800713867128 -23.07903729377710178 -22.72234458363299936 0.040378730038665051894 3 5.7369307804413374186 -23.124439824799001286 -24.625584385271032772 0.041724687706620557093 3 8.6497825295009018731 -22.984148302088648563 -25.313270047486906122 0.043070645374576055353 3 11.562971651002866835 -22.886877241585867893 -24.631257352795500992 0.044416603042531560552 3 13.846843757457861557 -22.789651850175857817 -22.711648834696042343 0.045762560710487058813 3 15.052664283539096246 -22.519170885253984693 -19.995463087327529195 0.047108518378442564012 3 15.189753425972597256 -22.003142915171746807 -17.043490774740405413 0.048454476046398062272 3 14.721195608886072037 -21.328213244950340766 -14.147439495333497206 0.049800433714353567471 3 14.190280930913788282 -20.664812735031734547 -11.264161480993296394 0.051146391382309065732 3 13.896626843448752098 -20.259753005985167817 -8.3009056291246299253 0.052492349050264570931 3 13.855591701453139564 -20.495901603495223497 -5.3074444938608156264 0.053838306718220069191 3 13.929327763291185605 -21.768944988625602122 -2.6110426082676769788 0.055184264386175574391 3 13.989725384057953406 -24.087463282800261055 -0.75585387675269621877 0.056530222054131072651 3 13.999999999939374717 -27 -1.3462730930058341983e-11 0.057876179722082740642 3 14.000000000000001776 -30 0 0.059222137390038155635 3 0 2 1 0 0 0 1 0 0 0 1 1 0 0 0 1 0 0 0 1 2 -1 -1.2246467991473532072e-16 0 1.2246467991473532072e-16 -1 0 0 0 1 1 0 0 0 1 0 0 0 1 2 0 52 
4 0 -30 0 0 1 0 0.60000002384185791016 0.60000002384185791016 0.60000002384185791016 notexture 
3 -4.1942787900000002566 -22.546999950000000013 -11.192000000000000171 0.030349418682664715957 0.40175857651070273624 -0.91524256838595441366 0.041884426115321227169 0.91434892438077297605 0.4027551853579469654 0.99866140790290613971 -0.050557795480200812266 0.010922530914017073572 0 0 0 
3 -10 -30 0 -4.7503610454241440518e-12 1 -3.5076127731024450713e-13 -1 -4.7503610454250172766e-12 -2.4910175184833970265e-12 -2.4910175184850635046e-12 3.5076127729841093722e-13 1 48 0 0 
3 24.242640687119283882 -21.316718427000253655 1.1239224588802132487 1 0 0 0 1 0 0 0 1 0 1 0 
3 14.000000000000001776 -30 0 2.0208834605739411927e-11 5.1618951391052547706e-08 0.99999999999999888978 -1.000000000000000222 -4.4874104432324202207e-12 2.0208612561134486896e-11 4.4875769766861139942e-12 -0.99999999999999877875 5.1618951502074850168e-08 52 1 0 
3 -8.9588843399999991135 -13.96175199999999883 -3.1554094000000003639 -0.94520508442013939643 0.32546076784964461659 0.025741736092129895164 0.32642581975460760457 0.94351268711664204591 0.056833031306328343768 -0.0057907325831524029264 0.062121637459530781866 -0.99805178702084240694 -1 -1 0 
3 35 -28.399999999999998579 0 6.1232339957367660359e-17 -1 -6.1232339957367660359e-17 0 6.1232339957367660359e-17 -1 1 6.1232339957367660359e-17 3.7493994566546440196e-33 -1 -1 0 
6 -4.1942787900000002566 -22.546999950000000013 -11.192000000000000171 0.030363162489033097835 0.40174731511922961991 -0.91521827595149984891 0.041878310458034279096 0.91432527541524233339 0.40274620591735166286 0.99865833398968273382 -0.050560293132370960623 0.010932436073178579752  0 0 
6 -8.9588843399999991135 -13.96175199999999883 -3.1554094000000003639 -0.94522301452469470462 0.32546754342559952589 0.025741613687549451395 0.32642579088020301503 0.94351505179551076186 0.056832662815222360908 -0.0057910181599843445557 0.062123237072220546806 -0.99807171836678665322  4 0 
0 
1 1 49 1 49 -0.029690917199750973404 -0.40185983869471164631 -0.91521971104216170989 -0.041628614268027885892 -0.91433184497746677888 0.4028204758130168317 -0.9986918983900697766 0.050059437715198704111 0.010418482887487440919 -4.7507773924201629622e-12 0.99999999999999977796 -3.5127456499139952939e-13 -0.99999999999999955591 -4.7507166018737981785e-12 -2.5223959922073628304e-12 -2.5231173297741507841e-12 3.5110803153770575591e-13 0.99999999999999944489 -4.3482503100000000629 -22.370460579999999595 -11.39199999999999946 0 3 -4.437323061599252938 -22.49534642280408292 -14.388075695170208235 0.1076251257619667695 3 -4.8181792924342143891 -22.686220133109490149 -17.373596828600771147 0.215250251523933539 1.5 -5.2801134308003829787 -22.16462336603653327 -18.667990052494324971 0.26906281440491691681 1.5 -5.830864851024467832 -21.194468240393074865 -19.659995777300327546 0.32287537728590032238 1.5 -6.3595654291855767681 -19.912231418485454526 -20.224410862806536215 0.37668794016688367243 1.5 -6.8050654756169119963 -18.486627919440049794 -20.377800383506951221 0.430500503047867078 1.5 -7.1495094675415735708 -17.039365623287068274 -20.16872443143111937 0.48431306592885048357 1.5 -7.397499414016794006 -15.649781920400322122 -19.661735129352688745 0.53812562880983383362 1.5 -7.5530936348762924837 -14.366636980531547252 -18.900239645385919829 0.59193819169081718368 1.5 -7.6283886238092240006 -13.214143805800823372 -17.943773309806747562 0.64575075457180064475 1.5 -7.6373283019205651101 -12.194714211880929966 -16.842672822209905803 0.69956331745278399481 1.5 -7.6011468189391475647 -11.289172759826286097 -15.647018171218221028 0.75337588033376734487 1.5 -7.5380523922119753166 -10.472003404436511786 -14.390167901979840082 0.80718844321475080594 1.5 -7.4660397911222613487 -9.71462040664843407 -13.097169521863005315 0.861001006095734156 1.5 -7.3985316490961006153 -8.9951219596228977338 -11.78255788717865471 0.91481356897671750605 1.5 -7.3474217044200189619 -8.2977126517909489678 -10.455466696240849345 0.96862613185770096713 1.5 -7.3217713213157580299 -7.6153243324471029396 -9.1198860466484195086 1.0224386947386843172 1.5 -7.3296856865648241097 -6.9473014940315271915 -7.776838482961609067 1.0762512576196676672 1.5 -7.3782279097440515159 -6.2989173582327717682 -6.4250319444572907557 1.1300638205006510173 1.5 -7.4741784843316771969 -5.6799797439963386481 -5.0619796992015491099 1.1838763833816343674 1.5 -7.6238875377847303838 -5.1044606707720303618 -3.6847978792716880037 1.2376889462626179395 1.5 -7.8332198796595280399 -4.5900517887043728038 -2.2912834643154376124 1.2915015091436012895 1.5 -8.1072872350009959064 -4.1578069629924376827 -0.88117554038461909371 1.3453140720245846396 1.5 -8.4500718110797432558 -3.8316048327204921264 0.54235778424515068696 1.3991266349055679896 1.5 -8.8638541879805998747 -3.6372944994553675357 1.9711148054093308168 1.4529391977865513397 1.5 -9.3484266791617098846 -3.6013484833483326852 3.3903146439144618007 1.5067517606675346897 1.5 -9.9000911640937996339 -3.7488860137960493546 4.7773904512676139689 1.5605643235485182618 1.5 -10.510535458501209405 -4.10099675239144279 6.1014872459983182651 1.6143768864295016119 1.5 -11.16578400578235275 -4.6714617971597354185 7.3240960993375576749 1.6681894493104849619 1.5 -11.845546058202854667 -5.4632234366807326253 8.4012291016391422716 1.722002012191468312 1.5 -12.523361769854140846 -6.4652815714936737734 9.2873483267094840699 1.7758145750724516621 1.5 -13.167913526552162296 -7.6509719897161003743 9.9408415826778533386 1.8296271379534350121 1.5 -13.745642102271670382 -8.9786246300150462929 10.330237422735137898 1.8834397008344183622 1.5 -14.224399745500656778 -10.395217277932728095 10.439769618306110388 1.9372522637154019343 1.5 -14.577406611665450598 -11.842812798568441934 10.27270157181490795 1.9910648265963852843 1.5 -14.786506061059510486 -13.26656313992957692 9.8512465291686375224 2.0448773894773686344 1.5 -14.843848796707129978 -14.622391076954546207 9.2129788713294118452 2.0986899523583519844 1.5 -14.751681073867489502 -15.882515569075797757 8.4048040043078628969 2.1525025152393353345 1.5 -14.520609447618676668 -17.037804391785794422 7.4763277794156204337 2.2063150781203186845 1.5 -14.167181394981279041 -18.097019412805110505 6.4744144996451922225 2.2601276410013020346 1.5 -13.711685380645381116 -19.08385482000805311 5.4401129915466093223 2.3139402038822853847 1.5 -13.176802777654259557 -20.032850172906716324 4.4082569266040323441 2.3677527667632687347 1.5 -12.58742446605015175 -20.984939733746681867 3.4093649274963233609 2.4215653296442525289 1.5 -11.97167913497491476 -21.9827776952048346 2.4729507853906183001 2.4753778925252358789 1.5 -11.362708297164951787 -23.065982038315542724 1.6306815897403221793 2.529190455406219229 1.5 -10.802535579455655679 -24.261912714319255002 0.92048547272160852195 2.583003018287202579 3 -9.9999999999857749344 -27 7.4978241085698181338e-12 2.6906281440491692791 3 -10 -30 0 2.7982532698111359792 3 0 2 1 0 0 0 1 0 0 0 1 1 0 0 0 1 0 0 0 1 2 -1 -1.2246467991473532072e-16 0 1.2246467991473532072e-16 -1 0 0 0 1 1 0 0 0 1 0 0 0 1 2 0 48 
1 53 1 53 -1 -1.2246467991473532072e-16 0 1.2246467991473532072e-16 -1 0 0 0 1 2.0245619058294754507e-11 5.1618947040366069956e-08 0.99999999999999833467 -1.0000000000000006661 -4.4934926906556843507e-12 2.0245857313640296333e-11 4.4935775992992852778e-12 -0.99999999999999822364 5.1618947151388372419e-08 24.242640687119283882 -21.316718427000253655 1.1239224588802132487 0 3 21.242640687119283882 -21.316718427000253655 1.1239224588802132487 0.0013459576679554123915 3 18.258985391306019608 -21.332137637173246958 1.5503095716223806999 0.0026919153359108247831 3 15.621366883235351608 -21.296769801123510035 2.9413116916565646974 0.0040378730038662371746 3 13.838488329330401072 -21.200045484148319019 5.3223740293211641017 0.0053838306718216495661 3 13.211189420985325782 -21.12066396873365548 8.2435035804856884312 0.006729788339777062825 3 13.563303271861288479 -21.189114632248053027 11.224634268541340276 0.0080757460077324743492 3 14.394514543070849655 -21.487689577419676112 14.103000618895418228 0.009421703675687887608 3 15.094218852113881368 -21.96289989080462135 16.992531987944349936 0.010767661343643299132 3 15.042610167078187544 -22.436439579362520647 19.950518274571759747 0.012113619011598712391 3 13.832511506585595029 -22.746875041925513017 22.659184645605296993 0.01345957667955412565 3 11.525827502266389857 -22.895949347675866647 24.550119875785036072 0.014805534347509537174 3 8.6028428588390930543 -23.004410840256181103 25.193741935030118384 0.016151492015464948698 3 5.6947878512337073431 -23.089816194191481458 24.467883803971258061 0.017497449683420363692 3 3.4226729868797520773 -22.946749512121431991 22.528975848750640409 0.018843407351375775216 3 2.3037464904098401419 -22.343937207535155665 19.840797459256457103 0.02018936501933118674 3 2.4949264320972468489 -21.327151427483101997 17.042452308814414863 0.021535322687286598264 3 3.5458454672154924303 -20.203087433386503591 14.446576735952056936 0.022881280355242013258 3 4.55167799355206526 -19.255975608298562918 11.774096074368067377 0.024227238023197424782 1.5 4.7920001615014484742 -18.910874988721150913 10.352964876690183615 0.024900216857175132279 1.5 4.8657764332601525226 -18.680174290951960359 8.8733953074408944417 0.025573195691152836306 1.5 4.7541636744135571391 -18.54169812344647994 7.384024320297414512 0.026246174525130543803 1.5 4.5314989486839101218 -18.493788338411206951 5.9018546394564639357 0.0269191533591082513 1.5 4.2624422056831194894 -18.51779214000248075 4.4240627230884213006 0.027592132193085955327 1.5 3.9465049555721627428 -18.557731968062970651 2.9569601922033745822 0.028265111027063662824 1.5 3.670751161879973079 -18.605181808738439742 1.4821782993313066257 0.028938089861041370321 1.5 3.4587933205907459566 -18.63251765371735047 -0.001558772440307604765 0.029611068695019074348 1.5 3.2880237965969536518 -18.604180889918477959 -1.4903221471163787815 0.030284047528996781845 1.5 3.2209512875183876623 -18.540156079431447722 -2.9875630584638885878 0.030957026362974485872 1.5 3.2399830797110649172 -18.454102380553838003 -4.4835534662889209301 0.031630005196952193369 1.5 3.2974436988867843468 -18.372856192731731539 -5.9819584507222893777 0.032302984030929897397 1.5 3.3706445555443194095 -18.35609836771470782 -7.4826080531955438957 0.032975962864907608363 1.5 3.3777635223227377992 -18.441307892537842861 -8.9779081847206434475 0.03364894169888531239 1.5 3.2784813861070443153 -18.65918826300139699 -10.454578699766132743 0.034321920532863016418 1.5 3.0878646948083723345 -19.026672681711339408 -11.887532493359206143 0.034994899366840727384 3 2.4992948907617345 -20.155798708306146949 -14.611117161189822511 0.036340857034796135439 3 2.0182835593090930892 -21.47043265480052554 -17.279925967859036007 0.037686814702751550432 3 2.1851879184310258886 -22.542043557103948359 -20.0721578481347116 0.039032772370706965426 3 3.4346110800713867128 -23.07903729377710178 -22.72234458363299936 0.04037873003866237348 3 5.7369307804413374186 -23.124439824799001286 -24.625584385271032772 0.041724687706617788474 3 8.6497825295009018731 -22.984148302088648563 -25.313270047486906122 0.043070645374573196529 3 11.562971651002866835 -22.886877241585867893 -24.631257352795500992 0.044416603042528611522 3 13.846843757457861557 -22.789651850175857817 -22.711648834696042343 0.045762560710484026516 3 15.052664283539096246 -22.519170885253984693 -19.995463087327529195 0.047108518378439434571 3 15.189753425972597256 -22.003142915171746807 -17.043490774740405413 0.048454476046394849564 3 14.721195608886072037 -21.328213244950340766 -14.147439495333497206 0.049800433714350264558 3 14.190280930913788282 -20.664812735031734547 -11.264161480993296394 0.051146391382305672613 3 13.896626843448752098 -20.259753005985167817 -8.3009056291246299253 0.052492349050261087606 3 13.855591701453139564 -20.495901603495223497 -5.3074444938608156264 0.0538383067182165026 3 13.929327763291185605 -21.768944988625602122 -2.6110426082676769788 0.055184264386171910655 3 13.989725384057953406 -24.087463282800261055 -0.75585387675269621877 0.056530222054127325648 3 13.99999999993931965 -27 -1.3472056803465193298e-11 0.057876179722075059286 3 14.000000000000001776 -30 0 0.059222137390030293869 3 0 2 1 0 0 0 1 0 0 0 1 1 0 0 0 1 0 0 0 1 2 -1 -1.2246467991473532072e-16 0 1.2246467991473532072e-16 -1 0 0 0 1 1 0 0 0 1 0 0 0 1 2 0 52 
4 0 -30 0 0 1 0 0.60000002384185791016 0.60000002384185791016 0.60000002384185791016 notexture 
3 -4.3482503100000000629 -22.370460579999999595 -11.39199999999999946 0.029690917199751021976 0.40185983869471164631 -0.91521971104216170989 0.041628614268027996914 0.91433184497746677888 0.4028204758130168317 0.9986918983900697766 -0.050059437715198829011 0.010418482887487440919 0 0 0 
3 -10 -30 0 -4.7414792612271298747e-12 1 -3.511905503669135256e-13 -1 -4.7414792612280079464e-12 -2.4992747028549411821e-12 -2.4992747028566060446e-12 3.5119055035506319398e-13 1 48 0 0 
3 24.242640687119283882 -21.316718427000253655 1.1239224588802132487 1 0 0 0 1 0 0 0 1 0 1 0 
3 14.000000000000001776 -30 0 2.0227375330250652041e-11 5.1618951335541396475e-08 0.99999999999999888978 -1.000000000000000222 -4.4906300900038331747e-12 2.0227264307948189526e-11 4.4906856011550644325e-12 -0.99999999999999877875 5.1618951502074850168e-08 52 1 0 
3 -8.920458839999998446 -14.088015399999997967 -3.1113992300000004043 -0.94535334789452041271 0.32499944713530137808 0.026122920709032024927 0.32598635756342830838 0.94369022788657963563 0.05640610316183729267 -0.0063199926543155877934 0.061839414236582179729 -0.99806610228968595244 -1 -1 0 
3 35 -28.399999999999998579 0 6.1232339957367660359e-17 -1 -6.1232339957367660359e-17 0 6.1232339957367660359e-17 -1 1 6.1232339957367660359e-17 3.7493994566546440196e-33 -1 -1 0 
6 -4.3482503100000000629 -22.370460579999999595 -11.39199999999999946 0.029704672155253731419 0.40184858645458187976 -0.91519542475587367658 0.041622510521511814352 0.91430819171021260328 0.40281150147468214318 0.99868883068528169211 -0.050061939407120718826 0.01042838119923880473  0 0 
6 -8.920458839999998446 -14.088015399999997967 -3.1113992300000004043 -0.94537128136256665112 0.32500621447317745716 0.026122798751254207306 0.32598632761009110892 0.94369259231548929812 0.056405734631136433821 -0.0063202824957979616971 0.061841006550528349051 -0.99808603407586149459  4 0 
0 
1 1 49 1 49 -0.029032375031586434011 -0.40141724984893623063 -0.91543504014416110515 -0.041372840796812665465 -0.91455370635100852184 0.40234289635090481063 -0.99872188783686266511 0.049555118033862380345 0.0099438942182154335669 -4.7539784857499566769e-12 1.000000000000000222 -3.5049740887416191981e-13 -1 -4.7541178580700357643e-12 -2.5323375507557008693e-12 -2.5332737582519702624e-12 3.5105252038647449808e-13 0.99999999999999988898 -4.1916021600000004099 -22.5704605299999983 -11.591999999999998749 0 3 -4.2786992850947598299 -22.694579052390437823 -14.588165663510586967 0.1070757122477198342 3 -4.7968267689923056452 -22.761018603185252829 -17.558849358813066743 0.21415142449543966841 1.5 -5.2952487740165787855 -22.187624316928392432 -18.817298611829269106 0.26768928061929958551 1.5 -5.8593639782912649849 -21.185843415309765447 -19.770208485993226333 0.32122713674315950261 1.5 -6.3877398722791491892 -19.889624356408255323 -20.302391883154598418 0.37476499286701941971 1.5 -6.8300976436214728693 -18.460861756729030958 -20.429850308871529307 0.42830284899087933681 1.5 -7.1687296575279546573 -17.015821405723645654 -20.198516134591027793 0.48184070511473925391 1.5 -7.4107602330069255459 -15.630969618614813044 -19.674886430039759233 0.53537856123859917101 1.5 -7.561660984300945465 -14.352180550909698908 -18.905022349299539286 0.5889164173624590326 1.5 -7.6351296582365382193 -13.202172482776363793 -17.945234076447835747 0.64245427348631900522 1.5 -7.643527413905268908 -12.184001799945054501 -16.843240443066687106 0.69599212961017897783 1.5 -7.6064386430191763822 -11.279610234978015626 -15.646616909414296615 0.74952998573403883942 1.5 -7.5420824885077308863 -10.463494573280149424 -14.389138111766666128 0.80306784185789870101 1.5 -7.4685487614806032042 -9.7071971887552521707 -13.09552931233805495 0.85660569798175867362 1.5 -7.3996617699054816342 -8.9886695555602429408 -11.780446106236917458 0.91014355410561864623 1.5 -7.3473597891002428995 -8.2921822496237425071 -10.452908173881986897 0.96368141022947850782 1.5 -7.3207828231982627898 -7.6105301150357549389 -9.1169658335483028111 1.0172192663533383694 1.5 -7.3280920205203443629 -6.9429606523081561775 -7.7736853506152421289 1.070757122477198342 1.5 -7.3762830985538219153 -6.2948205066920506212 -6.421742736450233302 1.1242949786010583146 1.5 -7.4720787716350818286 -5.676014687037380213 -5.058609591411743267 1.1778328347249180652 1.5 -7.6217144296033714213 -5.1006554627564604232 -3.6813405531580238872 1.2313706908487780378 1.5 -7.8310468172592351266 -4.5864712811267702719 -2.2877286195200570162 1.2849085469726380104 1.5 -8.1051657210433631917 -4.1545457639980405418 -0.87751718086016705644 1.338446403096497983 1.5 -8.448063471576535477 -3.8287459757655315506 0.54609672542731457767 1.3919842592203579557 1.5 -8.862021517208209076 -3.6349008516049914341 1.9748801476430790647 1.4455221153442177062 1.5 -9.3468375491622470719 -3.5994508731821235337 3.3940197022632880852 1.4990599714680776788 1.5 -9.8988132155999064565 -3.7474813935777113727 4.7809231178145932262 1.5525978275919376514 1.5 -10.509630011265192806 -4.1000498355065930767 6.1047197890356503791 1.606135683715797402 1.5 -11.165296830122537486 -4.6709099300513079456 7.3268970484798190412 1.6596735398396573746 1.5 -11.845497638017423725 -5.462982703211578972 8.4034756188109600572 1.7132113959635173472 1.5 -12.523739823019271356 -6.4652523002629278537 9.2889392896432969593 1.7667492520873773199 1.5 -13.168671787474647061 -7.6510441544277307813 9.9417110777286126222 1.8202871082112372925 1.5 -13.746708169584442416 -8.9786853466633651522 10.33036633036577534 1.873824964335097043 1.5 -14.225689091946307485 -10.39516338392273731 10.43919084800587882 1.9273628204589570156 1.5 -14.578834750689695809 -11.842566003515520023 10.271493862231164229 1.9809006765828169883 1.5 -14.787993876907275848 -13.266082589807648873 9.8495211699529132687 2.0344385327066767388 1.5 -14.845327986387527375 -14.621676663939798146 9.2108626519805447685 2.0879763888305369335 1.5 -14.753112906285862138 -15.881605626638414464 8.4024230486214666058 2.1415142449543966841 1.5 -14.522013126210337575 -17.036769656525518002 7.4737857273482743992 2.1950521010782564346 1.5 -14.168643814017544358 -18.095953430901097647 6.4717725042624643095 2.2485899572021166293 1.5 -13.713322415474056726 -19.082865719604082955 5.4373964513583459279 2.3021278133259763798 1.5 -13.178675237733301628 -20.032039722572097418 4.4054939372181642909 2.3556656694498361304 1.5 -12.589461945343936478 -20.98438047354283853 3.4066420734999325326 2.4092035255736963251 1.5 -11.973665755698585045 -21.982481234525998559 2.4704268437379064416 2.4627413816975560756 1.5 -11.36433426222984977 -23.065985127785690878 1.6285217844990071967 2.5162792378214162703 1.5 -10.803722397143024736 -24.262040000195337797 0.91903173696151796435 2.5698170939452760209 3 -9.9999999999857465127 -27 7.5680201828122083381e-12 2.6768928061929933016 3 -10 -30 0 2.7839685184407132468 3 0 2 1 0 0 0 1 0 0 0 1 1 0 0 0 1 0 0 0 1 2 -1 -1.2246467991473532072e-16 0 1.2246467991473532072e-16 -1 0 0 0 1 1 0 0 0 1 0 0 0 1 2 0 48 
1 53 1 53 -1 -1.2246467991473532072e-16 0 1.2246467991473532072e-16 -1 0 0 0 1 2.0263394987641351156e-11 5.1618954638454894734e-08 0.99999999999999833467 -1.0000000000000004441 -4.4961901867848754575e-12 2.0263634599617985526e-11 4.4965751728586590623e-12 -0.99999999999999833467 5.1618954742538303293e-08 24.242640687119283882 -21.316718427000253655 1.1239224588802132487 0 3 21.242640687119283882 -21.316718427000253655 1.1239224588802132487 0.0013459576679552339318 3 18.258985391306019608 -21.332137637173246958 1.5503095716223806999 0.0026919153359104678637 3 15.621366883235351608 -21.296769801123510035 2.9413116916565646974 0.0040378730038657020124 3 13.838488329330401072 -21.200045484148319019 5.3223740293211641017 0.0053838306718209357274 3 13.211189420985325782 -21.12066396873365548 8.2435035804856884312 0.0067297883397761694424 3 13.563303271861288479 -21.189114632248053027 11.224634268541340276 0.0080757460077314040248 3 14.394514543070849655 -21.487689577419676112 14.103000618895418228 0.0094217036756866368724 3 15.094218852113881368 -21.96289989080462135 16.992531987944349936 0.010767661343641871455 3 15.042610167078187544 -22.436439579362520647 19.950518274571759747 0.012113619011597106037 3 13.832511506585595029 -22.746875041925513017 22.659184645605296993 0.013459576679552338885 3 11.525827502266389857 -22.895949347675866647 24.550119875785036072 0.014805534347507573467 3 8.6028428588390930543 -23.004410840256181103 25.193741935030118384 0.01615149201546280805 3 5.6947878512337073431 -23.089816194191481458 24.467883803971258061 0.017497449683418042632 3 3.4226729868797520773 -22.946749512121431991 22.528975848750640409 0.018843407351373273745 3 2.3037464904098401419 -22.343937207535155665 19.840797459256457103 0.020189365019328508327 3 2.4949264320972468489 -21.327151427483101997 17.042452308814414863 0.02153532268728374291 3 3.5458454672154924303 -20.203087433386503591 14.446576735952056936 0.022881280355238977492 3 4.55167799355206526 -19.255975608298562918 11.774096074368067377 0.024227238023194212074 1.5 4.7920001615014484742 -18.910874988721150913 10.352964876690183615 0.024900216857171829365 1.5 4.8657764332601525226 -18.680174290951960359 8.8733953074408944417 0.025573195691149443187 1.5 4.7541636744135571391 -18.54169812344647994 7.384024320297414512 0.026246174525127060478 1.5 4.5314989486839101218 -18.493788338411206951 5.9018546394564639357 0.02691915335910467777 1.5 4.2624422056831194894 -18.51779214000248075 4.4240627230884213006 0.027592132193082295061 1.5 3.9465049555721627428 -18.557731968062970651 2.9569601922033745822 0.028265111027059912352 1.5 3.670751161879973079 -18.605181808738439742 1.4821782993313066257 0.028938089861037529643 1.5 3.4587933205907459566 -18.63251765371735047 -0.001558772440307604765 0.029611068695015146934 1.5 3.2880237965969536518 -18.604180889918477959 -1.4903221471163787815 0.030284047528992764226 1.5 3.2209512875183876623 -18.540156079431447722 -2.9875630584638885878 0.030957026362970381517 1.5 3.2399830797110649172 -18.454102380553838003 -4.4835534662889209301 0.031630005196947995338 1.5 3.2974436988867843468 -18.372856192731731539 -5.9819584507222893777 0.032302984030925616099 1.5 3.3706445555443194095 -18.35609836771470782 -7.4826080531955438957 0.032975962864903229921 1.5 3.3777635223227377992 -18.441307892537842861 -8.9779081847206434475 0.033648941698880850681 1.5 3.2784813861070443153 -18.65918826300139699 -10.454578699766132743 0.034321920532858464503 1.5 3.0878646948083723345 -19.026672681711339408 -11.887532493359206143 0.034994899366836085264 3 2.4992948907617345 -20.155798708306146949 -14.611117161189822511 0.036340857034791312907 3 2.0182835593090930892 -21.47043265480052554 -17.279925967859036007 0.03768681470274654749 3 2.1851879184310258886 -22.542043557103948359 -20.0721578481347116 0.039032772370701782072 3 3.4346110800713867128 -23.07903729377710178 -22.72234458363299936 0.040378730038657016654 3 5.7369307804413374186 -23.124439824799001286 -24.625584385271032772 0.041724687706612251237 3 8.6497825295009018731 -22.984148302088648563 -25.313270047486906122 0.043070645374567485819 3 11.562971651002866835 -22.886877241585867893 -24.631257352795500992 0.044416603042522720401 3 13.846843757457861557 -22.789651850175857817 -22.711648834696042343 0.045762560710477954984 3 15.052664283539096246 -22.519170885253984693 -19.995463087327529195 0.047108518378433189566 3 15.189753425972597256 -22.003142915171746807 -17.043490774740405413 0.048454476046388424149 3 14.721195608886072037 -21.328213244950340766 -14.147439495333497206 0.049800433714343658731 3 14.190280930913788282 -20.664812735031734547 -11.264161480993296394 0.051146391382298886374 3 13.896626843448752098 -20.259753005985167817 -8.3009056291246299253 0.052492349050254120957 3 13.855591701453139564 -20.495901603495223497 -5.3074444938608156264 0.053838306718209355539 3 13.929327763291185605 -21.768944988625602122 -2.6110426082676769788 0.055184264386164590122 3 13.989725384057953406 -24.087463282800261055 -0.75585387675269621877 0.056530222054119824704 3 13.99999999993926636 -27 -1.3482381877594207253e-11 0.057876179722078896495 3 14.000000000000001776 -30 0 0.059222137390034221283 3 0 2 1 0 0 0 1 0 0 0 1 1 0 0 0 1 0 0 0 1 2 -1 -1.2246467991473532072e-16 0 1.2246467991473532072e-16 -1 0 0 0 1 1 0 0 0 1 0 0 0 1 2 0 52 
4 0 -30 0 0 1 0 0.60000002384185791016 0.60000002384185791016 0.60000002384185791016 notexture 
3 -4.1916021600000004099 -22.5704605299999983 -11.591999999999998749 0.029032375031586482583 0.40141724984893623063 -0.91543504014416110515 0.041372840796812776487 0.91455370635100852184 0.40234289635090481063 0.99872188783686266511 -0.049555118033862505245 0.0099438942182154335669 0 0 0 
3 -10 -30 0 -4.7510271792388739093e-12 1 -3.5083062948798492535e-13 -1 -4.7510271792397584432e-12 -2.5226733942690699038e-12 -2.522673394270736382e-12 3.5083062947599949024e-13 1 48 0 0 
3 24.242640687119283882 -21.316718427000253655 1.1239224588802132487 1 0 0 0 1 0 0 0 1 0 1 0 
3 14.000000000000001776 -30 0 2.0245194409795885804e-11 5.1618947671805415212e-08 0.99999999999999844569 -0.99999999999999988898 -4.4942383148338649335e-12 2.0245305432098348319e-11 4.4941272925314024178e-12 -0.99999999999999844569 5.1618947560783112749e-08 52 1 0 
3 -8.7204588399999991566 -13.942903889999998412 -3.1389425000000001909 -0.94550256741151827988 0.32453826492158877048 0.02645391502050306598 0.32554259664168783139 0.94387747486936668384 0.055833056570587277778 -0.0068492912052739492873 0.061402174521035926547 -0.99808960528304946358 -1 -1 0 
3 35 -28.399999999999998579 0 6.1232339957367660359e-17 -1 -6.1232339957367660359e-17 0 6.1232339957367660359e-17 -1 1 6.1232339957367660359e-17 3.7493994566546440196e-33 -1 -1 0 
6 -4.1916021600000004099 -22.5704605299999983 -11.591999999999998749 0.029046142776035031863 0.40140601709135220743 -0.91541075507674263267 0.04136675183856772936 0.91453004508733215516 0.40233393717866849926 0.99871882616900897744 -0.049557621133877724495 0.0099537877374437366829  0 0 
6 -8.7204588399999991566 -13.942903889999998412 -3.1389425000000001909 -0.94552050425395250954 0.32454502393842760144 0.026453792885737039547 0.32554256564170835908 0.94387983897027061264 0.055832687737472998235 -0.0068495856754880448877 0.06140375668107293794 -0.99810953773662369759  4 0 
0 
