1 1 49 1 49 -0.030751615967455351447 -0.40172848814431766362 -0.9152423503797618709 -0.042798550735684504076 -0.91430637969292349876 0.40275566800200923723 -0.99861034551536420611 0.051556433799289078102 0.010923001583096798167 -4.7603147920368928757e-12 1 -3.5049740887416191981e-13 -1 -4.7602526126241981909e-12 -2.4809320822022199901e-12 -2.4806634080542406583e-12 3.5016434196677437285e-13 0.99999999999999944489 -4.4615046800000000005 -22.343823830000001607 -10.977671210000000457 0 3 -4.5537595279023657113 -22.472219482207055563 -13.97350224654609363 0.10904739100852223199 3 -4.83769787179962929 -22.614355383340608796 -16.971625968867702028 0.21809478201704446398 1.5 -5.2617976791967642214 -22.117066643093274081 -18.288342835452564117 0.27261847752130557998 1.5 -5.7721356193578774452 -21.197403242991846639 -19.344630378892073708 0.32714217302556669598 1.5 -6.2856864704009911549 -19.957248189047916753 -20.001251754821463891 0.38166586852982781197 1.5 -6.7406206429074906339 -18.548568831506479171 -20.242806489140814818 0.43618956403408892797 1.5 -7.1032766687165089792 -17.09788933020005075 -20.097817428632133385 0.49071325953834998845 1.5 -7.3650264214649148187 -15.697297845539095462 -19.629953491803689758 0.54523695504261115996 1.5 -7.5280634013039700037 -14.403049243150448433 -18.889505942522180959 0.59976065054687222045 1.5 -7.6060634839406775498 -13.243598578160225898 -17.941322801340763959 0.65428434605113339195 1.5 -7.6171081674045808541 -12.221080146478843886 -16.842847285692020165 0.70880804155539445244 1.5 -7.5833784102247614456 -11.314793394188127351 -15.647111441026590128 0.76333173705965562394 1.5 -7.5243542447316942301 -10.496175824834706347 -14.39076296665833965 0.81785543256391668443 1.5 -7.456933241848873628 -9.7362633266430176349 -13.098826421107911955 0.87237912806817785594 1.5 -7.3941412704119819921 -9.0132822090570776652 -11.785842165371606782 0.92690282357243891642 1.5 -7.3467819134396927794 -8.3128402774364626993 -10.460179803758425265 0.98142651907669997691 1.5 -7.3238686814122022639 -7.6282489804316178095 -9.1256591643656737034 1.0359502145809611484 1.5 -7.3335263862190913642 -6.9589315428319995505 -7.7832526551297531725 1.0904739100852223199 1.5 -7.3832150114355536985 -6.3097236602121418159 -6.4318638134694232633 1.1449976055894832694 1.5 -7.4799153924130949989 -5.6901356850670508081 -5.0691331224534490474 1.1995213010937444409 1.5 -7.6301350789060737867 -5.1139025591905218349 -3.6922696663717649024 1.2540449965980056124 1.5 -7.8397977797852087534 -4.5986308075804460671 -2.299080815478023343 1.3085686921022667839 1.5 -8.1140378721337800272 -4.1653681667852868742 -0.88927241753447694439 1.3630923876065277334 1.5 -8.4568231384453529387 -3.8380529081125449586 0.53405068469113226026 1.4176160831107889049 1.5 -8.8704035261689124781 -3.642616906424064549 1.9627511035526072902 1.4721397786150500764 1.5 -9.354527967434789204 -3.605626415918262051 3.3821010075915309834 1.5266634741193112479 1.5 -9.9054592452711265338 -3.7522765065892262903 4.7695618605454566108 1.5811871696235721974 1.5 -10.514864043901303248 -4.1036952925855105789 6.0942827712782978722 1.6357108651278333689 1.5 -11.16878094527447729 -4.6736506877461314602 7.3177456393439319626 1.6902345606320945404 1.5 -11.846979881097572829 -5.4650297131446885501 8.3959590748778367697 1.7447582561363557119 1.5 -12.523113041153433045 -6.4667651189123604993 9.2833992165812109221 1.7992819516406166613 1.5 -13.16601671000998941 -7.65215553787376912 9.938477434952870837 1.8538056471448778328 1.5 -13.742301976797147489 -8.97955343480358259 10.329723441333664269 1.9083293426491390044 1.5 -14.219964954892665432 -10.396015392814417666 10.441309812370516141 1.9628530381533999538 1.5 -14.572299990509668177 -11.8436960414260124 10.276357923966134678 2.0173767336576613474 1.5 -14.781132737485650708 -13.267791361124301019 9.8568823028347658521 2.0719004291619222968 1.5 -14.83852302987400229 -14.624179877241957115 9.2202609012294161062 2.1264241246661832463 1.5 -14.746589046188491423 -15.884953017745944592 8.4132620290101538529 2.1809478201704446398 1.5 -14.51578743397473481 -17.040809814634855002 7.4854487730424059677 2.2354715156747055893 1.5 -14.162466934608689328 -18.100351882934685221 6.483751007530298871 2.2899952111789665388 1.5 -13.706662210952632819 -19.087162839612140885 5.449387446610999497 2.3445189066832279323 1.5 -13.170868703296681801 -20.03577998653402048 4.4174160484630986545 2.3990426021874888818 1.5 -12.580124388047211781 -20.987254269124363759 3.4184479316610199007 2.4535662976917502753 1.5 -11.963346699473111912 -21.984485821754564228 2.4817297274026017817 2.5080899931960112248 1.5 -11.355045940256573545 -23.067608763214579426 1.6380064638302840319 2.5626136887002721743 1.5 -10.799245930373500002 -24.263311654247285531 0.92464150710939496669 2.6171373842045335678 3 -9.9999999999857482891 -27 7.4730525554551905138e-12 2.7261847752130536904 3 -10 -30 0 2.8352321662215760334 3 0 2 1 0 0 0 1 0 0 0 1 1 0 0 0 1 0 0 0 1 2 -1 -1.2246467991473532072e-16 0 1.2246467991473532072e-16 -1 0 0 0 1 1 0 0 0 1 0 0 0 1 2 0 48 
1 53 1 53 -1 -1.2246467991473532072e-16 0 1.2246467991473532072e-16 -1 0 0 0 1 2.0227269748117559835e-11 5.1618950849818823201e-08 0.99999999999999833467 -1.0000000000000004441 -4.4902471355647452631e-12 2.0227520639207809482e-11 4.4905249485815304143e-12 -0.99999999999999822364 5.1618950960841125664e-08 24.242640687119283882 -21.316718427000253655 1.1239224588802132487 0 3 21.242640687119283882 -21.316718427000253655 1.1239224588802132487 0.0013459576679555017298 3 18.258985391306019608 -21.332137637173246958 1.5503095716223806999 0.0026919153359110034596 3 15.621366883235351608 -21.296769801123510035 2.9413116916565646974 0.0040378730038665051894 3 13.838488329330401072 -21.200045484148319019 5.3223740293211641017 0.0053838306718220069191 3 13.211189420985325782 -21.12066396873365548 8.2435035804856884312 0.0067297883397775086489 3 13.563303271861288479 -21.189114632248053027 11.224634268541340276 0.0080757460077330103787 3 14.394514543070849655 -21.487689577419676112 14.103000618895418228 0.0094217036756885121085 3 15.094218852113881368 -21.96289989080462135 16.992531987944349936 0.010767661343644013838 3 15.042610167078187544 -22.436439579362520647 19.950518274571759747 0.012113619011599515568 3 13.832511506585595029 -22.746875041925513017 22.659184645605296993 0.013459576679555017298 3 11.525827502266389857 -22.895949347675866647 24.550119875785036072 0.014805534347510519028 3 8.6028428588390930543 -23.004410840256181103 25.193741935030118384 0.016151492015466020757 3 5.6947878512337073431 -23.089816194191481458 24.467883803971258061 0.017497449683421522487 3 3.4226729868797520773 -22.946749512121431991 22.528975848750640409 0.018843407351377024217 3 2.3037464904098401419 -22.343937207535155665 19.840797459256457103 0.020189365019332525947 3 2.4949264320972468489 -21.327151427483101997 17.042452308814414863 0.021535322687288027677 3 3.5458454672154924303 -20.203087433386503591 14.446576735952056936 0.022881280355243529406 3 4.55167799355206526 -19.255975608298562918 11.774096074368067377 0.024227238023199031136 1.5 4.7920001615014484742 -18.910874988721150913 10.352964876690183615 0.024900216857176783736 1.5 4.8657764332601525226 -18.680174290951960359 8.8733953074408944417 0.025573195691154532866 1.5 4.7541636744135571391 -18.54169812344647994 7.384024320297414512 0.026246174525132285466 1.5 4.5314989486839101218 -18.493788338411206951 5.9018546394564639357 0.026919153359110034596 1.5 4.2624422056831194894 -18.51779214000248075 4.4240627230884213006 0.027592132193087787195 1.5 3.9465049555721627428 -18.557731968062970651 2.9569601922033745822 0.028265111027065536325 1.5 3.670751161879973079 -18.605181808738439742 1.4821782993313066257 0.028938089861043288925 1.5 3.4587933205907459566 -18.63251765371735047 -0.001558772440307604765 0.029611068695021038055 1.5 3.2880237965969536518 -18.604180889918477959 -1.4903221471163787815 0.030284047528998790655 1.5 3.2209512875183876623 -18.540156079431447722 -2.9875630584638885878 0.030957026362976539785 1.5 3.2399830797110649172 -18.454102380553838003 -4.4835534662889209301 0.031630005196954288915 1.5 3.2974436988867843468 -18.372856192731731539 -5.9819584507222893777 0.032302984030932041515 1.5 3.3706445555443194095 -18.35609836771470782 -7.4826080531955438957 0.032975962864909794114 1.5 3.3777635223227377992 -18.441307892537842861 -8.9779081847206434475 0.033648941698887546714 1.5 3.2784813861070443153 -18.65918826300139699 -10.454578699766132743 0.034321920532865292375 1.5 3.0878646948083723345 -19.026672681711339408 -11.887532493359206143 0.034994899366843044974 3 2.4992948907617345 -20.155798708306146949 -14.611117161189822511 0.036340857034798550174 3 2.0182835593090930892 -21.47043265480052554 -17.279925967859036007 0.037686814702754048434 3 2.1851879184310258886 -22.542043557103948359 -20.0721578481347116 0.039032772370709553633 3 3.4346110800713867128 -23.07903729377710178 -22.72234458363299936 0.040378730038665051894 3 5.7369307804413374186 -23.124439824799001286 -24.625584385271032772 0.041724687706620557093 3 8.6497825295009018731 -22.984148302088648563 -25.313270047486906122 0.043070645374576055353 3 11.562971651002866835 -22.886877241585867893 -24.631257352795500992 0.044416603042531560552 3 13.846843757457861557 -22.789651850175857817 -22.711648834696042343 0.045762560710487058813 3 15.052664283539096246 -22.519170885253984693 -19.995463087327529195 0.047108518378442564012 3 15.189753425972597256 -22.003142915171746807 -17.043490774740405413 0.048454476046398062272 3 14.721195608886072037 -21.328213244950340766 -14.147439495333497206 0.049800433714353567471 3 14.190280930913788282 -20.664812735031734547 -11.264161480993296394 0.051146391382309065732 3 13.896626843448752098 -20.259753005985167817 -8.3009056291246299253 0.052492349050264570931 3 13.855591701453139564 -20.495901603495223497 -5.3074444938608156264 0.053838306718220069191 3 13.929327763291185605 -21.768944988625602122 -2.6110426082676769788 0.055184264386175574391 3 13.989725384057953406 -24.087463282800261055 -0.75585387675269621877 0.056530222054131072651 3 13.999999999939374717 -27 -1.3462730930058341983e-11 0.057876179722082740642 3 14.000000000000001776 -30 0 0.059222137390038155635 3 0 2 1 0 0 0 1 0 0 0 1 1 0 0 0 1 0 0 0 1 2 -1 -1.2246467991473532072e-16 0 1.2246467991473532072e-16 -1 0 0 0 1 1 0 0 0 1 0 0 0 1 2 0 52 
4 0 -30 0 0 1 0 0.60000002384185791016 0.60000002384185791016 0.60000002384185791016 notexture 
3 -4.4615046800000000005 -22.343823830000001607 -10.977671210000000457 0.030751615967455400019 0.40172848814431766362 -0.9152423503797618709 0.042798550735684615098 0.91430637969292349876 0.40275566800200923723 0.99861034551536420611 -0.051556433799289203002 0.010923001583096798167 0 0 0 
3 -10 -30 0 -4.7503610454241440518e-12 1 -3.5076127731024450713e-13 -1 -4.7503610454250172766e-12 -2.4910175184833970265e-12 -2.4910175184850635046e-12 3.5076127729841093722e-13 1 48 0 0 
3 24.242640687119283882 -21.316718427000253655 1.1239224588802132487 1 0 0 0 1 0 0 0 1 0 1 0 
3 14.000000000000001776 -30 0 2.0208834605739411927e-11 5.1618951391052547706e-08 0.99999999999999888978 -1.000000000000000222 -4.4874104432324202207e-12 2.0208612561134486896e-11 4.4875769766861139942e-12 -0.99999999999999877875 5.1618951502074850168e-08 52 1 0 
3 -8.8585936800000002478 -14.061299710000000118 -3.1553968300000003744 -0.94513125707357559246 0.32566268902577233391 0.0258982601544149732 0.32664289123394518732 0.94337668025439314068 0.057834771189395568769 -0.0055971875841077951136 0.063120932571563037605 -0.99799019001313060695 -1 -1 0 
3 35 -28.399999999999998579 0 6.1232339957367660359e-17 -1 -6.1232339957367660359e-17 0 6.1232339957367660359e-17 -1 1 6.1232339957367660359e-17 3.7493994566546440196e-33 -1 -1 0 
6 -4.4615046800000000005 -22.343823830000001607 -10.977671210000000457 0.030765348271173990902 0.40171720877911309966 -0.91521805980539561176 0.042792403798684472416 0.91428273911730639778 0.40274668423226794856 0.99860726943531730182 -0.0515589212475986991 0.010932909854995301324  0 0 
6 -8.8585936800000002478 -14.061299710000000118 -3.1553968300000003744 -0.94514918564215366636 0.32566946870219115606 0.025898141267105635743 0.32664286264739561538 0.94337904547876227923 0.057834404226326213694 -0.0055974694533493371193 0.063122551375565522092 -0.99801011984991860881  4 0 
0 
1 1 49 1 49 -0.030494852556448903691 -0.40127148987121652457 -0.91545139433183175814 -0.043457062088214509776 -0.91447904134043200841 0.40229288671780649711 -0.99858977950018179559 0.052050690347188635632 0.010448823482075424163 -4.7702047639049710494e-12 1.000000000000000222 -3.5244029916725594376e-13 -0.99999999999999944489 -4.7700316296637425928e-12 -2.4706935674894164163e-12 -2.470024944297350659e-12 3.5199620995740588114e-13 1.0000000000000004441 -4.5629377099999999245 -22.340957180000000193 -10.965231250000000429 0 3 -4.6544222676693465246 -22.47132836626464325 -13.961000588500546371 0.10933182387726228524 3 -4.83769787179962929 -22.614355383340608796 -16.971625968867702028 0.21866364775452457048 1.5 -5.2617976791967642214 -22.117066643093274081 -18.288342835452564117 0.27332955969315569922 1.5 -5.7721356193578774452 -21.197403242991846639 -19.344630378892073708 0.32799547163178688347 1.5 -6.2856864704009911549 -19.957248189047916753 -20.001251754821463891 0.38266138357041801221 1.5 -6.7406206429074906339 -18.548568831506479171 -20.242806489140814818 0.43732729550904914095 1.5 -7.1032766687165089792 -17.09788933020005075 -20.097817428632133385 0.49199320744768026969 1.5 -7.3650264214649148187 -15.697297845539095462 -19.629953491803689758 0.54665911938631139844 1.5 -7.5280634013039700037 -14.403049243150448433 -18.889505942522180959 0.60132503132494252718 1.5 -7.6060634839406775498 -13.243598578160225898 -17.941322801340763959 0.65599094326357376694 1.5 -7.6171081674045808541 -12.221080146478843886 -16.842847285692020165 0.71065685520220489568 1.5 -7.5833784102247614456 -11.314793394188127351 -15.647111441026590128 0.76532276714083602442 1.5 -7.5243542447316942301 -10.496175824834706347 -14.39076296665833965 0.81998867907946715317 1.5 -7.456933241848873628 -9.7362633266430176349 -13.098826421107911955 0.87465459101809828191 1.5 -7.3941412704119819921 -9.0132822090570776652 -11.785842165371606782 0.92932050295672941065 1.5 -7.3467819134396927794 -8.3128402774364626993 -10.460179803758425265 0.98398641489536053939 1.5 -7.3238686814122022639 -7.6282489804316178095 -9.1256591643656737034 1.0386523268339917792 1.5 -7.3335263862190913642 -6.9589315428319995505 -7.7832526551297531725 1.0933182387726227969 1.5 -7.3832150114355536985 -6.3097236602121418159 -6.4318638134694232633 1.1479841507112540366 1.5 -7.4799153924130949989 -5.6901356850670508081 -5.0691331224534490474 1.2026500626498850544 1.5 -7.6301350789060737867 -5.1139025591905218349 -3.6922696663717649024 1.2573159745885162941 1.5 -7.8397977797852087534 -4.5986308075804460671 -2.299080815478023343 1.3119818865271475339 1.5 -8.1140378721337800272 -4.1653681667852868742 -0.88927241753447694439 1.3666477984657785516 1.5 -8.4568231384453529387 -3.8380529081125449586 0.53405068469113226026 1.4213137104044097914 1.5 -8.8704035261689124781 -3.642616906424064549 1.9627511035526072902 1.4759796223430408091 1.5 -9.354527967434789204 -3.605626415918262051 3.3821010075915309834 1.5306455342816720488 1.5 -9.9054592452711265338 -3.7522765065892262903 4.7695618605454566108 1.5853114462203030666 1.5 -10.514864043901303248 -4.1036952925855105789 6.0942827712782978722 1.6399773581589343063 1.5 -11.16878094527447729 -4.6736506877461314602 7.3177456393439319626 1.6946432700975653241 1.5 -11.846979881097572829 -5.4650297131446885501 8.3959590748778367697 1.7493091820361965638 1.5 -12.523113041153433045 -6.4667651189123604993 9.2833992165812109221 1.8039750939748278036 1.5 -13.16601671000998941 -7.65215553787376912 9.938477434952870837 1.8586410059134588213 1.5 -13.742301976797147489 -8.97955343480358259 10.329723441333664269 1.9133069178520900611 1.5 -14.219964954892665432 -10.396015392814417666 10.441309812370516141 1.9679728297907210788 1.5 -14.572299990509668177 -11.8436960414260124 10.276357923966134678 2.0226387417293523185 1.5 -14.781132737485650708 -13.267791361124301019 9.8568823028347658521 2.0773046536679835583 1.5 -14.83852302987400229 -14.624179877241957115 9.2202609012294161062 2.131970565606614354 1.5 -14.746589046188491423 -15.884953017745944592 8.4132620290101538529 2.1866364775452455937 1.5 -14.51578743397473481 -17.040809814634855002 7.4854487730424059677 2.2413023894838768335 1.5 -14.162466934608689328 -18.100351882934685221 6.483751007530298871 2.2959683014225080733 1.5 -13.706662210952632819 -19.087162839612140885 5.449387446610999497 2.350634213361139313 1.5 -13.170868703296681801 -20.03577998653402048 4.4174160484630986545 2.4053001252997701087 1.5 -12.580124388047211781 -20.987254269124363759 3.4184479316610199007 2.4599660372384013485 1.5 -11.963346699473111912 -21.984485821754564228 2.4817297274026017817 2.5146319491770325882 1.5 -11.355045940256573545 -23.067608763214579426 1.6380064638302840319 2.569297861115663828 1.5 -10.799245930373500002 -24.263311654247285531 0.92464150710939496669 2.6239637730542950678 3 -9.999999999985718091 -27 7.4418936350438265037e-12 2.7332955969315584355 3 -10 -30 0 2.842627420808820915 3 0 2 1 0 0 0 1 0 0 0 1 1 0 0 0 1 0 0 0 1 2 -1 -1.2246467991473532072e-16 0 1.2246467991473532072e-16 -1 0 0 0 1 1 0 0 0 1 0 0 0 1 2 0 48 
1 53 1 53 -1 -1.2246467991473532072e-16 0 1.2246467991473532072e-16 -1 0 0 0 1 2.0245619058294754507e-11 5.1618947040366069956e-08 0.99999999999999833467 -1.0000000000000006661 -4.4934926906556843507e-12 2.0245857313640296333e-11 4.4935775992992852778e-12 -0.99999999999999822364 5.1618947151388372419e-08 24.242640687119283882 -21.316718427000253655 1.1239224588802132487 0 3 21.242640687119283882 -21.316718427000253655 1.1239224588802132487 0.0013459576679554123915 3 18.258985391306019608 -21.332137637173246958 1.5503095716223806999 0.0026919153359108247831 3 15.621366883235351608 -21.296769801123510035 2.9413116916565646974 0.0040378730038662371746 3 13.838488329330401072 -21.200045484148319019 5.3223740293211641017 0.0053838306718216495661 3 13.211189420985325782 -21.12066396873365548 8.2435035804856884312 0.006729788339777062825 3 13.563303271861288479 -21.189114632248053027 11.224634268541340276 0.0080757460077324743492 3 14.394514543070849655 -21.487689577419676112 14.103000618895418228 0.009421703675687887608 3 15.094218852113881368 -21.96289989080462135 16.992531987944349936 0.010767661343643299132 3 15.042610167078187544 -22.436439579362520647 19.950518274571759747 0.012113619011598712391 3 13.832511506585595029 -22.746875041925513017 22.659184645605296993 0.01345957667955412565 3 11.525827502266389857 -22.895949347675866647 24.550119875785036072 0.014805534347509537174 3 8.6028428588390930543 -23.004410840256181103 25.193741935030118384 0.016151492015464948698 3 5.6947878512337073431 -23.089816194191481458 24.467883803971258061 0.017497449683420363692 3 3.4226729868797520773 -22.946749512121431991 22.528975848750640409 0.018843407351375775216 3 2.3037464904098401419 -22.343937207535155665 19.840797459256457103 0.02018936501933118674 3 2.4949264320972468489 -21.327151427483101997 17.042452308814414863 0.021535322687286598264 3 3.5458454672154924303 -20.203087433386503591 14.446576735952056936 0.022881280355242013258 3 4.55167799355206526 -19.255975608298562918 11.774096074368067377 0.024227238023197424782 1.5 4.7920001615014484742 -18.910874988721150913 10.352964876690183615 0.024900216857175132279 1.5 4.8657764332601525226 -18.680174290951960359 8.8733953074408944417 0.025573195691152836306 1.5 4.7541636744135571391 -18.54169812344647994 7.384024320297414512 0.026246174525130543803 1.5 4.5314989486839101218 -18.493788338411206951 5.9018546394564639357 0.0269191533591082513 1.5 4.2624422056831194894 -18.51779214000248075 4.4240627230884213006 0.027592132193085955327 1.5 3.9465049555721627428 -18.557731968062970651 2.9569601922033745822 0.028265111027063662824 1.5 3.670751161879973079 -18.605181808738439742 1.4821782993313066257 0.028938089861041370321 1.5 3.4587933205907459566 -18.63251765371735047 -0.001558772440307604765 0.029611068695019074348 1.5 3.2880237965969536518 -18.604180889918477959 -1.4903221471163787815 0.030284047528996781845 1.5 3.2209512875183876623 -18.540156079431447722 -2.9875630584638885878 0.030957026362974485872 1.5 3.2399830797110649172 -18.454102380553838003 -4.4835534662889209301 0.031630005196952193369 1.5 3.2974436988867843468 -18.372856192731731539 -5.9819584507222893777 0.032302984030929897397 1.5 3.3706445555443194095 -18.35609836771470782 -7.4826080531955438957 0.032975962864907608363 1.5 3.3777635223227377992 -18.441307892537842861 -8.9779081847206434475 0.03364894169888531239 1.5 3.2784813861070443153 -18.65918826300139699 -10.454578699766132743 0.034321920532863016418 1.5 3.0878646948083723345 -19.026672681711339408 -11.887532493359206143 0.034994899366840727384 3 2.4992948907617345 -20.155798708306146949 -14.611117161189822511 0.036340857034796135439 3 2.0182835593090930892 -21.47043265480052554 -17.279925967859036007 0.037686814702751550432 3 2.1851879184310258886 -22.542043557103948359 -20.0721578481347116 0.039032772370706965426 3 3.4346110800713867128 -23.07903729377710178 -22.72234458363299936 0.04037873003866237348 3 5.7369307804413374186 -23.124439824799001286 -24.625584385271032772 0.041724687706617788474 3 8.6497825295009018731 -22.984148302088648563 -25.313270047486906122 0.043070645374573196529 3 11.562971651002866835 -22.886877241585867893 -24.631257352795500992 0.044416603042528611522 3 13.846843757457861557 -22.789651850175857817 -22.711648834696042343 0.045762560710484026516 3 15.052664283539096246 -22.519170885253984693 -19.995463087327529195 0.047108518378439434571 3 15.189753425972597256 -22.003142915171746807 -17.043490774740405413 0.048454476046394849564 3 14.721195608886072037 -21.328213244950340766 -14.147439495333497206 0.049800433714350264558 3 14.190280930913788282 -20.664812735031734547 -11.264161480993296394 0.051146391382305672613 3 13.896626843448752098 -20.259753005985167817 -8.3009056291246299253 0.052492349050261087606 3 13.855591701453139564 -20.495901603495223497 -5.3074444938608156264 0.0538383067182165026 3 13.929327763291185605 -21.768944988625602122 -2.6110426082676769788 0.055184264386171910655 3 13.989725384057953406 -24.087463282800261055 -0.75585387675269621877 0.056530222054127325648 3 13.99999999993931965 -27 -1.3472056803465193298e-11 0.057876179722075059286 3 14.000000000000001776 -30 0 0.059222137390030293869 3 0 2 1 0 0 0 1 0 0 0 1 1 0 0 0 1 0 0 0 1 2 -1 -1.2246467991473532072e-16 0 1.2246467991473532072e-16 -1 0 0 0 1 1 0 0 0 1 0 0 0 1 2 0 52 
4 0 -30 0 0 1 0 0.60000002384185791016 0.60000002384185791016 0.60000002384185791016 notexture 
3 -4.5629377099999999245 -22.340957180000000193 -10.965231250000000429 0.030494852556448952263 0.40127148987121652457 -0.91545139433183175814 0.043457062088214620799 0.91447904134043200841 0.40229288671780649711 0.99858977950018179559 -0.052050690347188760532 0.010448823482075424163 0 0 0 
3 -10 -30 0 -4.7607971418556350635e-12 1 -3.5046521250119683003e-13 -1 -4.7607971418565050572e-12 -2.480631211679606869e-12 -2.4806312116812757705e-12 3.5046521248938688808e-13 1 48 0 0 
3 24.242640687119283882 -21.316718427000253655 1.1239224588802132487 1 0 0 0 1 0 0 0 1 0 1 0 
3 14.000000000000001776 -30 0 2.0227375330250652041e-11 5.1618951335541396475e-08 0.99999999999999888978 -1.000000000000000222 -4.4906300900038331747e-12 2.0227264307948189526e-11 4.4906856011550644325e-12 -0.99999999999999877875 5.1618951502074850168e-08 52 1 0 
3 -8.8188969000000003717 -14.070473010000000613 -3.1306679500000003102 -0.94516983225528794499 0.32554694526038630009 0.025945608995395927354 0.32652767851413011524 0.94344501395610091965 0.057368813876050424316 -0.0058020133302009724297 0.062695231660813380281 -0.99801585386621649576 -1 -1 0 
3 35 -28.399999999999998579 0 6.1232339957367660359e-17 -1 -6.1232339957367660359e-17 0 6.1232339957367660359e-17 -1 1 6.1232339957367660359e-17 3.7493994566546440196e-33 -1 -1 0 
6 -4.5629377099999999245 -22.340957180000000193 -10.965231250000000429 0.030508586122897776022 0.40126021171761283579 -0.91542710695204942972 0.043450898585067274094 0.91445540124440616303 0.4022839135211380146 0.9985867073024752294 -0.052053169091975368121 0.010458730011652551603  0 0 
6 -8.8188969000000003717 -14.070473010000000613 -3.1306679500000003102 -0.94518776170923601843 0.32555372275438493324 0.025945489043959039932 0.32652764970611336537 0.94344737893539543094 0.057368446348618415409 -0.0058022975681873969686 0.062696841798387678568 -0.99803578435381212763  4 0 
0 
1 1 49 1 49 -0.030237760177620930796 -0.40080343957352104756 -0.91566493909370350046 -0.04411543730133926644 -0.91465601188558143253 0.40181862589142708364 -0.99856872875689051128 0.052545054454229064844 0.0099755301237486222743 -4.7552607267205398036e-12 1.000000000000000222 -3.5316194413326229551e-13 -1.0000000000000004441 -4.7554880049804217746e-12 -2.44535803731486146e-12 -2.4450928943076714862e-12 3.5288438837710600637e-13 1.0000000000000004441 -4.7161864199999996572 -22.331769569999998737 -10.947939800000000332 0 3 -4.8068997005328624184 -22.464115881904017868 -13.94364598627067231 0.11007359271959707425 3 -4.9037204968549259476 -22.572212901061412538 -16.958804569534756013 0.2201471854391941485 1.5 -5.2574817500941195547 -22.085873434649716529 -18.300157277158746183 0.27518398179899267175 1.5 -5.7556873734693194677 -21.179082028530757498 -19.36959760490830007 0.33022077815879125051 1.5 -6.2841853884731042612 -19.949587215586255695 -20.032358517453889846 0.38525757451858977376 1.5 -6.7507424939578140055 -18.542346207790263435 -20.265703814628729162 0.44029437087838829701 1.5 -7.1139241240162167657 -17.094497049070543682 -20.112045149467970617 0.49533116723818682026 1.5 -7.371746546279018375 -15.695586011776510915 -19.631398563441365468 0.5503679635979853435 1.5 -7.5331708108891524134 -14.403886537052247974 -18.887028077965364758 0.60540475995778386675 1.5 -7.6117955009781121944 -13.244522362573771801 -17.937711623139573902 0.66044155631758250102 1.5 -7.6241663672852464373 -12.219432706983877068 -16.842251954908178391 0.71547835267738102427 1.5 -7.5903927706489744409 -11.310688119269391549 -15.64836668523345331 0.77051514903717954752 1.5 -7.5304118129157977535 -10.490649138526551454 -14.393111654149580048 0.82555194539697807077 1.5 -7.4612659429182706106 -9.7308577904424229388 -13.101154373908311612 0.88058874175677659402 1.5 -7.3968337510726964723 -9.0085773702959919262 -11.787870617166966269 0.93562553811657511726 1.5 -7.3480943739909694301 -8.3090744800757576627 -10.461759469074234374 0.99066233447637364051 1.5 -7.3241925175113147262 -7.6252289568904432215 -9.1268759206103045045 1.0456991308361722748 1.5 -7.3331280732439791947 -6.9564926288792268139 -7.7841743277351449493 1.100735927195970687 1.5 -7.3822705219958919542 -6.3077512842909317925 -6.4325384407386696495 1.1557727235557693213 1.5 -7.478520998562220079 -5.6885951235705833895 -5.0695747262821946322 1.2108095199155677335 1.5 -7.6283457303663153581 -5.1127955272298546419 -3.6924800974088256567 1.2658463162753663678 1.5 -7.8376544199160402826 -4.5979489405929081514 -2.2990722615133685203 1.320883112635165002 1.5 -8.1115827112251306374 -4.1650785791664288737 -0.88907256905073384079 1.3759199089949634143 1.5 -8.4541175967013195702 -3.8380844080809213281 0.53439590669047254412 1.4309567053547620485 1.5 -8.8675374016756922657 -3.6428669222235847691 1.9631847975206484502 1.4859935017145604608 1.5 -9.3516263758321898081 -3.6059678715936342996 3.3825617393636893127 1.541030298074359095 1.5 -9.9026788686487297042 -3.7525770948301113705 4.7699917420224222653 1.5960670944341575073 1.5 -10.512381431942468879 -4.1038396990724610447 6.0946302803444538654 1.6511038907939561415 1.5 -11.166771088277636537 -4.6735639708134293357 7.3179618276927120846 1.7061406871537545538 1.5 -11.845590118949392178 -5.4646891286324548176 8.3959867260603324723 1.761177483513553188 1.5 -12.52243689883574973 -6.4661949904299627079 9.283161527174044636 1.8162142798733518223 1.5 -13.166075640167672844 -7.6514045915685056087 9.9378760203644809224 1.8712510762331502345 1.5 -13.743040755513424855 -8.9786648133344844069 10.328650974593585943 1.9262878725929488688 1.5 -14.221265005230078415 -10.395003989439571157 10.439678172860906713 1.981324668952747281 1.5 -14.574006563566710426 -11.84254451902307359 10.274127035183804324 2.0363614653125456933 1.5 -14.783089986695276963 -13.26646721124751771 9.8540798077818987366 2.0913982616723445496 1.5 -14.840602503798342227 -14.622662784173776629 9.2169775408797054439 2.1464350580321429618 1.5 -14.748717121115092255 -15.883260142817759331 8.4096298883390439016 2.201471854391941374 1.5 -14.517948580187693963 -17.039003037592504342 7.4816025606228802047 2.2565086507517402303 1.5 -14.164639703005663662 -18.09852571576011826 6.4798324988914624001 2.3115454471115386426 1.5 -13.708879966809472961 -19.085453552330438498 5.4455055077945448971 2.3665822434713370548 1.5 -13.173359571131756596 -20.034338978255700425 4.4135803705919620654 2.421619039831135467 1.5 -12.583332565767234357 -20.986227162549404568 3.4145080966491772045 2.4766558361909343233 1.5 -11.967455207240259796 -21.983910091094887918 2.4775965564914894657 2.5316926325507327356 1.5 -11.359005677391667888 -23.067339291084564934 1.6343273493511374372 2.5867294289105311478 1.5 -10.800091090090241153 -24.263025137217287153 0.92316996986430177596 2.6417662252703300041 3 -9.9999999999856896693 -27 7.4104116338855719738e-12 2.751839817989924164 3 -10 -30 0 2.8619134107095214326 3 0 2 1 0 0 0 1 0 0 0 1 1 0 0 0 1 0 0 0 1 2 -1 -1.2246467991473532072e-16 0 1.2246467991473532072e-16 -1 0 0 0 1 1 0 0 0 1 0 0 0 1 2 0 48 
1 53 1 53 -1 -1.2246467991473532072e-16 0 1.2246467991473532072e-16 -1 0 0 0 1 2.0263394987641351156e-11 5.1618954638454894734e-08 0.99999999999999833467 -1.0000000000000004441 -4.4961901867848754575e-12 2.0263634599617985526e-11 4.4965751728586590623e-12 -0.99999999999999833467 5.1618954742538303293e-08 24.242640687119283882 -21.316718427000253655 1.1239224588802132487 0 3 21.242640687119283882 -21.316718427000253655 1.1239224588802132487 0.0013459576679552339318 3 18.258985391306019608 -21.332137637173246958 1.5503095716223806999 0.0026919153359104678637 3 15.621366883235351608 -21.296769801123510035 2.9413116916565646974 0.0040378730038657020124 3 13.838488329330401072 -21.200045484148319019 5.3223740293211641017 0.0053838306718209357274 3 13.211189420985325782 -21.12066396873365548 8.2435035804856884312 0.0067297883397761694424 3 13.563303271861288479 -21.189114632248053027 11.224634268541340276 0.0080757460077314040248 3 14.394514543070849655 -21.487689577419676112 14.103000618895418228 0.0094217036756866368724 3 15.094218852113881368 -21.96289989080462135 16.992531987944349936 0.010767661343641871455 3 15.042610167078187544 -22.436439579362520647 19.950518274571759747 0.012113619011597106037 3 13.832511506585595029 -22.746875041925513017 22.659184645605296993 0.013459576679552338885 3 11.525827502266389857 -22.895949347675866647 24.550119875785036072 0.014805534347507573467 3 8.6028428588390930543 -23.004410840256181103 25.193741935030118384 0.01615149201546280805 3 5.6947878512337073431 -23.089816194191481458 24.467883803971258061 0.017497449683418042632 3 3.4226729868797520773 -22.946749512121431991 22.528975848750640409 0.018843407351373273745 3 2.3037464904098401419 -22.343937207535155665 19.840797459256457103 0.020189365019328508327 3 2.4949264320972468489 -21.327151427483101997 17.042452308814414863 0.02153532268728374291 3 3.5458454672154924303 -20.203087433386503591 14.446576735952056936 0.022881280355238977492 3 4.55167799355206526 -19.255975608298562918 11.774096074368067377 0.024227238023194212074 1.5 4.7920001615014484742 -18.910874988721150913 10.352964876690183615 0.024900216857171829365 1.5 4.8657764332601525226 -18.680174290951960359 8.8733953074408944417 0.025573195691149443187 1.5 4.7541636744135571391 -18.54169812344647994 7.384024320297414512 0.026246174525127060478 1.5 4.5314989486839101218 -18.493788338411206951 5.9018546394564639357 0.02691915335910467777 1.5 4.2624422056831194894 -18.51779214000248075 4.4240627230884213006 0.027592132193082295061 1.5 3.9465049555721627428 -18.557731968062970651 2.9569601922033745822 0.028265111027059912352 1.5 3.670751161879973079 -18.605181808738439742 1.4821782993313066257 0.028938089861037529643 1.5 3.4587933205907459566 -18.63251765371735047 -0.001558772440307604765 0.029611068695015146934 1.5 3.2880237965969536518 -18.604180889918477959 -1.4903221471163787815 0.030284047528992764226 1.5 3.2209512875183876623 -18.540156079431447722 -2.9875630584638885878 0.030957026362970381517 1.5 3.2399830797110649172 -18.454102380553838003 -4.4835534662889209301 0.031630005196947995338 1.5 3.2974436988867843468 -18.372856192731731539 -5.9819584507222893777 0.032302984030925616099 1.5 3.3706445555443194095 -18.35609836771470782 -7.4826080531955438957 0.032975962864903229921 1.5 3.3777635223227377992 -18.441307892537842861 -8.9779081847206434475 0.033648941698880850681 1.5 3.2784813861070443153 -18.65918826300139699 -10.454578699766132743 0.034321920532858464503 1.5 3.0878646948083723345 -19.026672681711339408 -11.887532493359206143 0.034994899366836085264 3 2.4992948907617345 -20.155798708306146949 -14.611117161189822511 0.036340857034791312907 3 2.0182835593090930892 -21.47043265480052554 -17.279925967859036007 0.03768681470274654749 3 2.1851879184310258886 -22.542043557103948359 -20.0721578481347116 0.039032772370701782072 3 3.4346110800713867128 -23.07903729377710178 -22.72234458363299936 0.040378730038657016654 3 5.7369307804413374186 -23.124439824799001286 -24.625584385271032772 0.041724687706612251237 3 8.6497825295009018731 -22.984148302088648563 -25.313270047486906122 0.043070645374567485819 3 11.562971651002866835 -22.886877241585867893 -24.631257352795500992 0.044416603042522720401 3 13.846843757457861557 -22.789651850175857817 -22.711648834696042343 0.045762560710477954984 3 15.052664283539096246 -22.519170885253984693 -19.995463087327529195 0.047108518378433189566 3 15.189753425972597256 -22.003142915171746807 -17.043490774740405413 0.048454476046388424149 3 14.721195608886072037 -21.328213244950340766 -14.147439495333497206 0.049800433714343658731 3 14.190280930913788282 -20.664812735031734547 -11.264161480993296394 0.051146391382298886374 3 13.896626843448752098 -20.259753005985167817 -8.3009056291246299253 0.052492349050254120957 3 13.855591701453139564 -20.495901603495223497 -5.3074444938608156264 0.053838306718209355539 3 13.929327763291185605 -21.768944988625602122 -2.6110426082676769788 0.055184264386164590122 3 13.989725384057953406 -24.087463282800261055 -0.75585387675269621877 0.056530222054119824704 3 13.99999999993926636 -27 -1.3482381877594207253e-11 0.057876179722078896495 3 14.000000000000001776 -30 0 0.059222137390034221283 3 0 2 1 0 0 0 1 0 0 0 1 1 0 0 0 1 0 0 0 1 2 -1 -1.2246467991473532072e-16 0 1.2246467991473532072e-16 -1 0 0 0 1 1 0 0 0 1 0 0 0 1 2 0 52 
4 0 -30 0 0 1 0 0.60000002384185791016 0.60000002384185791016 0.60000002384185791016 notexture 
3 -4.7161864199999996572 -22.331769569999998737 -10.947939800000000332 0.030237760177620979368 0.40080343957352104756 -0.91566493909370350046 0.044115437301339377463 0.91465601188558143253 0.40181862589142708364 0.99856872875689051128 -0.052545054454229189744 0.0099755301237486222743 0 0 0 
3 -10 -30 0 -4.7701230152624984954e-12 1 -3.5255256616509614465e-13 -1 -4.7701230152633692968e-12 -2.4701372112935092356e-12 -2.4701372112951906579e-12 3.5255256615331306184e-13 1 48 0 0 
3 24.242640687119283882 -21.316718427000253655 1.1239224588802132487 1 0 0 0 1 0 0 0 1 0 1 0 
3 14.000000000000001776 -30 0 2.0245194409795885804e-11 5.1618947671805415212e-08 0.99999999999999844569 -0.99999999999999988898 -4.4942383148338649335e-12 2.0245305432098348319e-11 4.4941272925314024178e-12 -0.99999999999999844569 5.1618947560783112749e-08 52 1 0 
3 -8.7792116300000007101 -14.079657540000001248 -3.1059501000000002691 -0.94521184836767679904 0.32542001865198211252 0.026007175277290302262 0.32640210487784637738 0.94351632590784006993 0.056908775041126069549 -0.0060189398295254631366 0.06227964519739771776 -0.99804058943382401026 -1 -1 0 
3 35 -28.399999999999998579 0 6.1232339957367660359e-17 -1 -6.1232339957367660359e-17 0 6.1232339957367660359e-17 -1 1 6.1232339957367660359e-17 3.7493994566546440196e-33 -1 -1 0 
6 -4.7161864199999996572 -22.331769569999998737 -10.947939800000000332 0.030251495033767714093 0.40079216283079110994 -0.91564065480903544803 0.04410925729514077881 0.91463237220984205944 0.40180966346949426038 0.99856566044039896113 -0.052547524445933503634 0.0099854349433413230885  0 0 
6 -8.7792116300000007101 -14.079657540000001248 -3.1059501000000002691 -0.94522977878736968993 0.32542679377090966142 0.026007054340132170628 0.32640207581928443181 0.94351869064441229451 0.056908406976793196597 -0.0060192264940642972032 0.062281246807277416966 -0.99806052055365612752  4 0 
0 
