-0.03942330953   -0.1574455151   -0.2257646482   0.9565044717   0.2812400454   -0.0774805293   -0.2743713623   0.9575383633   0.08854737904   0.09909364811   -0.06343752564   0.9930539408   

-1.590389444   0.2897868256   -0.1773717705   0.9846544858   0.1661053018   0.05352170036   -0.1694882622   0.9832874102   0.06648005677   -0.04158452424   -0.07453118609   0.9963512582   

-0.9545266206   -0.5526208667   1.032621682   0.8996662325   -0.3961555481   0.1834705746   0.4213244561   0.8979588143   -0.1271049589   -0.114395685   0.1916526795   0.9747732442   

-1.277870121   -0.3538474813   0.6765023048   0.9710470855   0.2384775341   0.01400083647   -0.2379220123   0.9601915992   0.1463735249   0.02146331171   -0.1454666919   0.9891303088   

-6.211467891   5.59946602   2.355097887   0.8455649492   -0.4492044138   0.2885053054   0.5083549117   0.8425332562   -0.1780814307   -0.1630803497   0.297242505   0.9407718601   

-7.262967791   -1.898854724   5.85151491   0.9518886515   0.3064230458   -0.003593352935   -0.2917594228   0.9097985454   0.2952000102   0.0937253135   -0.279949145   0.9554287215   

-0.01103415812   -2.561843891   0.219539549   0.9967552228   0.05938372733   -0.05433781999   -0.05756071684   0.9977449434   0.0345223367   0.05626535016   -0.03128259554   0.9979256533   

0.4560674317   -0.1601071828   0.7376661429   0.9956050507   -0.02300137043   -0.09078281752   0.01806252611   0.9983309763   -0.05485441532   0.09189302557   0.05297356593   0.9943588252   

-3.179426535   2.735743471   3.54444341   0.7869814793   -0.5155975036   0.3388500634   0.603242581   0.7582640282   -0.2472530121   -0.1294547783   0.3989923281   0.9077701155   

3.515648459   -4.549328222   0.6271270794   0.8281393823   0.5587058541   -0.04508804757   -0.4694703077   0.73531557   0.4887828175   0.3062397649   -0.383612801   0.8712395912   

-4.389159265   -0.1509246428   5.04070373   0.9997598395   0.0007185319811   0.02190312998   -0.0009218271522   0.9999565811   0.00927287482   -0.02189551611   -0.009290838741   0.9997170933   

-2.730208728   -0.9923382472   3.228151708   0.9947995602   -0.09696606402   0.0311675714   0.09939735846   0.9910300155   -0.08932901821   -0.02222611547   0.0919624423   0.9955143942   

-2.293167542   2.122841929   4.571010674   0.9997165152   -0.01717914629   0.01648533316   0.01732141286   0.9998136185   -0.008526250937   -0.01633578688   0.008809383136   0.9998277536   

2.073362852   -2.384621745   5.459935064   0.9986491425   0.05191696726   -0.002125700615   -0.05171408585   0.9970609809   0.05652480585   0.005054049635   -0.05633852023   0.9983989322   

4.235023294   0.7926826442   3.550605233   0.9989459671   -0.04073668793   0.0211536539   0.04146179687   0.9985250265   -0.03505268555   -0.0196945225   0.03589280737   0.9991615646   

-0.01386030323   4.949270706   2.757861246   0.9802428809   0.09690366577   -0.17243426   -0.09623851186   0.9952831212   0.01223345527   0.1728063751   0.004603059142   0.9849450586   

-2.174890312   4.61417156   -0.9067798005   0.9849028491   -0.1203560544   0.124421855   0.1260437494   0.9912628529   -0.0388706801   -0.1186564413   0.0539664407   0.9914677363   

-1.763503436   7.22170923   -3.290041822   0.9776506824   -0.1621397792   0.1338276325   0.1736985662   0.9815690643   -0.0796930371   -0.1184396525   0.10115762   0.9877951127   

-2.992070449   8.766433705   7.384892652   0.9931588258   -0.06007657749   -0.1001316712   0.0377437401   0.976629132   -0.2115914663   0.1105031983   0.2063645884   0.9722153567   

-4.563180825   2.859182348   1.750434561   0.9930471611   -0.1120176385   0.03618541947   0.1141749606   0.9913717449   -0.06439054105   -0.0286603261   0.06807431283   0.9972685063   

-3.948739464   2.561399839   4.657030149   0.9827662083   -0.1557551757   0.09955352865   0.1523073168   0.9874661433   0.04138957652   -0.1047523797   -0.02551354635   0.9941710104   

-5.195907499   -32.39473118   18.64938676   -0.05951431408   0.7454638669   -0.6638837772   -0.9085279013   0.2350834779   0.3454168655   0.4135638995   0.6237141826   0.6632838906   

0.4685265384   2.632249047   -0.6750773044   0.9537921998   -0.2560602249   0.1572056003   0.2489297815   0.9664162977   0.06382400271   -0.1682688427   -0.02174168022   0.9855013424   

-3.157857611   0.274974898   -0.6567086946   0.9037466087   0.05343372267   -0.4247197954   -0.07478421761   0.9966285958   -0.03374555932   0.4214847425   0.0622597724   0.9046957127   

5.143414266   10.68365315   -2.483099727   0.4826222933   -0.8352189252   0.2636002069   0.532743026   0.5188444894   0.6685695656   -0.6951694687   -0.1822354051   0.6953629749   

-2.533539865   -7.721230533   4.307649699   0.3535950147   0.828457619   -0.4343138716   -0.9002771375   0.4274470788   0.08240188461   0.2539126648   0.3618659535   0.8969846099   

-6.435580933   44.27368304   -19.39562413   -0.5782958741   -0.8041500046   0.1375378209   0.6217690126   -0.3252835586   0.7124562453   -0.528182901   0.4975272622   0.6881056942   

4.672607377   -46.62062889   21.78387201   0.7484638441   0.6631606992   0.004445333613   0.3147462905   -0.3493164531   -0.8825603595   -0.583726517   0.6619636716   -0.4701781054   

0.04281292125   -2.491668425   0.002372038836   0.978654415   -0.005279913818   0.2054450253   0.005030318516   0.9999858389   0.001737183088   -0.2054512882   -0.0006666479835   0.9786671159   

-4.111165715   0.0154802041   8.603275901   0.7702772211   0.01780864312   -0.6374604732   -0.04164964728   0.9988806565   -0.02242188503   0.6363476326   0.04382107115   0.77015674   

-10.65589813   -36.1995081   4.599756677   0.9266166826   -0.3603001999   -0.1075420359   0.0614262693   0.4272209308   -0.9020582518   0.3709559771   0.8292563188   0.4180019388   

-5.032232274   82.49454024   -15.95208109   -0.3479497295   0.9272890747   0.1380795341   -0.7994061469   -0.3704004801   0.4730256829   0.4897762735   0.05420753006   0.8701613331   

-3.179935197   2.673072681   1.25928039   0.9757597082   0.2050424906   -0.07648901107   -0.1967419295   0.9749530229   0.1037266427   0.09584156171   -0.08616368295   0.9916603324   

-13.36844463   1.052263634   11.21056624   0.9827713978   0.03030356438   0.1823240899   0.02340534713   0.9581205697   -0.2854070141   -0.1833373107   0.2847572088   0.940904226   

-5.729118803   -0.5953037754   4.999587823   0.913514808   0.4037759348   0.04955491885   -0.4063571857   0.8999953722   0.1577408243   0.01909275117   -0.1642355762   0.9862363522   

0.3069884714   1.900844408   -1.058525455   0.9727939141   0.230631695   0.02193221439   -0.2295342094   0.9723195157   -0.04368988524   -0.03140139236   0.03746706098   0.9988043712   

-2.724196542   -1.486682084   -4.927034978   0.9245905532   -0.3728994437   -0.07796354169   0.3795274625   0.8838679948   0.2733793572   -0.03303353095   -0.2823532762   0.9587415779   

2.628984744   -2.380506506   -3.372836417   0.8614069317   -0.5033678626   0.06781513696   0.5012913661   0.8640537499   0.046022641   -0.08176224183   -0.005649079323   0.9966358531   

1.461710423   4.954488848   -0.8876486348   0.7616502526   0.6476821821   -0.01991691835   -0.6412405103   0.7489384825   -0.167038191   -0.09327111347   0.1399962153   0.9857492374   

1.723263773   -0.8509964114   -2.424115005   0.8871939059   -0.4609876896   0.01942481337   0.4608409799   0.8832738128   -0.08633054374   0.02263988894   0.08554368233   0.9960771626   

4.000876763   5.080514324   -3.382797415   0.995458832   0.09456096459   0.01095160759   -0.09458838182   0.9955144347   0.002012021689   -0.01071222473   -0.0030387796   0.9999380051   

7.648805239   -2.053666314   -2.467440384   0.9947996543   0.1013896744   0.009684100392   -0.1014529979   0.9948204676   0.006287001245   -0.008996504272   -0.007236787682   0.9999333437   

3.208600448   4.093988503   -3.772484026   0.9815578296   -0.0961566898   -0.1652214213   0.1423215509   0.9445978355   0.2957693449   0.1276275958   -0.3138292851   0.9408625705   

4.003371734   0.9414183653   -3.641258019   0.9768084749   0.2105413735   0.03895553035   -0.1984978868   0.9586582755   -0.2038943348   -0.08027323484   0.1914331238   0.9782175458   

12.15225582   1.567268093   -4.222918905   0.9770237641   0.208874661   -0.04237853606   -0.1992795654   0.9657993637   0.1658892521   0.07557922446   -0.1536325652   0.9852333814   

-3.766793602   -0.5844823712   -0.4336001014   0.9900440575   -0.1355127154   0.03806662881   0.1375114673   0.9889158597   -0.05600016825   -0.0300559581   0.06067723178   0.9977048225   

5.740805596   1.195352844   -0.08910469622   0.9531244908   0.2983262739   -0.0505483866   -0.2925534602   0.9512413349   0.09773635834   0.07724103836   -0.07836681137   0.9939277966   

-3.843914985   0.824277719   9.357925439   0.9727210161   -0.2223682496   0.06607712474   0.2316089405   0.9470042737   -0.2225762886   -0.01308141982   0.2318086865   0.9726734341   

-1.512347035   -0.1046737756   5.497768007   0.9994371304   -0.02311069982   0.02431702927   0.02604436667   0.9914052656   -0.128207996   -0.02114505435   0.1287691533   0.9914491373   

-0.4446441197   -0.8400223615   5.084332096   0.9944093979   0.1036263925   0.02028596116   -0.1027265695   0.9938532177   -0.04126782835   -0.02443770396   0.03895320914   0.9989421636   

1.284278546   0.03573308764   1.734809669   0.9966458168   -0.07372506562   -0.03552084762   0.07855444157   0.9835442489   0.1626957595   0.02294156985   -0.1649403684   0.9860366926   

-4.560070586   -7.367801683   6.773019625   0.996848175   -0.04260238707   0.06692348388   0.06263285918   0.9403807667   -0.3343069527   -0.04869128288   0.3374448848   0.9400851603   

0.3035450951   -4.580356029   4.210791176   0.999499443   0.01979178477   0.02468093634   -0.01779566689   0.9967451963   -0.07862778057   -0.02615678885   0.07814920916   0.9965984766   

-0.7560612933   -3.428107694   -3.549916302   0.994374021   -0.08420609294   -0.06426227723   0.08960298721   0.9922299546   0.08631930202   0.05649434525   -0.09159176344   0.9941928072   

-0.40543842   -5.44792238   2.194530419   0.9992703026   -0.03792965917   -0.004494812544   0.03778819265   0.9988872757   -0.02821813181   0.005560115178   0.02802769027   0.9995916835   

0.2381257507   -3.55910825   2.277029787   0.999400336   -0.03456986368   -0.001973068664   0.03449111366   0.9989131163   -0.03135201945   0.003054759207   0.03126516544   0.9995064571   

-1.084819257   -3.968662892   0.4241945407   0.9993740121   -0.02903016374   -0.02021963053   0.02936647237   0.9994318696   0.01653929812   0.01972800461   -0.01712272394   0.9996587509   

-1.446208565   -2.000182737   -3.418075158   0.9914256072   -0.08392462971   -0.1001594828   0.0958179683   0.9880741098   0.1205341049   0.08884921168   -0.1290976763   0.9876434618   

-1.006231678   -4.647555069   1.676950099   0.9991841259   -0.03990525581   0.006217169231   0.04005933394   0.9988317968   -0.02702390714   -0.005131510387   0.02725091469   0.9996154537   

-3.18876003   -2.578303674   -1.137026972   0.9989967637   -0.03081419316   -0.0324954105   0.03196491114   0.9988580719   0.03550769772   0.03136416202   -0.03651078802   0.9988409542   

-2.308581162   -2.193655436   0.4055400192   0.9967547898   0.0318546782   0.07392677734   -0.02422629723   0.9945014047   -0.1018824935   -0.07676571796   0.09976089136   0.9920457596   

-4.071577   -4.179988381   2.942707041   0.977545284   -0.1475635567   0.1504334223   0.1859525112   0.9398945073   -0.2863913034   -0.09913062798   0.3079339407   0.946229257   

-2.927484865   -3.037785845   -0.02466342114   0.9980085961   0.04227032703   -0.04681945754   -0.03788295772   0.9951366008   0.09092869349   0.05043534144   -0.08897395821   0.9947562069   

10.22095149   -44.39627734   1.497467875   0.2533787257   -0.9508442094   0.1780295225   0.729233531   0.06681970259   -0.6809945555   0.63562385   0.30237463   0.7103181713   

-15.01775174   47.9693274   -6.090124788   0.02900770124   0.884802988   0.465061529   -0.9566337085   -0.110335846   0.2695884807   0.2898456505   -0.4527136773   0.8432317744   

-4.053363596   -3.136004698   2.634792233   0.9897281706   -0.1358263157   -0.04460224434   0.1353858123   0.9907106987   -0.01276688613   0.04592199975   0.006597235767   0.9989232435   

-2.322651115   -2.152884917   -1.463802424   0.9967116951   0.02161666514   0.07809299945   -0.01602394074   0.9973085845   -0.07154593398   -0.07942940323   0.07005931154   0.994375514   

9.338107106   -12.03427005   -1.782083799   0.9432668206   0.1553639713   -0.2934446141   -0.02901597965   0.9189635292   0.3932735751   0.3307654426   -0.3624473319   0.8713358443   

-10.33836469   8.534895395   -1.745787174   0.9824396642   -0.04649395045   0.1806948221   0.08330996389   0.9758645592   -0.2018608727   -0.1669483636   0.2133698071   0.9626014592   

6.209225198   -2.871426029   3.041536246   0.9958001633   -0.08934173379   0.02000223418   0.09007170156   0.9951642632   -0.03918134543   -0.01640497931   0.04081842544   0.9990318978   

4.690001861   0.402179007   1.030412847   0.9965502866   0.07156922077   0.04201634182   -0.07066267712   0.9972423894   -0.02268045135   -0.04352369934   0.01963322309   0.9988594617   

4.443507523   5.849951571   -6.77403897   0.9852887982   0.1026850664   -0.136608057   -0.07518714643   0.9782989463   0.1930752822   0.1534694665   -0.1799637428   0.9716275903   

1.89773449   6.588212847   0.4986837848   0.9472456948   0.3086623145   0.08633174016   -0.2926292011   0.9427633235   -0.1598920466   -0.1307430475   0.1261938646   0.9833521058   

12.17717209   -67.5644739   7.119993693   -0.5042210981   -0.451108849   0.7363843362   0.4373680772   -0.8686632196   -0.2326658031   0.744627591   0.2047559945   0.6352989323   

-0.1132110771   -8.684741375   -10.04978482   0.999433759   0.008275047249   0.03261418372   -0.01652042352   0.9650930734   0.2613856065   -0.02931274456   -0.2617763994   0.9646833054   

12.28782874   78.40702158   -6.979775127   0.9143590705   -0.08217429393   0.3964780896   -0.1719667745   -0.9653013919   0.1965213761   0.3665718464   -0.2478721611   -0.8967633318   

3.363730816   -43.82339188   0.2793633502   0.4216716401   0.3788284624   -0.8238215972   -0.6706498792   -0.4811740826   -0.5645354212   -0.6102636868   0.7905444316   0.05116379796   

14.95073571   3.612866315   1.07564712   0.7378947485   -0.456815515   0.4968208183   0.3889574724   0.8894163016   0.2401056582   -0.5515645246   0.01606946547   0.8339774262   

-7.899660814   -3.075712918   3.58868612   0.7256676347   0.1352409483   -0.6746231317   -0.1359263039   0.9893469098   0.05212227867   0.674485377   0.05387557814   0.7363198342   

3.480959679   4.410147718   -12.14257223   0.8240358625   0.1385160434   0.5493434291   0.05060488648   0.9477781735   -0.3148899481   -0.5642730215   0.2872800718   0.7739936159   

15.67268769   33.27135294   -12.60161391   -0.2358187063   -0.9695737787   0.06569798641   0.7590015647   -0.1415410947   0.635517697   -0.60688233   0.1997318356   0.769286053   

0.930022808   -4.351307156   -6.338897011   0.9994502956   -0.01765958039   0.02805790145   0.01498815049   0.995579174   0.09272250882   -0.02957130294   -0.0922510028   0.9952965842   

0.04942889054   -4.194083803   -2.466329838   0.9998548595   -0.002811822491   0.01680337961   0.001665709986   0.9976950981   0.06783595433   -0.01695539213   -0.06779811903   0.9975549758   

3.076792256   -3.307547432   -4.141540857   0.9626520148   0.267191991   -0.0436982647   -0.2472891894   0.9334448731   0.259862898   0.1102232063   -0.2393514339   0.9646562786   

-1.400592186   0.5779685479   1.136659668   0.9659298258   0.1662156011   -0.1983732483   -0.1745463351   0.9843277432   -0.02514897341   0.19108414   0.05891746697   0.9798038495   

-3.364561077   -0.66263142   -1.422088031   0.9877419858   0.1522511209   -0.03442914054   -0.1491390316   0.9855926802   0.07977855595   0.04607948347   -0.0736659006   0.9962178558   

-3.275077604   1.785044661   0.3470834603   0.9852347526   -0.1335368898   0.1071465411   0.136721117   0.9903445924   -0.02291123174   -0.1030525029   0.03722213652   0.9939792222   

-1.617653397   3.74783464   -0.00623321419   0.9977037114   0.05070681352   -0.04490126101   -0.05041742619   0.9986996579   0.007554890079   0.04522595841   -0.005273735858   0.9989628624   

-2.471095429   2.205623213   2.593022144   0.9988383127   -0.01878424507   0.0443754128   0.01797611608   0.999666497   0.01854060508   -0.04470888474   -0.01772136913   0.9988428649   

-3.828630304   1.288474776   2.860074271   0.9979409855   -0.0153427418   0.06227671835   0.01311552769   0.9992651532   0.03601578035   -0.06278353532   -0.03512483132   0.99740888   

-3.032018373   -0.662963991   2.939650145   0.992217288   -0.0737837724   0.1003035812   0.07329358922   0.9972735995   0.008568407535   -0.1006623229   -0.001150112605   0.9949199837   

0.3604750628   0.5841134757   -0.2416908627   0.9998545857   -0.01702532958   -0.000972473832   0.01699656214   0.9995581025   -0.02438681095   0.001387237592   0.02436673604   0.9997021245   

-0.8773163843   -0.2340167065   2.017016589   0.9991624434   -0.02061564459   0.03534695133   0.02019760936   0.9997222607   0.01214322849   -0.03558747457   -0.01141913393   0.9993013234   

6.624349847   1.131835127   -4.282541287   0.9997889605   0.01128682598   -0.01716513712   -0.01134684774   0.9999298306   -0.003403358397   0.01712551954   0.003597410352   0.9998468759   

2.485666857   0.7642655033   -0.2018065393   0.9997425914   0.01549005841   -0.01657736394   -0.01543905923   0.99987569   0.003200011504   0.01662487158   -0.00294324889   0.9998574653   

0.1375734863   0.4962965646   0.4688581878   0.9999029951   -0.01388858981   0.001052406992   0.01390523955   0.9997423932   -0.01793855007   -0.0008029947214   0.01795144391   0.9998385374   

4.534973584   1.530251135   -3.773911308   0.9997972161   0.009431402409   -0.01779256309   -0.009561055   0.9999282555   -0.007215959496   0.01772322995   0.00738461189   0.9998156603   

0.02629026502   -0.261022941   -0.3653771296   0.9999659405   -0.008123366994   -0.001459035912   0.008104991849   0.9998928888   -0.01218687865   0.00155787812   0.01217463809   0.9999246728   

6.316480858   -2.685773066   -7.258132004   0.9968711795   0.07395029068   -0.02791425978   -0.07213849291   0.9955199663   0.06112310987   0.03230927469   -0.058918174   0.9977398256   

1.2842302   -0.4263428471   -1.217018725   0.9992085278   0.0342178746   -0.02028435264   -0.03376112452   0.9991778053   0.02244771254   0.02103578797   -0.02174512324   0.9995422178   

7.054954841   -1.66506314   -5.082424862   0.9935544414   0.0842850594   -0.075799741   -0.08171074825   0.995989313   0.03645054115   0.07856796799   -0.0300219435   0.9964566008   

2.749834419   -0.6350773641   -2.286424912   0.9991513331   0.03552226127   -0.02085143855   -0.0350822213   0.9991615959   0.02110315231   0.02158358831   -0.02035372798   0.9995598404   

