% Intrinsic and Extrinsic Camera Parameters
%
% This script file can be directly excecuted under Matlab to recover the camera intrinsic and extrinsic parameters.
% IMPORTANT: This file contains neither the structure of the calibration objects nor the image coordinates of the calibration points.
%            All those complementary variables are saved in the complete matlab data file Calib_Results.mat.
% For more information regarding the calibration model visit http://www.vision.caltech.edu/bouguetj/calib_doc/


%-- Focal length:
fc = [ 2065.642256191959859 ; 2063.889369062412698 ];

%-- Principal point:
cc = [ 634.660995914108184 ; 446.990124380222028 ];

%-- Skew coefficient:
alpha_c = 0.000000000000000;

%-- Distortion coefficients:
kc = [ -0.342429961139509 ; 0.168465456453905 ; -0.000959432672201 ; 0.000405496240146 ; 0.000000000000000 ];

%-- Focal length uncertainty:
fc_error = [ 1.067283051634288 ; 1.227235963705599 ];

%-- Principal point uncertainty:
cc_error = [ 2.528751380179157 ; 2.379954569095829 ];

%-- Skew coefficient uncertainty:
alpha_c_error = 0.000000000000000;

%-- Distortion coefficients uncertainty:
kc_error = [ 0.003384155507898 ; 0.031881533396502 ; 0.000189531475850 ; 0.000132063192503 ; 0.000000000000000 ];

%-- Image size:
nx = 1280;
ny = 960;


%-- Various other variables (may be ignored if you do not use the Matlab Calibration Toolbox):
%-- Those variables are used to control which intrinsic parameters should be optimized

n_ima = 33;						% Number of calibration images
est_fc = [ 1 ; 1 ];					% Estimation indicator of the two focal variables
est_aspect_ratio = 1;				% Estimation indicator of the aspect ratio fc(2)/fc(1)
center_optim = 1;					% Estimation indicator of the principal point
est_alpha = 0;						% Estimation indicator of the skew coefficient
est_dist = [ 1 ; 1 ; 1 ; 1 ; 0 ];	% Estimation indicator of the distortion coefficients


%-- Extrinsic parameters:
%-- The rotation (omc_kk) and the translation (Tc_kk) vectors for every calibration image and their uncertainties

%-- Image #1:
omc_1 = [ 2.361244e+00 ; -8.634256e-01 ; 9.684477e-01 ];
Tc_1  = [ -3.135486e+01 ; 3.555946e+01 ; 2.984013e+02 ];
omc_error_1 = [ 1.091168e-03 ; 8.521662e-04 ; 1.580449e-03 ];
Tc_error_1  = [ 3.655611e-01 ; 3.486410e-01 ; 1.845824e-01 ];

%-- Image #2:
omc_2 = [ 2.622584e+00 ; 3.980465e-01 ; -4.994008e-01 ];
Tc_2  = [ -5.371186e+01 ; 2.507019e+01 ; 3.120433e+02 ];
omc_error_2 = [ 1.147745e-03 ; 5.959674e-04 ; 1.730210e-03 ];
Tc_error_2  = [ 3.827678e-01 ; 3.622668e-01 ; 1.770721e-01 ];

%-- Image #3:
omc_3 = [ 2.099022e+00 ; 1.226987e-01 ; 4.588524e-01 ];
Tc_3  = [ 2.190381e+01 ; -3.223966e+00 ; 3.160489e+02 ];
omc_error_3 = [ 1.182400e-03 ; 8.202613e-04 ; 1.348178e-03 ];
Tc_error_3  = [ 3.873612e-01 ; 3.648134e-01 ; 2.097258e-01 ];

%-- Image #4:
omc_4 = [ 2.102350e+00 ; 2.186300e-01 ; 4.346993e-01 ];
Tc_4  = [ -8.750180e+01 ; -8.865055e-01 ; 3.116578e+02 ];
omc_error_4 = [ 1.156579e-03 ; 7.826381e-04 ; 1.309590e-03 ];
Tc_error_4  = [ 3.828114e-01 ; 3.670076e-01 ; 2.271559e-01 ];

%-- Image #5:
omc_5 = [ 2.021124e+00 ; -3.666164e-02 ; 1.993190e-01 ];
Tc_5  = [ -8.042104e+01 ; 3.970369e+01 ; 3.291495e+02 ];
omc_error_5 = [ 1.128940e-03 ; 7.682942e-04 ; 1.264580e-03 ];
Tc_error_5  = [ 4.052850e-01 ; 3.907009e-01 ; 2.311357e-01 ];

%-- Image #6:
omc_6 = [ 2.475261e+00 ; -1.133444e-01 ; 2.468161e-01 ];
Tc_6  = [ -2.620873e+01 ; -1.342324e+01 ; 3.553798e+02 ];
omc_error_6 = [ 1.223005e-03 ; 6.584695e-04 ; 1.629079e-03 ];
Tc_error_6  = [ 4.344376e-01 ; 4.097909e-01 ; 2.156938e-01 ];

%-- Image #7:
omc_7 = [ -1.775773e+00 ; -5.353218e-02 ; -2.192147e-01 ];
Tc_7  = [ -6.758393e+01 ; -9.600997e+00 ; 3.756857e+02 ];
omc_error_7 = [ 1.182239e-03 ; 8.714559e-04 ; 1.122650e-03 ];
Tc_error_7  = [ 4.600733e-01 ; 4.363396e-01 ; 1.957358e-01 ];

%-- Image #8:
omc_8 = [ -1.806338e+00 ; 4.497870e-02 ; 2.158368e-01 ];
Tc_8  = [ 2.469645e+01 ; -4.211331e+01 ; 4.555038e+02 ];
omc_error_8 = [ 1.197175e-03 ; 8.422754e-04 ; 1.158782e-03 ];
Tc_error_8  = [ 5.591818e-01 ; 5.241410e-01 ; 2.397631e-01 ];

%-- Image #9:
omc_9 = [ 2.189499e+00 ; 6.182960e-01 ; 1.954168e-01 ];
Tc_9  = [ 2.936206e+01 ; -3.842998e+01 ; 3.887316e+02 ];
omc_error_9 = [ 1.217726e-03 ; 7.749294e-04 ; 1.478349e-03 ];
Tc_error_9  = [ 4.789310e-01 ; 4.477463e-01 ; 2.524514e-01 ];

%-- Image #10:
omc_10 = [ 2.140074e+00 ; 8.123683e-01 ; 2.957857e-01 ];
Tc_10  = [ -3.964242e+01 ; -5.303282e+01 ; 3.900528e+02 ];
omc_error_10 = [ 1.183084e-03 ; 8.169740e-04 ; 1.444918e-03 ];
Tc_error_10  = [ 4.799880e-01 ; 4.487085e-01 ; 2.539282e-01 ];

%-- Image #11:
omc_11 = [ -1.878277e+00 ; -5.751397e-04 ; -1.395496e-01 ];
Tc_11  = [ -4.542364e+01 ; -2.816719e+01 ; 4.141880e+02 ];
omc_error_11 = [ 1.193760e-03 ; 8.048298e-04 ; 1.192500e-03 ];
Tc_error_11  = [ 5.078395e-01 ; 4.781118e-01 ; 2.070376e-01 ];

%-- Image #12:
omc_12 = [ NaN ; NaN ; NaN ];
Tc_12  = [ NaN ; NaN ; NaN ];
omc_error_12 = [ NaN ; NaN ; NaN ];
Tc_error_12  = [ NaN ; NaN ; NaN ];

%-- Image #13:
omc_13 = [ 2.373261e+00 ; -3.202863e-01 ; 3.329882e-01 ];
Tc_13  = [ -1.028666e+02 ; -2.399230e+01 ; 4.388817e+02 ];
omc_error_13 = [ 1.231006e-03 ; 7.164669e-04 ; 1.592244e-03 ];
Tc_error_13  = [ 5.361033e-01 ; 5.137669e-01 ; 3.205865e-01 ];

%-- Image #14:
omc_14 = [ 2.284569e+00 ; -1.245867e-01 ; 8.541029e-02 ];
Tc_14  = [ -5.457087e+01 ; -3.029713e+01 ; 4.713324e+02 ];
omc_error_14 = [ 1.207843e-03 ; 7.568003e-04 ; 1.493527e-03 ];
Tc_error_14  = [ 5.774602e-01 ; 5.444883e-01 ; 3.011074e-01 ];

%-- Image #15:
omc_15 = [ 2.795050e+00 ; 2.206631e-01 ; -3.245234e-01 ];
Tc_15  = [ -4.926128e+01 ; 1.642472e+01 ; 3.175950e+02 ];
omc_error_15 = [ 1.268226e-03 ; 4.606604e-04 ; 1.939908e-03 ];
Tc_error_15  = [ 3.889460e-01 ; 3.677899e-01 ; 1.803953e-01 ];

%-- Image #16:
omc_16 = [ 2.509892e+00 ; 7.229391e-01 ; -9.590615e-01 ];
Tc_16  = [ -8.822189e+01 ; 1.325180e+01 ; 3.309271e+02 ];
omc_error_16 = [ 1.048260e-03 ; 9.450890e-04 ; 1.732122e-03 ];
Tc_error_16  = [ 4.082802e-01 ; 3.879779e-01 ; 1.980394e-01 ];

%-- Image #17:
omc_17 = [ 2.540135e+00 ; 6.854137e-01 ; -9.089139e-01 ];
Tc_17  = [ -3.359975e+01 ; 9.643618e+00 ; 3.373459e+02 ];
omc_error_17 = [ 1.097091e-03 ; 8.010344e-04 ; 1.703162e-03 ];
Tc_error_17  = [ 4.131517e-01 ; 3.881490e-01 ; 1.720577e-01 ];

%-- Image #18:
omc_18 = [ 2.682940e+00 ; -6.250111e-01 ; 8.713205e-01 ];
Tc_18  = [ 3.477308e+01 ; 3.785920e+01 ; 2.720399e+02 ];
omc_error_18 = [ 1.106321e-03 ; 8.620407e-04 ; 1.873133e-03 ];
Tc_error_18  = [ 3.339863e-01 ; 3.160749e-01 ; 1.786346e-01 ];

%-- Image #19:
omc_19 = [ 2.714664e+00 ; -5.924963e-01 ; 8.195895e-01 ];
Tc_19  = [ -2.894453e+01 ; 4.551809e+01 ; 2.560314e+02 ];
omc_error_19 = [ 1.103144e-03 ; 6.636505e-04 ; 1.782354e-03 ];
Tc_error_19  = [ 3.150503e-01 ; 2.994039e-01 ; 1.608458e-01 ];

%-- Image #20:
omc_20 = [ 2.700477e+00 ; -5.650990e-02 ; 5.423467e-02 ];
Tc_20  = [ -4.350434e+01 ; 4.988843e+01 ; 2.611302e+02 ];
omc_error_20 = [ 1.191705e-03 ; 3.739459e-04 ; 1.692020e-03 ];
Tc_error_20  = [ 3.226106e-01 ; 3.085182e-01 ; 1.631332e-01 ];

%-- Image #21:
omc_21 = [ -2.267328e+00 ; 2.185420e-02 ; -1.489449e-01 ];
Tc_21  = [ -6.279819e+01 ; 1.712156e+01 ; 2.966123e+02 ];
omc_error_21 = [ 1.240873e-03 ; 6.182514e-04 ; 1.401991e-03 ];
Tc_error_21  = [ 3.626584e-01 ; 3.468341e-01 ; 1.547841e-01 ];

%-- Image #22:
omc_22 = [ -2.157845e+00 ; 3.090097e-03 ; -1.377850e-01 ];
Tc_22  = [ -2.124240e+01 ; 1.864168e+01 ; 3.001717e+02 ];
omc_error_22 = [ 1.219426e-03 ; 7.046719e-04 ; 1.352724e-03 ];
Tc_error_22  = [ 3.672112e-01 ; 3.462577e-01 ; 1.371337e-01 ];

%-- Image #23:
omc_23 = [ 2.429866e+00 ; -4.500479e-02 ; -2.579602e-04 ];
Tc_23  = [ -9.845482e+01 ; 1.735894e+01 ; 3.555699e+02 ];
omc_error_23 = [ 1.188453e-03 ; 6.267948e-04 ; 1.594140e-03 ];
Tc_error_23  = [ 4.346469e-01 ; 4.197456e-01 ; 2.543092e-01 ];

%-- Image #24:
omc_24 = [ 2.519183e+00 ; -4.125852e-02 ; 3.258870e-02 ];
Tc_24  = [ -5.518325e+00 ; 3.580962e+00 ; 3.733311e+02 ];
