3.622851723   1.304651116   0.2506127967   0.9994592586   -0.01531816514   0.02909543255   0.01590277507   0.9996741202   -0.01996885693   -0.02878006469   0.02042075706   0.9993771563   

-1.757265065   -0.987115719   1.21165242   0.9990059574   0.009971980811   0.04344717203   -0.01003314016   0.9999489589   0.001189834792   -0.04343308942   -0.001624563612   0.9990550173   

0.7803967591   4.609813223   3.176749409   0.991883737   -0.04105456379   0.1203377541   0.04958461481   0.9963996641   -0.06876827248   -0.1170812464   0.07417703228   0.9903482971   

-4.7881364   5.137790126   4.76647006   0.987244388   -0.03804365091   0.154600126   0.04923247806   0.996387258   -0.06919967619   -0.1514089873   0.07592833928   0.985550712   

0.8959246606   -1.238750204   2.487524356   0.9997322691   0.02209562969   -0.00686827943   -0.02179980937   0.9989411369   0.04051386524   0.007756186226   -0.04035329124   0.99915537   

-0.6834687356   -1.356646451   0.9462966745   0.999489487   0.02167700439   0.02347068272   -0.0225886112   0.9989721755   0.0392981833   -0.02259469209   -0.03980829119   0.9989518406   

3.934743185   -6.313319175   4.593781371   0.9935604402   0.05492089287   -0.09910270996   -0.04368356284   0.9927252491   0.1121977101   0.1045437609   -0.1071460468   0.9887316758   

-3.198447299   -3.857437315   3.312225757   0.9947626159   0.04027870691   0.09394127805   -0.04325855118   0.9986163323   0.02990181773   -0.09260688798   -0.03380897401   0.9951285935   

-1.208341522   -4.14704332   2.920441561   0.9988658057   0.04557641883   -0.01378013898   -0.04408765165   0.994610564   0.09384084951   0.01798280166   -0.09312688179   0.9954918396   

0.3026486605   -4.862932536   4.159792185   0.9993074241   0.03040253159   -0.02145596015   -0.02881351077   0.9970714474   0.07084003429   0.02354684162   -0.07017275065   0.9972569034   

-4.502935926   -1.987500124   6.667037101   0.9985258535   0.03452214181   -0.04188486074   -0.03044366852   0.9950704677   0.09438192288   0.04493665409   -0.09296766128   0.9946545687   

3.179098111   -0.7585339595   1.800590405   0.9997982895   -0.008111778379   0.01837333357   0.00868420092   0.9994725396   -0.03129260598   -0.01810980368   0.03144585166   0.9993413798   

-1.110809832   5.764026299   -5.303220921   0.998919709   -0.0161024544   0.0435904336   0.01913385718   0.9973604018   -0.07004373237   -0.04234749636   0.07080211789   0.9965910644   

-1.31450584   10.81639055   -6.886730468   0.9931137358   -0.04657866417   0.1074966782   0.06659763304   0.9793453374   -0.1909121929   -0.09638393563   0.1967565455   0.9757033354   

0.292328809   5.747413312   -0.9880730318   0.999518752   -0.02332226579   -0.02045327148   0.02240336039   0.9987776394   -0.04406037219   0.02145585792   0.04358094621   0.9988194768   

-0.3964088751   2.317445369   0.8040427559   0.9993128019   -0.003405708938   0.03690968881   0.004273321202   0.999715807   -0.02345301604   -0.03681932518   0.02359462613   0.9990433579   

1.427626696   4.156311389   -1.923820074   0.9965459267   -0.03307800816   -0.07617126305   0.02919500211   0.9982441654   -0.05153870448   0.0777423166   0.04913686584   0.9957618694   

-0.543346075   -0.407825454   -0.2172462947   0.9998911939   0.009300764189   -0.01144972346   -0.00905941304   0.9997394025   0.02095361639   0.01164162433   -0.02084760874   0.9997148843   

-4.316918064   4.541671338   0.6355359128   0.9955708695   -0.002423010578   0.0939828328   0.00511330716   0.9995836978   -0.02839516221   -0.09387490576   0.02874995942   0.9951688007   

-1.087741502   3.963924161   -1.562619447   0.9996311628   -0.01837732767   0.01999530593   0.01940446436   0.9984350457   -0.05244927411   -0.01900013669   0.05281792707   0.9984233878   

-1.797586085   4.789556133   4.575963553   0.9998905361   -0.009867817015   -0.01102461344   0.009577032945   0.9996128222   -0.0261244362   0.01127813611   0.02601599343   0.999597905   

-3.632627874   1.874349358   4.437824878   0.9984196509   0.01074043024   0.0551619787   -0.01253080896   0.9994024366   0.0322141047   -0.05478302258   -0.03285441938   0.9979576181   

0.8871841366   1.677339253   0.2536115315   0.9997398164   0.003223900877   -0.02258109647   -0.002963580089   0.9999288788   0.01155225456   0.0226167338   -0.01148232797   0.999678268   

-2.431274301   2.114274498   4.406568746   0.9981724869   0.02185886356   0.05633716818   -0.0253734708   0.9977258488   0.06244451678   -0.05484408277   -0.0637598681   0.9964571269   

-3.715179199   -0.3531414083   3.744033649   0.9986598078   0.01373300577   0.04989982745   -0.01537405742   0.9993484875   0.03265331291   -0.04941888896   -0.03337671401   0.9982203005   

1.965402307   -3.076560178   -2.171510402   0.9989489274   0.04582270574   0.001148982832   -0.04510149827   0.9781358112   0.2030177078   0.008178959433   -0.2028561423   0.9791743921   

-0.1963868138   -3.934489135   0.4848949409   0.9999713087   0.005722351587   -0.004963518289   -0.005557353314   0.9994516527   0.03264214522   0.005147586389   -0.03261362465   0.9994547783   

2.306607209   -0.4342590216   -0.05378360602   0.999070288   -0.02018476987   -0.0380937619   0.01951856145   0.9996513827   -0.01778029432   0.0384393729   0.01702022833   0.9991159725   

2.178484881   -3.725408009   2.48374906   0.999360014   0.007459379528   -0.03498456833   -0.00497987465   0.9975040703   0.07043316406   0.035422637   -0.07021386906   0.9969028285   

-4.888231515   -4.70329744   2.577974001   0.9968590774   0.05331111625   0.05856538781   -0.05824983116   0.9945788173   0.08613903524   -0.05365572602   -0.08927990315   0.9945602857   

-3.362641537   -4.386848488   0.6732299906   0.9998616251   0.0009438924084   0.01660842358   -0.0003246898424   0.9993060851   -0.03724570913   -0.01663205469   0.03723516267   0.9991681127   

0.1835068707   -5.723850805   4.314808048   0.9994094382   0.01253359176   -0.03199506082   -0.008448507804   0.9921510048   0.1247597948   0.03330762007   -0.1244158059   0.9916709685   

-0.7060945097   -2.035464705   3.88484672   0.9993036809   0.0359800104   0.009878874747   -0.03685362812   0.9931685197   0.1107163109   -0.005827813392   -0.1110032894   0.9938029515   

-1.052477793   -5.753391642   2.502335569   0.9978305609   -0.04058932462   -0.05183317861   0.0418590087   0.9988436018   0.02364915618   0.05081333553   -0.02576753626   0.9983757003   

-5.097763076   -1.318535167   3.471128552   0.9982817359   0.05702262527   0.01349058705   -0.05830337118   0.9896095966   0.1314289285   -0.005855991871   -0.1319896456   0.9912337973   

-2.846916125   -1.148097488   1.593320494   0.999333115   0.03277535977   0.01609661923   -0.03336227539   0.9987335983   0.03765844145   -0.01484196547   -0.03817034744   0.9991610184   

6.572567257   0.451877834   4.615889197   0.9996632988   -0.01509633099   -0.02110426231   0.01605185944   0.9988186484   0.04586551427   0.02038692977   -0.04618883395   0.9987246691   

-2.0948095   2.371348968   4.554393543   0.9999972477   0.00142543846   -0.00186352829   -0.001403234938   0.9999286561   0.01186227632   0.001880304284   -0.0118596287   0.9999279042   

-0.1052051061   5.00944433   -4.114851856   0.9999893513   0.0003719524857   0.004599886626   -0.0002847097434   0.9998203464   -0.01895241307   -0.004606109637   0.01895090162   0.9998098055   

-3.641284446   11.2757669   -6.707966513   0.9997844738   0.002347324176   0.02062755274   -0.000580732912   0.9963607707   -0.08523424946   -0.02075255676   0.08520390015   0.9961473921   

0.8361855884   6.47395576   -2.057676206   0.9985286124   -0.05073738305   -0.01913970292   0.04907400009   0.9956534453   -0.07915781321   0.02307277144   0.0781020796   0.9966783395   

-1.818600676   5.661467785   0.598660395   0.99995779   -0.007498417257   -0.00530960328   0.007471642567   0.999959362   -0.005044698365   0.005347214761   0.005004813971   0.9999731792   

3.974031731   7.100685435   -2.428371985   0.9988333814   -0.04824975352   -0.001958966297   0.04766685579   0.9916362347   -0.119939355   0.007729626277   0.1197060537   0.9927792874   

-2.488258824   4.55146033   -0.1832514368   0.9960829979   -0.08799421332   0.00869941145   0.08756571852   0.9679697877   -0.2353013709   0.01228439157   0.2351414651   0.9718835245   

-4.45778152   7.09670937   1.767654751   0.9991550151   -0.03020859798   0.02786927233   0.03328785515   0.9925021104   -0.1176073107   -0.02410755964   0.1184356426   0.9926690406   

-3.822270189   2.703482363   1.116167709   0.996914232   -0.07235024567   0.030454162   0.07757526369   0.9673521516   -0.2412714101   -0.01200385334   0.2428893922   0.9699797166   

-3.796968044   3.626107415   0.1086429333   0.9994623954   -0.02928742284   0.01473658857   0.03058024341   0.9948243056   -0.09689917286   -0.01182238944   0.09729772789   0.9951851   

-7.733047465   5.084410082   6.722792745   0.9941179825   -0.07558040081   0.07756958053   0.09358379908   0.9599723658   -0.2639983512   -0.05451155254   0.2697047644   0.9613988926   

-3.435810597   -1.617726452   9.720344773   0.9975382935   -0.06260364933   0.03159329125   0.06860536953   0.9645267903   -0.2549144446   -0.01451400131   0.2564543895   0.9664473549   

-1.867493636   -0.7822430149   1.351477641   0.9995316311   -0.02442990335   0.01843090617   0.02554565412   0.9976896857   -0.06295006478   -0.01685046098   0.06339141048   0.9978464767   

2.251833843   -5.180959161   -1.737752553   0.998228672   0.05726078558   -0.01614685096   -0.05220512286   0.9732207273   0.2238661229   0.0285332001   -0.2226266343   0.9744861406   

4.794283356   -5.475959862   0.4260446259   0.9997011855   -0.001271399435   -0.02441154037   -0.000338594853   0.9978304629   -0.06583504108   0.02444228126   0.06582363423   0.9975318662   

5.820555065   -6.366880844   -1.609727759   0.9960048775   0.08282633423   -0.03337787363   -0.07284612107   0.9697975072   0.2327793755   0.051650041   -0.2294179447   0.9719566245   

4.796182975   -6.731451294   -1.328172119   0.9958693385   0.0840559744   -0.03433444106   -0.07368756845   0.9691311879   0.2352761841   0.05305094656   -0.2317743164   0.9713219154   

0.5307702919   -4.898419589   1.976486985   0.9999607681   0.008856943655   0.0001296127473   -0.008857246912   0.9996043099   0.02669780673   0.0001068995091   -0.02669790734   0.9996435416   

-0.2760638822   -4.739665186   1.394016411   0.9970591339   0.05722537626   -0.05097391324   -0.0483907381   0.9858871433   0.1602650216   0.05942575187   -0.1573270384   0.9857569594   

-0.3322671586   -1.755567947   0.7823795798   0.9996708279   0.01063580111   -0.02334771228   -0.009775131893   0.9992795198   0.03667271651   0.02372093443   -0.0364324179   0.9990545512   

-1.710402397   -4.189222094   2.51963746   0.9994621483   0.003771910052   -0.03257586132   -0.002949441201   0.9996765883   0.02525905072   0.03266060077   -0.02514938451   0.9991500356   

-0.3483752156   -5.868484431   1.209090251   0.9981004172   0.06136420127   -0.00547649615   -0.06004775244   0.9888498729   0.1362725076   0.01377768611   -0.1356847954   0.990656253   

-0.2479322993   -2.839282153   -2.269667257   0.9992150553   0.02971068505   0.02620206895   -0.03072844874   0.9987534517   0.03933580035   -0.02500071323   -0.04011007285   0.9988824487   

-1.529295279   -3.130699911   0.1803833394   0.9973650367   0.07160435502   0.01165331925   -0.07254592228   0.9850036107   0.1565406528   -0.0002695690652   -0.1569735747   0.9876027664   

-0.8816499776   -3.190074814   1.656223863   0.9992985219   -0.03742073222   0.001467298806   0.03740743534   0.9955536604   -0.08644994568   0.001774245571   0.08644419082   0.9962551149   

-2.57691083   -2.702287834   1.409528896   0.9993041849   0.02707630185   -0.02565189885   -0.02445289117   0.9949273674   0.09757863389   0.02816384473   -0.09688347412   0.9948971757   

-4.804161887   2.465420613   10.87057496   0.9928519236   0.1166528081   -0.02524242762   -0.1037183082   0.9479256163   0.3011304343   0.05905565452   -0.2963598291   0.9532488035   

1.193519158   0.1900416677   1.192237061   0.9997787691   0.01051902858   -0.01821436045   -0.009300533374   0.9977936862   0.06573629044   0.01886565577   -0.06555234428   0.997670776   

3.940993873   0.05520708728   2.0272387   0.9998895022   -0.00690534411   -0.01316433307   0.007233987912   0.9996592043   0.02508275748   0.01298664165   -0.02517521651   0.9995986973   

1.693906578   1.405704111   -0.5621325438   0.9990279244   -0.04407693889   -0.0006555255992   0.04397305401   0.9974968677   -0.0553748085   0.003094636782   0.05529215453   0.998465423   

-0.8121963569   -1.461149289   1.64211596   0.9979271193   0.05995154874   -0.0233939376   -0.05605113303   0.9883146038   0.1417480666   0.0316185863   -0.1401429831   0.9896262978   

0.8407269104   0.3348921165   -1.681939625   0.9978106341   -0.05882809044   0.03021910564   0.06247336563   0.9883507794   -0.1387797371   -0.02170292969   0.1403637867   0.9898621067   

4.165298802   7.451279542   -10.20929593   0.9973239225   -0.05027419706   0.05308011623   0.05907721546   0.9818871316   -0.1800209529   -0.04306827421   0.1826750283   0.9822295851   

0.8197426777   1.516372244   -1.274256608   0.9936642134   0.1107865078   0.01891509183   -0.1123880437   0.9785798613   0.1724829924   0.0005988604447   -0.1735160072   0.984830867   

0.1799350149   0.8789044443   -0.5912092166   0.9999163737   0.004067419147   -0.01227606286   -0.00353902708   0.9990790433   0.04276143837   0.01243868583   -0.04271441707   0.9990098887   

-0.4108702105   -0.8764401627   0.3505264696   0.9976926771   -0.0677587392   0.004251512065   0.06780793853   0.9913867786   -0.112046145   0.003377212665   0.1120759046   0.9936939096   

0.3418927806   -2.247393244   0.4413339966   0.9874703987   -0.1554709955   0.02703666561   0.1569941042   0.9505345462   -0.2680241178   0.01597069175   0.2689104796   0.963032757   

1.03969061   -1.384545314   0.09305669573   0.9880338273   -0.1447645214   -0.05322019743   0.1345169844   0.9776011556   -0.1618677286   0.07546083078   0.1527717709   0.9853762982   

0.3437644276   0.5923546053   2.713965579   0.999464103   -0.005459859156   -0.03227532743   0.005836016809   0.9999160118   0.01157195733   0.03220943543   -0.01175411531   0.9994120237   

3.213851244   1.67215587   0.9099262403   0.9898205933   -0.1166063588   0.08159748854   0.1307397131   0.9715281903   -0.1975856849   -0.0562345131   0.2062424121   0.9768836916   

0.4832187341   -0.04302522175   -0.5803726954   0.997982259   0.04013967826   -0.04919570115   -0.0366790317   0.9969189102   0.06933494819   0.05182720729   -0.06739059753   0.9963796706   

1.567021712   2.229012066   3.297203868   0.9926504115   -0.01840070633   -0.119610094   0.01979535809   0.9997491018   0.0104822318   0.1193872036   -0.01277291635   0.9927656059   

0.6811924183   0.2959302456   -1.560721462   0.9993241016   -0.03231348883   0.01752650499   0.03297452897   0.998701245   -0.03883946153   -0.01624870384   0.03939113825   0.9990917465   

-8.534722868   7.004709298   -6.224015696   0.9907424521   -0.05973272197   0.1219073238   0.07108101789   0.9933138196   -0.09096782209   -0.1156584738   0.09879097978   0.988364032   

-0.2676085429   7.959308088   -7.18760845   0.9953228675   -0.02841571218   0.092330584   0.03256523586   0.9985115935   -0.04375046406   -0.09094995797   0.04655260458   0.9947667868   

1.333222873   3.037353202   0.7081226652   0.999172832   -0.04049019492   -0.003767737991   0.04012893039   0.9967533308   -0.069803055   0.006581844694   0.06959412085   0.9975536766   

0.1988454131   1.12084431   -0.4710655115   0.9990895179   -0.02219117171   0.03643744167   0.02327489785   0.9992910363   -0.0295922943   -0.03575492117   0.03041342878   0.9988976969   

-0.442315082   1.099232857   1.179060999   0.9892529887   -0.1224167317   0.07995416301   0.1369719765   0.9672230821   -0.2138181169   -0.05115859692   0.222471691   0.9735959864   

1.336495656   1.873298065   0.3481228275   0.993599183   0.01597206274   -0.1118282466   -0.02424883978   0.9970335161   -0.07304903515   0.1103297662   0.07529316688   0.991038991   

-0.8757722954   1.815285108   4.204199831   0.9990704928   -0.03717724738   -0.02181748624   0.03530725352   0.9961206302   -0.08060451555   0.02472950216   0.07975927755   0.9965073554   

-7.779256688   3.761189819   4.115263666   0.97098649   -0.2044036844   0.1241143426   0.2260174451   0.9539721444   -0.1971123086   -0.07811114342   0.2194453953   0.9724928626   

-4.813255035   2.625874111   -0.1789145317   0.9973807922   0.04244133226   -0.05856866604   -0.04594992732   0.9971450479   -0.05991959289   0.05585838795   0.06245387697   0.996483494   

-3.482443773   0.8995280756   -0.1495300477   0.9953183889   -0.08062703343   0.05329715042   0.0811209284   0.9966785065   -0.007165870838   -0.05254236137   0.01145583734   0.9985529851   

-3.376432658   1.208360225   -0.381173805   0.9974753818   -0.05428109222   0.04578674131   0.05272656219   0.9980127557   0.03450288528   -0.04756860617   -0.03200160121   0.9983552099   

-1.525723398   1.510736379   -3.457386464   0.9968739127   0.06301502354   -0.0476603495   -0.06319267137   0.9979988581   -0.00222835175   0.04742455474   0.005233170531   0.9988611142   

-0.005646747011   -0.1548647468   -0.8291182301   0.9997598923   -0.01811460632   0.01232959267   0.0181548752   0.9998301868   -0.003161974138   -0.01227022102   0.003385057139   0.9999189883   

2.978923839   -2.579730284   -2.282148686   0.9973224513   0.07312372576   -0.0009213881313   -0.07200316788   0.984086272   0.1624492323   0.01278561852   -0.1619479237   0.9867164729   

3.844052338   -4.012933144   -0.8099078441   0.9991481838   0.0302433026   -0.02807578043   -0.03003444829   0.9995181862   0.00783118045   0.02829909389   -0.006981269148   0.9995751213   

-1.2256277   -5.418427141   0.06258645456   0.9996993828   0.02374486281   -0.006109465467   -0.02349983424   0.9990217499   0.03746065967   0.006992987106   -0.03730582692   0.9992794271   

-0.1878741633   -6.10714021   0.6801975592   0.9983975635   0.0007758937342   0.05658359435   -0.007025939559   0.9938688493   0.1103419533   -0.05615105817   -0.1105626902   0.9922816889   

0.751507066   -2.282204658   1.077418636   0.998003318   0.01425429535   -0.06153204255   -0.01825770407   0.9977183364   -0.06499828758   0.06046514234   0.0659919405   0.9959864609   

-1.032081752   -5.626252962   8.510502798   0.9957524918   -0.0917306711   0.007903100253   0.09154821833   0.9773199111   -0.1909573644   0.009792789953   0.1908697862   0.9815665163   

0.9011305138   -4.007906238   3.6076992   0.9970276791   0.05638462588   -0.05250315329   -0.05708556283   0.9982978091   -0.011946668   0.0517401745   0.01490833073   0.9985492957   

-0.1658643327   -7.129987624   2.375086311   0.9874593779   0.1371331355   -0.07822071457   -0.1328868641   0.9894821012   0.0571511389   0.08523531189   -0.0460399226   0.9952965725   

-0.8864912499   -3.186227488   0.529821046   0.997301032   0.07326050111   -0.00485288887   -0.07270176138   0.9946004742   0.07405640142   0.01025209465   -0.07350371199   0.9972422468   

0.6383611001   -1.806828211   -0.7834828942   0.9995784318   0.01068212591   0.02699723717   -0.01173035789   0.9991714459   0.0389720454   -0.0265585642   -0.03927230328   0.9988755322   

6.484102383   -6.04161337   -3.594058176   0.9952792097   0.07718021908   -0.05884308329   -0.07513336264   0.9965146998   0.03624128677   0.06143510794   -0.03164912054   0.9976091723   

-1.662277734   3.417140182   0.09695838314   0.9999314279   0.006960434214   0.009417630491   -0.007092250344   0.9998763306   0.01403650235   -0.009318765668   -0.01410233203   0.9998571322   

-0.08222465733   0.7162662615   -0.218473992   0.9991780354   0.03922984514   -0.01021141007   -0.03886901659   0.9986854726   0.03341446425   0.01150883115   -0.03299009128   0.9993894139   

0.1151370495   1.999697252   0.315635965   0.9990094606   -0.04111975483   0.01700774505   0.04164643725   0.9986240443   -0.0318683602   -0.01567392398   0.03254510532   0.9993473591   

1.799356678   -3.795041927   2.98677886   0.8660191578   0.4575075379   -0.201736638   -0.3836441353   0.8667394879   0.3187159199   0.3206680461   -0.1986190144   0.9261330851   

-0.08192491435   4.827210822   0.679104942   0.9536170135   -0.2956556205   0.05658927153   0.3010034358   0.9386752783   -0.1681833926   -0.0033945849   0.1774161098   0.9841300731   

0.2416113124   2.65445255   0.6525577718   0.9703804099   -0.2341064627   0.05963240892   0.2399337753   0.9627222074   -0.1248908919   -0.02817167942   0.1354995039   0.9903768176   

0.1177715978   0.138421791   0.2419366207   0.9989659161   0.04120508024   -0.01921561633   -0.04094394704   0.999066268   0.01379077149   0.01976592394   -0.0129897475   0.9997202482   

4.600376557   -2.217097463   -6.57867896   0.9232933983   0.3149956282   -0.2197886596   -0.3042269673   0.9490505947   0.08215181685   0.2344680212   -0.008984592806   0.9720823134   

2.525985448   5.130044433   -7.990999263   0.7705593736   -0.4646131485   0.4363174006   0.4902248429   0.8695183614   0.06014501289   -0.407330155   0.1675483257   0.8977804316   

3.384398343   1.380402541   -6.140619729   0.9910161041   -0.09573622128   0.09338981405   0.0956820407   0.9953990468   0.00506800675   -0.0934453237   0.003913251684   0.9956167224   

-3.496254822   -1.769582698   -7.133344417   0.9913291522   -0.09209838254   0.09372512987   0.09124621881   0.9957389202   0.01334655121   -0.09455495539   -0.00467876159   0.9955086487   

1.879484795   -3.226566322   -1.711180869   0.9993340427   0.0271709555   -0.02435590832   -0.02700187548   0.9996091329   0.007244315602   0.02454322338   -0.006581835994   0.9996771027   

1.134288696   -6.848007352   4.693499512   0.9890978154   0.1034642288   -0.1047886679   -0.1035830084   0.9946114187   0.004322757787   0.1046712564   0.006578695183   0.9944851175   

0.8684190446   -2.867062672   -2.904546149   0.999051409   -0.02768316573   0.03361434979   0.02736569644   0.9995767794   0.009868168135   -0.03387330564   -0.008938927187   0.999386159   

0.6559402753   -2.035046318   -2.586357689   0.9900985599   0.139866807   -0.01192132812   -0.1346882772   0.9704892036   0.200024433   0.03954629901   -0.1964382399   0.9797183821   

0.6115476879   -3.1650259   -1.731651495   0.9969584337   0.07786729723   0.003250466404   -0.0776647647   0.9891647317   0.1245845809   0.006485817866   -0.1244580954   0.9922036669   

-1.121919771   0.6975861831   1.162493433   0.9967007363   -0.06517631172   0.04837034938   0.068848493   0.9945261649   -0.07859766116   -0.0429828724   0.08166857241   0.9957322516   

-1.167589798   -1.525272217   1.109059929   0.9987569054   0.01573180789   0.04729856446   -0.01921880915   0.9970584341   0.07419647194   -0.04599218797   -0.07501326079   0.9961213427   

0.0849936576   -3.514077987   -0.767414219   0.996354562   0.06559326019   0.05454457773   -0.07457249584   0.9801957024   0.1834538849   -0.04143102228   -0.1868526404   0.9815139129   

-1.938781867   0.009076257151   2.401706011   0.9914955548   -0.0120645225   0.129580138   0.009085542936   0.999681231   0.02355608903   -0.1298230249   -0.02217845166   0.9912891094   

5.692284849   -3.163061912   -3.730566354   0.999098195   0.004756148391   -0.04219212939   -0.004856781436   0.9999855998   -0.002282929665   0.04218066386   0.002485788858   0.9991069074   

3.820067749   4.202567557   -4.095393592   0.9970415622   -0.02193805799   0.07366712228   0.02515129978   0.9987593915   -0.04297778535   -0.07263288107   0.04470346212   0.9963563946   

-0.5901366165   8.542889609   -4.724912595   0.9927677371   -0.0592851816   0.1043910316   0.08120864777   0.9720556094   -0.2202567768   -0.08841592488   0.2271412764   0.9698399171   

2.545241982   9.597318495   -6.986810037   0.9947328888   -0.04455413513   0.0923114784   0.05010456326   0.9970169997   -0.05870804925   -0.08942042687   0.06302405373   0.9939979657   

6.420487618   3.43226991   1.959425716   0.997606813   0.03232709105   -0.06111960327   -0.0310936424   0.9992953049   0.02102567326   0.06175623144   -0.01907492381   0.9979089714   

1.035746112   3.604580958   1.638906519   0.999791777   0.00632312784   -0.01940156471   -0.006912622508   0.9995118152   -0.03046878771   0.01919943512   0.0305965591   0.9993474032   

-1.734897677   9.120497979   -4.914689409   0.9959508823   -0.04561644046   0.07746599469   0.0514165124   0.9958865955   -0.07460717863   -0.0737440318   0.07828811666   0.9941995718   

0.03100253341   3.653184266   -1.058774503   0.9991729502   0.02203773635   -0.03417241252   -0.02150408566   0.9996422206   0.0159061347   0.03451072154   -0.01515813305   0.9992893681   

-0.8682939636   5.601028538   -0.50266755   0.9995211425   0.01825118966   -0.02498759401   -0.01726053765   0.9990782387   0.03930326791   0.02568189281   -0.03885314793   0.9989148479   

-1.987870458   5.267679013   1.291315697   0.9988295891   -0.02422371348   0.04186482622   0.02486565585   0.9995800315   -0.01488152689   -0.04148675846   0.01590510575   0.9990124506   

-1.227684556   4.930632548   -1.566714472   0.9998831086   0.006046870305   -0.01404295419   -0.006619053936   0.9991346441   -0.04106277122   0.01378250079   0.04115092241   0.9990578783   

9.692979993   -0.2324488093   -13.08496419   0.9787128352   0.1209582965   -0.1658019204   -0.1052819264   0.9893702097   0.1003110369   0.1761729329   -0.08071975377   0.9810440454   

0.3229066423   1.916953449   3.745898147   0.9690048183   -0.1592303314   0.1888792304   0.220931008   0.9006653542   -0.374154259   -0.1105402723   0.4042865585   0.9079279855   

4.704444398   -5.071039485   2.292897192   0.9898118879   0.1220276871   -0.07335986749   -0.1002367558   0.9631361309   0.2496425166   0.1011188378   -0.2397457756   0.9655552515   

-2.896786026   -8.250862736   0.5336386074   0.9982083955   0.05887215036   -0.01068031316   -0.05485467757   0.9717408385   0.229588125   0.02389484308   -0.2285909287   0.9732292761   

-0.3569523852   -3.021361825   2.315261016   0.9953073235   -0.05307836298   0.08090747251   0.06223162912   0.9913947003   -0.1151684532   -0.0740982865   0.1196630088   0.9900455587   

8.046977511   -10.47513663   0.1370492463   0.9595847259   0.1873720495   -0.2099734959   -0.1296282964   0.9565467673   0.2611796063   0.2497872268   -0.2234054544   0.942176387   

-1.630395716   -4.10610911   2.409498544   0.9780933965   -0.1311078713   0.1616911679   0.1715665999   0.9476047952   -0.269462528   -0.1178906676   0.2913003232   0.9493397243   

1.558986812   -6.632816635   -0.7253431784   0.9942983809   0.08808558531   -0.06009708315   -0.07612359111   0.9810045268   0.1784245422   0.07467214085   -0.1728324277   0.9821166037   

-0.07142298711   -6.894184481   3.068080244   0.9987276337   0.03151365862   -0.03937007852   -0.02963383752   0.9984338662   0.04745155878   0.04080379194   -0.0462244965   0.9980973632   

-0.9645177458   -10.50684868   6.136077313   0.9951151647   0.06105259892   -0.07757827697   -0.05427610513   0.9947597313   0.08664399183   0.08246158684   -0.08201010348   0.9932141912   

0.9419970265   -5.100326949   1.897557532   0.8104503939   0.4268415316   -0.4012187258   -0.1884572828   0.8384645589   0.511332608   0.5546656755   -0.3387971227   0.7599753273   

-1.43788314   -0.5103325166   2.863643286   0.9044172103   -0.1629799028   0.3942931156   0.2835261452   0.9201721199   -0.2699929532   -0.3188141067   0.3559786807   0.8784285652   

1.767001828   1.379963946   1.601115953   0.9952470537   -0.09682764754   0.01037828345   0.09731540853   0.9849519885   -0.1428260885   0.003607403243   0.1431572107   0.9896933867   

7.987884873   3.118106036   -3.975169538   0.9975095804   0.06008072485   -0.03694514169   -0.0572197336   0.9956043472   0.07414773006   0.04123759304   -0.07184907993   0.9965626777   

9.168352548   -1.863742228   -5.863290267   0.9801093748   -0.04561891794   -0.1931438006   0.02873897341   0.9955888559   -0.08931350115   0.1963662007   0.08198624523   0.977097012   

0.3180638085   1.044156478   -1.745797605   0.9999008506   0.01403166039   0.001183806336   -0.01404590439   0.9998164245   0.01303188177   -0.001000730079   -0.01304721729   0.9999143807   

-3.063835216   7.118440728   -7.643871936   0.9896079637   -0.08167167787   0.1183461665   0.08740823341   0.9951953787   -0.04411302578   -0.1141747731   0.05399903096   0.9919920493   

-1.893464517   9.752341015   -7.902608448   0.9959787194   -0.05801089493   0.06827244304   0.0607438947   0.9974044875   -0.03865834324   -0.06585263597   0.04265002129   0.996917452   

6.193401696   1.802449825   -3.042504921   0.983812808   0.0380100537   -0.1751216567   -0.0461516629   0.9980233678   -0.04265420625   0.173154217   0.05004591009   0.9836223991   

-3.038641663   5.540280271   0.1817067022   0.9760097562   -0.168081188   0.1383967848   0.1806476202   0.9799704424   -0.08381151075   -0.1215376202   0.106801902   0.9868241792   

-3.670776681   9.270876115   -6.013905019   0.9962112424   -0.06015763345   0.06280302298   0.06121294065   0.9980117851   -0.01501508142   -0.06177488531   0.01880255063   0.997912986   

-1.005058434   6.035057128   0.9761553981   0.9986355396   -0.0521850882   -0.001943078735   0.05184033657   0.9951507233   -0.08359196941   0.006295910505   0.08337718163   0.9964981721   

-6.450837033   3.581936104   7.702825142   0.9743083587   -0.1480344125   0.1697322447   0.1417285637   0.9887042893   0.04875287145   -0.1750321011   -0.0234444229   0.984283558   

-2.153453963   0.4301906275   2.179325323   0.9999742233   0.005934958833   0.004040926885   -0.006060113562   0.9994791152   0.03169816057   -0.003850694749   -0.03172183197   0.9994893184   

-7.386520492   5.811779361   0.8415228618   0.9994780444   0.0305912499   0.0103833654   -0.031680381   0.9910520857   0.1296615475   -0.006323947136   -0.1299228189   0.9915039429   

3.536806381   0.7899821676   -4.525447552   0.995471144   -0.07776368569   0.05468099026   0.086638628   0.9788814517   -0.1851616903   -0.03912735164   0.1890606057   0.9811855776   

0.2567432283   0.623998716   0.05532493053   0.9998093525   -0.01627057679   0.01079476778   0.0166074714   0.999353389   -0.03189037237   -0.01026891302   0.03206356635   0.9994330779   

0.4332493399   -0.6290179608   -0.4658712419   0.9954289575   0.08177914626   -0.04932911777   -0.07475415505   0.9886280807   0.1304849969   0.05943910267   -0.1262009879   0.9902223506   

-0.189314511   -0.7177714375   0.4367741238   0.9962934625   0.06885400784   -0.05156027695   -0.06413657842   0.9940406407   0.08814592451   0.05732221091   -0.08451230859   0.9947722522   

