-0.9452001257   -0.6704672662   1.145544561   0.9889893701   -0.1071585299   0.1020640743   0.1192074124   0.9855461898   -0.1203673572   -0.08769047046   0.1312088309   0.9874687965   

-9.889017081   3.634171131   6.220691033   0.9814771094   -0.08263582382   0.1728409798   0.09946634258   0.9908632906   -0.09108449921   -0.1637349394   0.1065892111   0.9807291215   

-0.7156264561   -0.08771673865   0.5268335253   0.9997423109   -0.02116751233   0.008200506009   0.02142124165   0.9992519118   -0.03219855784   -0.007512807938   0.03236592564   0.9994478499   

-15.46119249   -16.35336013   18.64455524   0.707930163   0.4491518899   0.5450664768   -0.5582297809   -0.1169556963   0.8214017755   0.4326827892   -0.8857674327   0.1679334959   

-1.094202655   5.283548829   -0.6516111396   0.9999569355   0.009226925576   -0.0009954714129   -0.009280290602   0.9948349394   -0.1010807575   5.766511598e-05   0.1010856428   0.9948777259   

0.4426881962   96.01437617   -22.82359207   0.9781233048   -0.1386302551   0.155101428   -0.01153551728   -0.7805851254   -0.6249430325   0.2077058796   0.609482169   -0.7651076743   

-19.86989493   -35.82247439   -5.091757193   0.6414346171   -0.7215273673   0.2606911779   0.602211905   0.6840671845   0.4115736977   -0.4752919667   -0.1070062863   0.8732967429   

13.74335363   -54.60321874   21.87085371   -0.1886310604   -0.9367623615   -0.2947789021   0.5436312944   -0.349585614   0.7630562982   -0.8178528833   -0.01631491744   0.5751960402   

0.3356856983   2.270418604   -0.7036897659   0.9999048265   -0.009180480563   -0.01029838558   0.008278264495   0.9963918429   -0.08446754269   0.01103668002   0.08437425086   0.9963730112   

-14.40929346   53.02572277   -21.5316315   -0.0730126688   0.6316804819   -0.7717829481   -0.9297020465   -0.3232175675   -0.176591361   -0.3610031231   0.7046347797   0.610873614   

-0.08818954988   2.162999796   -0.9072905842   0.8759803231   0.4458442381   -0.1840689787   -0.4795918925   0.8457920167   -0.2337252257   0.05147902755   0.2930166886   0.954720446   

19.43176426   -4.078862248   37.58189466   0.6430257918   0.5915032507   -0.4864583594   -0.1435089177   -0.5308761175   -0.8352099966   -0.7522785532   0.6068726821   -0.2564810445   

-0.1549606599   -44.2863552   -8.615314102   0.8564282801   0.44127679   -0.2679652883   -0.4289432416   0.319370544   -0.8449912136   -0.2872947904   0.8386162712   0.4628006624   

-19.6835517   40.10509825   -25.35469624   0.8732825409   0.4760813508   -0.1035574777   -0.4519342704   0.8709469318   0.1928907909   0.1820247757   -0.1216469869   0.9757402275   

17.63489069   -34.15444438   24.63927167   0.9778918822   -0.2069858347   0.02973770364   0.2087017228   0.9571633979   -0.2007033148   0.01307890168   0.2024724523   0.979200617   

8.568923871   20.74437469   -9.614041246   0.1309471517   -0.6633133048   0.7367959712   0.7596452209   -0.4104076334   -0.5044846011   0.6370180388   0.6257643599   0.4501410714   

1.567852056   -0.4961077718   -0.08475908807   0.9955942359   -0.02834972854   -0.08937790734   0.0246105264   0.9987863143   -0.0426640404   0.09047894461   0.04027643535   0.9950835992   

-1.028978183   1.463531705   -0.9482123268   0.994341243   -0.1037781009   -0.02270678888   0.1017627602   0.9918386083   -0.07681481424   0.03049316543   0.07406943236   0.9967867806   

4.15833692   -2.404758057   1.113464428   0.9757982766   0.08808253068   -0.2001479231   -0.09362154683   0.9954385287   -0.01836141618   0.1976176341   0.03665519643   0.9795936235   

0.9251309774   -0.02331180044   1.180435047   0.9985902944   -0.02013698834   -0.04911135983   0.01907180927   0.9995746744   -0.02206210396   0.04953473584   0.0210943604   0.9985496171   

-3.415714062   2.62458259   1.655868531   0.9966642783   0.07828396891   -0.02306375212   -0.07792573855   0.9968300745   0.01604312206   0.02424656102   -0.01419234675   0.9996052629   

-8.690528454   3.563410005   7.737321296   0.9844790717   0.163924153   0.06268835135   -0.1672588982   0.9845279112   0.05224225446   -0.0531546643   -0.06191659075   0.9966648973   

-1.526248956   0.08226862304   1.520604618   0.9964235229   0.08232536226   -0.01904462299   -0.08180121695   0.9962873348   0.02683481737   0.02118310274   -0.02518096993   0.9994584508   

-7.804697424   16.63378231   -18.65989134   -0.03414781146   0.7800399641   0.6247972323   -0.9923589026   0.04770178389   -0.113790809   -0.1185653211   -0.6239088029   0.7724506912   

-8.344808287   30.71503723   20.18836367   -0.1988991543   0.8207198679   -0.5355912853   -0.5729614942   -0.5407621448   -0.6158664051   -0.7950812868   0.1843778759   0.5777980151   

3.382919257   14.00622695   -14.8382938   0.8600449334   0.4335282077   -0.2690278902   -0.2438310346   0.8124046461   0.5296650994   0.4481842692   -0.3899384363   0.8044121312   

-0.2393122775   7.024955365   12.03956598   0.9544973012   -0.1590591503   0.2522599625   0.2377075973   0.9165911178   -0.3214900015   -0.1800833145   0.3668254483   0.9126933167   

2.100441372   -55.27446694   8.456489453   0.535690243   0.2636485471   0.8022003535   0.8443276552   -0.1536094234   -0.5133370781   -0.01211504103   0.9523096075   -0.304892829   

0.1192919784   28.30161355   -6.6185944   0.922527555   0.3784313032   0.07571432478   -0.162650799   0.2033321527   0.9655054393   0.349982325   -0.9030203677   0.2491316675   

-12.76559145   0.8022182357   3.419342439   0.831866191   -0.5508429457   -0.06760687394   0.5062222187   0.8030646238   -0.3143664665   0.2274592392   0.2272867333   0.9468912479   

10.72537152   -56.58968833   8.052661306   0.3932436875   -0.5579047399   0.730822621   0.8773991781   -0.009883661626   -0.4796592494   0.2748273723   0.829846139   0.4856184727   

-8.280706308   30.10625762   -8.483907983   0.8910848321   -0.3974878724   0.2190233169   0.4439552922   0.863612865   -0.2389069232   -0.09418874958   0.3101228962   0.9460191693   

2.813677804   64.98775789   -18.77296658   0.6382519865   0.5267620935   -0.5613876545   0.1403037859   -0.7966202644   -0.5879719398   -0.7569341117   0.2965094453   -0.5823511822   

-3.585470487   -12.2537096   11.3424301   0.8978401521   -0.009873906424   0.4402108214   0.2409158186   0.8478489045   -0.4723471219   -0.3685683514   0.5301459622   0.7636115696   

7.816082225   2.915620249   0.05104607859   0.9634896697   0.1443714041   0.2254873702   -0.07419307371   0.953153092   -0.2932483096   -0.2572606544   0.2658121159   0.9290645159   

19.42961201   7.682260846   -32.86282254   0.7553349567   0.6535769768   0.04802331249   -0.2486119102   0.2179741334   0.9437581233   0.6063507411   -0.7247926687   0.3271305033   

-11.7436141   -47.34102967   35.69250561   0.9482399352   0.03772630039   0.3153058063   -0.1831870186   -0.7460668025   0.6401771961   0.2593907119   -0.6648015136   -0.700539368   

15.5950031   50.77029272   -24.00501328   0.9845192344   -0.1282882573   0.1194319894   -0.0564722063   -0.8772223716   -0.4767512986   0.1659300062   0.4626262356   -0.8708870186   

3.125801954   -0.8478113671   -1.043715142   0.9997476511   0.01538604761   -0.01636776426   -0.01634220964   0.9980655643   -0.05998384352   0.0154131876   0.06023619209   0.9980651456   

-0.5745441486   -59.29272187   24.6853456   0.6925687299   0.3854535743   0.6097328074   -0.0234998772   -0.8327592891   0.55313626   0.7209690077   -0.3974135232   -0.5676849315   

0.6175430557   -1.221642748   0.5909744718   0.999890271   -0.005214781495   -0.01386549873   0.006784513005   0.9932619902   0.1156917852   0.01316876548   -0.1157731611   0.9931883803   

2.63944867   56.92958837   -21.48143189   -0.2639455285   -0.9464581976   0.1858753294   0.9630663037   -0.2479630626   0.1049648242   -0.05325460238   0.2067152624   0.9769507396   

-1.837788048   -9.334632162   18.43278429   0.8552533115   -0.2517358345   -0.452957882   0.1410153101   0.9541526817   -0.2640214807   0.4986546456   0.1619312495   0.8515408475   

-2.265691807   -47.86188974   3.965437717   0.008719392001   0.9888926757   -0.1483753625   -0.7879763141   -0.08455844271   -0.6098714603   -0.6156438098   0.1222339796   0.7784867074   

-10.01132437   19.17517814   3.397565681   0.9829986169   0.1273936172   -0.1322292915   -0.07990388894   0.9451845021   0.3166095789   0.1653151166   -0.3006611435   0.9392943037   

6.284411883   -20.70119057   1.76006852   0.9988352133   -0.04825159734   7.977133448e-06   0.04821234802   0.99802937   0.04016149976   -0.001945817928   -0.04011433558   0.9991932015   

2.680762298   1.634689093   -4.932179961   0.9385492927   -0.08623848819   0.3341977683   0.249839055   0.8378082621   -0.485445942   -0.2381295273   0.5391106001   0.8078700942   

-0.6861901183   -2.242346562   0.9701144141   0.9969510537   0.07529733717   0.02046722871   -0.07552028232   0.9970905888   0.01034623652   -0.01962863707   -0.01186038229   0.9997369894   

-2.446866548   -1.758098043   3.838044483   0.9646405774   0.2459650769   0.09470869764   -0.2438817713   0.9692379342   -0.03315883803   -0.09995117859   0.00888863573   0.9949526391   

-2.92158282   2.554471431   -2.934446397   0.9352111389   -0.3074802039   -0.1756019645   0.3292039081   0.9376647197   0.1113986547   0.1304028857   -0.1619901157   0.9781381752   

-2.432309536   12.32879229   -4.409680563   0.4592780801   -0.1514028649   0.8752947033   0.8821661494   -0.03778746245   -0.4694198467   0.1041466754   0.987749604   0.1162075291   

-4.292470706   -11.18891357   4.473395819   0.8494882313   -0.3575171064   0.3880093601   -0.2089761691   0.447270096   0.8696426979   -0.4844571247   -0.8198359469   0.3052381275   

1.873267198   8.248720955   -5.731799235   0.9482068182   -0.07321411489   -0.3091011539   -0.08536636506   0.8785468887   -0.4699659009   0.3059679945   0.4720117135   0.8267941271   

3.67705092   2.468546984   2.254547142   0.9947619404   -0.001455540896   0.1022084304   0.001765382994   0.9999941167   -0.002941083031   -0.1022035482   0.003106114488   0.9947586576   

4.340431066   -0.5089618038   -0.03444935889   0.9906824181   0.0528656338   0.125513231   -0.009677826225   0.9465847557   -0.3223098508   -0.1358480257   0.3180920071   0.9382764992   

1.181150558   4.530639896   3.735330189   0.9614657912   0.1073481028   -0.2531006067   -0.1404750288   0.9831912547   -0.1166264246   0.2363266777   0.1476866326   0.9603844855   

1.335554979   2.946515632   3.305879149   0.9991182373   -0.01085137302   -0.04055854454   -0.007536164386   0.903981779   -0.4275045607   0.04130319671   0.427433259   0.9031029039   

-4.441893407   0.4670780412   5.599836874   0.9954646355   0.09209747493   -0.02383725305   -0.08166764406   0.9558188949   0.2823838454   0.04879093599   -0.2791563994   0.9590052916   

-7.300913588   2.234724161   4.404121282   0.9921755592   0.02750200034   -0.1217838239   -0.05420033845   0.9736062001   -0.2217054138   0.1124721436   0.2265714174   0.9674788937   

-8.515057721   3.391461483   -4.628810817   0.9963865966   -0.04672531316   0.07092598483   0.03926307581   0.9938869778   0.1031847189   -0.07531375101   -0.1000270986   0.9921302427   

-1.124043006   0.06887904044   -1.177567262   0.9994480333   -0.01617057049   0.02901967278   0.01478349551   0.9987669699   0.04739185691   -0.02975024401   -0.04693668598   0.9984547413   

-0.583712027   1.992992013   0.2956208452   0.9996585869   0.004563652761   -0.0257270811   -0.006499512561   0.9971115724   -0.075672112   0.02530742904   0.07581349004   0.996800807   

-1.001327679   4.87837642   -2.622099326   0.9991200596   0.02311838565   -0.03499495287   -0.02461741839   0.9987704914   -0.04302892299   0.03395716704   0.0438525455   0.9984607479   

-3.30344861   8.214666068   -1.635140993   0.940203663   -0.2803380811   0.1934622245   0.340432189   0.7549217095   -0.5605346886   0.01109038574   0.5928775361   0.8052162632   

-5.866476681   2.763490304   -2.072426213   0.9964953411   0.03802656612   -0.07450513749   0.02174770761   0.7422881818   0.6697277748   0.08077173056   -0.6690009233   0.7388597243   

1.783352846   3.470911976   -0.05952175568   0.9977339904   0.04632522055   -0.04879404003   -0.04722608481   0.9987313764   -0.01747383016   0.04792265972   0.01973858576   0.9986560003   

-1.871035103   -22.32122716   5.178979695   0.9982421958   0.03541561266   -0.0475210781   -0.04717633892   0.9601634243   -0.2754280155   0.03587354917   0.2771857375   0.9601464239   

6.527826597   -26.75777426   -9.538416541   0.9461688923   0.2305375527   0.2271934505   -0.1044617509   -0.4468637238   0.8884821635   0.3063530149   -0.8643872102   -0.3987261982   

-3.410787318   20.91352667   19.41431713   0.4005541638   -0.5560901656   0.7282307942   -0.06167517875   -0.8093354853   -0.584099516   0.9141950198   0.1890497288   -0.3584796589   

2.795612319   23.76526257   -5.56535403   0.9833217439   -0.181378973   -0.01341701154   0.1735959373   0.9140018138   0.3666948799   -0.05424756785   -0.3629081875   0.9302445102   

-2.640855074   -12.13017748   1.640863379   0.9537605689   0.3003744073   -0.01076999078   -0.2547570038   0.8268903954   0.5013493222   0.1594981075   -0.4754234842   0.865177938   

1.118101002   -10.14671227   7.350999688   0.9555627409   -0.1576095271   -0.2491166095   -0.1146091587   0.579959173   -0.8065433023   0.2715963713   0.7992537736   0.5361238816   

0.1328497418   -9.337294234   -3.402324386   0.9480359741   -0.2878632162   -0.1355085256   0.2312209375   0.9159227872   -0.3280584186   0.2185512979   0.2796787741   0.9348877545   

3.008379408   -18.2415129   -13.87366006   0.9438367503   -0.2211776529   0.2454641208   -0.06513384984   -0.8528721288   -0.5180412277   0.3239286501   0.4729583257   -0.8193782105   

2.150878054   40.367077   13.26627922   -0.102608571   -0.08659964479   -0.9909449948   0.1860767796   -0.9802889155   0.06640085955   -0.9771626851   -0.1775785561   0.1167002279   

-1.238013788   -7.712527241   3.200967339   0.9894961119   -0.1401872614   0.03528422211   0.1080129302   0.879196656   0.4640543578   -0.09607627966   -0.4553688306   0.8851037095   

3.291138566   3.183620469   -6.748557138   0.9811686717   0.1807326342   0.06814508454   -0.180299368   0.7304331167   0.6587561005   0.06928329885   -0.6586373638   0.7492640706   

2.399025397   -4.310944631   8.642666202   0.9904426272   -0.09692125446   0.09813089508   0.1127638951   0.9787115864   -0.171487418   -0.07942106833   0.1809140708   0.9802868932   

3.819868325   -5.218148629   7.460647067   0.9980292755   -0.05934159186   0.02039952814   0.06227014947   0.8964731921   -0.4387006318   0.007745563736   0.4391063554   0.8984017002   

2.566337019   -10.8752948   0.5955957446   0.8940706861   0.2917375776   -0.3398923271   -0.4479145413   0.5768974255   -0.683053383   -0.003189330887   0.7629407226   0.6464605804   

-0.1225258894   16.68833394   -1.050621254   0.9073333146   -0.4131514805   0.07779531003   0.1937423869   0.5751384329   0.794782782   -0.3731087558   -0.7060606469   0.6018872147   

1.213662087   2.06665655   -0.6599061417   0.9898352318   0.1343649508   -0.04660765838   -0.1306952969   0.9886238305   0.07444233412   0.05607988232   -0.0675942433   0.9961355656   

1.475219547   1.071161687   -0.2775591179   0.9949937964   0.07612456707   -0.06474871045   -0.08034503458   0.9946266674   -0.06528757855   0.05943080544   0.07016297302   0.9957635947   

-0.9962690473   -7.316078095   1.856730534   0.9467741674   0.2529361361   -0.1991029559   -0.2802672135   0.9519603946   -0.1233762381   0.1583318195   0.1726114658   0.972181216   

-0.2098199802   0.2846766723   -0.4647563695   0.9999136692   0.008645652092   0.0098947925   -0.008790334415   0.9998537029   0.01467320111   -0.009766485528   -0.0147589129   0.9998433829   

-3.986316494   5.190156681   -5.929839711   0.9647220149   -0.1260119848   0.2311545232   0.05742231783   0.9575859115   0.2823683755   -0.2569321142   -0.2591335596   0.9310401103   

1.196643501   -0.9134495982   -5.311417732   0.9213773404   0.3448384628   0.1793048552   -0.3864406689   0.7634529428   0.5174970663   0.04156207346   -0.5461007588   0.8366878482   

11.11798512   -2.473220151   -15.82397066   0.9928768531   0.09138329837   0.07645029286   -0.101745219   0.9841934851   0.1449520411   -0.06199568455   -0.1516979783   0.9864807441   

2.616651798   -6.628621689   1.391003303   0.9131328137   0.3256308924   0.2452610579   -0.4076056553   0.7192680481   0.5625931965   0.006789282253   -0.6136921027   0.7895162498   

0.469267046   -0.7533889547   0.2097078134   0.999882748   -0.007527943144   0.01333492617   0.008365130683   0.9979224737   -0.06388083436   -0.01282633122   0.06398489261   0.9978684376   

-4.774037074   -2.232864501   -0.345078709   0.9997628369   -0.02141014743   -0.003984404796   0.02119373859   0.9986158361   -0.04813769188   0.005009524807   0.04804183097   0.9988327623   

-6.472076153   -2.755905232   -3.439053158   0.9990017382   -0.01444513253   0.04227132769   0.02111043254   0.9866046369   -0.1617579678   -0.03936847263   0.162488857   0.9859246902   

-5.80596833   -6.052953695   11.00143313   0.9552309773   0.2427651717   0.1691119491   -0.2637183353   0.4395474876   0.8586330099   0.1341134578   -0.864790771   0.4838910031   

4.607917353   6.154658031   -12.20568651   0.9857437455   -0.1538383652   0.06813975079   0.08081012744   0.07766374124   -0.9936991832   0.1475770699   0.9850391366   0.08898824508   

-0.1370361312   0.2086470235   0.2852739212   0.9999459016   0.009707603747   0.003735802993   -0.009984306847   0.9964974671   0.0830247653   -0.002916746697   -0.0830575732   0.9965404819   

-2.165416454   -0.5715164278   9.393546585   0.9881719175   0.08059655295   0.1304624743   -0.1489149783   0.3012089965   0.9418585189   0.03661407903   -0.9501459551   0.3096483056   

1.049468884   -0.4352417006   -2.859464679   0.9998524246   0.01452860304   -0.009167808434   -0.01594564119   0.9834342541   -0.1805624666   0.006392616447   0.1806820066   0.9835207913   

-0.5674709369   -0.8590310793   1.391786379   0.9998907277   -0.01476743546   -0.0006749037954   0.01478283769   0.9987891392   0.04692252324   -1.883875254e-05   -0.0469273729   0.9988983038   

1.345974431   5.385296639   -4.328764822   0.9907708025   -0.1355476469   -0.0002287340334   0.07873784706   0.5768976839   -0.8130125545   0.1103338948   0.8054910911   0.5822461111   

-1.741430121   44.03826798   -17.31654253   0.9845624158   0.07620584875   0.1575738495   0.05725473649   0.7105064831   -0.701357564   -0.1654047901   0.6995521468   0.6951748336   

5.924404929   -12.62209651   16.31632368   0.8997264406   -0.1597397785   -0.406171805   -0.4327409329   -0.4476291364   -0.782536543   -0.05681212025   0.8798359844   -0.4718697104   

-3.277028899   -1.309325518   -11.99476728   0.9701048871   -0.2170655799   -0.1085312954   0.2396339423   0.7860763142   0.5697890855   -0.03836771756   -0.5787629586   0.8145927547   

6.519466758   9.82670861   4.64670177   0.8897970922   0.4540256196   0.04606377526   -0.432991401   0.8718123988   -0.2290449472   -0.1441512445   0.1838583094   0.9723253266   

-2.730844591   2.586046882   -3.383063672   0.9152904638   -0.3774059596   -0.1407412826   0.3925570701   0.9140782383   0.1017836971   0.09023476975   -0.1484106329   0.9848004724   

-0.7881987772   -5.772136131   3.123486448   0.9860426524   0.1641674076   0.02772994677   -0.1582483962   0.9758862438   -0.1503445521   -0.05174294895   0.1438579213   0.9882446892   

1.996117869   18.64200682   -5.764114864   0.9742023693   -0.2237241156   0.0296186386   0.1421689573   0.7103352439   0.6893560973   -0.175264746   -0.6673614923   0.7238169018   

-2.702965664   -49.38121937   14.55834437   -0.8185677393   0.1223702875   -0.5612239917   -0.4359184357   -0.7686010588   0.4682173959   -0.3740614569   0.6279155398   0.6824954955   

1.934809275   -14.82339557   -2.141168682   0.9778122987   0.2094829501   -4.542971663e-05   -0.1789022855   0.8349567932   -0.5204239866   -0.1089820202   0.5088851021   0.8539079998   

-1.563598008   53.66884179   -36.98766569   0.9108399264   -0.219816176   0.3493586655   0.21374129   -0.4728904302   -0.8548036628   0.353108042   0.8532616772   -0.3837436916   

0.3278090406   -54.19365397   40.58187   0.8724769743   0.2755464281   0.4035568055   -0.1541100939   -0.6285477659   0.7623501721   0.4637175954   -0.7273251487   -0.5059289671   

3.40719618   0.9391678438   -2.834837938   0.9522552598   -0.2969974999   0.07072768376   0.3034452372   0.895195518   -0.3264138057   0.03362897871   0.3322912421   0.9425771174   

-0.2088675922   1.243943146   0.7876204946   0.9994004469   -0.02336402597   -0.0255513024   0.02450051659   0.9986815618   0.04510945332   0.02446367614   -0.04570842791   0.9986552299   

-2.068097241   1.925786253   2.031666804   0.956324375   -0.2281216903   0.1827681159   0.2881945444   0.8403504451   -0.4590806399   -0.04886301597   0.4917027799   0.8693910408   

1.048856887   2.89851345   0.2537872568   0.8968378167   0.1309035719   -0.4225472582   0.09889151501   0.8717073438   0.479944554   0.4311640045   -0.4722187645   0.7688348585   

-2.702324823   0.876819087   4.154751992   0.9848483154   0.02085867843   0.1721589709   0.01276150812   0.9813313757   -0.1919006904   -0.1729477945   0.1911900797   0.966196364   

-3.872077327   3.093460831   3.976458034   0.8594500383   0.5112197489   -9.054171063e-06   -0.4730640327   0.7953103025   0.3790672021   0.1937938407   -0.3257850381   0.9253691459   

-0.502226048   9.932925761   -0.2882766394   0.00728951106   -0.998645362   0.05151993859   0.9972299084   0.01107370896   0.07355190539   -0.07402278598   0.05084106621   0.9959597447   

-5.982356559   -2.766699613   -2.312984882   0.008637504165   -0.1135951416   0.9934895759   -0.2355695296   0.9653330437   0.1124238032   -0.971819114   -0.2350069331   -0.01842148588   

-0.9787167303   -1.563899179   0.5346207875   0.9996849047   -0.001528491366   -0.02505504027   0.002755904518   0.9987936216   0.04902760901   0.02494987613   -0.04908120994   0.9984831188   

0.02469129969   -2.168761453   -1.413134587   0.9999609963   0.002046247226   -0.008591778977   -0.0006140562459   0.9865445716   0.1634913795   0.008810716692   -0.1634797269   0.9865073493   

-1.558072423   1.509914476   -2.777878335   0.9962344114   -0.01333852219   -0.08566843809   0.02699226653   0.9867053073   0.1602624541   0.08239183823   -0.1619713569   0.983349818   

0.2618380139   -0.9262689236   -0.3581330958   0.9679518694   -0.08854848938   -0.2350071139   0.1084229411   0.991419694   0.07301682063   0.2265251518   -0.09615693049   0.9692472339   

0.331192476   -2.415269731   1.47328998   0.988938021   0.04380143619   -0.1417145893   -0.006531188241   0.96733707   0.2534094249   0.1481854724   -0.2496806505   0.956922483   

-0.7066434394   0.1698056094   0.0911682312   0.9838182385   0.1582973961   0.08392620559   -0.1664577943   0.9808321893   0.1012917527   -0.06628330327   -0.1136228448   0.9913104321   

-0.6690935157   -1.405935428   3.059106989   0.9972117663   -0.05445766494   -0.05102015198   0.05608146589   0.9979462523   0.03095394587   0.04922968984   -0.03372892395   0.9982178106   

1.236600752   -0.34075407   -1.843393302   0.9829073889   -0.1412915053   0.1180244694   0.17783612   0.8944963709   -0.4101835648   -0.04761700622   0.4241614703   0.9043338254   

1.807779029   -4.507377847   1.127052142   0.9837645744   0.02920128666   -0.1770721521   0.009812667728   0.9764448726   0.215543783   0.1791953508   -0.2137818881   0.960305332   

3.578384886   10.16650102   -2.037644347   0.7591796759   -0.3989008442   0.514319294   0.6300795037   0.2522296764   -0.7344249515   0.163236144   0.8816225422   0.4428268899   

0.1782064381   3.364014744   4.63625857   0.9926585889   0.09218996846   -0.07829390476   -0.08868461723   0.9949439318   0.04713397168   0.0822433248   -0.03984447685   0.9958154715   

-7.752973024   4.649108201   -3.714280227   0.9916910458   0.04588200271   -0.1201819937   -0.05461216777   0.9960239351   -0.07038346279   0.116474808   0.07636204902   0.9902537334   

-4.547208615   2.585502039   -4.404422748   0.9850317574   -0.02730808691   0.1701960789   -0.003144691755   0.9843598213   0.1761415714   -0.1723442712   -0.1740402559   0.9695398091   

0.4109066367   7.097056112   4.395072204   0.8014491187   -0.3704725913   -0.469499062   -0.1999663735   0.5738564464   -0.7941676325   0.5636424041   0.7303689739   0.3858346826   

-9.044988531   -34.34842844   7.397213952   0.8508464448   -0.2438231575   -0.465414434   -0.2173718619   0.6430896627   -0.7342922847   0.4783406747   0.7259379819   0.4941702595   

18.42449325   31.63231834   -13.24934913   0.8530117759   -0.3536657124   0.3837857139   -0.3071092738   0.254415042   0.9170370114   -0.4219654064   -0.9001075215   0.1084050067   

4.821928514   -17.8757343   1.148148221   0.9378259248   -0.01164914083   0.3469104097   -0.2467504066   0.6805435772   0.6899091798   -0.2441245004   -0.7326149992   0.6353569794   

-0.8127556002   -11.0444466   -2.958361301   0.995995477   0.03656705341   0.08158345661   -0.05391178386   0.9736038677   0.2217859969   -0.07131990851   -0.2252961594   0.9716764437   

11.11368189   -5.601888774   -0.9486685659   0.9998144382   -0.01921903371   -0.001310714882   0.01907960033   0.9973493988   -0.07021499526   0.002656705061   0.07017695812   0.9975310203   

-0.3175283002   -2.52843576   3.681712247   0.9994475846   -0.03271547947   -0.005850041093   0.03174684592   0.9918789719   -0.1231594203   0.00983175223   0.1229056648   0.992369656   

-0.3409467996   -12.88894707   0.5032393678   0.7970724374   0.5779883783   -0.1749427455   -0.1907356385   0.515824886   0.8351913572   0.5729707199   -0.6323401945   0.5213927815   

-7.731313561   12.13192799   -0.9251295871   0.2193727118   -0.4764669726   0.8513840716   0.610257906   -0.6138479349   -0.5007753998   0.7612232928   0.6294203182   0.1561062509   

-7.028599564   -19.04045141   3.236266902   0.9682364601   0.1871664863   0.1657916275   0.1087422821   -0.912290032   0.3948442903   0.2251516676   -0.364274078   -0.903665382   

-3.211730495   40.02916146   2.303064667   -0.271303706   -0.3008188952   -0.9142769227   0.9045166755   -0.4043868657   -0.1353545222   -0.3290043813   -0.8637009061   0.3818073623   

-6.026509392   -22.60274504   -41.41825879   0.05644576412   -0.4360813645   -0.8981352455   0.7384834458   -0.58715441   0.3314994708   -0.6719048117   -0.6819697518   0.2888964893   

0.009570285461   0.07266220924   -0.1237936304   0.9920949948   0.1214290021   -0.03166257766   -0.1236510948   0.9889614983   -0.08164289057   0.02139925551   0.08491261548   0.9961585815   

-0.0007582822657   -0.2242473932   0.2122460171   0.9240817502   0.3642074621   -0.1158699424   -0.382041898   0.8888155497   -0.253082806   0.01081236005   0.278136375   0.9604807389   

0.3005787452   -3.049284048   1.266832688   0.8604184255   -0.5052862995   -0.06607487112   0.4809115744   0.7622609523   0.4332231506   -0.1685354284   -0.4045293514   0.8988613982   

14.92944242   60.92836774   -9.483720613   0.5665783156   0.5228222844   -0.6369033452   -0.7834672592   0.5812574338   -0.2198154896   0.2552803676   0.6235356081   0.738942   

-7.854992632   -49.25961307   11.67870421   -0.1163631748   -0.5738180247   -0.8106740936   -0.6225555435   -0.5938331972   0.5096927791   -0.7738760926   0.5639991209   -0.2881332761   

-1.858952587   -2.512978955   42.4185014   0.9999401691   0.001803466266   -0.01078914701   -0.002636197256   0.9969753846   -0.07767324468   0.01061643292   0.07769703974   0.996920489   

3.312507767   16.12193199   -5.047690376   0.9751544177   0.09594824969   0.199669214   -0.193943397   -0.06578878246   0.9788042679   0.1070505508   -0.9932098315   -0.04554569237   

6.513474287   33.55974093   -29.35398254   0.9404676686   0.03697515885   0.3378659526   -0.3161411372   -0.2698446929   0.9095265928   0.1248012245   -0.9621936808   -0.2420908405   

-3.531389587   -67.71534611   24.53814981   0.8983883775   0.4357837351   0.05468875079   -0.2838646502   0.4811107483   0.8294295077   0.3351405431   -0.7606740327   0.5559279021   

-0.262660075   63.07728955   -20.32200808   0.8067416583   -0.4220273229   0.4135950138   0.4822516699   0.0657586976   -0.8735611716   0.3414692132   0.9041950743   0.256573662   

0.07786971935   0.6839065055   -0.9314043871   0.9998043143   -0.0009801662964   0.01975784134   -0.001360863311   0.992997771   0.1181252504   -0.0197352748   -0.1181290227   0.9928021217   

1.770831495   1.653693937   -1.678107249   0.9993057588   -0.03121362258   0.02033986585   0.03080804854   0.9993260606   0.01995717058   -0.0209490936   -0.01931668391   0.9995939181   

-5.187848691   -23.15923016   27.01078808   0.973185677   -0.1920356925   0.1266172617   0.161534895   0.1786877124   -0.9705550881   0.1637562696   0.9649834166   0.2049167878   

1.745154195   7.472815528   3.965700313   0.9484817909   0.2004801601   0.2453364989   -0.2703793496   0.9158238802   0.2969202381   -0.1651584075   -0.3479573622   0.9228479693   

1.449776614   -4.089883526   -3.721367594   0.9992522843   0.009645976788   -0.03744098759   -0.016536232   0.9819634567   -0.1883462842   0.03494889771   0.1888245876   0.9813887352   

10.56936837   12.45139137   -19.39282501   0.9680206643   -0.2404909673   -0.07141490155   0.1519533493   0.3355676592   0.9296797974   -0.1996150624   -0.9108009885   0.3613798364   

-8.247259938   -57.54729178   18.3279691   0.3223900127   0.9411002713   0.1019556723   -0.3380350748   0.0138514732   0.9410315749   0.8841928341   -0.3378437747   0.3225904772   

-3.392242616   4.683333326   14.72370853   0.8836093496   0.4585994674   0.09445128819   -0.4655609851   0.8390338667   0.2815584128   0.04987470859   -0.2927604807   0.954884189   

4.303867701   74.68676164   -73.89376311   0.2600146795   -0.3435348536   0.9024279311   0.6663326356   -0.6125569198   -0.4251762443   0.6988513327   0.7118692466   0.06963469322   

-9.612846486   -8.334113236   46.47386869   0.9997147338   -0.02268638993   0.007468512875   0.02272374443   0.9997295016   -0.004955313231   -0.007354074486   0.005123612225   0.9999598323   

-0.02564722841   -49.35400446   19.74400404   -0.3791889537   0.406654527   0.8311725651   0.07489313407   -0.8818201136   0.4656010155   0.9222834466   0.2387998803   0.3039208142   

12.96080328   0.8131042383   -7.378369045   0.8978525092   -0.3700826256   0.2385366261   0.4400890616   0.7709394005   -0.460406406   -0.01350887197   0.5183544068   0.8550591905   

1.222759795   1.455229372   2.325533024   0.7968762952   0.5963195422   0.09690806905   -0.5367766736   0.6252427501   0.5665177015   0.2772345088   -0.5034625181   0.8183315465   

4.261701145   3.395422738   -4.536500517   0.8879869031   -0.4284544804   0.1670509447   0.4598302351   0.8225572088   -0.3345979574   0.005951035165   0.3739336792   0.9274363529   

4.519918886   1.613721868   -5.889886241   0.9835590531   -0.1773366572   0.03410717057   0.1801212608   0.9769201563   -0.1148187253   -0.01295841349   0.1190744233   0.9928007661   

2.843392557   2.373646095   -1.587863839   0.9890712873   -0.0665766653   0.1315505085   0.09719319884   0.9653459529   -0.2421996558   -0.1108669056   0.2523385401   0.9612667634   

5.265202522   4.653010504   -6.649353465   0.9904052949   -0.1123784245   0.08042662261   0.1265858971   0.9712193836   -0.2017645153   -0.05543791648   0.2100095204   0.9761263436   

3.251407428   1.278541282   -3.804170234   0.998962302   0.01686204201   -0.0423082829   -0.01426818103   0.9980431898   0.0608786517   0.04325203201   -0.0602118158   0.997248113   

8.206234781   3.051981047   -3.59298691   0.9991359147   0.03808905468   -0.01663273419   -0.03708199823   0.9976765641   0.05715241812   0.01877097067   -0.05648625853   0.9982269047   

