-4.104721879 87.9 60.70769882 33.33289719 60.54160309 85.74231726 -6.151891502 69.51731246 0.6695972574 -0.1217293789 0.732681016 0.7041493812 0.2604210103 -0.6605713787 0.6695972574 0.1217293789 -0.732681016 0 -0.1217293789 0.9911247808 0.05341935284 0 0.732681016 0.05341935284 0.6784724766 0 0 0 0 1 1 0 0 60.70769882 0 1 0 33.33289719 0 0 1 60.54160309 0 0 0 1 0.6695972574 -0.1217293789 0.732681016 -0 0.1217293789 0.9911247808 0.05341935284 -0 -0.732681016 0.05341935284 0.6784724766 -0 0 0 0 1 32 1.91851636 0.8898598229 0.03125 2.13011677 0.9605727245 0.03125 2.273117433 1.08698994 0.03125 2.349826373 1.271714627 0.03125 2.377608783 1.513457445 0.03125 2.368918175 1.799770622 0.03125 2.387094209 2.121255525 0.03125 2.447762577 2.456295364 0.03125 2.595360891 2.793271395 0.03125 2.837900582 3.112145075 0.03125 3.154341625 3.402987487 0.03125 3.544030605 3.651291185 0.03125 3.959674761 3.847893267 0.03125 4.397934785 3.981453665 0.03125 4.834569658 4.042337791 0.03125 5.264359039 4.021848081 0.03125 4.673805646 3.433477597 0.03125 5.05782481 3.292315714 0.03125 5.399309814 3.091368884 0.03125 5.687428129 2.837897515 0.03125 5.877512278 2.541502221 0.03125 5.958813506 2.220787448 0.03125 5.905402809 1.892298371 0.03125 5.711106106 1.578783709 0.03125 5.393269357 1.294574904 0.03125 4.952894001 1.053790207 0.03125 4.432663213 0.8607087659 0.03125 3.838709256 0.7158910848 0.03125 3.205731396 0.6148303732 0.03125 2.541037518 0.550967853 0.03125 1.905626397 0.5160878929 0.03125 1.308744167 0.501760257 0.03125 1 3 1 1 1 1 500 0.0004
-4.140419727 87.9 60.70769882 33.33289719 60.54160309 80.67087371 -2.716106079 66.82265939 0.6848117099 -0.06383612067 0.7259186398 0.6397148184 0.2973056473 -0.7087836787 0.6848117099 0.06383612067 -0.7259186398 0 -0.06383612067 0.9975813022 0.0275044562 0 0.7259186398 0.0275044562 0.6872304077 0 0 0 0 1 1 0 0 60.70769882 0 1 0 33.33289719 0 0 1 60.54160309 0 0 0 1 0.6848117099 -0.06383612067 0.7259186398 -0 0.06383612067 0.9975813022 0.0275044562 -0 -0.7259186398 0.0275044562 0.6872304077 -0 0 0 0 1 32 2.217235729 0.8707991286 0.03125 2.360017829 0.9051069794 0.03125 2.448123912 0.9948905684 0.03125 2.486175143 1.144815537 0.03125 2.50338748 1.355299216 0.03125 2.512292017 1.615648822 0.03125 2.571846013 1.916178086 0.03125 2.694098011 2.234329392 0.03125 2.905130425 2.555427413 0.03125 3.207039111 2.855948408 0.03125 3.572495607 3.12267066 0.03125 3.994772076 3.338928636 0.03125 4.434565091 3.495523186 0.03125 4.883405327 3.583450576 0.03125 5.322215662 3.597788146 0.03125 5.741793075 3.536792086 0.03125 5.126331186 2.918768639 0.03125 5.472506968 2.759707076 0.03125 5.759790827 2.558754132 0.03125 5.979610343 2.324726827 0.03125 6.09337061 2.067433741 0.03125 6.095241414 1.80140452 0.03125 5.969662219 1.538881575 0.03125 5.715057471 1.295172499 0.03125 5.351530248 1.079250485 0.03125 4.882292571 0.8995917752 0.03125 4.345091204 0.7577598773 0.03125 3.746419937 0.6528707699 0.03125 3.117678862 0.5805974134 0.03125 2.466149533 0.5354668507 0.03125 1.854056791 0.5110201416 0.03125 1.290619177 0.5010248754 0.03125 1 3 1 1 1 1 500 0.0004
-4.243514064 87.9 60.70769882 33.33289719 60.54160309 78.46451265 3.230113861 68.36167567 0.701907743 0.04149129592 0.711058361 0.5732301433 0.3429069973 -0.7441921754 0.701907743 -0.04149129592 -0.711058361 0 0.04149129592 0.9989884718 -0.01733509527 0 0.711058361 -0.01733509527 0.7029192711 0 0 0 0 1 1 0 0 60.70769882 0 1 0 33.33289719 0 0 1 60.54160309 0 0 0 1 0.701907743 0.04149129592 0.711058361 -0 -0.04149129592 0.9989884718 -0.01733509527 -0 -0.711058361 -0.01733509527 0.7029192711 -0 0 0 0 1 32 2.433324983 0.8450011635 0.03125 2.447801131 0.8369765321 0.03125 2.419063023 0.8873552043 0.03125 2.356092996 1.001019891 0.03125 2.297400237 1.178140007 0.03125 2.259106455 1.407727539 0.03125 2.315710632 1.680047956 0.03125 2.478479772 1.972832105 0.03125 2.769430751 2.271442859 0.03125 3.184117453 2.552688585 0.03125 3.674834174 2.803311378 0.03125 4.226178164 3.006845978 0.03125 4.785798854 3.154531682 0.03125 5.337937534 3.238386725 0.03125 5.858780685 3.254890761 0.03125 6.334328096 3.203942662 0.03125 5.747194452 2.599878668 0.03125 6.096825913 2.455227147 0.03125 6.3613766 2.273912595 0.03125 6.534030078 2.06412772 0.03125 6.587272989 1.835176767 0.03125 6.518360319 1.600513495 0.03125 6.323685318 1.371305405 0.03125 6.004888532 1.160695966 0.03125 5.584321165 0.9763054531 0.03125 5.067426948 0.8245846448 0.03125 4.485772516 0.7063885488 0.03125 3.84693244 0.6202970159 0.03125 3.181443343 0.562068535 0.03125 2.497409793 0.5265910297 0.03125 1.864858514 0.5079080068 0.03125 1.293844508 0.5005293866 0.03125 1 3 1 1 1 1 500 0.0004
-4.187057621 87.9 60.70769882 33.33289719 60.54160309 79.33646015 8.112589452 64.7708944 0.7127517136 0.1598485981 0.6829593109 0.4666358322 0.4238798981 -0.7762582251 0.7127517136 -0.1598485981 -0.6829593109 0 0.1598485981 0.9850815655 -0.06373958792 0 0.6829593109 -0.06373958792 0.7276701482 0 0 0 0 1 1 0 0 60.70769882 0 1 0 33.33289719 0 0 1 60.54160309 0 0 0 1 0.7127517136 0.1598485981 0.6829593109 -0 -0.1598485981 0.9850815655 -0.06373958792 -0 -0.6829593109 -0.06373958792 0.7276701482 -0 0 0 0 1 32 1.967854304 0.844842157 0.03125 2.126684301 0.8259793379 0.03125 2.244666885 0.8547552808 0.03125 2.329327659 0.9383784352 0.03125 2.415690399 1.07993756 0.03125 2.516337373 1.272903156 0.03125 2.689794441 1.509636393 0.03125 2.944010833 1.7708999 0.03125 3.295055272 2.041916908 0.03125 3.737299922 2.299318033 0.03125 4.235608913 2.528098698 0.03125 4.77390728 2.71055333 0.03125 5.310496437 2.837498383 0.03125 5.827887033 2.901980298 0.03125 6.300369197 2.903109959 0.03125 6.712138909 2.843299994 0.03125 6.050834872 2.238631408 0.03125 6.315048399 2.097555647 0.03125 6.491857821 1.929774529 0.03125 6.575810521 1.743037078 0.03125 6.546525661 1.54614445 0.03125 6.403882408 1.350282368 0.03125 6.149439061 1.164029393 0.03125 5.786967651 0.9969866607 0.03125 5.338637919 0.8538340896 0.03125 4.810945981 0.7383145558 0.03125 4.232275493 0.6498398587 0.03125 3.610411174 0.5864120929 0.03125 2.976471617 0.5440522712 0.03125 2.338512878 0.518534689 0.03125 1.762692927 0.5051445536 0.03125 1.258886084 0.499884485 0.03125 1 3 1 1 1 1 500 0.0004
-5.037794747 87.9 60.40769958 33.23289871 60.4416008 82.74001223 40.55134152 66.31755115 0.6632681601 0.7124809453 0.2290114633 0.368766008 0.5413319407 -0.7556264695 0.6632681601 -0.7124809453 -0.2290114633 0 0.7124809453 0.6948002075 -0.09809981802 0 0.2290114633 -0.09809981802 0.9684679527 0 0 0 0 1 1 0 0 60.40769958 0 1 0 33.23289871 0 0 1 60.4416008 0 0 0 1 0.6632681601 0.7124809453 0.2290114633 -0 -0.7124809453 0.6948002075 -0.09809981802 -0 -0.2290114633 -0.09809981802 0.9684679527 -0 0 0 0 1 32 1.274614864 0.8269784304 0.03125 1.560296834 0.8107913472 0.03125 1.790700898 0.8307596392 0.03125 1.973992252 0.9034160959 0.03125 2.154486093 1.03952874 0.03125 2.350538994 1.239501632 0.03125 2.634428567 1.497496887 0.03125 3.026466067 1.791947486 0.03125 3.5681621 2.100088176 0.03125 4.262277896 2.38477778 0.03125 5.076850845 2.616869029 0.03125 5.986019181 2.763689901 0.03125 6.908639582 2.810698414 0.03125 7.799451621 2.753569509 0.03125 8.585521726 2.608297116 0.03125 9.222625065 2.402501782 0.03125 8.671983294 1.679948182 0.03125 8.95370149 1.465799772 0.03125 9.065272805 1.269406374 0.03125 9.0043568 1.098540716 0.03125 8.774441643 0.956892995 0.03125 8.384168435 0.8436162991 0.03125 7.859189164 0.7544005458 0.03125 7.213806899 0.6861793205 0.03125 6.484581863 0.6334715964 0.03125 5.687953435 0.5933496674 0.03125 4.861686057 0.5621882437 0.03125 4.022011861 0.5388808127 0.03125 3.212571355 0.521513255 0.03125 2.447770125 0.51015068 0.03125 1.796190688 0.5032449667 0.03125 1.271473262 0.500350602 0.03125 1 3 1 1 1 1 500 0.0004
1.554727998 87.9 60.90769958 33.33289719 60.54160309 75.84078739 7.379182957 83.35376054 0.7415422472 0.3160919987 0.5917777826 0.6632250281 0.122806262 -0.7382758184 0.7415422472 -0.3160919987 -0.5917777826 0 0.3160919987 0.9426289246 -0.1074083746 0 0.5917777826 -0.1074083746 0.7989133227 0 0 0 0 1 1 0 0 60.90769958 0 1 0 33.33289719 0 0 1 60.54160309 0 0 0 1 0.7415422472 0.3160919987 0.5917777826 -0 -0.3160919987 0.9426289246 -0.1074083746 -0 -0.5917777826 -0.1074083746 0.7989133227 -0 0 0 0 1 32 1.683240258 1.042295737 0.03125 2.633780237 1.053901609 0.03125 3.417398829 1.087764367 0.03125 4.019834487 1.158620921 0.03125 4.324046158 1.279285373 0.03125 4.331645641 1.45941261 0.03125 4.197925949 1.700329028 0.03125 3.937692957 1.989865684 0.03125 3.689556085 2.313780344 0.03125 3.471728326 2.644700001 0.03125 3.354119227 2.958974585 0.03125 3.357723585 3.224893584 0.03125 3.510400626 3.415231468 0.03125 3.8255795 3.504812784 0.03125 4.298498729 3.476374785 0.03125 4.908177341 3.325644446 0.03125 4.58483004 2.608775326 0.03125 5.243975655 2.334289567 0.03125 5.857156281 2.02947855 0.03125 6.389294087 1.719008207 0.03125 6.784241005 1.429062811 0.03125 7.025859128 1.177611912 0.03125 7.076635037 0.9757104952 0.03125 6.934539656 0.821161948 0.03125 6.606174014 0.7096754439 0.03125 6.100666912 0.6321015045 0.03125 5.461511705 0.5800389119 0.03125 4.704733277 0.5458922796 0.03125 3.883127227 0.5236900747 0.03125 3.013297265 0.5095764588 0.03125 2.179001466 0.5009154535 0.03125 1.39887893 0.4968621596 0.03125 1 3 1 1 1 1 500 0.0004
1.47357585 87.9 60.90769958 33.33289719 60.54160309 79.25202562 7.742091727 88.60115495 0.7288874493 0.2505986978 0.637121165 0.7262941771 0.0617391243 -0.6846057616 0.7288874493 -0.2505986978 -0.637121165 0 0.2505986978 0.9636762316 -0.09234940907 0 0.637121165 -0.09234940907 0.7652112177 0 0 0 0 1 1 0 0 60.90769958 0 1 0 33.33289719 0 0 1 60.54160309 0 0 0 1 0.7288874493 0.2505986978 0.637121165 -0 -0.2505986978 0.9636762316 -0.09234940907 -0 -0.637121165 -0.09234940907 0.7652112177 -0 0 0 0 1 32 1.805054752 1.035671589 0.03125 2.618323319 1.05887639 0.03125 3.25819242 1.126235408 0.03125 3.714498631 1.251818482 0.03125 3.899773148 1.444959437 0.03125 3.823953262 1.704429506 0.03125 3.640873073 2.025059192 0.03125 3.371109366 2.386497394 0.03125 3.147378633 2.772298086 0.03125 2.989493085 3.153244093 0.03125 2.949592714 3.506601889 0.03125 3.047971429 3.800214637 0.03125 3.329526688 4.006486969 0.03125 3.801365011 4.101362011 0.03125 4.40530854 4.067892423 0.03125 5.104799614 3.902566829 0.03125 4.831938833 3.171955529 0.03125 5.477626876 2.871723943 0.03125 6.053741319 2.532219753 0.03125 6.523549239 2.177627272 0.03125 6.842103653 1.83492595 0.03125 6.999495132 1.526205835 0.03125 6.973823137 1.26508379 0.03125 6.771074351 1.051629121 0.03125 6.407564602 0.8841878588 0.03125 5.893534522 0.756366996 0.03125 5.268952706 0.6618055647 0.03125 4.546517532 0.5946699955 0.03125 3.763705407 0.5489700005 0.03125 2.934562739 0.5199314568 0.03125 2.134996154 0.5032083108 0.03125 1.385277642 0.4958180211 0.03125 1 3 1 1 1 1 500 0.0004
1.387802295 87.9 60.90769958 33.33289719 60.54160309 82.30218518 9.649206253 90.24150471 0.6559691649 0.2227699251 0.7211643469 0.8440340547 0.01819312673 -0.5359808996 0.6559691649 -0.2227699251 -0.7211643469 0 0.2227699251 0.9700317853 -0.09701492694 0 0.7211643469 -0.09701492694 0.6859373796 0 0 0 0 1 1 0 0 60.90769958 0 1 0 33.33289719 0 0 1 60.54160309 0 0 0 1 0.6559691649 0.2227699251 0.7211643469 -0 -0.2227699251 0.9700317853 -0.09701492694 -0 -0.7211643469 -0.09701492694 0.6859373796 -0 0 0 0 1 32 1.964725305 1.045460302 0.03125 2.183347377 1.081345358 0.03125 2.323708157 1.173361954 0.03125 2.388011852 1.331099743 0.03125 2.404046295 1.559112502 0.03125 2.384865698 1.849989904 0.03125 2.412273793 2.194864477 0.03125 2.503394792 2.568972469 0.03125 2.715121243 2.955199928 0.03125 3.054817687 3.3248088 0.03125 3.494188347 3.661864813 0.03125 4.027397498 3.945334084 0.03125 4.5815203 4.164007535 0.03125 5.146812041 4.305514606 0.03125 5.676964643 4.361583774 0.03125 6.163944134 4.325684346 0.03125 5.591447252 3.714012269 0.03125 5.961893067 3.544725738 0.03125 6.268990802 3.312288048 0.03125 6.5035125 3.025587615 0.03125 6.633316668 2.696234964 0.03125 6.648994569 2.344285618 0.03125 6.53222202 1.987663714 0.03125 6.278164548 1.649635994 0.03125 5.902415201 1.344892928 0.03125 5.406946204 1.087557903 0.03125 4.825424753 0.8817660593 0.03125 4.165025724 0.7280824375 0.03125 3.459372282 0.6212629036 0.03125 2.717481337 0.5539588289 0.03125 2.008989124 0.5171427202 0.03125 1.344626728 0.5019535734 0.03125 1 3 1 1 1 1 500 0.0004
1.42766643 87.9 60.90769958 33.33289719 60.54160309 85.0847214 9.338418741 93.88560106 0.636013684 0.2210046627 0.7393534559 0.8606490157 0.01530577952 -0.5089685696 0.636013684 -0.2210046627 -0.7393534559 0 0.2210046627 0.970145078 -0.09987725821 0 0.7393534559 -0.09987725821 0.665868606 0 0 0 0 1 1 0 0 60.90769958 0 1 0 33.33289719 0 0 1 60.54160309 0 0 0 1 0.636013684 0.2210046627 0.7393534559 -0 -0.2210046627 0.970145078 -0.09987725821 -0 -0.7393534559 -0.09987725821 0.665868606 -0 0 0 0 1 32 1.631611698 1.043606237 0.03125 1.932922964 1.075258033 0.03125 2.135249666 1.166388208 0.03125 2.239244142 1.325955425 0.03125 2.273450892 1.557459629 0.03125 2.250522361 1.851659668 0.03125 2.257149396 2.199474435 0.03125 2.311890495 2.576349793 0.03125 2.479019272 2.967950278 0.03125 2.76950042 3.34859308 0.03125 3.160433344 3.706303284 0.03125 3.651204845 4.022875456 0.03125 4.167341793 4.288251433 0.03125 4.704939313 4.488542394 0.03125 5.21587611 4.611317393 0.03125 5.697528935 4.643110609 0.03125 5.137006452 4.088351282 0.03125 5.538575471 3.961506171 0.03125 5.894656149 3.755842522 0.03125 6.194877285 3.476374948 0.03125 6.405786401 3.13255982 0.03125 6.513323403 2.746315074 0.03125 6.490182688 2.338732352 0.03125 6.326050354 1.939647278 0.03125 6.020753011 1.569777453 0.03125 5.572996004 1.250716537 0.03125 5.014819784 0.9909881283 0.03125 4.353221093 0.7946323241 0.03125 3.629459432 0.6569787896 0.03125 2.853926401 0.5697954396 0.03125 2.09878995 0.5220921622 0.03125 1.376275977 0.5025959793 0.03125 1 3 1 1 1 1 500 0.0004
1.499297336 87.9 60.90769958 33.33289719 60.54160309 86.15152602 9.212168139 93.71502305 0.7114629154 0.2708927648 0.6484116208 0.7724830413 0.07583090809 -0.6304915736 0.7114629154 -0.2708927648 -0.6484116208 0 0.2708927648 0.957122711 -0.1026315061 0 0.6484116208 -0.1026315061 0.7543402044 0 0 0 0 1 1 0 0 60.90769958 0 1 0 33.33289719 0 0 1 60.54160309 0 0 0 1 0.7114629154 0.2708927648 0.6484116208 -0 -0.2708927648 0.957122711 -0.1026315061 -0 -0.6484116208 -0.1026315061 0.7543402044 -0 0 0 0 1 32 1.533084473 1.037856232 0.03125 2.431534394 1.070008337 0.03125 3.124106368 1.155805954 0.03125 3.596320807 1.30919944 0.03125 3.765965445 1.538041747 0.03125 3.644243383 1.83626878 0.03125 3.40740138 2.195923745 0.03125 3.080416331 2.593188235 0.03125 2.802130561 3.012107458 0.03125 2.598602193 3.424599933 0.03125 2.528745095 3.810898127 0.03125 2.620479376 4.140862882 0.03125 2.928285186 4.388423003 0.03125 3.459863263 4.530510574 0.03125 4.113686343 4.549414242 0.03125 4.847233071 4.438669589 0.03125 4.59509264 3.758427575 0.03125 5.246205074 3.49656811 0.03125 5.826062486 3.179662648 0.03125 6.29730367 2.825288898 0.03125 6.620574588 2.456650428 0.03125 6.788927373 2.097014229 0.03125 6.785123981 1.76359634 0.03125 6.617583021 1.464404101 0.03125 6.293209925 1.205658262 0.03125 5.81880197 0.9915352131 0.03125 5.2301769 0.8212737385 0.03125 4.537370871 0.6936061348 0.03125 3.774907184 0.6032250249 0.03125 2.956281464 0.5445677283 0.03125 2.155668885 0.5109324168 0.03125 1.39474262 0.4966039859 0.03125 1 3 1 1 1 1 500 0.0004
1.422349987 87.9 60.90769958 33.33289719 60.54160309 85.85507917 8.788434859 94.16655256 0.6494242945 0.2343982272 0.7233986154 0.8600966702 -0.01698272173 -0.5098483158 0.6494242945 -0.2343982272 -0.7233986154 0 0.2343982272 0.9666898753 -0.1028015372 0 0.7233986154 -0.1028015372 0.6827344192 0 0 0 0 1 1 0 0 60.90769958 0 1 0 33.33289719 0 0 1 60.54160309 0 0 0 1 0.6494242945 0.2343982272 0.7233986154 -0 -0.2343982272 0.9666898753 -0.1028015372 -0 -0.7233986154 -0.1028015372 0.6827344192 -0 0 0 0 1 32 1.688231326 1.053278707 0.03125 2.01460849 1.103824338 0.03125 2.242034146 1.212317115 0.03125 2.370507045 1.387398561 0.03125 2.421373939 1.632332416 0.03125 2.406923959 1.937603503 0.03125 2.409594362 2.293771521 0.03125 2.448078123 2.675708971 0.03125 2.58946165 3.068450301 0.03125 2.845597365 3.446062163 0.03125 3.199656521 3.796307433 0.03125 3.6525832 4.101299978 0.03125 4.135075324 4.351202429 0.03125 4.64455795 4.53275739 0.03125 5.133946704 4.634309882 0.03125 5.600692654 4.643607652 0.03125 5.029363724 4.069715406 0.03125 5.422320893 3.928452765 0.03125 5.771930397 3.711286887 0.03125 6.067336375 3.424197294 0.03125 6.271171693 3.077115268 0.03125 6.369694835 2.691849545 0.03125 6.333178987 2.288966469 0.03125 6.152106607 1.897526854 0.03125 5.83498456 1.537046167 0.03125 5.38111455 1.227601892 0.03125 4.828707153 0.9765560052 0.03125 4.184630348 0.7867792603 0.03125 3.487625298 0.6534229583 0.03125 2.747173609 0.5685867786 0.03125 2.032019118 0.5218522642 0.03125 1.353461662 0.5025714675 0.03125 1 3 1 1 1 1 500 0.0004
