3.639979258 83.9 60.40769958 33.33289719 60.54160309 80.80210645 52.41218633 88.29427073 0.4512919763 0.6311952234 0.630815458 -0.06861348242 -0.1295050486 -0.989202018 0.4512919763 -0.6311952234 -0.630815458 0 0.6311952234 0.7254808704 -0.2743539622 0 0.630815458 -0.2743539622 0.7258111058 0 0 0 0 1 1 0 0 60.40769958 0 1 0 33.33289719 0 0 1 60.54160309 0 0 0 1 0.4512919763 0.6311952234 0.630815458 -0 -0.6311952234 0.7254808704 -0.2743539622 -0 -0.630815458 -0.2743539622 0.7258111058 -0 0 0 0 1 32 1.638778429 1.178176661 0.03125 0.0253402407 1.719661017 0.03125 -1.76320949 2.582967719 0.03125 -3.572938426 3.362509602 0.03125 -5.051435287 3.692200811 0.03125 -5.638666762 3.340388966 0.03125 -5.600529973 2.281208921 0.03125 -4.603561025 0.7096452885 0.03125 -3.071726195 -1.060452533 0.03125 -1.107462622 -2.621461686 0.03125 0.6563470223 -3.694109974 0.03125 1.959482741 -4.175782606 0.03125 3.064154357 -4.129951659 0.03125 3.896492248 -3.690033194 0.03125 4.545965039 -2.981188674 0.03125 4.970121479 -2.126703487 0.03125 4.60764462 -1.663390476 0.03125 5.091081665 -0.8326910197 0.03125 5.714057023 -0.0001601155145 0.03125 6.426130659 0.7617837182 0.03125 7.147856338 1.37586398 0.03125 7.874095241 1.810910832 0.03125 8.489190232 2.026130892 0.03125 8.962006456 2.035581462 0.03125 9.150935401 1.867395311 0.03125 9.017391276 1.583078367 0.03125 8.483945091 1.249487687 0.03125 7.552437171 0.9492279266 0.03125 6.328513898 0.7179174493 0.03125 4.858913967 0.573726645 0.03125 3.318616455 0.5019496005 0.03125 1.818753365 0.4776733542 0.03125 1 3 1 1 1 1 500 0.0004
-2.135956324 83.9 60.40769958 33.63290024 60.54160309 85.14253752 51.90322452 88.25982137 0.6533536964 0.2596825327 0.7111215998 -0.07684940851 0.1677471884 -0.9828301223 0.6533536964 -0.2596825327 -0.7111215998 0 0.2596825327 0.9592131932 -0.1116916837 0 0.7111215998 -0.1116916837 0.6941405032 0 0 0 0 1 1 0 0 60.40769958 0 1 0 33.63290024 0 0 1 60.54160309 0 0 0 1 0.6533536964 0.2596825327 0.7111215998 -0 -0.2596825327 0.9592131932 -0.1116916837 -0 -0.7111215998 -0.1116916837 0.6941405032 -0 0 0 0 1 32 -4.163898769 0.8938171249 0.03125 -3.910420921 0.7617146535 0.03125 -3.718382495 0.5582633606 0.03125 -3.594617399 0.3005975599 0.03125 -3.433019767 0.004252863907 0.03125 -3.233051432 -0.3104857568 0.03125 -2.890203375 -0.6219107711 0.03125 -2.395582086 -0.8997530936 0.03125 -1.736152845 -1.116974278 0.03125 -0.9041274713 -1.246300524 0.03125 0.03490487267 -1.267795149 0.03125 1.077413791 -1.168240196 0.03125 2.137678346 -0.9377787647 0.03125 3.203067133 -0.5766717952 0.03125 4.210927082 -0.08857007511 0.03125 5.148597797 0.5019085557 0.03125 5.040385019 0.6007657647 0.03125 5.90213391 1.154246266 0.03125 6.685214171 1.687564358 0.03125 7.377163274 2.143274333 0.03125 7.924218973 2.469016075 0.03125 8.312016561 2.623398807 0.03125 8.491278309 2.589183911 0.03125 8.449021164 2.38141402 0.03125 8.166285828 2.0420227 0.03125 7.638549449 1.650306671 0.03125 6.903873892 1.265365004 0.03125 5.972588838 0.9520331548 0.03125 4.915802141 0.7274469541 0.03125 3.755955827 0.5915016386 0.03125 2.627029912 0.5242808993 0.03125 1.556097136 0.5015020115 0.03125 1 3 1 1 1 1 500 0.0004
-2.12741527 83.9 60.40769958 33.63290024 60.54160309 86.32368808 56.43386442 91.99515156 0.5343048464 0.2261491126 0.8144783054 0.009669098617 0.3769218634 -0.9261945894 0.5343048464 -0.2261491126 -0.8144783054 0 0.2261491126 0.9666667147 -0.1200501624 0 0.8144783054 -0.1200501624 0.5676381316 0 0 0 0 1 1 0 0 60.40769958 0 1 0 33.63290024 0 0 1 60.54160309 0 0 0 1 0.5343048464 0.2261491126 0.8144783054 -0 -0.2261491126 0.9666667147 -0.1200501624 -0 -0.8144783054 -0.1200501624 0.5676381316 -0 0 0 0 1 32 -1.661921472 0.9118874375 0.03125 -2.009067114 0.8561521353 0.03125 -2.394473761 0.7703096409 0.03125 -2.819077621 0.6443757019 0.03125 -3.130646785 0.4698215263 0.03125 -3.322391564 0.2446141267 0.03125 -3.257111232 -0.02235925333 0.03125 -2.926642584 -0.3083006426 0.03125 -2.333311933 -0.5809722613 0.03125 -1.479143664 -0.8007530494 0.03125 -0.4848555419 -0.9284080467 0.03125 0.6354851846 -0.9280646076 0.03125 1.758570988 -0.7681661258 0.03125 2.867024964 -0.4314179277 0.03125 3.899202165 0.09037438238 0.03125 4.844690091 0.7713824118 0.03125 4.751195663 0.997300208 0.03125 5.636305521 1.692933346 0.03125 6.44168522 2.378017683 0.03125 7.157243398 2.969580089 0.03125 7.710944163 3.395136567 0.03125 8.091856032 3.596737533 0.03125 8.250609937 3.546787657 0.03125 8.181295401 3.254862685 0.03125 7.874502594 2.772787958 0.03125 7.327840826 2.205340465 0.03125 6.601325318 1.637868907 0.03125 5.69867428 1.175092356 0.03125 4.688543504 0.8432503589 0.03125 3.590772905 0.6406396266 0.03125 2.526966369 0.5389790682 0.03125 1.523554968 0.5031695873 0.03125 1 3 1 1 1 1 500 0.0004
-2.216480925 83.9 60.50769806 33.63290024 60.54160309 88.26027897 56.01044866 94.75770951 0.6787421397 0.1744482835 0.7133560851 0.3923028661 -0.498944308 -0.7727567785 0.6787421397 -0.1744482835 -0.7133560851 0 0.1744482835 0.9818720202 -0.07412915992 0 0.7133560851 -0.07412915992 0.6968701195 0 0 0 0 1 1 0 0 60.50769806 0 1 0 33.63290024 0 0 1 60.54160309 0 0 0 1 0.6787421397 0.1744482835 0.7133560851 -0 -0.1744482835 0.9818720202 -0.07412915992 -0 -0.7133560851 -0.07412915992 0.6968701195 -0 0 0 0 1 32 -5.258749248 0.8439663922 0.03125 -4.816220897 0.8137532248 0.03125 -4.354039491 0.9203625291 0.03125 -3.908909453 1.114265936 0.03125 -3.463069521 1.347206885 0.03125 -3.04465289 1.56684426 0.03125 -2.59172107 1.743239646 0.03125 -2.10762112 1.849959786 0.03125 -1.547167003 1.882262438 0.03125 -0.8978992513 1.84373324 0.03125 -0.1810676711 1.744390768 0.03125 0.6121958398 1.597485552 0.03125 1.436106782 1.413110683 0.03125 2.288502025 1.20080389 0.03125 3.120039896 0.9677294677 0.03125 3.908115274 0.7149938808 0.03125 3.696191755 -0.009252908331 0.03125 4.404992499 -0.2584393124 0.03125 5.105318278 -0.493955569 0.03125 5.770826926 -0.7030387866 0.03125 6.37423112 -0.8639065593 0.03125 6.895505889 -0.9533592938 0.03125 7.262064692 -0.9549468458 0.03125 7.453662326 -0.8651963551 0.03125 7.412096826 -0.69106333 0.03125 7.130883922 -0.4584899857 0.03125 6.579237836 -0.197475065 0.03125 5.77370059 0.04516436816 0.03125 4.795055564 0.245338747 0.03125 3.676841514 0.3812305167 0.03125 2.577564894 0.4575085127 0.03125 1.534787184 0.4885911864 0.03125 1 3 1 1 1 1 500 0.0004
-2.273712198 83.9 60.50769806 33.63290024 60.54160309 88.72954601 55.25705971 94.96741732 0.618922662 0.2586146156 0.7416557281 0.3842131541 -0.5154453003 -0.7659610921 0.618922662 -0.2586146156 -0.7416557281 0 0.2586146156 0.9586876378 -0.1184757095 0 0.7416557281 -0.1184757095 0.6602350242 0 0 0 0 1 1 0 0 60.50769806 0 1 0 33.63290024 0 0 1 60.54160309 0 0 0 1 0.618922662 0.2586146156 0.7416557281 -0 -0.2586146156 0.9586876378 -0.1184757095 -0 -0.7416557281 -0.1184757095 0.6602350242 -0 0 0 0 1 32 -3.500979022 0.8569079786 0.03125 -3.527820776 0.7871383684 0.03125 -3.542148854 0.7672795295 0.03125 -3.561067676 0.7994237816 0.03125 -3.485077519 0.8777921293 0.03125 -3.326276059 0.9842207708 0.03125 -3.014749881 1.099760761 0.03125 -2.551297774 1.196249407 0.03125 -1.946610753 1.257689033 0.03125 -1.197364513 1.272978591 0.03125 -0.3690120732 1.242893261 0.03125 0.5344285513 1.173260575 0.03125 1.44481002 1.07218858 0.03125 2.35183585 0.9470189561 0.03125 3.198347264 0.8044338577 0.03125 3.959034395 0.6416821782 0.03125 3.738070631 0.01246300164 0.03125 4.422991441 -0.1572225984 0.03125 5.119836619 -0.3118318551 0.03125 5.803392149 -0.4467705391 0.03125 6.420520574 -0.5467858372 0.03125 6.953630645 -0.5969042781 0.03125 7.316756106 -0.5857382515 0.03125 7.491053235 -0.5112219626 0.03125 7.416132765 -0.378260585 0.03125 7.085324907 -0.2064666759 0.03125 6.496455557 -0.01657355059 0.03125 5.667051507 0.1590739107 0.03125 4.691297744 0.3041877244 0.03125 3.599552389 0.4044309672 0.03125 2.529436423 0.4622440793 0.03125 1.520010161 0.4866702969 0.03125 1 3 1 1 1 1 500 0.0004
-2.172377544 83.9 60.50769806 33.63290024 60.54160309 83.95550894 53.0241952 94.62233861 0.8091664539 0.4294755922 0.400999209 0.2585295071 -0.6461899714 -0.7180536295 0.8091664539 -0.4294755922 -0.400999209 0 0.4294755922 0.8980473665 -0.09519266311 0 0.400999209 -0.09519266311 0.9111190873 0 0 0 0 1 1 0 0 60.50769806 0 1 0 33.63290024 0 0 1 60.54160309 0 0 0 1 0.8091664539 0.4294755922 0.400999209 -0 -0.4294755922 0.8980473665 -0.09519266311 -0 -0.400999209 -0.09519266311 0.9111190873 -0 0 0 0 1 32 -9.24807895 0.8513538927 0.03125 -7.52944192 0.6963178835 0.03125 -6.066927687 0.530852053 0.03125 -4.887666203 0.3650949492 0.03125 -3.930100519 0.2099262105 0.03125 -3.172610943 0.07603085216 0.03125 -2.470096993 -0.03168697797 0.03125 -1.796631735 -0.1104607858 0.03125 -1.132956346 -0.1662037867 0.03125 -0.4620961434 -0.2088859901 0.03125 0.2073599788 -0.2472226784 0.03125 0.8863434274 -0.2889006433 0.03125 1.573583433 -0.3383865123 0.03125 2.278570036 -0.3952179016 0.03125 3.014334507 -0.4548854928 0.03125 3.776295026 -0.5087035607 0.03125 3.597868524 -1.045704205 0.03125 4.458185571 -1.093574005 0.03125 5.335806687 -1.10858616 0.03125 6.20116616 -1.08551652 0.03125 6.977091206 -1.016897076 0.03125 7.6345907 -0.9005872213 0.03125 8.063337607 -0.7379630481 0.03125 8.238724935 -0.5416440098 0.03125 8.088409822 -0.3258246594 0.03125 7.614392207 -0.1147127696 0.03125 6.893084829 0.07608317294 0.03125 5.949435982 0.2329653142 0.03125 4.880931877 0.3508527045 0.03125 3.715483386 0.4296771381 0.03125 2.590817328 0.4742507441 0.03125 1.543434237 0.4932917615 0.03125 1 3 1 1 1 1 500 0.0004
3.6019746 83.9 60.50769806 33.63290024 60.54160309 77.48343279 50.26828997 91.18328545 0.3752211989 0.7024053243 0.6048436263 0.1019455254 -0.6499640756 -0.7530961494 0.3752211989 -0.7024053243 -0.6048436263 0 0.7024053243 0.6412408127 -0.3089287628 0 0.6048436263 -0.3089287628 0.7339803862 0 0 0 0 1 1 0 0 60.50769806 0 1 0 33.63290024 0 0 1 60.54160309 0 0 0 1 0.3752211989 0.7024053243 0.6048436263 -0 -0.7024053243 0.6412408127 -0.3089287628 -0 -0.6048436263 -0.3089287628 0.7339803862 -0 0 0 0 1 32 1.628058888 1.124288352 0.03125 0.05913970165 1.353857742 0.03125 -1.587426169 1.694513932 0.03125 -3.171603617 1.931153172 0.03125 -4.392508353 1.881878672 0.03125 -4.9602096 1.455142325 0.03125 -5.03810841 0.6715565724 0.03125 -4.441844986 -0.3204763602 0.03125 -3.366372832 -1.331921934 0.03125 -1.858066401 -2.152162414 0.03125 -0.3537998855 -2.661341588 0.03125 1.017061271 -2.840122656 0.03125 2.314202813 -2.752747883 0.03125 3.468833243 -2.492700767 0.03125 4.507924862 -2.137971806 0.03125 5.360589402 -1.748231961 0.03125 5.248330605 -1.814361708 0.03125 5.965523559 -1.441909331 0.03125 6.659600234 -1.048751293 0.03125 7.294545281 -0.6565297283 0.03125 7.777712849 -0.297434952 0.03125 8.118185392 0.01205635776 0.03125 8.261779529 0.2443217227 0.03125 8.22350941 0.4024593088 0.03125 7.962930536 0.4875532948 0.03125 7.483977684 0.5234687711 0.03125 6.774481815 0.5256426601 0.03125 5.847090756 0.5157212806 0.03125 4.795326937 0.5024398734 0.03125 3.640781608 0.4931997591 0.03125 2.53580107 0.4882808367 0.03125 1.522647815 0.4869542693 0.03125 1 3 1 1 1 1 500 0.0004
-2.399593876 83.9 60.50769806 33.63290024 60.54160309 66.57928705 59.75309546 97.2544729 0.4728433018 0.4572023842 0.753249754 0.4827422212 -0.4401453709 -0.7571208624 0.4728433018 -0.4572023842 -0.753249754 0 0.4572023842 0.8580745013 -0.2338249989 0 0.753249754 -0.2338249989 0.6147688005 0 0 0 0 1 1 0 0 60.50769806 0 1 0 33.63290024 0 0 1 60.54160309 0 0 0 1 0.4728433018 0.4572023842 0.753249754 -0 -0.4572023842 0.8580745013 -0.2338249989 -0 -0.753249754 -0.2338249989 0.6147688005 -0 0 0 0 1 32 -2.983396976 0.8209248438 0.03125 -3.672143168 0.6968266444 0.03125 -4.267622865 0.558070195 0.03125 -4.764657169 0.4129954126 0.03125 -4.981660174 0.2608017616 0.03125 -4.906916511 0.09833062717 0.03125 -4.53092768 -0.0729547198 0.03125 -3.844361603 -0.2454180279 0.03125 -2.940575149 -0.4057424305 0.03125 -1.838211489 -0.5405292317 0.03125 -0.7778293601 -0.6366660331 0.03125 0.2120614286 -0.6853759752 0.03125 1.146659864 -0.6802816515 0.03125 2.000169534 -0.6169112237 0.03125 2.776461819 -0.4892834503 0.03125 3.425754546 -0.3163873107 0.03125 3.238095888 -0.5302884106 0.03125 3.945197958 -0.3149144791 0.03125 4.812825682 -0.04039449125 0.03125 5.802915627 0.2474506356 0.03125 6.81326325 0.5194972318 0.03125 7.814160964 0.7419532609 0.03125 8.636535348 0.8860957715 0.03125 9.228868403 0.9379121772 0.03125 9.449090492 0.9018082107 0.03125 9.259846309 0.8105521392 0.03125 8.640655865 0.6963046337 0.03125 7.613941314 0.5980108118 0.03125 6.316720573 0.5297121376 0.03125 4.804025285 0.4932090062 0.03125 3.263632598 0.4797376579 0.03125 1.800429783 0.4780143806 0.03125 1 3 1 1 1 1 500 0.0004
3.485447522 83.9 60.40769958 33.33289719 60.54160309 96.37379175 61.42811331 81.50192859 0.4640439769 0.785761545 0.4089522979 0.5134012709 -0.5821110359 -0.6305282522 0.4640439769 -0.785761545 -0.4089522979 0 0.785761545 0.5782768719 -0.2194872521 0 0.4089522979 -0.2194872521 0.885767105 0 0 0 0 1 1 0 0 60.40769958 0 1 0 33.33289719 0 0 1 60.54160309 0 0 0 1 0.4640439769 0.785761545 0.4089522979 -0 -0.785761545 0.5782768719 -0.2194872521 -0 -0.4089522979 -0.2194872521 0.885767105 -0 0 0 0 1 32 1.76774871 1.133949457 0.03125 0.7996293124 1.282817632 0.03125 -0.3690921432 1.459564687 0.03125 -1.672523926 1.517027445 0.03125 -2.792610893 1.337873353 0.03125 -3.60322229 0.8767447855 0.03125 -4.058683842 0.1676817536 0.03125 -4.036680008 -0.656016517 0.03125 -3.552269711 -1.455021982 0.03125 -2.564588249 -2.086627775 0.03125 -1.303643663 -2.467558452 0.03125 0.1768473903 -2.566868664 0.03125 1.636118237 -2.399092137 0.03125 3.009683579 -2.008145316 0.03125 4.249267809 -1.441546247 0.03125 5.300267649 -0.7507773542 0.03125 5.242609309 -0.5345398285 0.03125 6.011826649 0.1396295576 0.03125 6.590705251 0.8164359172 0.03125 6.96075825 1.435034941 0.03125 7.093805417 1.928647698 0.03125 7.014026309 2.23777795 0.03125 6.735294687 2.321976774 0.03125 6.290932798 2.199999835 0.03125 5.758677052 1.912404639 0.03125 5.147900301 1.561326617 0.03125 4.515908749 1.209618877 0.03125 3.861526757 0.9217580946 0.03125 3.180646916 0.7146472976 0.03125 2.480347054 0.5871931496 0.03125 1.844051181 0.5226831771 0.03125 1.290497064 0.4993064351 0.03125 1 3 1 1 1 1 500 0.0004
0.5540180516 83.9 60.40769958 33.33289719 60.54160309 99.62519918 62.70665459 77.69775836 0.6595107128 0.661299309 0.3573917231 0.5509733167 -0.6435232818 -0.5313249382 0.6595107128 -0.661299309 -0.3573917231 0 0.661299309 0.7364784857 -0.1424172183 0 0.3573917231 -0.1424172183 0.9230322271 0 0 0 0 1 1 0 0 60.40769958 0 1 0 33.33289719 0 0 1 60.54160309 0 0 0 1 0.6595107128 0.661299309 0.3573917231 -0 -0.661299309 0.7364784857 -0.1424172183 -0 -0.3573917231 -0.1424172183 0.9230322271 -0 0 0 0 1 32 2.140228853 1.003896609 0.03125 2.44449997 0.9307576411 0.03125 2.639731251 0.7653120664 0.03125 2.729267949 0.5030034673 0.03125 2.720158395 0.1609275019 0.03125 2.606874322 -0.2156988477 0.03125 2.404301207 -0.5797292761 0.03125 2.098757207 -0.8724310592 0.03125 1.705729457 -1.060710633 0.03125 1.20543498 -1.123119586 0.03125 0.6197000779 -1.064545345 0.03125 -0.07655371384 -0.9048037403 0.03125 -0.8354890662 -0.6722769865 0.03125 -1.682723977 -0.4012509924 0.03125 -2.546003234 -0.1204071409 0.03125 -3.437381327 0.1433614083 0.03125 -5.291564839 -0.07964736255 0.03125 -6.046950905 0.1975500297 0.03125 -6.628752498 0.4265485329 0.03125 -6.999530751 0.5956000471 0.03125 -7.195984345 0.7013683276 0.03125 -7.194818843 0.7495565425 0.03125 -6.994171174 0.7505649804 0.03125 -6.594463934 0.7204383602 0.03125 -5.935264042 0.6729960168 0.03125 -5.033903686 0.6250886652 0.03125 -4.018174811 0.582857649 0.03125 -2.905355878 0.5509106685 0.03125 -1.860611527 0.5281890342 0.03125 -0.8897747107 0.5130725404 0.03125 -0.05182765545 0.5041420051 0.03125 0.6697829846 0.4998467135 0.03125 1 3 1 1 1 1 500 0.0004
-2.946740563 83.9 60.40769958 33.33289719 60.54160309 107.831434 65.75863564 74.10477145 0.5999437966 0.6726141684 0.4331946691 0.5736117047 -0.6411318341 -0.5098230904 0.5999437966 -0.6726141684 -0.4331946691 0 0.6726141684 0.7172339301 -0.1821144422 0 0.4331946691 -0.1821144422 0.8827098666 0 0 0 0 1 1 0 0 60.40769958 0 1 0 33.33289719 0 0 1 60.54160309 0 0 0 1 0.5999437966 0.6726141684 0.4331946691 -0 -0.6726141684 0.7172339301 -0.1821144422 -0 -0.4331946691 -0.1821144422 0.8827098666 -0 0 0 0 1 32 1.338314112 0.9110673555 0.03125 0.3782691829 0.923759859 0.03125 -0.5700351685 0.9432447186 0.03125 -1.498943805 0.9659105089 0.03125 -2.243401794 0.987876131 0.03125 -2.791962448 1.004328754 0.03125 -3.015257707 1.011772795 0.03125 -2.906317894 1.006472489 0.03125 -2.495087736 0.9872412759 0.03125 -1.785280257 0.9538978233 0.03125 -0.9176840609 0.9084876828 0.03125 0.09576866313 0.8543768943 0.03125 1.117401679 0.7962189637 0.03125 2.13367561 0.7392271041 0.03125 3.068207043 0.6889663975 0.03125 3.910286765 0.6506048621 0.03125 3.641883005 0.1302032906 0.03125 4.274455093 0.1238137662 0.03125 4.80740327 0.1283827947 0.03125 5.240100394 0.1436852103 0.03125 5.545405969 0.1690914521 0.03125 5.72533163 0.2025850991 0.03125 5.738078844 0.2424279477 0.03125 5.58870255 0.2850233085 0.03125 5.281249867 0.3283185215 0.03125 4.82226179 0.368981093 0.03125 4.289165422 0.4056192289 0.03125 3.687209086 0.4367939794 0.03125 3.063963934 0.4619427016 0.03125 2.423237346 0.4806347976 0.03125 1.826049618 0.4928069603 0.03125 1.276079813 0.4989087737 0.03125 1 3 1 1 1 1 500 0.0004
