-3.148986883   1.377895383   2.277870302   0.9921782025   0.009302322683   0.1244824537   -0.00851126333   0.999940075   -0.006885109215   -0.1245390416   0.005771752341   0.9921979208   

0.8772111042   -2.235284804   1.915644848   0.9983925463   0.05666974564   -0.0009292351851   -0.05655027591   0.9971172792   0.05058851475   0.003793394722   -0.05045464755   0.9987191491   

0.4206930891   1.065925589   0.8898263606   0.9951613981   -0.0005290527063   0.09825228668   0.002772305608   0.9997385588   -0.02269644005   -0.09821459187   0.02285900638   0.9949026886   

0.5421453511   -0.9238109592   1.167419515   0.9997179607   0.01340725041   -0.0196021605   -0.01304204197   0.9997411636   0.01864164526   0.01984701995   -0.01838073538   0.9996340552   

-7.203255293   4.501739597   5.623245452   0.9682715169   -0.0176581102   0.2492758725   0.04045112636   0.995420497   -0.08661258884   -0.2466048983   0.0939479926   0.9645516051   

-2.003220038   0.03833593337   3.400832897   0.9999938538   0.0002187691807   0.003499228062   -0.0002182261531   0.9999999641   -0.0001555660367   -0.003499261969   0.0001548014574   0.9999938656   

-7.958282647   4.491509635   10.51986034   0.9770408818   -0.02735021068   0.2112890941   0.04881757376   0.9940802378   -0.09706351131   -0.2073836054   0.1051496396   0.9725922031   

2.174767764   -1.35123151   2.939564688   0.9989822913   0.009997465796   -0.04398218196   -0.008854845394   0.9996201782   0.02609772293   0.04422638766   -0.02568170763   0.998691382   

-3.181275642   1.331277345   5.896336543   0.9989761783   -0.009165419618   0.04430113098   0.01035111245   0.9995923109   -0.02660951887   -0.04403918249   0.02704084146   0.9986637789   

-2.574361245   2.468232111   5.712811021   0.9999930479   -0.001307277624   0.003492170253   0.001320875288   0.9999915449   -0.003894292833   -0.003487049804   0.00389887848   0.9999863195   

-1.899591069   1.572950267   3.351706763   0.9999978929   -0.002027793498   0.0003198678215   0.002029885529   0.9999756183   -0.006681495378   -0.0003063113297   0.006682130595   0.9999776274   

-3.784896396   1.70131671   6.987249712   0.9999117116   0.0006465419956   0.01327219007   -0.0007036635245   0.999990509   0.00429963251   -0.01326928421   -0.004308592058   0.9999026763   

-2.903600266   1.373414362   5.359225391   0.9998743367   -0.01204320513   0.01030883558   0.01245779565   0.9990755117   -0.04114517405   -0.009803785411   0.04126842898   0.9990999963   

-3.249566514   1.683433305   6.653243479   0.9999099531   -0.0006903721336   -0.0134018334   0.0006024506257   0.9999782796   -0.006563337935   0.01340607345   0.006554672984   0.9998886505   

-4.423408524   -0.2908420999   7.459523466   0.9998457442   0.0108728829   -0.01379377363   -0.01042423364   0.9994273831   0.03219070191   0.01413588082   -0.03204194679   0.9993865571   

-4.741981361   2.581786987   8.38817017   0.9893947882   0.04483684936   -0.1381579166   -0.03112191291   0.9945128317   0.09987819679   0.1418780446   -0.09451922872   0.985361221   

-4.562381353   -1.047148606   4.391760761   0.9975213396   0.01881168113   -0.06780337518   -0.01575512476   0.9988475511   0.04533592125   0.06857808015   -0.04415529827   0.9966681276   

-5.490276586   1.978454839   8.102726167   0.9845832889   0.06774186645   -0.1612661987   -0.04521955586   0.9891969089   0.1394441367   0.1689702313   -0.1300019809   0.977010003   

-2.659589018   2.259249017   3.802575684   0.9613962077   0.1136536824   -0.2505996255   -0.05788115235   0.9738668196   0.2196205591   0.2690113455   -0.1966373775   0.9428502732   

0.7197957069   1.037094026   -0.9504601193   0.9992426353   -0.003375946013   0.03876543412   0.004345418029   0.9996792133   -0.02495171098   -0.03866876306   0.02510126545   0.9989367614   

1.522691567   -0.6214658513   -2.013321565   0.9900977068   -0.1394628266   0.01602032985   0.1403782281   0.9841827466   -0.1080660646   -0.0006957334058   0.1092448683   0.994014625   

0.5906205293   1.93026234   -0.7188867978   0.9658129004   -0.2492855893   0.07114869138   0.2586717532   0.9448543382   -0.2008462192   -0.01715708158   0.2123840263   0.9770356493   

-0.4320815947   1.498063551   0.1236695927   0.958387527   -0.2538597767   0.1305701413   0.275925157   0.9410535463   -0.1956617764   -0.07320283963   0.2235473927   0.9719402798   

-1.355110185   1.774887759   1.63936165   0.9948801409   -0.09466609775   0.03538128284   0.09718194311   0.9922155021   -0.07787212119   -0.02773400748   0.08091184871   0.9963353339   

1.114456347   0.8624139292   2.192209663   0.9790342728   -0.2024000302   -0.0229373161   0.1886876603   0.9435550141   -0.2722148091   0.0767389052   0.2621796391   0.9619630852   

1.223937841   8.388481589   -4.771752941   0.9655127073   -0.2318517523   0.118448204   0.2350132705   0.9719016442   -0.0132648674   -0.1120445215   0.04064429785   0.9928716263   

-24.85052281   23.93677057   -9.266844238   0.7900523213   -0.5166195382   0.3300326989   0.6109257103   0.7081630079   -0.3539419877   -0.05086360248   0.48125815   0.8751019866   

8.098314302   5.459593548   0.3017587313   0.9920905189   0.1242841485   0.01760263555   -0.123481479   0.9914974182   -0.04105111437   -0.02255497049   0.03855282188   0.9990019786   

7.169446246   1.175259222   0.5917199968   0.9997161561   0.02323128584   -0.005283431448   -0.02311525262   0.9995110915   0.02105381167   0.00576995545   -0.02092570782   0.9997643834   

2.402910259   0.9640228648   0.6914132809   0.9993589007   0.0341500927   0.0107498264   -0.03376733375   0.9988521314   -0.03397332559   -0.01189767923   0.03358855234   0.9993649255   

8.208302433   1.410227881   -1.78201575   0.9957394719   0.09220513849   -0.001056641668   -0.09211248573   0.9951383421   0.03485642067   0.004265445733   -0.03461058402   0.9993917718   

1.164176219   -0.7518672462   -2.69158021   0.9997827866   -0.01577594597   -0.01361980718   0.01674680709   0.997088741   0.07438808323   0.01240661401   -0.07460001343   0.9971363567   

1.367973642   -2.996391487   -5.521408857   0.999739052   0.01556945221   -0.01671586317   -0.01398226046   0.995734728   0.09119675297   0.01806444896   -0.09093922981   0.9956925892   

1.174331918   -1.25055142   -0.6189567467   0.9980122308   -0.06285666356   -0.00454169525   0.06301937254   0.9958356225   0.06587846061   0.0003818816827   -0.06603372422   0.9978173187   

-0.626532628   -0.593832711   0.3197106797   0.9999505944   0.007333928667   0.006709865653   -0.007092382104   0.9993501569   -0.03534065736   -0.006964691153   0.0352913224   0.9993527984   

-0.9580450441   0.3298533674   1.890654882   0.9981956916   -0.05681867487   0.01941647161   0.05751219024   0.9976495724   -0.03725155834   -0.01725425042   0.03830102885   0.9991172714   

0.4308828842   -0.6987552458   0.1041563462   0.9989915782   0.04487423041   -0.001459525682   -0.04489191051   0.9988626764   -0.01606455742   0.0007369810778   0.01611387846   0.9998698914   

0.1709255649   0.09991543309   -0.3619996314   0.9976704329   -0.06797404679   -0.005765094569   0.06817332787   0.9965100112   0.04816840238   0.002470773217   -0.04844921654   0.9988225912   

8.885345143   -7.672105128   1.6814114   0.9985900601   0.05242916618   -0.008311095967   -0.05243779108   0.9986238534   -0.0008231148654   0.008256503454   0.001257769837   0.9999651235   

10.03616885   -16.03396617   2.171914599   0.9952557262   0.0923909318   -0.0304951666   -0.08989490332   0.993123242   0.07500088357   0.03721486024   -0.07190369879   0.9967170673   

4.087131775   -6.221131693   2.967752879   0.9996021778   0.02806863325   0.002763685105   -0.02782592367   0.9974418125   -0.06584488299   -0.004604790952   0.06574178634   0.9978260437   

11.58494345   -6.691805179   -1.010417815   0.9533232596   0.2987742075   -0.04368907954   -0.2728581359   0.9143707958   0.29912286   0.1293182139   -0.2732398591   0.9532139209   

1.978685101   -1.698975911   1.180878358   0.9987165678   0.02140603607   -0.04590205724   -0.02823151459   0.9877248099   -0.1536316424   0.04204995628   0.1547303512   0.9870614569   

2.803420909   -2.176654252   -0.9163268734   0.9316677995   0.3513038822   -0.0926320344   -0.3467166612   0.9359048908   0.06220604662   0.1085479997   -0.02583830088   0.9937553592   

1.874649611   -4.173096964   -0.6877500433   0.9842266689   0.1664690815   -0.05988246174   -0.1662334238   0.9860459872   0.00893084339   0.0605335704   0.001164492398   0.9981654827   

2.222359541   -2.272446234   0.2927274419   0.9724686621   0.1770603077   -0.1515069263   -0.1876241732   0.9805022211   -0.05841715565   0.1382095182   0.08523521498   0.9867284769   

0.9396743499   -3.165947123   -3.601500378   0.9927511989   0.1182924191   -0.02125936516   -0.118278354   0.9929786181   0.001922216369   0.02133747867   0.000606240113   0.9997721463   

-5.824781928   -1.407557625   -4.77684784   0.9895462992   -0.09489672433   0.1085943532   0.08980300612   0.9946588916   0.05088329288   -0.1128429968   -0.04059927479   0.9927830362   

-13.2474998   -2.239427678   -1.640830992   0.9948399789   -0.07264108954   0.07082858511   0.07071185008   0.9970640565   0.02937858989   -0.07275472917   -0.02421857545   0.9970557708   

-6.693625154   -0.5664383491   0.1320055785   0.9978042529   -0.01881797018   0.0635024159   0.0162498102   0.9990384962   0.04071887447   -0.06420760465   -0.03959756391   0.9971506488   

-10.05213618   0.414699783   4.799501797   0.9895839048   -0.08194586675   0.118357806   0.07531110957   0.995384016   0.05948863277   -0.1226863158   -0.04995533581   0.9911874355   

-8.131718633   -0.1512839785   6.283043031   0.9964547048   -0.03118166388   0.07813913962   0.02709585005   0.9982366582   0.05281466765   -0.07964820283   -0.05051017765   0.9955425083   

-4.401320202   -0.7089889538   5.407657189   0.9999467225   0.01019596969   -0.001610705577   -0.01018333671   0.9999187648   0.007665738516   0.001688734369   -0.007648927747   0.9999693206   

-1.679412448   -0.5374978467   3.212200285   0.9943178577   0.009364468151   0.1060391654   -0.02156488571   0.9931889633   0.1145016985   -0.1042446812   -0.116137806   0.9877474659   

2.609748719   27.23232185   -7.99945462   0.9757704532   -0.1250395702   0.1795470092   0.1225778137   0.9921493687   0.02478527383   -0.1812365918   -0.002176258036   0.9834371163   

0.1092571399   7.440688391   -6.328259782   0.9900660214   -0.08058068288   0.1152216422   0.07981402601   0.9967461793   0.01125945242   -0.115754026   -0.001951298113   0.9932759928   

-0.004788386011   5.510621002   -5.289220743   0.9880155617   -0.09434597628   0.122164179   0.09959581266   0.9943176287   -0.03759158715   -0.1179233818   0.04930811378   0.9917977546   

12.58721339   7.146981683   -1.58489791   0.9933069745   -0.07235802517   0.0900309421   0.1013636282   0.919783982   -0.3791079547   -0.0553775155   0.3856964385   0.9209623163   

