1 1 49 1 49 -0.86666967530249028329 -0.037094359201854026908 -0.49750143962252008079 0.0030856706877033486872 -0.99761134595772360534 0.069007833271492985405 -0.49887288215284181225 0.058271870845399774408 0.86471396225612884301 -6.7017161769028650386e-13 1.000000000000000222 -6.364353488663709868e-14 -1.000000000000000222 -6.700611451614396537e-13 3.1457295264936552335e-13 3.1444400915493154974e-13 6.3671290462252727593e-14 0.99999999999999977796 -4.3830000000000000071 -19.670999999999999375 8.89199999999999946 0 3 -6.983009025907470857 -19.661742987936889904 7.3953813535414738567 0.13612443124190443111 3 -9.3871554788578741579 -18.37847855278883813 6.0853083750131231611 0.27224886248380886222 1.5 -10.123403753712901576 -17.534956763436760241 5.1327803495861141769 0.34031107810476102227 1.5 -10.445011856646154058 -16.709473867451919205 3.9498882804652160061 0.40837329372571323782 1.5 -10.331342586426805141 -16.072706040888856904 2.6264921281924369367 0.47643550934666545338 1.5 -9.870187132044994982 -15.714988577999767116 1.2526551088112316545 0.54449772496761772445 1.5 -9.2317206301971310722 -15.637855571978867886 -0.11377675293398946399 0.61255994058856988449 1.5 -8.6079567124969216252 -15.754507668371912743 -1.4852454447472156485 0.68062215620952204453 1.5 -8.1286684497351213707 -15.934763322932477436 -2.8913852973066860308 0.7486843718304743156 1.5 -7.8180205236274931124 -16.045983662751336141 -4.3550980544344346512 0.81674658745142647565 1.5 -7.6284460930183746186 -16.000323623027110642 -5.8388224264920287609 0.88480880307237874671 1.5 -7.4797430219839649013 -15.762041974717526216 -7.3151141773770627097 0.95287101869333090676 1.5 -7.3186362834117604237 -15.319980545215893031 -8.7482843379925068206 1.0209332343142831778 1.5 -7.1343349688499371197 -14.647450527770709883 -10.072676264827487458 1.0889954499352354489 1.5 -6.9456132497454685648 -13.7232119216895736 -11.211656419607445301 1.1570576655561874979 1.5 -6.773842653304662953 -12.585054480410903466 -12.182135267022514924 1.225119881177139769 1.5 -6.6433096141025149706 -11.362508989891365374 -13.057675783872831232 1.29318209679809204 1.5 -6.5849283586101829968 -10.125737666841768458 -13.90923970989001468 1.3612443124190440891 1.5 -6.6338225012082077114 -8.8730399739957093175 -14.736703838015184687 1.4293065280399963601 1.5 -6.8174769470724871923 -7.5761569456329205252 -15.475344012544201888 1.4973687436609486312 1.5 -7.147430902178423473 -6.2159770311806967769 -16.025859668076069653 1.5654309592819009023 1.5 -7.6112454691922266647 -4.8136919380130391843 -16.28223273125455961 1.6334931749028529513 1.5 -8.1702252793640539608 -3.4375806706181810668 -16.144762457029308678 1.7015553905238052224 1.5 -8.7617002504392864637 -2.2029292911759523754 -15.567111066836046618 1.7696176061447574934 1.5 -9.3132495436237494602 -1.2375003985685717467 -14.582036517795774699 1.8376798217657095424 1.5 -9.7621485842295516733 -0.63780801894268435159 -13.293989800098120924 1.9057420373866618135 1.5 -10.070803962430925793 -0.44036739359357379708 -11.843810327494004753 1.9738042530076140846 1.5 -10.231238976596808143 -0.62166449923424460522 -10.36367818166082877 2.0418664686285663556 1.5 -10.258229685673128984 -1.1225150898142299827 -8.9481901561581764781 2.1099286842495184047 1.5 -10.179079848185883961 -1.875885428050495296 -7.6509481073343081903 2.1779908998704708978 1.5 -10.026345093400923503 -2.8240754722585492686 -6.4961170678695410174 2.2460531154914229468 1.5 -9.8343891395016349577 -3.9240941776816469222 -5.4923588866420862686 2.3141153311123749958 1.5 -9.6371190590545268151 -5.1451977566642721484 -4.6425590979495048316 2.3821775467333274889 1.5 -9.4659360346744296777 -6.4633951256720507672 -3.9477137048443635692 2.450239762354279538 1.5 -9.3470769601028536044 -7.8562409344672232692 -3.4059246871807848933 2.518301977975231587 1.5 -9.2984488012639339161 -9.3006803825200385916 -3.0085821450478587025 2.5863641935961840801 1.5 -9.3247936667677802092 -10.774800508323011172 -2.7360036253839234988 2.6544264092171361291 1.5 -9.4202469722836958965 -12.261351393027418055 -2.5575194414063786574 2.7224886248380881781 1.5 -9.5562008025571181236 -13.751413153216835994 -2.429551782196656351 2.7905508404590406712 1.5 -9.6788090081627533579 -15.242771842693993989 -2.2988657517950956688 2.8586130560799927203 1.5 -9.74398484354412453 -16.727457783652326384 -2.1201916849108868313 2.9266752717009447693 1.5 -9.7488538777471234198 -18.207029757946209259 -1.87075803298593768 2.9947374873218972624 1.5 -9.7294722608300894251 -19.674369881457099751 -1.557245189884420622 3.0627997029428493114 1.5 -9.7298138781565146616 -21.132464855900018108 -1.204664230075777942 3.1308619185638018045 1.5 -9.7664654937221744291 -22.588084596458575248 -0.84266632465002910823 3.1989241341847538536 1.5 -9.8324191920408789969 -24.048768985236758766 -0.50333774188771518432 3.2669863498057059026 3 -9.9999999999979660714 -27 -9.1212857508900941728e-13 3.4031107810476113329 3 -10 -30 0 3.539235212289515875 3 0 2 1 0 0 0 1 0 0 0 1 1 0 0 0 1 0 0 0 1 2 -1 -1.2246467991473532072e-16 0 1.2246467991473532072e-16 -1 0 0 0 1 1 0 0 0 1 0 0 0 1 2 0 48 
1 53 1 53 -1 -1.2246467991473532072e-16 0 1.2246467991473532072e-16 -1 0 0 0 1 5.8397607733453295836e-13 5.1695936559292832158e-08 0.99999999999999911182 -1.0000000000000004441 -8.6025745538099664042e-13 5.8363599867989207857e-13 8.6006022981863392996e-13 -0.99999999999999844569 5.1695936892359739545e-08 24.242640687119283882 -21.316718427000253655 1.1239224588802132487 0 3 21.242640687119283882 -21.316718427000253655 1.1239224588802132487 0.0037317383948865124471 3 18.271802565079415359 -21.262509341321809586 1.6455325776320084419 0.0074634767897730248942 3 15.675938086433946594 -21.189874962922090162 3.1057134956607623799 0.011195215184659537341 3 13.918474398014188509 -21.135641572449138437 5.4993049843652501707 0.014926953579546049788 3 13.280537226027725239 -21.157969817105975352 8.4127153754334553781 0.018658691974432560501 3 13.592412292969465071 -21.330556295213288109 11.396323019278989719 0.022390430369319074683 3 14.345697478506178157 -21.67980491362451545 14.294262749931315071 0.026122168764205588865 3 14.955696787186925079 -22.243543384508615901 17.19518103599947878 0.029853907159092099577 3 14.862543312356146785 -22.695378840766675665 20.155471779037590352 0.033585645553978610289 3 13.705704929862660535 -22.942873356877139912 22.911079591317484727 0.037317383948865121002 3 11.493140036710590479 -23.138115074614457711 24.90524045080618265 0.041049122343751638653 3 8.6076203224289358218 -23.119302701035220338 25.663124057371621944 0.044780860738638149365 3 5.7200200137613768092 -22.887434908124237865 24.957539624861095007 0.048512599133524660078 3 3.5406944059118208301 -22.578390185378644617 22.953444734562047813 0.052244337528411177729 3 2.5135196006270010827 -22.420628910912565601 20.162418434340555251 0.055976075923297688441 3 2.6043339578093527287 -22.522297126572684789 17.165551119124678792 0.059707814318184199154 3 3.359628308113958628 -22.681762618566637002 14.247379512195804452 0.063439552713070709866 3 4.1908629495228328921 -22.497619482490474496 11.363369045666113166 0.067171291107957220579 1.5 4.4512760058239386751 -22.179032035730106287 9.9400881836186698592 0.069037160305400482874 1.5 4.5801659669794032581 -21.711233476177156376 8.5249151285892779129 0.070903029502843731291 1.5 4.5780366091427433517 -21.1437303733319375 7.1366451189549593437 0.072768898700286993586 1.5 4.4678955930423773779 -20.529423970609972372 5.7688958491544770624 0.074634767897730242003 1.5 4.2898464225265451333 -19.933684002201676577 4.400974685509877915 0.076500637095173504298 1.5 4.0817636999178921187 -19.400072365801303675 3.014600884863637198 0.078366506292616766594 1.5 3.8779905626612056757 -18.964215779408185369 1.5956985549988613737 0.080232375490060015011 1.5 3.6987466413941616494 -18.637814290672856998 0.14470627598803137426 0.082098244687503277306 1.5 3.5517484848233249473 -18.421215886568052866 -1.3317554026380578058 0.083964113884946525723 1.5 3.4326507089977860154 -18.306507298939695971 -2.8228287894880810249 0.085829983082389788018 1.5 3.3280124535085451321 -18.282104083452889398 -4.3194553224041234429 0.087695852279833036436 1.5 3.2221334606557245905 -18.342488829715794196 -5.8149156475082426354 0.089561721477276298731 1.5 3.0983460426912561303 -18.480600431297773412 -7.3032946981660318286 0.091427590674719561026 1.5 2.9461101659040647149 -18.6945023369542902 -8.7796948778559933402 0.093293459872162809443 1.5 2.7615016383755901508 -18.977410250294617811 -10.240824950739296995 0.095159329069606071738 1.5 2.5521652735163278258 -19.322082614331097972 -11.685269922804637943 0.097025198267049320155 3 2.1161712958830243281 -20.162104156658124055 -14.53665171878859752 0.10075693666193583087 3 1.9134364519499937884 -21.093701167558560172 -17.388748332973950284 0.10448867505682235546 3 2.2799814293109239571 -22.000662975008715705 -20.230421306479172472 0.10822041345170886617 3 3.5324659258445283427 -22.760909553902109792 -22.844405039470558449 0.11195215184659537688 3 5.7610756122318562689 -23.258730178949956979 -24.765122676693131609 0.1156838902414818876 3 8.6448986708926867095 -23.421643976522389607 -25.475468395831278201 0.11941562863636839831 3 11.523832441881939559 -23.25395437682756139 -24.744900922974387925 0.12314736703125490902 3 13.746205985348066037 -22.826965094062636297 -22.798041695507002657 0.12687910542614141973 3 15.006253468607171797 -22.229484025326296859 -20.144278927897261156 0.13061084382102794432 3 15.397241021923674609 -21.533236133618459007 -17.246875169291261187 0.13434258221591444116 3 15.221088185891046507 -20.815666300996092275 -14.331179006950206301 0.13807432061080096575 3 14.790983789994147202 -20.219852983871231089 -11.413930005522813005 0.14180605900568746258 3 14.343636357111135382 -19.997091688145406607 -8.449614018953679917 0.14553779740057398717 3 14.025692888845735951 -20.470622574555825679 -5.5071075676310039526 0.14926953579546048401 3 13.895122198474705755 -21.872779821446172832 -2.8732588167605350726 0.1530012741903470086 3 13.920889866330092843 -24.153276918161836306 -0.95128032488819569412 0.15673301258523353319 3 13.999999999998260947 -27 -2.5436319717186961498e-12 0.16046475098011725446 3 14.000000000000001776 -30 0 0.16419648937500369579 3 0 2 1 0 0 0 1 0 0 0 1 1 0 0 0 1 0 0 0 1 2 -1 -1.2246467991473532072e-16 0 1.2246467991473532072e-16 -1 0 0 0 1 1 0 0 0 1 0 0 0 1 2 0 52 
4 0 -30 0 0 1 0 0.60000002384185791016 0.60000002384185791016 0.60000002384185791016 notexture 
3 -4.3830000000000000071 -19.670999999999999375 8.89199999999999946 0.86666967530249028329 0.037094359201853922825 -0.49750143962252008079 -0.0030856706877032263892 0.99761134595772360534 0.069007833271492985405 0.49887288215284181225 -0.058271870845399836858 0.86471396225612884301 0 0 0 
3 -10 -30 0 -6.7806299110107369441e-13 1 -6.2736937048192316089e-14 -1 -6.7806299110105461029e-13 3.0404285836304571655e-13 3.0404285836300315592e-13 6.2736937048398480154e-14 1 48 0 0 
3 24.242640687119283882 -21.316718427000253655 1.1239224588802132487 1 0 0 0 1 0 0 0 1 0 1 0 
3 14.000000000000001776 -30 0 5.8009153036664429237e-13 5.1695939029539061949e-08 0.99999999999999877875 -1 -8.4776630160376953427e-13 5.7998050806418177672e-13 8.4787732390623204992e-13 -0.99999999999999866773 5.169593908505021318e-08 52 1 0 
3 -7.0557311741268087246 -11.709999999999995524 -9.2248975610683778825 -0.91432536367727390569 0.37289424623533745651 0.15798420953057384919 0.40310710858952020219 0.87546824902038300475 0.26657082353809996578 -0.0389074329790278714 0.30741702308389423637 -0.95077914658306372786 -1 -1 0 
3 35 -28.399999999999998579 0 6.1232339957367660359e-17 -1 -6.1232339957367660359e-17 0 6.1232339957367660359e-17 -1 1 6.1232339957367660359e-17 3.7493994566546440196e-33 -1 -1 0 
6 -4.3830000000000000071 -19.670999999999999375 8.89199999999999946 0.87276891042965243361 0.0083253813359703502522 -0.48810533848640574872 0.028627157133327644362 0.99729986654305635696 0.068199807627766506624 0.48730703133103031588 -0.073491138733507030412 0.87015723522692323133  0 0 
6 -7.0289999999999999147 -11.897999999999999687 -9.1920000000000001705 -0.91296949352316902893 0.386600123544570351 0.1306153800107331675 0.40752869571412947414 0.88010690919564638079 0.24359292158773945824 -0.020785949196073058576 0.27561928750665354304 -0.96106012568393406337  4 0 
0 
1 1 49 1 49 -0.86666970315620683873 -0.037094284308879156564 -0.49750139668421466954 0.0030855874468566921523 -0.99761134617162672278 0.069007833901250009712 -0.49887283427867679109 0.058271914858246690039 0.86471398690984124791 -6.0733352577840736312e-13 0.99999999999999944489 -6.5059069243034173269e-14 -1.000000000000000222 -6.0753761913541143025e-13 3.1954937720775790813e-13 3.1978417789993555043e-13 6.4614980033184110653e-14 0.99999999999999988898 -4.2389999999999998792 -19.670999999999999375 8.9100000000000001421 0 3 -6.8390091094686198403 -19.66174323765942944 7.4133814971639697688 0.1367842174294026103 3 -9.2457685419438977448 -18.409393642363976795 6.0935005670203397088 0.2735684348588052206 1.5 -10.016651247059300545 -17.576231661178255194 5.1401412524511327362 0.34196054357350658126 1.5 -10.378407769436325481 -16.756293014614769277 3.9609507025481880405 0.41035265228820788641 1.5 -10.30226011986676582 -16.115431978836191718 2.6401938345862947521 0.47874476100290919156 1.5 -9.862486567660846859 -15.743495661149543352 1.2623201089100151151 0.5471368697176104412 1.5 -9.2396677849868265042 -15.651371621680844726 -0.1081228604668436899 0.61552897843231180186 1.5 -8.6127654378130404922 -15.752622132126999688 -1.4768977131815870241 0.68392108714701316252 1.5 -8.1277050737859060092 -15.917583936001923561 -2.8871103276720173625 0.75231319586171441216 1.5 -7.818179125507898064 -16.025572710481636562 -4.3483139988378827212 0.82070530457641577282 1.5 -7.617640070750470116 -15.993555623500022023 -5.8348655514123377586 0.88909741329111702246 1.5 -7.4667348521868763811 -15.770496834003488118 -7.3133490117984587542 0.95748952200581838312 1.5 -7.3087763396781983971 -15.321215818711618084 -8.7343807455460495959 1.0258816307205196328 1.5 -7.1309894766791108722 -14.625528643625107961 -10.042715639445905396 1.0942737394352208824 1.5 -6.9448160320187364292 -13.695728163623455131 -11.195829019993272624 1.1626658481499223541 1.5 -6.7722612170990501568 -12.588648946100326143 -12.193703313929566079 1.2310579568646236037 1.5 -6.6425278390994675348 -11.384303618843587103 -13.086427244244905665 1.2994500655793248534 1.5 -6.5869193986059837442 -10.143271981427977479 -13.932360863526630723 1.367842174294026325 1.5 -6.6368815748419978107 -8.880860941264540287 -14.746283851664193421 1.4362342830087275747 1.5 -6.8189857689779813654 -7.5790221958775818578 -15.476995216997218918 1.5046263917234288243 1.5 -7.1457041127135738634 -6.2191439474901688556 -16.026249294231071474 1.573018500438130074 1.5 -7.6069897246113171718 -4.8160696017153377113 -16.280610513992968436 1.6414106091528315456 1.5 -8.1654102848016716365 -3.438200393995350268 -16.141560798308198343 1.7098027178675327953 1.5 -8.7582695187963395256 -2.2019637387154222807 -15.563661729715033033 1.7781948265822340449 1.5 -9.3122859926509029549 -1.2351751199132114944 -14.57872938748848135 1.8465869352969355166 1.5 -9.7632548593621013566 -0.63479230228160066218 -13.290665130134023286 1.9149790440116367662 1.5 -10.072790721162808936 -0.43716624433238598924 -11.840436572795937309 1.9833711527263380159 1.5 -10.232937312636364524 -0.6185274420582440591 -10.360299564639449343 2.0517632614410392655 1.5 -10.259104296930001254 -1.1195113990596268216 -8.9449994166081161495 2.1201553701557407372 1.5 -10.179356362000278935 -1.8731221523360654935 -7.6481977033372752217 2.1885474788704417648 1.5 -10.02670491853563739 -2.8218849299404094033 -6.4941465622018084147 2.2569395875851432365 1.5 -9.835439819578489562 -3.9228598358208333075 -5.4916071523905163332 2.3253316962998447082 1.5 -9.6393243135711870195 -5.1451505488782576236 -4.6434076209906747223 2.3937238050145457358 1.5 -9.4695872058365342383 -6.4644209878143481518 -3.9502527124897772737 2.4621159137292472074 1.5 -9.3524206129759317463 -7.8580193849182409238 -3.4097742835770383785 2.5305080224439486791 1.5 -9.3041583909323541945 -9.3027597539889761435 -3.0125272930557520645 2.5989001311586497067 1.5 -9.3325960288746401261 -10.777007764158337721 -2.7395425238858410744 2.6672922398733511784 1.5 -9.4320467461881332127 -12.262719646798508677 -2.5605272011241662078 2.7356843485880526501 1.5 -9.5669130831657227532 -13.752386117871505888 -2.4300592961288129956 2.8040764573027536777 1.5 -9.6985989647409009962 -15.241949732341682378 -2.3007213396939185657 2.8724685660174551494 1.5 -9.7636698218230506541 -16.728494194730600952 -2.1204496761005571237 2.940860674732156621 1.5 -9.7589730535289707092 -18.206409260552554485 -1.8677831772143809186 3.0092527834468576486 1.5 -9.7404382937560871625 -19.67356667875805698 -1.5553395934691820468 3.0776448921615591203 1.5 -9.7365006576689232531 -21.131610195998753454 -1.2027613101523622063 3.1460370008762601479 1.5 -9.7706334419866927021 -22.58753972890146855 -0.8418763598952365701 3.2144291095909616196 1.5 -9.835761849460265438 -24.048512024394835151 -0.50396443102486909726 3.2828212183056630913 3 -9.9999999999979891641 -27 -9.4348380934327412212e-13 3.4196054357350647024 3 -10 -30 0 3.5563896531644672017 3 0 2 1 0 0 0 1 0 0 0 1 1 0 0 0 1 0 0 0 1 2 -1 -1.2246467991473532072e-16 0 1.2246467991473532072e-16 -1 0 0 0 1 1 0 0 0 1 0 0 0 1 2 0 48 
1 53 1 53 -1 -1.2246467991473532072e-16 0 1.2246467991473532072e-16 -1 0 0 0 1 5.868997833044225323e-13 5.1695934422113509754e-08 0.99999999999999911182 -1.0000000000000004441 -8.7192672873696060772e-13 5.865832337924587198e-13 8.7187813435040303946e-13 -0.99999999999999844569 5.1695934727424841526e-08 24.242640687119283882 -21.316718427000253655 1.1239224588802132487 0 3 21.242640687119283882 -21.316718427000253655 1.1239224588802132487 0.0037317383948864482623 3 18.271802565079415359 -21.262509341321809586 1.6455325776320084419 0.0074634767897728965247 3 15.675938086433946594 -21.189874962922090162 3.1057134956607623799 0.011195215184659344787 3 13.918474398014188509 -21.135641572449138437 5.4993049843652501707 0.014926953579545793049 3 13.280537226027725239 -21.157969817105975352 8.4127153754334553781 0.018658691974432241312 3 13.592412292969465071 -21.330556295213288109 11.396323019278989719 0.022390430369318689574 3 14.345697478506178157 -21.67980491362451545 14.294262749931315071 0.026122168764205137836 3 14.955696787186925079 -22.243543384508615901 17.19518103599947878 0.029853907159091586099 3 14.862543312356146785 -22.695378840766675665 20.155471779037590352 0.033585645553978034361 3 13.705704929862660535 -22.942873356877139912 22.911079591317484727 0.037317383948864482623 3 11.493140036710590479 -23.138115074614457711 24.90524045080618265 0.041049122343750930886 3 8.6076203224289358218 -23.119302701035220338 25.663124057371621944 0.044780860738637379148 3 5.7200200137613768092 -22.887434908124237865 24.957539624861095007 0.04851259913352382741 3 3.5406944059118208301 -22.578390185378644617 22.953444734562047813 0.052244337528410275673 3 2.5135196006270010827 -22.420628910912565601 20.162418434340555251 0.055976075923296723935 3 2.6043339578093527287 -22.522297126572684789 17.165551119124678792 0.059707814318183172198 3 3.359628308113958628 -22.681762618566637002 14.247379512195804452 0.063439552713069613521 3 4.1908629495228328921 -22.497619482490474496 11.363369045666113166 0.067171291107956068722 1.5 4.4512760058239386751 -22.179032035730106287 9.9400881836186698592 0.069037160305399289384 1.5 4.5801659669794032581 -21.711233476177156376 8.5249151285892779129 0.070903029502842510046 1.5 4.5780366091427433517 -21.1437303733319375 7.1366451189549593437 0.072768898700285730707 1.5 4.4678955930423773779 -20.529423970609972372 5.7688958491544770624 0.074634767897728965247 1.5 4.2898464225265451333 -19.933684002201676577 4.400974685509877915 0.076500637095172185909 1.5 4.0817636999178921187 -19.400072365801303675 3.014600884863637198 0.07836650629261540657 1.5 3.8779905626612056757 -18.964215779408185369 1.5956985549988613737 0.080232375490058627232 1.5 3.6987466413941616494 -18.637814290672856998 0.14470627598803137426 0.082098244687501861772 1.5 3.5517484848233249473 -18.421215886568052866 -1.3317554026380578058 0.083964113884945082433 1.5 3.4326507089977860154 -18.306507298939695971 -2.8228287894880810249 0.085829983082388303095 1.5 3.3280124535085451321 -18.282104083452889398 -4.3194553224041234429 0.087695852279831523757 1.5 3.2221334606557245905 -18.342488829715794196 -5.8149156475082426354 0.089561721477274758296 1.5 3.0983460426912561303 -18.480600431297773412 -7.3032946981660318286 0.091427590674717978958 1.5 2.9461101659040647149 -18.6945023369542902 -8.7796948778559933402 0.09329345987216119962 1.5 2.7615016383755901508 -18.977410250294617811 -10.240824950739296995 0.095159329069604420281 1.5 2.5521652735163278258 -19.322082614331097972 -11.685269922804637943 0.097025198267047654821 3 2.1161712958830243281 -20.162104156658124055 -14.53665171878859752 0.10075693666193409614 3 1.9134364519499937884 -21.093701167558560172 -17.388748332973950284 0.10448867505682055135 3 2.2799814293109239571 -22.000662975008715705 -20.230421306479172472 0.10822041345170699267 3 3.5324659258445283427 -22.760909553902109792 -22.844405039470558449 0.11195215184659344787 3 5.7610756122318562689 -23.258730178949956979 -24.765122676693131609 0.11568389024147988919 3 8.6448986708926867095 -23.421643976522389607 -25.475468395831278201 0.1194156286363663444 3 11.523832441881939559 -23.25395437682756139 -24.744900922974387925 0.12314736703125278572 3 13.746205985348066037 -22.826965094062636297 -22.798041695507002657 0.12687910542613922704 3 15.006253468607171797 -22.229484025326296859 -20.144278927897261156 0.13061084382102566837 3 15.397241021923674609 -21.533236133618459007 -17.246875169291261187 0.13434258221591213744 3 15.221088185891046507 -20.815666300996092275 -14.331179006950206301 0.13807432061079857877 3 14.790983789994147202 -20.219852983871231089 -11.413930005522813005 0.14180605900568502009 3 14.343636357111135382 -19.997091688145406607 -8.449614018953679917 0.14553779740057146141 3 14.025692888845735951 -20.470622574555825679 -5.5071075676310039526 0.14926953579545793049 3 13.895122198474705755 -21.872779821446172832 -2.8732588167605350726 0.15300127419034437182 3 13.920889866330092843 -24.153276918161836306 -0.95128032488819569412 0.15673301258523081314 3 13.999999999998252065 -27 -2.5791035973554699012e-12 0.16046475098011447891 3 14.000000000000001776 -30 0 0.16419648937500086472 3 0 2 1 0 0 0 1 0 0 0 1 1 0 0 0 1 0 0 0 1 2 -1 -1.2246467991473532072e-16 0 1.2246467991473532072e-16 -1 0 0 0 1 1 0 0 0 1 0 0 0 1 2 0 52 
4 0 -30 0 0 1 0 0.60000002384185791016 0.60000002384185791016 0.60000002384185791016 notexture 
3 -4.2389999999999998792 -19.670999999999999375 8.9100000000000001421 0.86666970315620683873 0.037094284308879052481 -0.49750139668421466954 -0.0030855874468565698543 0.99761134617162672278 0.069007833901250009712 0.49887283427867679109 -0.058271914858246752489 0.86471398690984124791 0 0 0 
3 -10 -30 0 -6.7006938532377135563e-13 1 -6.3592940927143865315e-14 -1 -6.7006938532375136274e-13 3.1449460311446731848e-13 3.1449460311442470737e-13 6.3592940927354598462e-14 1 48 0 0 
3 24.242640687119283882 -21.316718427000253655 1.1239224588802132487 1 0 0 0 1 0 0 0 1 0 1 0 
3 14.000000000000001776 -30 0 5.8336668828928850417e-13 5.1695936975626466392e-08 0.99999999999999866773 -1 -8.5964568796725870925e-13 5.8320015483559473068e-13 8.5970119911848996708e-13 -0.99999999999999877875 5.1695937031137617623e-08 52 1 0 
3 -7.0752681612430414759 -11.509999999999996234 -9.3408035125537978161 -0.91432535451861718379 0.37289439446116373622 0.15798391267419378825 0.40310713853695229192 0.8754683846066376729 0.26657033296073218143 -0.03890733793200948365 0.30741645716143328748 -0.95077933345301379742 -1 -1 0 
3 35 -28.399999999999998579 0 6.1232339957367660359e-17 -1 -6.1232339957367660359e-17 0 6.1232339957367660359e-17 -1 1 6.1232339957367660359e-17 3.7493994566546440196e-33 -1 -1 0 
6 -4.2389999999999998792 -19.670999999999999375 8.9100000000000001421 0.87584841985828476574 0.010889351895451551688 -0.48250665538244091879 0.025876161575837667433 0.99728671009444191942 0.069479449764206044349 0.48190601154588619259 -0.073334377660385016706 0.87317316143182788224  0 0 
6 -7.4790000000000000924 -7.3770000000000006679 -11.736000000000000654 -0.9139002105283653421 0.37931799134685323382 0.14469829163985048481 0.40448419999561074922 0.88120849888403662842 0.24468231307800067387 -0.034700427365290227588 0.28214022282310519119 -0.95876346789222766098  4 0 
0 
1 1 49 1 49 -0.86666972951267318148 -0.0370942056061474984 -0.49750135663822958598 0.0030855022786323267961 -0.99761134671309614763 0.069007829881624349611 -0.49887278901751952453 0.058271955688234004789 0.86471401027053440558 -5.4408707182258064268e-13 0.99999999999999988898 -6.578071420904052502e-14 -1.000000000000000222 -5.4407449670353813523e-13 3.2215408205607138013e-13 3.2180454748692357084e-13 6.6002758813965556328e-14 1.0000000000000004441 -4.2389999999999998792 -19.670999999999999375 8.9100000000000001421 0 3 -6.8390091885380197567 -19.661743493164102858 7.4133816329474413465 0.13678421728625542175 3 -9.2457685419438977448 -18.409393642363976795 6.0935005670203397088 0.27356843457251084351 1.5 -10.016651247059300545 -17.576231661178255194 5.1401412524511327362 0.34196054321563856826 1.5 -10.378407769436325481 -16.756293014614769277 3.9609507025481880405 0.4103526518587662375 1.5 -10.30226011986676582 -16.115431978836191718 2.6401938345862947521 0.47874476050189396226 1.5 -9.862486567660846859 -15.743495661149543352 1.2623201089100151151 0.54713686914502168701 1.5 -9.2396677849868265042 -15.651371621680844726 -0.1081228604668436899 0.61552897778814941177 1.5 -8.6127654378130404922 -15.752622132126999688 -1.4768977131815870241 0.68392108643127713652 1.5 -8.1277050737859060092 -15.917583936001923561 -2.8871103276720173625 0.75231319507440486127 1.5 -7.818179125507898064 -16.025572710481636562 -4.3483139988378827212 0.82070530371753247501 1.5 -7.617640070750470116 -15.993555623500022023 -5.8348655514123377586 0.88909741236066019976 1.5 -7.4667348521868763811 -15.770496834003488118 -7.3133490117984587542 0.95748952100378792451 1.5 -7.3087763396781983971 -15.321215818711618084 -8.7343807455460495959 1.0258816296469157603 1.5 -7.1309894766791108722 -14.625528643625107961 -10.042715639445905396 1.094273738290043374 1.5 -6.9448160320187364292 -13.695728163623455131 -11.195829019993272624 1.1626658469331709878 1.5 -6.7722612170990501568 -12.588648946100326143 -12.193703313929566079 1.2310579555762988235 1.5 -6.6425278390994675348 -11.384303618843587103 -13.086427244244905665 1.2994500642194264373 1.5 -6.5869193986059837442 -10.143271981427977479 -13.932360863526630723 1.367842172862554273 1.5 -6.6368815748419978107 -8.880860941264540287 -14.746283851664193421 1.4362342815056818868 1.5 -6.8189857689779813654 -7.5790221958775818578 -15.476995216997218918 1.5046263901488097225 1.5 -7.1457041127135738634 -6.2191439474901688556 -16.026249294231071474 1.5730184987919373363 1.5 -7.6069897246113171718 -4.8160696017153377113 -16.280610513992968436 1.64141060743506495 1.5 -8.1654102848016716365 -3.438200393995350268 -16.141560798308198343 1.7098027160781927858 1.5 -8.7582695187963395256 -2.2019637387154222807 -15.563661729715033033 1.7781948247213203995 1.5 -9.3122859926509029549 -1.2351751199132114944 -14.57872938748848135 1.8465869333644482353 1.5 -9.7632548593621013566 -0.63479230228160066218 -13.290665130134023286 1.914979042007575849 1.5 -10.072790721162808936 -0.43716624433238598924 -11.840436572795937309 1.9833711506507036848 1.5 -10.232937312636364524 -0.6185274420582440591 -10.360299564639449343 2.0517632592938315206 1.5 -10.259104296930001254 -1.1195113990596268216 -8.9449994166081161495 2.1201553679369591343 1.5 -10.179356362000278935 -1.8731221523360654935 -7.6481977033372752217 2.188547476580086748 1.5 -10.02670491853563739 -2.8218849299404094033 -6.4941465622018084147 2.2569395852232143618 1.5 -9.835439819578489562 -3.9228598358208333075 -5.4916071523905163332 2.3253316938663419755 1.5 -9.6393243135711870195 -5.1451505488782576236 -4.6434076209906747223 2.3937238025094700333 1.5 -9.4695872058365342383 -6.4644209878143481518 -3.9502527124897772737 2.4621159111525976471 1.5 -9.3524206129759317463 -7.8580193849182409238 -3.4097742835770383785 2.5305080197957252608 1.5 -9.3041583909323541945 -9.3027597539889761435 -3.0125272930557520645 2.5989001284388528745 1.5 -9.3325960288746401261 -10.777007764158337721 -2.7395425238858410744 2.6672922370819809323 1.5 -9.4320467461881332127 -12.262719646798508677 -2.5605272011241662078 2.7356843457251085461 1.5 -9.5669130831657227532 -13.752386117871505888 -2.4300592961288129956 2.8040764543682361598 1.5 -9.6985989647409009962 -15.241949732341682378 -2.3007213396939185657 2.8724685630113637735 1.5 -9.7636698218230506541 -16.728494194730600952 -2.1204496761005571237 2.9408606716544913873 1.5 -9.7589730535289707092 -18.206409260552554485 -1.8677831772143809186 3.0092527802976194451 1.5 -9.7404382937560871625 -19.67356667875805698 -1.5553395934691820468 3.0776448889407470588 1.5 -9.7365006576689232531 -21.131610195998753454 -1.2027613101523622063 3.1460369975838746726 1.5 -9.7706334419866927021 -22.58753972890146855 -0.8418763598952365701 3.2144291062270022863 1.5 -9.835761849460265438 -24.048512024394835151 -0.50396443102486909726 3.2828212148701299 3 -9.9999999999981774579 -27 -9.5966646647654767388e-13 3.419605432156382907 3 -10 -30 0 3.5563896494426381345 3 0 2 1 0 0 0 1 0 0 0 1 1 0 0 0 1 0 0 0 1 2 -1 -1.2246467991473532072e-16 0 1.2246467991473532072e-16 -1 0 0 0 1 1 0 0 0 1 0 0 0 1 2 0 48 
1 53 1 53 -1 -1.2246467991473532072e-16 0 1.2246467991473532072e-16 -1 0 0 0 1 5.9039830343913367024e-13 5.1695932423712065429e-08 0.9999999999999990008 -1.0000000000000006661 -8.8405721975731633768e-13 5.9008124000929414443e-13 8.8402991702700305363e-13 -0.99999999999999844569 5.169593267351224597e-08 24.242640687119283882 -21.316718427000253655 1.1239224588802132487 0 3 21.242640687119283882 -21.316718427000253655 1.1239224588802132487 0.0037317383948863832102 3 18.271802565079415359 -21.262509341321809586 1.6455325776320084419 0.0074634767897727664204 3 15.675938086433946594 -21.189874962922090162 3.1057134956607623799 0.011195215184659148763 3 13.918474398014188509 -21.135641572449138437 5.4993049843652501707 0.014926953579545532841 3 13.280537226027725239 -21.157969817105975352 8.4127153754334553781 0.018658691974431915184 3 13.592412292969465071 -21.330556295213288109 11.396323019278989719 0.022390430369318297527 3 14.345697478506178157 -21.67980491362451545 14.294262749931315071 0.026122168764204679869 3 14.955696787186925079 -22.243543384508615901 17.19518103599947878 0.029853907159091065682 3 14.862543312356146785 -22.695378840766675665 20.155471779037590352 0.033585645553977444555 3 13.705704929862660535 -22.942873356877139912 22.911079591317484727 0.037317383948863830367 3 11.493140036710590479 -23.138115074614457711 24.90524045080618265 0.04104912234375021618 3 8.6076203224289358218 -23.119302701035220338 25.663124057371621944 0.044780860738636595053 3 5.7200200137613768092 -22.887434908124237865 24.957539624861095007 0.048512599133522980865 3 3.5406944059118208301 -22.578390185378644617 22.953444734562047813 0.052244337528409359739 3 2.5135196006270010827 -22.420628910912565601 20.162418434340555251 0.055976075923295745551 3 2.6043339578093527287 -22.522297126572684789 17.165551119124678792 0.059707814318182131363 3 3.359628308113958628 -22.681762618566637002 14.247379512195804452 0.063439552713068517176 3 4.1908629495228328921 -22.497619482490474496 11.363369045666113166 0.06717129110795488911 1.5 4.4512760058239386751 -22.179032035730106287 9.9400881836186698592 0.069037160305398082016 1.5 4.5801659669794032581 -21.711233476177156376 8.5249151285892779129 0.070903029502841274923 1.5 4.5780366091427433517 -21.1437303733319375 7.1366451189549593437 0.072768898700284467829 1.5 4.4678955930423773779 -20.529423970609972372 5.7688958491544770624 0.074634767897727660735 1.5 4.2898464225265451333 -19.933684002201676577 4.400974685509877915 0.076500637095170853641 1.5 4.0817636999178921187 -19.400072365801303675 3.014600884863637198 0.078366506292614046547 1.5 3.8779905626612056757 -18.964215779408185369 1.5956985549988613737 0.080232375490057239453 1.5 3.6987466413941616494 -18.637814290672856998 0.14470627598803137426 0.082098244687500432359 1.5 3.5517484848233249473 -18.421215886568052866 -1.3317554026380578058 0.083964113884943611388 1.5 3.4326507089977860154 -18.306507298939695971 -2.8228287894880810249 0.085829983082386804294 1.5 3.3280124535085451321 -18.282104083452889398 -4.3194553224041234429 0.0876958522798299972 1.5 3.2221334606557245905 -18.342488829715794196 -5.8149156475082426354 0.089561721477273190106 1.5 3.0983460426912561303 -18.480600431297773412 -7.3032946981660318286 0.091427590674716383012 1.5 2.9461101659040647149 -18.6945023369542902 -8.7796948778559933402 0.093293459872159575919 1.5 2.7615016383755901508 -18.977410250294617811 -10.240824950739296995 0.095159329069602768825 1.5 2.5521652735163278258 -19.322082614331097972 -11.685269922804637943 0.097025198267045961731 3 2.1161712958830243281 -20.162104156658124055 -14.53665171878859752 0.10075693666193234754 3 1.9134364519499937884 -21.093701167558560172 -17.388748332973950284 0.10448867505681871948 3 2.2799814293109239571 -22.000662975008715705 -20.230421306479172472 0.10822041345170510529 3 3.5324659258445283427 -22.760909553902109792 -22.844405039470558449 0.1119521518465914911 3 5.7610756122318562689 -23.258730178949956979 -24.765122676693131609 0.11568389024147787691 3 8.6448986708926867095 -23.421643976522389607 -25.475468395831278201 0.11941562863636426273 3 11.523832441881939559 -23.25395437682756139 -24.744900922974387925 0.12314736703125063466 3 13.746205985348066037 -22.826965094062636297 -22.798041695507002657 0.12687910542613703435 3 15.006253468607171797 -22.229484025326296859 -20.144278927897261156 0.13061084382102339241 3 15.397241021923674609 -21.533236133618459007 -17.246875169291261187 0.13434258221590977822 3 15.221088185891046507 -20.815666300996092275 -14.331179006950206301 0.13807432061079616403 3 14.790983789994147202 -20.219852983871231089 -11.413930005522813005 0.14180605900568254985 3 14.343636357111135382 -19.997091688145406607 -8.449614018953679917 0.14553779740056893566 3 14.025692888845735951 -20.470622574555825679 -5.5071075676310039526 0.14926953579545532147 3 13.895122198474705755 -21.872779821446172832 -2.8732588167605350726 0.15300127419034170728 3 13.920889866330092843 -24.153276918161836306 -0.95128032488819569412 0.15673301258522809309 3 13.999999999998241407 -27 -2.6147417564459374262e-12 0.16046475098011170335 3 14.000000000000001776 -30 0 0.16419648937499803365 3 0 2 1 0 0 0 1 0 0 0 1 1 0 0 0 1 0 0 0 1 2 -1 -1.2246467991473532072e-16 0 1.2246467991473532072e-16 -1 0 0 0 1 1 0 0 0 1 0 0 0 1 2 0 52 
4 0 -30 0 0 1 0 0.60000002384185791016 0.60000002384185791016 0.60000002384185791016 notexture 
3 -4.2389999999999998792 -19.670999999999999375 8.9100000000000001421 0.86666972951267318148 0.037094205606147394316 -0.49750135663822958598 -0.0030855022786322044981 0.99761134671309614763 0.069007829881624349611 0.49887278901751952453 -0.058271955688234067239 0.86471401027053440558 0 0 0 
3 -10 -30 0 -6.0745280673491202188e-13 1 -6.4954424984120490663e-14 -1 -6.0745280673489122119e-13 3.1988882215888868871e-13 3.1988882215884925828e-13 6.4954424984314840747e-14 1 48 0 0 
3 24.242640687119283882 -21.316718427000253655 1.1239224588802132487 1 0 0 0 1 0 0 0 1 0 1 0 
3 14.000000000000001776 -30 0 5.8658633506070145813e-13 5.1695934755180417142e-08 0.99999999999999888978 -1 -8.7141405202828536858e-13 5.8636429045577642682e-13 8.7158058548197914206e-13 -0.99999999999999866773 5.1695934866202719604e-08 52 1 0 
3 -7.0984344733048345688 -11.309999999999996945 -9.4575805020261523026 -0.91432534325021186383 0.37289450613239616406 0.15798371430833818563 0.40310717309231558492 0.87546845023203057057 0.26657006517958625746 -0.038907244722598217923 0.30741613481501472993 -0.95077944149181758959 -1 -1 0 
3 35 -28.399999999999998579 0 6.1232339957367660359e-17 -1 -6.1232339957367660359e-17 0 6.1232339957367660359e-17 -1 1 6.1232339957367660359e-17 3.7493994566546440196e-33 -1 -1 0 
6 -4.2389999999999998792 -19.670999999999999375 8.9100000000000001421 0.87501912788146629651 0.010589360298849451181 -0.484015595180136593 0.025479072993248488843 0.99740672503241956104 0.067885149694430602096 0.48343118905950055453 -0.07172861557849401215 0.8724631774403811546  0 0 
6 -7.55400000000000027 -7.3770000000000006679 -11.753999999999999559 -0.91330923256218432549 0.38208076173943789078 0.14111650049742854862 0.40610949636073256919 0.88067461452430906288 0.24391109296409194118 -0.031087462213210868833 0.2800718490588022247 -0.95949358615032187547  4 0 
0 
