1 1 49 1 49 -0.992368089196610903 0.032898554725619616468 -0.11884132547743068986 -0.027852241800306015707 -0.99864861055081644015 -0.043877161161826896962 -0.12012421975174071564 -0.040232297248467621675 0.99194331193226281673 1.0626236913509341294e-10 0.99999999999999988898 -1.95743768416356545e-12 -1.000000000000000222 1.062627454805603654e-10 -3.3433206157117022076e-11 -3.3432552413997719482e-11 1.957680545450202203e-12 0.99999999999999966693 7.5209999999999990195 18.225000000000001421 13.506000000000000227 0 3 4.5438957324101663104 18.141443274599083679 13.145627340744777456 0.12457047784020951198 3 2.2944241792667563473 18.954237670453213838 11.354134431166331254 0.24914095568041902395 1.5 1.486788481642645765 19.968196971007927232 10.660945295905953856 0.31142619460052378688 1.5 0.88911743226579231791 21.297856231714884956 10.349947848382321069 0.37371143352062852205 1.5 0.44802914759921336207 22.721137028450559825 10.552531008281656355 0.43599667244073331274 1.5 0.10179122786950145496 23.991670483434010208 11.278396566839047566 0.49828191136083804791 1.5 -0.18884488833543466857 24.853649483776212747 12.442207627250835955 0.56056715028094283859 1.5 -0.43429390175946680497 25.132714227631801407 13.869992113875536432 0.62285238920104757376 1.5 -0.62867557842374377497 24.799845142194687497 15.301620102259589018 0.68513762812115230894 1.5 -0.78922951686249109837 23.986043715018084299 16.563826091206770741 0.74742286704125704411 1.5 -0.94900991153983793591 22.874534319518954106 17.571819438107656453 0.80970810596136177928 1.5 -1.1312562058743560467 21.578294568219479999 18.296220880137809672 0.87199334488146662547 1.5 -1.3410028633275155041 20.160470305079158493 18.737445857798125104 0.93427858380157136065 1.5 -1.5715797388066881091 18.690113295572963636 18.932888777204933461 0.99656382272167609582 1.5 -1.812577468322110974 17.208359987232892507 18.940292037562201699 1.058849061641780942 1.5 -2.0545842095012960549 15.73238470593250149 18.814889703307102309 1.1211343005618856772 1.5 -2.2922018363826972553 14.266024669460355412 18.602698464948819179 1.1834195394819904124 1.5 -2.5243558073868501701 12.807489742511220854 18.338711761626054653 1.2457047784020951475 1.5 -2.753443666023745795 11.353869674539891932 18.047313373093121669 1.3079900173221998827 1.5 -2.9838944417908499496 9.9032174660703677915 17.742934843429893021 1.3702752562423046179 1.5 -3.2205998990095681123 8.455152764571751689 17.431269274295615901 1.432560495162409353 1.5 -3.4675486654875413706 7.0106373651401483471 17.111216904315554643 1.4948457340825140882 1.5 -3.7268849074875656235 5.5714516498301680514 16.777268286775836259 1.5571309730026188234 1.5 -3.998539224633461231 4.1396930550066386445 16.42191780730894024 1.6194162119227235586 1.5 -4.2804369666425001739 2.7174061320509479422 16.037736965415508195 1.6817014508428285158 1.5 -4.5691321529581321315 1.3063368061361622097 15.61884850359075827 1.7439866897629332509 1.5 -4.8606301697148390772 -0.092218629204820365408 15.161692086268921287 1.8062719286830379861 1.5 -5.1511697874811375186 -1.4774757271023211125 14.665118488715595646 1.8685571676031427213 1.5 -5.4378049910371739628 -2.8491222628011247942 14.129963065757273455 1.9308424065232474565 1.5 -5.7187182054643646012 -4.2071721142306053309 13.558312403610978336 1.9931276454433521916 1.5 -5.9932758416869740259 -5.5517368373052145003 12.952685749266811044 2.0554128843634571489 1.5 -6.2618866171145910471 -6.8827674106162852752 12.31531659888288921 2.117698123283561884 1.5 -6.5257395305188437007 -8.1998305795532679952 11.647661306620070931 2.1799833622036666192 1.5 -6.7864893352752169164 -9.5019786178340233107 10.950201113930701169 2.2422686011237713544 1.5 -7.0459357303616512169 -10.787757366479572951 10.222552661518278683 2.3045538400438760895 1.5 -7.3057208641958677475 -12.055384176057312828 9.463860832277603663 2.3668390789639808247 1.5 -7.5670564951265193443 -13.303115800933813517 8.6734130140412375454 2.4291243178840855599 1.5 -7.8304891620351009252 -14.529808966029904127 7.8513850394883561989 2.4914095568041902951 1.5 -8.0957149581764067392 -15.735642885179315087 6.9996121925546415099 2.5536947957242950302 1.5 -8.3614558113886499058 -16.922923887889858463 6.1222896648621185633 2.6159800346443997654 1.5 -8.625392162516369865 -18.09686170209185363 5.2265796661988126459 2.6782652735645045006 1.5 -8.8841235668380598156 -19.266192604809187827 4.3232107870466771615 2.7405505124846092357 1.5 -9.133080466235389494 -20.443588966656204065 3.4273689323625760039 2.8028357514047139709 1.5 -9.3663840003050164995 -21.645454545266606061 2.5600377267869829367 2.8651209903248187061 1.5 -9.5771101062840262585 -22.890442537480364393 1.7482403167177269498 2.9274062292449234413 1.5 -9.7571590267544010544 -24.19483894269477986 1.0269040008454630719 2.9896914681650281764 3 -10.000000000318657101 -27 1.0051655173289302006e-10 3.1142619460052416436 3 -10 -30 0 3.238832423845451558 3 0 2 1 0 0 0 1 0 0 0 1 1 0 0 0 1 0 0 0 1 2 -1 -1.2246467991473532072e-16 0 1.2246467991473532072e-16 -1 0 0 0 1 1 0 0 0 1 0 0 0 1 2 0 48 
1 53 1 53 -1 -1.2246467991473532072e-16 0 1.2246467991473532072e-16 -1 0 0 0 1 1.1207797936289426005e-11 5.1598027468735541134e-08 0.99999999999999888978 -1.0000000000000004441 -1.683604962824132028e-11 1.1208052045192092722e-11 1.6836396878735517198e-11 -0.99999999999999888978 5.1598027323018769152e-08 24.242640687119283882 -21.316718427000253655 1.1239224588802132487 0 3 21.242640687119283882 -21.316718427000253655 1.1239224588802132487 0.0013898707761951963058 3 18.249388077148957166 -21.326381093036502534 1.4061205765366013853 0.0027797415523903926116 3 15.613550839127951164 -21.344066778782178062 2.8106488150751363086 0.0041696123285855889173 3 13.949964221547913823 -21.32007448163377461 5.2945997643870370553 0.0055594831047807852231 3 13.386538518585958002 -21.19889619881880094 8.2403005828827318169 0.0069493538809759815289 3 13.562350620396006917 -21.069223153108719515 11.235854540398991119 0.0083392246571711778347 3 14.195538089016075389 -21.239271007351316456 14.16273093390541149 0.0097290954333663741405 3 14.987736673630616124 -21.918475055951681441 16.982502048202736233 0.011118966209561570446 3 15.190029928612828414 -22.766144749783425283 19.854444791568830908 0.012508836985756766752 3 13.998291939355219426 -23.067878758642290649 22.565054003055085019 0.013898707761951963058 3 11.569609970674683552 -22.700040792564429637 24.269671503813562197 0.015288578538147159364 3 8.6171506480525703608 -22.42096840504953903 24.758848518672294858 0.016678449314342355669 3 5.6807766585961649852 -22.803830118180137276 24.244904732665840896 0.018068320090537551975 3 3.2950216106642953307 -23.312892698738632902 22.513646720856389294 0.019458190866732748281 3 2.1265422908296547355 -22.948955957389113536 19.807311299705748553 0.020848061642927944587 3 2.3084375929464733268 -21.581680307972572308 17.146411585381517995 0.022237932419123140892 3 2.9697291580954519041 -19.946630981419950501 14.705234238040816308 0.023627803195318337198 3 3.3174109702438956404 -18.804678758028686048 11.958128932067593198 0.025017673971513533504 1.5 3.3573607832057903444 -18.522270069142159343 10.489946024041616468 0.025712609359611129922 1.5 3.3383817244882978414 -18.421758281041089589 8.9927522301902467206 0.02640754474770872981 1.5 3.3013611725318492418 -18.426216907422187319 7.492589618124307016 0.027102480135806329697 1.5 3.2710356844948758059 -18.501077939881174217 5.9939329104695602268 0.027797415523903926116 1.5 3.258152981473927845 -18.567970193401738044 4.4957749692353266013 0.028492350912001522534 1.5 3.2573917610217129059 -18.636321063552287569 2.9974266709120076513 0.029187286300099122421 1.5 3.2622175831382040911 -18.662509657250701878 1.4978200956593901161 0.029882221688196722309 1.5 3.2642533458352103182 -18.682728386024336942 -0.0018996920646604897702 0.030577157076294318727 1.5 3.2622314206622764488 -18.662558016730383059 -1.5016184945013992813 0.031272092464391915145 1.5 3.25736687404802705 -18.636438094920784181 -3.0012263446673026479 0.031967027852489518502 1.5 3.2579786662720544577 -18.568045016352762389 -4.4995709418243148292 0.032661963240587114921 1.5 3.2706672935852503237 -18.501112277987559196 -5.9977249725289505378 0.033356898628684711339 1.5 3.3008207009876842086 -18.42598426234361142 -7.4963734658183831527 0.034051834016782307757 1.5 3.3378697446883616173 -18.421271669252586634 -8.996532937224635873 0.034746769404879904175 1.5 3.3572171685326765989 -18.52147553802053892 -10.493749343182972922 0.035441704792977507532 1.5 3.3179768026889733257 -18.803884231432846263 -11.961956872724424983 0.03613664018107510395 3 2.9715353633187167048 -19.946706050877462957 -14.708800233383492184 0.037526510957270303726 3 2.3095216740312984882 -21.583954444713761234 -17.148335604861429715 0.038916381733465496562 3 2.1236484296993092258 -22.952592490445184126 -19.808315342253628444 0.040306252509660689398 3 3.287714302964459101 -23.314634411876536291 -22.516594565149787854 0.041696123285855889173 3 5.6703841446078726563 -22.800154891553386705 -24.250401889324685101 0.043085994062051088949 3 8.6050106106614290269 -22.414712032781540785 -24.773274574854799113 0.044475864838246281785 3 11.561181434984613148 -22.703705085914670292 -24.31004748575158203 0.045865735614441474621 3 14.002856793524411927 -23.091529314851207744 -22.629204265174607258 0.047255606390636674397 3 15.196010901062974696 -22.802524423633023787 -19.919956731867458188 0.048645477166831874172 3 14.981662376595252795 -21.947827403127565304 -17.050535672272392418 0.050035347943027067008 3 14.270581230144507856 -21.218578114000131052 -14.221444196127844606 0.051425218719222259844 3 13.882598412955374556 -20.883707692371960007 -11.268209649738430755 0.05281508949541745962 3 13.881629232869379109 -20.726778352173369058 -8.2695087436101033518 0.054204960271612659395 3 13.977521782118408566 -20.789701439248030823 -5.2632770355931368655 0.055594831047807852231 3 14.015055210450451995 -21.761139876255015224 -2.432886240386903598 0.056984701824003045068 3 14.008796850696711545 -24.040114190382059434 -0.5216163108110869473 0.058374572600198244843 3 13.999999999966387776 -27 -5.049111129196148795e-11 0.059764443376386006124 3 14.000000000000001776 -30 0 0.061154314152581032427 3 0 2 1 0 0 0 1 0 0 0 1 1 0 0 0 1 0 0 0 1 2 -1 -1.2246467991473532072e-16 0 1.2246467991473532072e-16 -1 0 0 0 1 1 0 0 0 1 0 0 0 1 2 0 52 
4 0 -30 0 0 1 0 0.60000002384185791016 0.60000002384185791016 0.60000002384185791016 notexture 
3 7.5209999999999990195 18.225000000000001421 13.506000000000000227 0.992368089196610903 -0.032898554725619741368 -0.11884132547743068986 0.027852241800306137137 0.99864861055081644015 -0.043877161161826896962 0.12012421975174071564 0.040232297248467607798 0.99194331193226281673 0 0 0 
3 -10 -30 0 1.0621931684603688156e-10 1 -1.9696469880041109173e-12 -1 1.0621931684597088806e-10 -3.3505517244506891887e-11 -3.3505517244297673353e-11 1.9696469915630458093e-12 1 48 0 0 
3 24.242640687119283882 -21.316718427000253655 1.1239224588802132487 1 0 0 0 1 0 0 0 1 0 1 0 
3 14.000000000000001776 -30 0 1.1204481786819542322e-11 5.1598034123134794982e-08 0.99999999999999866773 -1 -1.6830425941805060575e-11 1.1204481786819542322e-11 1.6830370430653829317e-11 -0.99999999999999855671 5.1598034012112492519e-08 52 1 0 
3 -2.0729999999999999538 22.679999999999999716 12.911999999999999034 -0.99099087855863365881 -0.080404239527045187619 0.10710852851040836287 0.017798212965080162373 0.71358253504430002589 0.70034505016812953482 -0.13274148646462066714 0.69594189696110964061 -0.70572273154925024841 -1 -1 0 
3 35.043348034116910128 -29.379781221829276205 -0.67599999999999982325 1.1170838427609908194e-06 -0.99999999999111888194 -4.0638068967702167811e-06 -1.0789421590051695432e-06 4.0638056915676123992e-06 -0.99999999999116073734 0.99999999999879407575 1.1170882273647819716e-06 -1.0789376193032218509e-06 -1 -1 0 
6 7.5209999999999990195 18.225000000000001421 13.506000000000000227 1.0005702222136259039 0.025183553100091592147 0.0037906280923002671351 -0.018883702904234630354 0.8377081248740113617 -0.54706913733603101946 -0.017126533719957624108 0.54682123503790602825 0.83775721500135136299  0 0 
6 -2.0729999999999999538 22.679999999999999716 12.911999999999999034 -0.97478526094110695688 -0.11059617199623487938 0.1834717557574452873 -0.0316416088795475961 0.92050322007590767992 0.3855503409867190312 -0.21144287794208169173 0.37022780637982949381 -0.9027505631512789952  4 0 
0 
1 1 49 1 49 -0.99236810123078877943 0.032898537609108963187 -0.11884122972597080392 -0.027852193267771767349 -0.99864859912758041638 -0.043877451962208262326 -0.12012413158801030222 -0.04023259479207434014 0.99194331054074003085 1.0627043443225765655e-10 0.99999999999999988898 -1.9646437254827731067e-12 -0.99999999999999966693 1.0627029381785429943e-10 -3.3388202594966027725e-11 -3.3387888040687291586e-11 1.9645396420742144983e-12 1.0000000000000004441 7.597280323450133821 18.161972147349505491 13.705999999999999517 0 3 4.6201760197577677047 18.078415567546191056 13.34562760523596836 0.12381975376963139102 3 2.4361562836506065466 19.003547085465577027 11.499519203018275348 0.24763950753926278203 1.5 1.5835693317028043392 19.992323643254149346 10.771502762214410609 0.30954938442407847754 1.5 0.92346910678366989078 21.281865264892331879 10.428400164123893035 0.37145926130889417305 1.5 0.45141558632983674881 22.690856408569970881 10.602401492550487916 0.43336913819370986856 1.5 0.10480166043033446732 23.984529862226668939 11.296707988574087977 0.49527901507852556406 1.5 -0.18124275098240849591 24.914106244285786573 12.442764228260331905 0.55718889196334120406 1.5 -0.42709225965374331135 25.210844450790595772 13.861356673196167932 0.61909876884815695508 1.5 -0.62863385717012720821 24.83424278342713265 15.299646809958279192 0.6810086457329727061 1.5 -0.7928092714149217457 23.991886298124523336 16.542616650800777478 0.7429185226177883461 1.5 -0.95347667504482580547 22.873173585675278474 17.537244297683205474 0.80482839950260398609 1.5 -1.1353610773367313058 21.574697989553051514 18.264556731448795546 0.86673827638741973711 1.5 -1.34397120756597932 20.160731343116417236 18.716136931410140676 0.92864815327223548813 1.5 -1.5729924089939164578 18.692168788814885971 18.920448407396083468 0.99055803015705112813 1.5 -1.8125093454099203694 17.210649678803672913 18.933053870492411619 1.0524679070418667681 1.5 -2.0537034066425410295 15.734559530584492748 18.811126190492515775 1.1143777839266824081 1.5 -2.2911714861515379837 14.268011305755837981 18.601453956109846644 1.1762876608114982702 1.5 -2.5236232100078543894 12.809330049407000374 18.339157106565220801 1.2381975376963139102 1.5 -2.7532235409028023021 11.355675154768070101 18.048585836677982996 1.3001074145811295502 1.5 -2.9841992098633056685 9.9051158983548432957 17.744244171466419857 1.3620172914659454122 1.5 -3.2212901914610649889 8.4572347519669577309 17.432049731602067055 1.4239271683507610522 1.5 -3.4683955752442612308 7.0129323043935887227 17.111181621557872035 1.4858370452355766922 1.5 -3.7276444783290036966 5.5739327058681631399 16.776381494721196219 1.5477469221203923322 1.5 -3.9990214170022486684 4.1422961556896993329 16.420328158042998723 1.6096567990052079722 1.5 -4.2805449881355510655 2.7200513502834438029 16.035697052677406305 1.6715666758900238342 1.5 -4.5688649227382169826 1.3089463054926784302 15.616637789247080903 1.7334765527748394742 1.5 -4.8600583277710054375 -0.08970767768224333083 15.159555770230490168 1.7953864296596551142 1.5 -5.1504015607378370589 -1.4751029875400571978 14.663228992265009865 1.8572963065444709763 1.5 -5.4369549274498494285 -2.8469004008292784214 14.128404995706155489 1.9192061834292866163 1.5 -5.7178854662210820692 -4.2050870824198849363 13.557087334542258006 1.9811160603141022563 1.5 -5.992533368133411642 -5.5497519605166880652 12.951730588379280817 2.0430259371989181183 1.5 -6.2612792484903874168 -6.8808305362083590495 12.314528755509545732 2.1049358140837335363 1.5 -6.5252877275928540257 -8.1978832689504255171 11.646924976222766901 2.1668456909685493983 1.5 -6.7861949959027461077 -9.4999664523860420928 10.949410972023931876 2.2287555678533648162 1.5 -7.0457873050250174884 -10.785640723539200891 10.221633204693720387 2.2906654447381806783 1.5 -7.3056962854552285336 -12.05314888759645342 9.4627807989458982973 2.3525753216229965403 1.5 -7.567123965495183846 -13.300782577805978946 8.6721944771018115716 2.4144851985078119583 1.5 -7.830607517556019026 -14.527438531022381696 7.850105158060528332 2.4763950753926278203 1.5 -8.095836492686727226 -15.733330790572397362 6.9983931037866433655 2.5383049522774436824 1.5 -8.361532126710654822 -16.92078234548113258 6.1212767613844514258 2.6002148291622591003 1.5 -8.6253754873078651855 -18.095005862007202069 5.2259312932765702442 2.6621247060470749624 1.5 -8.8839456193256864935 -19.264781760357273299 4.3231616640168013532 2.7240345829318908244 1.5 -9.1326403327779761554 -20.442843377563466589 3.4282864775575339067 2.7859444598167062423 1.5 -9.3656084211937571382 -21.645522396827548306 2.5622459961928889527 2.8478543367015221044 1.5 -9.5759382372981605158 -22.891101908061813219 1.7520978158692774862 2.9097642135863375223 1.5 -9.7558050041721777745 -24.195600528416079555 1.0317921486040597667 2.9716740904711533844 3 -10.000000000318786775 -27 1.0029900214296098973e-10 3.0954938442407895494 3 -10 -30 0 3.2193135980104212734 3 0 2 1 0 0 0 1 0 0 0 1 1 0 0 0 1 0 0 0 1 2 -1 -1.2246467991473532072e-16 0 1.2246467991473532072e-16 -1 0 0 0 1 1 0 0 0 1 0 0 0 1 2 0 48 
1 53 1 53 -1 -1.2246467991473532072e-16 0 1.2246467991473532072e-16 -1 0 0 0 1 1.1211483705546789975e-11 5.1598017268561502391e-08 0.9999999999999990008 -1.0000000000000004441 -1.6840622685906992034e-11 1.121174101678958965e-11 1.6840925772278419677e-11 -0.9999999999999990008 5.1598017108966942601e-08 24.242640687119283882 -21.316718427000253655 1.1239224588802132487 0 3 21.242640687119283882 -21.316718427000253655 1.1239224588802132487 0.001389870776195023484 3 18.249388077148957166 -21.326381093036502534 1.4061205765366013853 0.0027797415523900469679 3 15.613550839127951164 -21.344066778782178062 2.8106488150751363086 0.004169612328585070235 3 13.949964221547913823 -21.32007448163377461 5.2945997643870370553 0.0055594831047800939358 3 13.386538518585958002 -21.19889619881880094 8.2403005828827318169 0.0069493538809751167692 3 13.562350620396006917 -21.069223153108719515 11.235854540398991119 0.00833922465717014047 3 14.195538089016075389 -21.239271007351316456 14.16273093390541149 0.0097290954333651633035 3 14.987736673630616124 -21.918475055951681441 16.982502048202736233 0.011118966209560187872 3 15.190029928612828414 -22.766144749783425283 19.854444791568830908 0.012508836985755210705 3 13.998291939355219426 -23.067878758642290649 22.565054003055085019 0.013898707761950233538 3 11.569609970674683552 -22.700040792564429637 24.269671503813562197 0.015288578538145258107 3 8.6171506480525703608 -22.42096840504953903 24.758848518672294858 0.01667844931434028094 3 5.6807766585961649852 -22.803830118180137276 24.244904732665840896 0.018068320090535303774 3 3.2950216106642953307 -23.312892698738632902 22.513646720856389294 0.019458190866730326607 3 2.1265422908296547355 -22.948955957389113536 19.807311299705748553 0.02084806164292535291 3 2.3084375929464733268 -21.581680307972572308 17.146411585381517995 0.022237932419120375743 3 2.9697291580954519041 -19.946630981419950501 14.705234238040816308 0.023627803195315398577 3 3.3174109702438956404 -18.804678758028686048 11.958128932067593198 0.02501767397151042141 1.5 3.3573607832057903444 -18.522270069142159343 10.489946024041616468 0.025712609359607934562 1.5 3.3383817244882978414 -18.421758281041089589 8.9927522301902467206 0.026407544747705444244 1.5 3.3013611725318492418 -18.426216907422187319 7.492589618124307016 0.027102480135802957395 1.5 3.2710356844948758059 -18.501077939881174217 5.9939329104695602268 0.027797415523900467077 1.5 3.258152981473927845 -18.567970193401738044 4.4957749692353266013 0.028492350911997980228 1.5 3.2573917610217129059 -18.636321063552287569 2.9974266709120076513 0.02918728630009549338 1.5 3.2622175831382040911 -18.662509657250701878 1.4978200956593901161 0.029882221688193003062 1.5 3.2642533458352103182 -18.682728386024336942 -0.0018996920646604897702 0.030577157076290516213 1.5 3.2622314206622764488 -18.662558016730383059 -1.5016184945013992813 0.031272092464388029365 1.5 3.25736687404802705 -18.636438094920784181 -3.0012263446673026479 0.031967027852485535577 1.5 3.2579786662720544577 -18.568045016352762389 -4.4995709418243148292 0.032661963240583048729 1.5 3.2706672935852503237 -18.501112277987559196 -5.9977249725289505378 0.03335689862868056188 1.5 3.3008207009876842086 -18.42598426234361142 -7.4963734658183831527 0.034051834016778075032 1.5 3.3378697446883616173 -18.421271669252586634 -8.996532937224635873 0.034746769404875588183 1.5 3.3572171685326765989 -18.52147553802053892 -10.493749343182972922 0.035441704792973094396 1.5 3.3179768026889733257 -18.803884231432846263 -11.961956872724424983 0.036136640181070607547 3 2.9715353633187167048 -19.946706050877462957 -14.708800233383492184 0.03752651095726563385 3 2.3095216740312984882 -21.583954444713761234 -17.148335604861429715 0.038916381733460653214 3 2.1236484296993092258 -22.952592490445184126 -19.808315342253628444 0.040306252509655679517 3 3.287714302964459101 -23.314634411876536291 -22.516594565149787854 0.04169612328585070582 3 5.6703841446078726563 -22.800154891553386705 -24.250401889324685101 0.043085994062045725184 3 8.6050106106614290269 -22.414712032781540785 -24.773274574854799113 0.044475864838240751487 3 11.561181434984613148 -22.703705085914670292 -24.31004748575158203 0.045865735614435770851 3 14.002856793524411927 -23.091529314851207744 -22.629204265174607258 0.047255606390630797153 3 15.196010901062974696 -22.802524423633023787 -19.919956731867458188 0.048645477166825823456 3 14.981662376595252795 -21.947827403127565304 -17.050535672272392418 0.05003534794302084282 3 14.270581230144507856 -21.218578114000131052 -14.221444196127844606 0.051425218719215869123 3 13.882598412955374556 -20.883707692371960007 -11.268209649738430755 0.052815089495410888487 3 13.881629232869379109 -20.726778352173369058 -8.2695087436101033518 0.05420496027160591479 3 13.977521782118408566 -20.789701439248030823 -5.2632770355931368655 0.055594831047800934154 3 14.015055210450451995 -21.761139876255015224 -2.432886240386903598 0.056984701823995960457 3 14.008796850696711545 -24.040114190382059434 -0.5216163108110869473 0.05837457260019098676 3 13.999999999966377118 -27 -5.0510096105682578127e-11 0.059764443376374848382 3 14.000000000000001776 -30 0 0.061154314152569617946 3 0 2 1 0 0 0 1 0 0 0 1 1 0 0 0 1 0 0 0 1 2 -1 -1.2246467991473532072e-16 0 1.2246467991473532072e-16 -1 0 0 0 1 1 0 0 0 1 0 0 0 1 2 0 52 
4 0 -30 0 0 1 0 0.60000002384185791016 0.60000002384185791016 0.60000002384185791016 notexture 
3 7.597280323450133821 18.161972147349505491 13.705999999999999517 0.99236810123078877943 -0.032898537609109088087 -0.11884122972597080392 0.027852193267771888779 0.99864859912758041638 -0.043877451962208262326 0.12012413158801030222 0.040232594792074326262 0.99194331054074003085 0 0 0 
3 -10 -30 0 1.0626239349939083837e-10 1 -1.9578859844861726453e-12 -1 1.0626239349932538771e-10 -3.3433000714528378757e-11 -3.3433000714320329909e-11 1.9578859880388455216e-12 1 48 0 0 
3 24.242640687119283882 -21.316718427000253655 1.1239224588802132487 1 0 0 0 1 0 0 0 1 0 1 0 
3 14.000000000000001776 -30 0 1.1208145522800805338e-11 5.1598027406285495999e-08 0.99999999999999866773 -1 -1.6836587679591730193e-11 1.120809001164957408e-11 1.6836698701894192709e-11 -0.99999999999999866773 5.1598027517307798462e-08 52 1 0 
3 -2.2730000000000001315 22.760161943319836553 12.87799190283400641 -0.99099086615965537028 -0.080404280657411453248 0.10710861235260288327 0.01779818593888408268 0.71358283285096857362 0.7003447474192062705 -0.13274158265374438881 0.69594158685363172179 -0.70572301926621894275 -1 -1 0 
3 35.043348034116910128 -29.379781221829276205 -0.67599999999999982325 1.1170838427609908194e-06 -0.99999999999111888194 -4.0638068967702167811e-06 -1.0789421590051695432e-06 4.0638056915676123992e-06 -0.99999999999116073734 0.99999999999879407575 1.1170882273647819716e-06 -1.0789376193032218509e-06 -1 -1 0 
6 12.615000000000000213 14.016000000000000014 26.86199999999999477 0.9984088652888156723 0.051003698183548433487 0.048674341990889255505 -0.01351566051757484288 0.81758392570561100321 -0.57686282415068368401 -0.069337359574493051539 0.57476352622226545286 0.81607925178470097638  0 0 
6 -2.8140000000000000568 22.977000000000000313 12.785999999999997812 -0.97464028794250923138 -0.10203447015881228488 0.18911595521590643387 -0.02338733683101614641 0.92429232129250282757 0.37697874251279145374 -0.21318748641159168677 0.36318112852058137552 -0.90519930776559254237  4 0 
0 
1 1 49 1 49 -0.99236811329976304386 0.03289852160812178905 -0.11884113337505942953 -0.02785214569015082367 -0.99864858760789387837 -0.043877744349650048272 -0.12012404291532703671 -0.040232893815366758961 0.99194330915073880561 1.0626407650406554193e-10 0.99999999999999977796 -1.9602375278537920167e-12 -1.0000000000000004441 1.0626404486874699241e-10 -3.3379389257794425953e-11 -3.3379352482012740855e-11 1.9601126277635216866e-12 0.99999999999999988898 7.6737800208377136002 18.099614015316308979 13.905999999999998806 0 3 4.6966756809384246907 18.016057578245856519 13.545627871254017904 0.12263177355326135287 3 2.5840955122875137739 19.055209784432594944 11.682100353193037634 0.24526354710652270574 1.5 1.711499733378464283 20.022908316632165082 10.934050283475240661 0.30657943388315339606 1.5 0.99373267622472893912 21.275365018146871421 10.564661760440241522 0.36789532065978403086 1.5 0.47280944394786528218 22.671405710357287688 10.701526167238109011 0.42921120743641472117 1.5 0.11517855214825613308 23.990419659565439758 11.342195416913002148 0.49052709421304541149 1.5 -0.16679667190659841491 24.964787684134510215 12.447359959313983424 0.5518429809896761018 1.5 -0.41687478124082300024 25.285557643638448155 13.859970532513084862 0.61315886776630679211 1.5 -0.62603148286018883706 24.885921328514626794 15.284353298417803657 0.67447475454293748243 1.5 -0.79436111026549183212 24.001574159355286042 16.496582355211234727 0.73579064131956806172 1.5 -0.9569469509414418873 22.867489577995282701 17.47468934090662529 0.79710652809619875203 1.5 -1.1395456889416524238 21.572692219103263511 18.209052665842182961 0.85842241487282944234 1.5 -1.3471111125105226236 20.163882507475296535 18.676071266664248327 0.91973830164946013266 1.5 -1.5743568751687981866 18.697453119332852367 18.894949291739735031 0.98105418842609082297 1.5 -1.8122478027677266788 17.216083372222371395 18.91802399711555438 1.0423700752027214023 1.5 -2.0524154917411170373 15.739433455321744759 18.802817769960558536 1.1036859619793522036 1.5 -2.2896396293376923836 14.272289193369934068 18.59763576005084218 1.1650018487559827829 1.5 -2.5224825322532495875 12.813182620679089752 18.33832451699392152 1.2263177355326135842 1.5 -2.7527971800062114305 11.35933901748602004 18.049373890441234636 1.2876336223092441635 1.5 -2.9845157157207906629 9.9088207144848716723 17.745436454408299198 1.3489495090858749649 1.5 -3.222159912570694118 8.4611413655831206881 17.432739714260510056 1.4102653958625055441 1.5 -3.4695037792567129387 7.0171071617253515385 17.110859964135425315 1.4715812826391361234 1.5 -3.7286525239123751163 5.5783577197403868553 16.774916939965311968 1.5328971694157669248 1.5 -3.9996565651051829704 4.1468960199947346723 16.417877711853702039 1.5942130561923975041 1.5 -4.2806557360627985886 2.7247229292497303632 16.032588843549721247 1.6555289429690283054 1.5 -4.5684316021489772552 1.3135832941440854782 15.61325680682274708 1.7168448297456588847 1.5 -4.8591670980870294017 -0.085196003131097222671 15.156251446965688601 1.778160716522289686 1.5 -5.1492003589770138916 -1.470778509995450456 14.660255083038757462 1.8394766032989202653 1.5 -5.4356092111657785537 -2.8427884833793042318 14.125893902081573472 1.9007924900755510667 1.5 -5.7165447659820216586 -4.2011750975000943242 13.555054061665783749 1.9621083768521816459 1.5 -5.9913122943142571586 -5.5459941947380242411 12.9500974545313845 2.0234242636288124473 1.5 -6.2602513879089798365 -6.8771585223404816389 12.313161067188579167 2.0847401504054428045 1.5 -6.5244882586982901884 -8.1942197462186161516 11.645669351735215002 2.1460560371820736059 1.5 -6.7856273323933331554 -9.4962410954912588323 10.948130587957065174 2.2073719239587044072 1.5 -7.045429964221431085 -10.781806302308915235 10.220236778189340399 2.2686878107353352085 1.5 -7.3055079071546682457 -12.049196864133598694 9.4612437000425089195 2.3300036975119655658 1.5 -7.5670466486104173143 -13.296756138140347403 8.6705700743440239364 2.3913195842885963671 1.5 -7.8305708387990575758 -14.523438012739427805 7.848522323124922373 2.4526354710652271685 1.5 -8.0957641695071043131 -15.72950603734009789 6.9970377589613157454 2.5139513578418575257 1.5 -8.3613467434738968365 -16.917320437549761891 6.1203733611968296202 2.575267244618488327 1.5 -8.6249933816225787808 -18.092135208861126472 5.2257532363382637186 2.6365831313951191284 1.5 -8.8832741833312471869 -19.262768416209468114 4.3240432404900381869 2.6978990181717499297 1.5 -9.1315764046898681983 -20.441978784399992719 3.4306420528496492928 2.759214904948380287 1.5 -9.3639834387975540153 -21.646231189657513028 2.5667879620282056941 2.8205307917250110883 1.5 -9.573664412808586377 -22.893444313289471381 1.7593945502628587363 2.8818466785016418896 1.5 -9.7534035958281108947 -24.198439031309561642 1.0402212286944987341 2.9431625652782722469 3 -10.000000000318811644 -27 1.001639798227317211e-10 3.065794338831531185 3 -10 -30 0 3.1884261123847923436 3 0 2 1 0 0 0 1 0 0 0 1 1 0 0 0 1 0 0 0 1 2 -1 -1.2246467991473532072e-16 0 1.2246467991473532072e-16 -1 0 0 0 1 1 0 0 0 1 0 0 0 1 2 0 48 
1 53 1 53 -1 -1.2246467991473532072e-16 0 1.2246467991473532072e-16 -1 0 0 0 1 1.121502360995087863e-11 5.1598010780695702238e-08 0.99999999999999888978 -1.0000000000000004441 -1.684499778757042198e-11 1.1215274350758256655e-11 1.6845421806215450225e-11 -0.9999999999999990008 5.1598010621101142448e-08 24.242640687119283882 -21.316718427000253655 1.1239224588802132487 0 3 21.242640687119283882 -21.316718427000253655 1.1239224588802132487 0.001389870776194763926 3 18.249388077148957166 -21.326381093036502534 1.4061205765366013853 0.0027797415523895278519 3 15.613550839127951164 -21.344066778782178062 2.8106488150751363086 0.0041696123285842913442 3 13.949964221547913823 -21.32007448163377461 5.2945997643870370553 0.0055594831047790557038 3 13.386538518585958002 -21.19889619881880094 8.2403005828827318169 0.0069493538809738191961 3 13.562350620396006917 -21.069223153108719515 11.235854540398991119 0.0083392246571685826884 3 14.195538089016075389 -21.239271007351316456 14.16273093390541149 0.009729095433363347048 3 14.987736673630616124 -21.918475055951681441 16.982502048202736233 0.011118966209558111408 3 15.190029928612828414 -22.766144749783425283 19.854444791568830908 0.012508836985752874033 3 13.998291939355219426 -23.067878758642290649 22.565054003055085019 0.013898707761947638392 3 11.569609970674683552 -22.700040792564429637 24.269671503813562197 0.015288578538142402752 3 8.6171506480525703608 -22.42096840504953903 24.758848518672294858 0.016678449314337165377 3 5.6807766585961649852 -22.803830118180137276 24.244904732665840896 0.018068320090531931471 3 3.2950216106642953307 -23.312892698738632902 22.513646720856389294 0.019458190866726694096 3 2.1265422908296547355 -22.948955957389113536 19.807311299705748553 0.020848061642921456721 3 2.3084375929464733268 -21.581680307972572308 17.146411585381517995 0.022237932419116222815 3 2.9697291580954519041 -19.946630981419950501 14.705234238040816308 0.02362780319531098544 3 3.3174109702438956404 -18.804678758028686048 11.958128932067593198 0.025017673971505748065 1.5 3.3573607832057903444 -18.522270069142159343 10.489946024041616468 0.025712609359603132847 1.5 3.3383817244882978414 -18.421758281041089589 8.9927522301902467206 0.026407544747700514159 1.5 3.3013611725318492418 -18.426216907422187319 7.492589618124307016 0.027102480135797895472 1.5 3.2710356844948758059 -18.501077939881174217 5.9939329104695602268 0.027797415523895276784 1.5 3.258152981473927845 -18.567970193401738044 4.4957749692353266013 0.028492350911992658097 1.5 3.2573917610217129059 -18.636321063552287569 2.9974266709120076513 0.029187286300090042879 1.5 3.2622175831382040911 -18.662509657250701878 1.4978200956593901161 0.029882221688187424191 1.5 3.2642533458352103182 -18.682728386024336942 -0.0018996920646604897702 0.030577157076284805504 1.5 3.2622314206622764488 -18.662558016730383059 -1.5016184945013992813 0.031272092464382186816 1.5 3.25736687404802705 -18.636438094920784181 -3.0012263446673026479 0.031967027852479568129 1.5 3.2579786662720544577 -18.568045016352762389 -4.4995709418243148292 0.032661963240576949441 1.5 3.2706672935852503237 -18.501112277987559196 -5.9977249725289505378 0.033356898628674330753 1.5 3.3008207009876842086 -18.42598426234361142 -7.4963734658183831527 0.034051834016771712066 1.5 3.3378697446883616173 -18.421271669252586634 -8.996532937224635873 0.034746769404869093378 1.5 3.3572171685326765989 -18.52147553802053892 -10.493749343182972922 0.03544170479296648163 1.5 3.3179768026889733257 -18.803884231432846263 -11.961956872724424983 0.036136640181063862942 3 2.9715353633187167048 -19.946706050877462957 -14.708800233383492184 0.037526510957258625567 3 2.3095216740312984882 -21.583954444713761234 -17.148335604861429715 0.038916381733453388192 3 2.1236484296993092258 -22.952592490445184126 -19.808315342253628444 0.040306252509648150817 3 3.287714302964459101 -23.314634411876536291 -22.516594565149787854 0.041696123285842913442 3 5.6703841446078726563 -22.800154891553386705 -24.250401889324685101 0.043085994062037683006 3 8.6050106106614290269 -22.414712032781540785 -24.773274574854799113 0.044475864838232445631 3 11.561181434984613148 -22.703705085914670292 -24.31004748575158203 0.045865735614427208255 3 14.002856793524411927 -23.091529314851207744 -22.629204265174607258 0.04725560639062197088 3 15.196010901062974696 -22.802524423633023787 -19.919956731867458188 0.048645477166816733505 3 14.981662376595252795 -21.947827403127565304 -17.050535672272392418 0.05003534794301149613 3 14.270581230144507856 -21.218578114000131052 -14.221444196127844606 0.051425218719206265694 3 13.882598412955374556 -20.883707692371960007 -11.268209649738430755 0.052815089495401028319 3 13.881629232869379109 -20.726778352173369058 -8.2695087436101033518 0.054204960271595790944 3 13.977521782118408566 -20.789701439248030823 -5.2632770355931368655 0.055594831047790553569 3 14.015055210450451995 -21.761139876255015224 -2.432886240386903598 0.056984701823985316194 3 14.008796850696711545 -24.040114190382059434 -0.5216163108110869473 0.058374572600180085757 3 13.99999999996636646 -27 -5.0522919181616998685e-11 0.059764443376367416827 3 14.000000000000001776 -30 0 0.061154314152562012918 3 0 2 1 0 0 0 1 0 0 0 1 1 0 0 0 1 0 0 0 1 2 -1 -1.2246467991473532072e-16 0 1.2246467991473532072e-16 -1 0 0 0 1 1 0 0 0 1 0 0 0 1 2 0 52 
4 0 -30 0 0 1 0 0.60000002384185791016 0.60000002384185791016 0.60000002384185791016 notexture 
3 7.6737800208377136002 18.099614015316308979 13.905999999999998806 0.99236811329976304386 -0.032898521608121913951 -0.11884113337505942953 0.027852145690150945101 0.99864858760789387837 -0.043877744349650048272 0.12012404291532703671 0.040232893815366745083 0.99194330915073880561 0 0 0 
3 -10 -30 0 1.0627060914977239245e-10 1 -1.9647489590393863995e-12 -1 1.0627060914970678668e-10 -3.3387993274452696898e-11 -3.3387993274243904879e-11 1.9647489625875485565e-12 1 48 0 0 
3 24.242640687119283882 -21.316718427000253655 1.1239224588802132487 1 0 0 0 1 0 0 0 1 0 1 0 
3 14.000000000000001776 -30 0 1.1211809258782068355e-11 5.1598017414278274373e-08 0.99999999999999866773 -1 -1.6840917549387768304e-11 1.1211753747630837097e-11 1.6840973060538999562e-11 -0.99999999999999866773 5.1598017358767123142e-08 52 1 0 
3 -2.4730000000000003091 22.835887657434501108 12.855074378680953373 -0.99099085386636631689 -0.080404322744892384178 0.10710869449837098766 0.017798157019386862121 0.7135831307016874403 0.7003444446732559614 -0.1327416783076190987 0.69594127659013971243 -0.70572330723744924885 -1 -1 0 
3 35.043348034116910128 -29.379781221829276205 -0.67599999999999982325 1.1170838427609908194e-06 -0.99999999999111888194 -4.0638068967702167811e-06 -1.0789421590051695432e-06 4.0638056915676123992e-06 -0.99999999999116073734 0.99999999999879407575 1.1170882273647819716e-06 -1.0789376193032218509e-06 -1 -1 0 
6 12.734999999999999432 13.974000000000000199 27.137999999999998124 0.99849664524055992132 0.048650035226815914469 0.04927938613495874004 -0.011306176509834606203 0.8181803163952561242 -0.57606424125385724544 -0.068465540800233412599 0.57411864208481999672 0.81660662564436536925  0 0 
6 -2.8140000000000000568 22.964999999999999858 12.815999999999998948 -0.97478104291382272617 -0.10318530138466584789 0.18776122170990394711 -0.02497396417024730364 0.92421492430042229138 0.37706671372754879679 -0.2123612177169963422 0.36305406825817448935 -0.90544446489756269525  4 0 
0 
