-6.726554813   2.682803912   4.624346533   0.9973794654   -0.01167350352   0.07139979913   0.008986548455   0.9992434525   0.03783866475   -0.07178749158   -0.03709786946   0.996729805   

1.637984132   6.741004131   1.561980866   0.9993134753   -0.02319116007   -0.02889200722   0.02219241185   0.9991609538   -0.03442216363   0.0296660554   0.03375734865   0.9989896729   

-48.03504187   64.82034029   87.17605338   0.7361874441   -0.2480026751   -0.6297005005   -0.1310932978   0.8605614021   -0.4921875867   0.6639597838   0.4448918366   0.6010230105   

1.674631287   0.3378827423   -1.683930649   0.9840552002   0.08470794048   -0.1563967001   -0.1106030143   0.9800557276   -0.1650991942   0.139292269   0.1797646671   0.9737978888   

2.928358565   0.2504638562   -1.652364923   0.9981949967   0.04324093776   -0.04167697132   -0.04577917782   0.9970253157   -0.0620063441   0.03887178302   0.06380235992   0.9972052163   

2.478080802   6.709970202   -3.66729808   0.8797636772   -0.1924705314   -0.4347079097   0.1784181181   0.9812163514   -0.0733583452   0.4406618288   -0.01302175963   0.8975787355   

10.20893855   -13.82792675   -15.1033116   0.969705352   -0.1434701353   -0.1977064761   0.2078550139   0.9097915345   0.3592710076   0.1283270182   -0.3894813012   0.9120507072   

26.70089728   -36.0468951   -19.2972537   0.9558684451   0.1077718803   0.2733143564   -0.2757005303   0.650476846   0.7077210541   -0.1015122318   -0.7518411365   0.651483056   

-52.8828293   7.567943492   49.26908113   0.856201477   -0.5140976629   0.0512115591   0.4722865048   0.7386555926   -0.4809712808   0.2094385068   0.4359948493   0.8752393977   

-23.00361796   34.88344367   4.35570851   0.9794955805   0.01962870736   0.200507161   0.1228724572   0.730510412   -0.6717565759   -0.159658282   0.6826194048   0.7131198926   

-0.4471576226   5.781070382   -3.679623361   0.9993497377   -0.005985478991   -0.03555665612   0.007356079763   0.9992299023   0.03854206059   0.03529858133   -0.03877855573   0.9986241704   

5.142840392   6.424679043   1.844369238   0.9903566221   0.1186140505   0.07158539072   -0.138541403   0.848658373   0.5104755093   -0.0002019733772   -0.5154703415   0.8569073966   

4.571045861   4.403566853   -7.529095807   0.9977712267   -0.0571546297   -0.03443729712   0.05577134337   0.9976470938   -0.0398727149   0.03663517964   0.03786323334   0.9986111551   

28.55403173   -17.75263455   -4.447253017   0.99821839   0.04551130752   -0.03858454011   -0.02747182549   0.924623153   0.3798912   0.05296550436   -0.3781543942   0.9242261138   

1.891365927   0.7753980315   -1.062263521   0.9997731885   0.02129046516   0.0005363110452   -0.02129573991   0.9990899475   0.03695630329   0.0002509939136   -0.03695934231   0.9993167386   

2.367265207   1.349231199   0.3536378748   0.9999783568   0.0003655174365   0.00656903715   -1.574988387e-05   0.9985856758   -0.05316622898   -0.006579179586   0.05316497484   0.998564069   

-1.516139726   1.632545473   -2.444052683   0.9994241436   -0.03031200942   -0.01525002552   0.0310216006   0.9983329258   0.04867267694   0.01374923595   -0.04911772867   0.9986983565   

-1.064351077   0.7010074561   4.001463634   0.996903025   0.05577529675   0.05543893132   -0.03341016575   0.9385659555   -0.3434788321   -0.07119072733   0.3405628628   0.937522702   

-12.06461719   -20.08401826   -0.9845188173   0.8610857181   -0.4756368855   -0.1797246205   0.3926499949   0.8466062887   -0.3592823034   0.3230439098   0.2388039889   0.9157594047   

-1.831159561   -3.60169913   -1.574791958   0.9849002972   -0.08632279743   -0.1500659159   0.08968471679   0.9958453692   0.01576871165   0.1480812482   -0.02898922796   0.9885502358   

-1.026443545   -3.040319604   2.898842818   0.999343596   -0.02659003794   -0.02460379957   0.02644443175   0.9996309047   -0.006224654853   0.02476023223   0.005569935467   0.9996779015   

0.08750917233   -1.905187345   2.6116658   0.9805421377   0.1540532719   -0.1216745893   -0.128755496   0.9725622655   0.1937644498   0.1481861617   -0.1743279357   0.9734734882   

1.776503856   -0.1104066745   -3.229335041   0.9786643399   0.2052451338   0.009515501779   -0.2051259067   0.9733360874   0.1026655902   0.01180983154   -0.102427028   0.9946704137   

5.096237516   -3.681375122   -4.144226071   0.9849019929   -0.1672755361   -0.04457532375   0.1663526683   0.9857816577   -0.02369204865   0.04790463668   0.01591912189   0.9987250509   

5.054874301   -1.458883955   0.77578081   0.9991486328   -0.004215976193   0.04103943374   0.005859682798   0.9991819228   -0.04001436441   -0.04083716071   0.04022077556   0.9983559563   

3.544920806   -1.311993947   1.546025485   0.9995462083   -0.01254637028   0.02738550745   0.01339151109   0.9994328041   -0.03089882851   -0.02698230636   0.0312515402   0.9991472846   

1.25177696   -2.859578569   2.295454661   0.9443844951   -0.3229252781   0.0621062816   0.3288212221   0.9251373789   -0.1897298976   0.003811737358   0.1995998369   0.9798700811   

2.941902235   2.290762496   -1.949292175   0.9442841237   0.3104548552   -0.1092944492   -0.2786410728   0.9308026186   0.2365705768   0.1751760437   -0.1929359172   0.9654476089   

2.720595832   -2.015354273   -2.215843201   0.9951855817   -0.09791127482   0.004363521877   0.09800457643   0.9945556742   -0.03541347091   -0.0008723873591   0.03567062076   0.9993632201   

5.038604709   -2.151264339   -8.707031251   0.9914823647   -0.1130374356   -0.06469357436   0.1131897454   0.9935725162   -0.001317794576   0.06442671758   -0.006016079131   0.9979043065   

-9.155693763   -24.67699665   8.708120005   0.2914981903   0.9355377003   -0.1994944017   -0.5730312839   0.3377715311   0.7466897217   0.7659399146   -0.1033421695   0.6345521596   

2.369056124   1.725445119   -7.713112796   0.9997396589   -0.01719877594   0.01499388031   0.01678196613   0.999481066   0.02749480449   -0.01545897646   -0.02723601967   0.9995094893   

2.07088306   3.477500398   -6.265782098   0.98847441   0.1066252627   -0.1074681074   -0.1214402782   0.9823377218   -0.1423546952   0.09039136907   0.1537649302   0.9839643015   

0.9337782029   3.003262579   -4.118826799   0.9999636883   0.002478073965   -0.008153596987   -0.002690595426   0.9996542037   -0.02615786262   0.008085956384   0.02617885081   0.9996245721   

6.104582348   4.730118665   -4.067558567   0.9970097956   0.05139342419   -0.05770774188   -0.05724409893   0.9928454837   -0.1047900692   0.05190935043   0.1077801531   0.992818643   

29.00129688   4.971486044   -38.15005166   0.990416703   0.02129953814   -0.1364590933   -0.06677449108   0.9387297214   -0.3381237605   0.1208963267   0.3439954066   0.9311558615   

-0.1401977483   -0.981773002   -2.406278093   0.9990369991   0.04360922922   -0.004827992646   -0.04368403426   0.998906515   -0.01665771236   0.004096283312   0.01685257717   0.9998495942   

-0.1655882999   -0.1697396878   1.281671919   0.9996736291   0.01128907043   -0.02291707367   -0.01250612645   0.9984800002   -0.05367761116   0.02227626939   0.05394669617   0.9982953079   

-1.027755366   0.9526566543   1.848268934   0.998329215   -0.0576089334   0.004470926603   0.05745872636   0.9979402078   0.02852781731   -0.00610517455   -0.02822325971   0.9995830003   

4.389283086   -2.327002026   -4.816247066   0.9908580612   0.1336894325   0.01809525359   -0.1338951782   0.990937996   0.01067563715   -0.01650405446   -0.01300090834   0.9997792719   

-1.321098107   -1.189964046   -2.454670225   0.9927637289   -0.08626244518   0.08354022483   0.06994708846   0.9808790365   0.1816142079   -0.09760934089   -0.1744566027   0.9798149368   

5.915074103   -2.029421246   -5.373410271   0.9853241273   0.15974019   -0.06016174729   -0.1635925304   0.9843368665   -0.06571466602   0.04872215257   0.07459225842   0.9960231658   

1.305664811   0.007854129959   -1.460458939   0.9992601496   0.03170708489   0.02176727491   -0.03244127399   0.9988866973   0.03424806243   -0.02065713512   -0.03492888211   0.9991762887   

