-6.726554813   2.682803912   4.624346533   0.9973794654   -0.01167350352   0.07139979913   0.008986548455   0.9992434525   0.03783866475   -0.07178749158   -0.03709786946   0.996729805   

1.637984132   6.741004131   1.561980866   0.9993134753   -0.02319116007   -0.02889200722   0.02219241185   0.9991609538   -0.03442216363   0.0296660554   0.03375734865   0.9989896729   

-8.574516053   6.229767057   6.571846654   0.8626808819   -0.4220370415   0.2786869779   0.4527691148   0.8900061589   -0.0537509613   -0.22534823   0.172550783   0.9588766357   

-3.156377394   3.903477907   5.600401195   0.9978814034   0.02392453304   -0.06050059136   -0.03040486604   0.9936238766   -0.1085685773   0.05751737961   0.1101780766   0.9922462106   

-7.332741761   -45.16642344   34.22750706   0.1865182821   0.9163377265   0.3543107413   -0.6783338424   -0.1407640455   0.721144009   0.710685675   -0.3748475083   0.595327823   

-1.340964988   56.57533253   -22.59766917   -0.01755360534   -0.5117244703   0.8589702774   0.8593463227   -0.4468703217   -0.2486580247   0.5110927201   0.7337881044   0.4475927271   

-0.7865643921   -54.74450893   26.66533911   -0.4347037407   0.8699597689   0.2328146439   -0.6299631622   -0.4784864036   0.6117165813   0.6435674574   0.1192508368   0.7560424365   

-1.239804089   3.58321128   1.094048243   0.9829322305   0.06181662181   0.173271277   -0.0344741758   0.9870631522   -0.1565818152   -0.1807090517   0.1479359284   0.9723472629   

0.5344677148   -3.298308518   0.8748873181   0.986352668   -0.1588641829   -0.0432502694   0.1577568313   0.9870827628   -0.02793566805   0.04712957249   0.02073139525   0.9986736267   

1.473884222   -3.288033763   0.001336538456   0.99698745   0.06935125923   -0.03473366435   -0.06756774863   0.9964545339   0.05012944427   0.0380870574   -0.04763155131   0.9981385732   

-3.490329829   -2.900522381   6.335410017   0.9846319209   0.1603473664   -0.06920045165   -0.1519347356   0.98187403   0.113310306   0.08611513549   -0.1010549919   0.9911468469   

16.23380335   -8.791748024   -6.69266579   0.8219047293   -0.01191314957   0.5695003888   0.3715843675   0.7689810712   -0.5201857072   -0.4317379689   0.6391605346   0.6364559193   

-8.89296581   3.487178621   8.940047993   0.8152875622   0.3039076419   -0.4928958673   0.02720472002   0.830162786   0.5568569403   0.578416886   -0.4674076314   0.6685536718   

0.5086684101   -22.22633121   17.73238854   0.8567305006   0.2908346222   -0.4259437427   -0.04332469648   0.8635117729   0.5024643159   0.5139414559   -0.4120226215   0.7523971952   

-5.868901816   -6.815396003   8.2824048   0.6972614324   0.5542127522   -0.4546149141   -0.5651592693   0.8151577817   0.1269361701   0.4409325291   0.1684221368   0.8815965566   

5.694893516   37.40840521   -27.38993948   0.4912031825   -0.315924725   0.8117333316   0.6474945987   -0.4909173953   -0.5828815108   0.5826406938   0.8119062009   -0.03658063388   

-17.42239634   10.95651518   15.49174664   0.1603312308   0.6853541084   -0.7103405117   0.2843770123   0.657063741   0.6981382063   0.9452108819   -0.3139378703   -0.08955111546   

-15.55296845   57.77262496   16.31804616   0.08866801157   -0.5176528804   -0.8509838301   0.1696860278   -0.8340102036   0.5250082211   -0.9815012153   -0.1909515009   0.01388843468   

6.730458967   1.284880753   -10.85284575   0.9928933318   0.1189606834   0.003344773432   -0.1141469545   0.9599138765   -0.2559996531   -0.03366458812   0.2537985528   0.9666710868   

-13.87799175   9.543106344   10.60546785   0.9964611495   -0.07574424545   0.03644155432   0.07909020501   0.9916976028   -0.101393314   -0.028459042   0.1039166682   0.9941787611   

-2.318516306   9.002753629   1.659822219   0.948199643   -0.2718922217   0.1642925951   0.3122814742   0.8926634003   -0.3250112838   -0.05828994652   0.3594811171   0.9313300213   

13.86080232   -60.17472152   3.905286319   0.6800254999   0.5990388478   0.4227502553   0.2333243848   0.3698051784   -0.8993352331   -0.6950719754   0.7102088347   0.1117065807   

-11.43082953   55.85233174   -0.9332792746   0.8483073932   0.05237516173   -0.5269074008   0.4864930034   0.3157614918   0.8146282821   0.209043355   -0.9473919583   0.2423826583   

2.159377259   11.61621033   4.844694065   0.8645707962   0.4652448934   0.1899066284   -0.4119511378   0.8726218602   -0.2623496695   -0.2877735193   0.148587611   0.9461015397   

1.893442346   4.399935576   -7.32354108   0.9713929411   -0.2353624434   -0.03162711266   0.1912523358   0.6963915175   0.6917090417   -0.1407774772   -0.6779700396   0.7214834214   

-0.393876927   -2.140778223   3.311578983   0.8504409819   0.4346807343   -0.296315365   -0.5181361184   0.5946453031   -0.6147616825   -0.09102251954   0.6763502219   0.7309345239   

1.62445481   0.5078565253   -4.773832845   0.9409675069   0.09258935368   0.3255877188   -0.1810066202   0.9504250345   0.2528415655   -0.2860362817   -0.2968492301   0.9110783611   

2.930450656   2.243524649   -4.722432948   0.9737973556   0.08237771117   -0.2119731654   -0.1270428983   0.9701400606   -0.2066116279   0.1886234665   0.2281275422   0.9551853288   

1.674631287   0.3378827423   -1.683930649   0.9840552002   0.08470794048   -0.1563967001   -0.1106030143   0.9800557276   -0.1650991942   0.139292269   0.1797646671   0.9737978888   

2.928358565   0.2504638562   -1.652364923   0.9981949967   0.04324093776   -0.04167697132   -0.04577917782   0.9970253157   -0.0620063441   0.03887178302   0.06380235992   0.9972052163   

-2.821377599   5.213575874   -9.521487389   0.7476603522   -0.5635990138   -0.3512266354   0.6613074748   0.5835912269   0.4712681865   -0.06063350206   -0.5846173376   0.8090402629   

2.921513441   1.552324494   5.024936786   0.9965307057   -0.05913902806   -0.05855875611   0.008542612763   0.7725796558   -0.6348603777   0.08278632933   0.6321576155   0.7704045514   

5.692640334   2.194728335   2.387728655   0.9946455007   0.02179329268   0.101021682   -0.07179945802   0.8487995154   0.5238169723   -0.07433145815   -0.5282654967   0.8458193657   

-0.7816942268   1.596894799   -3.012072574   0.9971512915   -0.07136776808   -0.02441195345   0.07362356593   0.9912766904   0.1093164838   0.01639732696   -0.1108023681   0.9937071817   

-1.552669906   2.938779315   -6.663219003   0.9754143749   0.2126881805   0.05771078785   -0.2061784148   0.9731983716   -0.1018596621   -0.07782839095   0.08745665984   0.9931233932   

0.4921711602   1.295116995   -4.424160523   0.992986712   -0.1147451139   -0.02847716131   0.1170953867   0.9877661909   0.102988458   0.0163113548   -0.1056007145   0.9942748256   

-1.472502401   -8.08144961   12.54097597   0.9803285802   0.1533842975   -0.1242140576   -0.1959088195   0.6796945917   -0.7068486375   -0.02399185853   0.7172785507   0.6963733708   

-0.4200240774   3.599614906   -21.13048412   0.9129945416   -0.2077841608   -0.3510935908   0.407238069   0.4125720602   0.8148260245   -0.0244565356   -0.8869103887   0.4612936594   

21.32911614   -62.47215557   2.910175092   0.8796002531   0.4683440297   -0.08341021867   -0.1960582445   0.1971446264   -0.960570227   -0.4334334546   0.8612710758   0.2652311716   

4.281585787   -7.904341884   -0.7282036629   0.8177081536   0.144214121   0.5572752129   -0.1059548972   0.9892753342   -0.1005379175   -0.5657976099   0.02316463703   0.8242186993   

-14.98173929   52.9489558   3.845201095   0.5642024022   -0.4274406644   -0.7063781761   0.7314678429   0.6555784324   0.187541232   0.3829235486   -0.6225041344   0.6825380272   

16.15687172   -56.29410058   -5.992721446   0.1381015431   0.7056379975   0.6949841583   -0.7330299641   0.5447019387   -0.4073903162   -0.6660293053   -0.4531829813   0.5924779742   

1.903999947   -11.00793383   -5.380458962   0.9179780422   0.2607494553   -0.2988746153   -0.2768032529   0.9608528935   -0.01190278246   0.2840708948   0.09365595866   0.9542181554   

-2.018799095   -10.0099622   -4.046830585   0.917038988   0.1299693055   0.3770245008   -0.08471202133   0.9873125955   -0.1343045504   -0.3896965075   0.09122400142   0.9164141059   

1.235404641   -6.967139735   -1.193383194   0.9869071737   0.1602499621   0.0182805928   -0.1602723999   0.9870727937   -0.000240503127   -0.01808281642   -0.002692520218   0.9998328671   

-1.457341149   -2.93372573   1.251436459   0.9838985719   0.1544576697   0.08992457096   -0.1510910747   0.9875774435   -0.04315414519   -0.0954729666   0.02887250176   0.9950132116   

4.084799594   -11.24504222   5.714379864   0.9702736394   0.09198777239   -0.2238466313   -0.05053583507   0.9815669392   0.1843162317   0.2366752923   -0.1675249045   0.9570372053   

6.795961629   62.41100921   -9.64967584   -0.3982732467   -0.9172405507   0.006942130479   0.8904526921   -0.3848030401   0.2429416051   -0.2201645387   0.1029387806   0.9700160737   

-6.978209099   -61.92766422   10.89672657   -0.3650465835   0.8935925458   -0.2612151488   -0.9308119024   -0.3557927409   0.08367035295   -0.01817125003   0.273685746   0.961647502   

-5.597277671   -5.479100112   2.209481469   0.9912172449   0.1148128285   -0.06562307359   -0.1129066491   0.9930880612   0.03206542307   0.06885101284   -0.02437451898   0.9973291437   

-9.421380789   -41.4274393   16.23220522   0.8279067493   0.533059297   -0.1744081431   -0.5345273281   0.844083273   0.04247309403   0.1698556739   0.05806215751   0.9837570004   

-12.26378808   10.26590567   -2.408009873   0.9885910638   0.1412866274   -0.05220917078   -0.1378942244   0.9883959254   0.06370775133   0.06060438499   -0.05578157056   0.9966019892   

-1.012802825   28.3300435   -6.32624142   0.9482976833   -0.3001212884   0.1032410583   0.2913018267   0.9521710331   0.09226900596   -0.1259950381   -0.05742417571   0.9903674643   

-5.058548007   -34.43562534   21.61957163   0.87341309   0.4406668221   -0.2072735536   -0.4555791425   0.8897516118   -0.02810185523   0.1720384232   0.118974036   0.9778793176   

-0.5324384268   32.79898646   -22.96356735   0.9395178667   -0.3187493523   0.1253197054   0.3154409364   0.947832053   0.04595013486   -0.1334286094   -0.003640007457   0.9910517426   

-12.0183844   79.44283684   30.00891489   0.8812095201   0.4727256035   0.0005343359192   0.3212349476   -0.5996437269   0.7329635115   0.3468110295   -0.6457227768   -0.6802677453   

-5.786732955   8.771431513   12.76119551   0.9988918765   0.01077713755   0.0458134522   -0.004066200702   0.9895512278   -0.1441243681   -0.04688800602   0.1437783738   0.9884985049   

-4.162714939   5.596976878   -0.3818374008   0.9990390837   -0.038136977   -0.02159815374   0.03794891966   0.999238688   -0.0090511876   0.02192689574   0.008222863566   0.9997257603   

-1.625648693   6.011564241   -3.037308769   0.9991204383   0.03989204078   0.01292187472   -0.0403816804   0.9983771911   0.04015350832   -0.01129909959   -0.04063999785   0.9991099644   

-1.511585326   2.737291939   -0.2943843139   0.9994266818   0.02372026967   0.02415898432   -0.02278919005   0.9990135781   -0.03811198648   -0.02503917997   0.0375395725   0.9989813912   

-3.284609261   7.217692216   -5.802265696   0.9650237887   -0.1741341725   -0.1959754504   0.2109203047   0.95966209   0.1859066919   0.1556975023   -0.2207395819   0.9628251787   

-3.724152993   -2.194703592   3.678893048   0.8657022596   -0.09885513386   0.4907007848   0.473368019   0.4803809539   -0.7383473828   -0.1627338817   0.8714710561   0.4626617362   

-2.908173796   6.743190472   -2.568583869   0.9816679183   0.09193991509   0.1669585283   -0.1459678361   0.9259238043   0.3483654683   -0.1225621841   -0.3663497791   0.9223699639   

-0.4471576226   5.781070382   -3.679623361   0.9993497377   -0.005985478991   -0.03555665612   0.007356079763   0.9992299023   0.03854206059   0.03529858133   -0.03877855573   0.9986241704   

5.142840392   6.424679043   1.844369238   0.9903566221   0.1186140505   0.07158539072   -0.138541403   0.848658373   0.5104755093   -0.0002019733772   -0.5154703415   0.8569073966   

4.571045861   4.403566853   -7.529095807   0.9977712267   -0.0571546297   -0.03443729712   0.05577134337   0.9976470938   -0.0398727149   0.03663517964   0.03786323334   0.9986111551   

2.618089524   -2.840215771   -4.529746745   0.9882444809   -0.1495380156   -0.03179980806   0.1340631073   0.9476229713   -0.2898927172   0.07348421027   0.2822216968   0.9565307024   

8.646770147   -2.552452068   -12.80931053   0.9694775167   0.2308987252   -0.0824567972   -0.09157167676   0.6529701349   0.7518275274   0.2274378436   -0.721329177   0.6541836483   

5.485074808   -9.842921915   2.414600748   0.9994753625   0.03072637222   -0.01024157551   -0.03008961819   0.9978973429   0.0574065148   0.01198393493   -0.05706823209   0.9982983533   

-1.665246934   -8.779859886   6.91892289   0.9961478266   -0.07943737238   0.03713773556   0.08431016583   0.9840653782   -0.1565475244   -0.0241102358   0.1590755648   0.9869719658   

2.383275389   -0.08401402379   -1.286539722   0.9994202071   -0.02923615735   -0.01744983301   0.02996628517   0.998618654   0.04316023101   0.01616388945   -0.04365811369   0.9989157611   

11.0860688   6.34682911   4.844820341   0.9869523093   0.1536151561   0.04824440806   -0.1457262207   0.9796388595   -0.1380998678   -0.06847632965   0.1292675082   0.9892425909   

1.891365927   0.7753980315   -1.062263521   0.9997731885   0.02129046516   0.0005363110452   -0.02129573991   0.9990899475   0.03695630329   0.0002509939136   -0.03695934231   0.9993167386   

2.367265207   1.349231199   0.3536378748   0.9999783568   0.0003655174365   0.00656903715   -1.574988387e-05   0.9985856758   -0.05316622898   -0.006579179586   0.05316497484   0.998564069   

-1.516139726   1.632545473   -2.444052683   0.9994241436   -0.03031200942   -0.01525002552   0.0310216006   0.9983329258   0.04867267694   0.01374923595   -0.04911772867   0.9986983565   

-1.064351077   0.7010074561   4.001463634   0.996903025   0.05577529675   0.05543893132   -0.03341016575   0.9385659555   -0.3434788321   -0.07119072733   0.3405628628   0.937522702   

1.253897385   5.989150022   -4.209755034   0.9327884463   0.2981712384   0.2024836465   -0.3130448331   0.9486650492   0.04513930452   -0.1786299161   -0.1054918811   0.9782447629   

0.09048596038   2.932901117   -2.194033951   0.9975522414   -0.01615313617   0.06803382955   0.0006861255567   0.9751666077   0.22147148   -0.06992177774   -0.2208826915   0.9727907183   

-0.7475729048   -8.482337424   -0.9218711907   0.9293718581   -0.3574022159   -0.09236669009   0.3573134439   0.9338098025   -0.01806531483   0.09270950418   -0.01621446492   0.9955611679   

-2.635169472   -0.6989375021   -1.658110277   0.9980353742   -0.05795094976   -0.02381342565   0.05965622888   0.9951231224   0.07855638521   0.01914487336   -0.07982267048   0.996625213   

-3.001763585   -0.4002116382   -4.226062774   0.9954446837   -0.08948284054   0.03290445165   0.0949703193   0.9610489443   -0.2595487722   -0.008397627122   0.2614913917   0.9651692763   

5.429893136   -4.155777874   -8.318842616   0.8780877651   0.4166426211   0.2353100149   -0.4119320367   0.4079968627   0.8147702481   0.243462264   -0.8123715199   0.5298854968   

-3.686552614   1.632262826   1.693212294   0.9998225522   0.002959439311   -0.01860391811   -0.003828367402   0.9988947861   -0.04684602264   0.01844471885   0.04690893255   0.9987288643   

2.805155184   -98.62791547   30.87228462   0.6731447426   -0.721439663   -0.1624837471   -0.6981061695   -0.6924156891   0.1822314177   -0.2439752683   -0.009237214431   -0.9697374605   

-6.654192707   -18.28121421   -5.367847552   0.9997351779   -0.01013458823   -0.02066069333   0.008676237172   0.9975447355   -0.06949261589   0.02131424491   0.06929495563   0.9973684936   

-4.918797568   100.0080619   -6.653492341   0.5653013543   0.6412088521   0.5189273425   -0.665432284   -0.01728599469   0.746258045   0.4874774397   -0.7671716903   0.4169092748   

-1.831159561   -3.60169913   -1.574791958   0.9849002972   -0.08632279743   -0.1500659159   0.08968471679   0.9958453692   0.01576871165   0.1480812482   -0.02898922796   0.9885502358   

-1.026443545   -3.040319604   2.898842818   0.999343596   -0.02659003794   -0.02460379957   0.02644443175   0.9996309047   -0.006224654853   0.02476023223   0.005569935467   0.9996779015   

0.08750917233   -1.905187345   2.6116658   0.9805421377   0.1540532719   -0.1216745893   -0.128755496   0.9725622655   0.1937644498   0.1481861617   -0.1743279357   0.9734734882   

1.776503856   -0.1104066745   -3.229335041   0.9786643399   0.2052451338   0.009515501779   -0.2051259067   0.9733360874   0.1026655902   0.01180983154   -0.102427028   0.9946704137   

5.096237516   -3.681375122   -4.144226071   0.9849019929   -0.1672755361   -0.04457532375   0.1663526683   0.9857816577   -0.02369204865   0.04790463668   0.01591912189   0.9987250509   

5.054874301   -1.458883955   0.77578081   0.9991486328   -0.004215976193   0.04103943374   0.005859682798   0.9991819228   -0.04001436441   -0.04083716071   0.04022077556   0.9983559563   

3.544920806   -1.311993947   1.546025485   0.9995462083   -0.01254637028   0.02738550745   0.01339151109   0.9994328041   -0.03089882851   -0.02698230636   0.0312515402   0.9991472846   

1.25177696   -2.859578569   2.295454661   0.9443844951   -0.3229252781   0.0621062816   0.3288212221   0.9251373789   -0.1897298976   0.003811737358   0.1995998369   0.9798700811   

2.941902235   2.290762496   -1.949292175   0.9442841237   0.3104548552   -0.1092944492   -0.2786410728   0.9308026186   0.2365705768   0.1751760437   -0.1929359172   0.9654476089   

2.720595832   -2.015354273   -2.215843201   0.9951855817   -0.09791127482   0.004363521877   0.09800457643   0.9945556742   -0.03541347091   -0.0008723873591   0.03567062076   0.9993632201   

5.038604709   -2.151264339   -8.707031251   0.9914823647   -0.1130374356   -0.06469357436   0.1131897454   0.9935725162   -0.001317794576   0.06442671758   -0.006016079131   0.9979043065   

14.06680027   -55.07512954   -13.93650028   -0.510776993   0.713890986   0.4790266418   0.8279518897   0.5585240103   0.05046383236   -0.231522206   0.4223867778   -0.8763486053   

5.532268694   -0.04110184254   -3.747762129   0.9998666685   -0.009614815729   0.01319850447   0.009684101448   0.9999396097   -0.005195676866   -0.01314775193   0.005322799775   0.9998993972   

0.3506593705   0.9437416273   0.09798955204   0.9957468945   -0.06234314425   0.06783402094   0.06395557642   0.9977132547   -0.02186196878   -0.06631595793   0.02610735143   0.9974570667   

2.376097321   -3.367479702   -1.736041632   0.9985965693   0.03497883385   0.03976647978   -0.03407209513   0.9991487791   -0.0232553105   -0.04054607337   0.02186774601   0.9989383453   

-4.401312607   -12.11115352   1.187706844   0.9866654096   0.1353669065   -0.09037239671   -0.1317433354   0.9902641225   0.04495176718   0.09557752378   -0.03244639281   0.9948930438   

-0.8247256382   4.681171116   -1.673987221   0.9990109762   -0.002639100445   -0.04438586045   0.004028588874   0.9995036527   0.03124449892   0.04428137228   -0.03139240975   0.9985257516   

0.04510070141   -14.14588395   7.613658741   0.9679059701   0.2492046309   -0.0324820718   -0.2504641083   0.9671587579   -0.04326277176   0.02063403715   0.05000988822   0.9985355515   

-16.75146859   -27.92417306   13.18233448   0.1957502243   0.9477210795   -0.2520051689   -0.7783629128   0.306468011   0.54793114   0.5965174144   0.08889383374   0.7976621218   

-0.3079986295   -3.393408983   0.8725746708   0.9250166019   -0.3579623867   0.1273075642   0.3756552384   0.9118462475   -0.1655885347   -0.05681045757   0.200995897   0.977943363   

-11.01874689   -2.726918395   -1.395642489   0.9324971736   -0.341013637   0.1189904226   0.3570180538   0.9201530812   -0.1607993045   -0.05465464833   0.1924266261   0.9797881725   

0.08810435494   -2.108175252   2.562162084   0.9963898719   -0.08344369992   0.01563240573   0.08302328521   0.9962123108   0.02584890668   -0.01773012345   -0.02445773514   0.9995436268   

15.63473901   62.12233632   -23.48550917   -0.2743158844   -0.1806658299   0.9445160949   0.7281545997   -0.680574327   0.0812986119   0.6281255244   0.7100552396   0.3182450035   

-7.805999909   -0.5884444573   7.427576779   0.9512983074   -0.270564517   0.147737512   0.2866359431   0.9527117005   -0.1008972346   -0.1134520447   0.1383302496   0.9838665436   

-5.371991683   -2.128270177   7.619818829   0.9623870183   -0.2369983433   0.1328270014   0.2558804775   0.9550024618   -0.14998493   -0.09130393339   0.1783313861   0.9797252209   

-31.89543732   -42.93260634   14.43366164   -0.9282995836   -0.3286949741   0.1738375597   0.3696214906   -0.7648069011   0.5276839563   -0.04049489902   0.5541028948   0.8314626541   

15.20849123   14.48402408   -3.935667601   0.9197277259   -0.3708928939   0.1286054877   0.3909211686   0.8952259318   -0.2138952337   -0.03579874529   0.2469999844   0.9683539939   

0.12799272   2.86284786   -1.555625133   0.9981955888   -0.04987530599   0.03343681146   0.0531759133   0.9928963966   -0.1064380943   -0.02789065709   0.1080240692   0.9937569681   

-0.6479355764   3.645453695   -1.093680124   0.9973100777   -0.06667525089   -0.03044700194   0.06882023372   0.994738227   0.07589225971   0.02522666127   -0.07778348521   0.9966510648   

23.3627511   44.29255094   9.591823821   -0.4490702388   -0.2715454868   0.8512337923   0.6301471595   -0.7716681691   0.08627162997   0.6334433503   0.5751445777   0.5176468262   

-5.868208441   3.043833269   1.164563014   0.9886358567   -0.1432608455   0.04555735891   0.1413754519   0.9890548127   0.0422322044   -0.05110894639   -0.03531157938   0.9980686189   

-0.1664414435   0.9492937288   -2.727542822   0.9862814591   0.1594837461   -0.04258894516   -0.142450938   0.9526676614   0.2685741188   0.08340631735   -0.2588228385   0.9623170603   

-0.8884318101   4.84049594   -1.757791844   0.9994517675   -0.02663222246   0.01966950003   0.02645834051   0.9996089669   0.009048180447   -0.01990278176   -0.00852279761   0.9997655931   

2.369056124   1.725445119   -7.713112796   0.9997396589   -0.01719877594   0.01499388031   0.01678196613   0.999481066   0.02749480449   -0.01545897646   -0.02723601967   0.9995094893   

2.07088306   3.477500398   -6.265782098   0.98847441   0.1066252627   -0.1074681074   -0.1214402782   0.9823377218   -0.1423546952   0.09039136907   0.1537649302   0.9839643015   

0.9337782029   3.003262579   -4.118826799   0.9999636883   0.002478073965   -0.008153596987   -0.002690595426   0.9996542037   -0.02615786262   0.008085956384   0.02617885081   0.9996245721   

-19.94507963   -58.34018998   8.909180026   -0.7559801765   0.5981827844   0.2658407966   -0.2277704804   -0.6211166295   0.7498898191   0.6136893196   0.5063511519   0.6058002394   

26.04966197   63.07030865   -12.97673859   -0.8576809527   -0.4664772925   0.2162922073   0.4988544621   -0.6529680155   0.5698920919   -0.1246098267   0.596683925   0.7927425084   

-17.2829678   -81.12732168   19.70293367   -0.7495545537   0.09963037034   0.654401834   0.2014170196   -0.9074022737   0.3688526778   0.630554641   0.4082828713   0.660080254   

17.49826991   25.24943195   -11.3266392   0.4615004169   -0.8197008538   0.3392755157   0.853496402   0.5145678795   0.08224225883   -0.2419943324   0.2516155952   0.9370850203   

3.397639332   -2.98645637   -9.841223109   0.9994196076   0.01566325391   0.03025079313   -0.01454412297   0.9992143255   -0.03686733169   -0.03080448823   0.03640596291   0.9988621974   

6.521169676   9.505239467   -13.44356019   0.9602650414   -0.1951688842   0.1994997667   0.2248574437   0.9644546691   -0.1388031744   -0.1653184208   0.1781468436   0.9700172791   

18.86718576   54.33059268   -23.24156282   -0.2443081212   -0.969279732   0.02846652334   0.9537134729   -0.2454856162   -0.1736877196   0.1753401083   -0.01528441362   0.9843892691   

-0.1401977483   -0.981773002   -2.406278093   0.9990369991   0.04360922922   -0.004827992646   -0.04368403426   0.998906515   -0.01665771236   0.004096283312   0.01685257717   0.9998495942   

-0.1655882999   -0.1697396878   1.281671919   0.9996736291   0.01128907043   -0.02291707367   -0.01250612645   0.9984800002   -0.05367761116   0.02227626939   0.05394669617   0.9982953079   

-1.027755366   0.9526566543   1.848268934   0.998329215   -0.0576089334   0.004470926603   0.05745872636   0.9979402078   0.02852781731   -0.00610517455   -0.02822325971   0.9995830003   

4.389283086   -2.327002026   -4.816247066   0.9908580612   0.1336894325   0.01809525359   -0.1338951782   0.990937996   0.01067563715   -0.01650405446   -0.01300090834   0.9997792719   

-1.321098107   -1.189964046   -2.454670225   0.9927637289   -0.08626244518   0.08354022483   0.06994708846   0.9808790365   0.1816142079   -0.09760934089   -0.1744566027   0.9798149368   

5.915074103   -2.029421246   -5.373410271   0.9853241273   0.15974019   -0.06016174729   -0.1635925304   0.9843368665   -0.06571466602   0.04872215257   0.07459225842   0.9960231658   

1.305664811   0.007854129959   -1.460458939   0.9992601496   0.03170708489   0.02176727491   -0.03244127399   0.9988866973   0.03424806243   -0.02065713512   -0.03492888211   0.9991762887   

