iter: 2  val: 9.42166  params: 1  1  
iter: 8  val: 8.4792  params: 0.0340742  0.741181  
iter: 120  val: 8.28262  params: 0.0782683  0.696987  
took 1537.00 seconds