-1.631143465 77.9 58.67969894 33.63090134 60.63139725 112.4884727 47.60468877 32.18180844 0.7432219753 0.01969053603 0.6687550958 0.4265722353 0.2929843484 -0.8556846964 0.7432219753 -0.01969053603 -0.6687550958 0 0.01969053603 0.9997775859 -0.007553912523 0 0.6687550958 -0.007553912523 0.7434443895 0 0 0 0 1 1 0 0 58.67969894 0 1 0 33.63090134 0 0 1 60.63139725 0 0 0 1 0.7432219753 0.01969053603 0.6687550958 -0 -0.01969053603 0.9997775859 -0.007553912523 -0 -0.6687550958 -0.007553912523 0.7434443895 -0 0 0 0 1 32 1.948284089 0.8864893937 0.03125 1.999030924 0.8856657711 0.03125 2.058836823 0.8834806704 0.03125 2.11431789 0.8786353611 0.03125 2.205002108 0.8701705617 0.03125 2.33208268 0.8562471094 0.03125 2.527775372 0.8363624677 0.03125 2.789227635 0.8105491727 0.03125 3.095120631 0.7802042329 0.03125 3.436730521 0.7483064821 0.03125 3.740398176 0.7180998496 0.03125 3.995678971 0.6941476239 0.03125 4.135305642 0.679544116 0.03125 4.15401275 0.6773179749 0.03125 4.043473127 0.6877316351 0.03125 3.745494515 0.6792841366 0.03125 2.618831707 0.3013496966 0.03125 2.170631633 0.2938256163 0.03125 1.76428089 0.3181173845 0.03125 1.344170655 0.3422459989 0.03125 0.956768188 0.3648403109 0.03125 0.6064404609 0.3850319377 0.03125 0.3248931121 0.4025252977 0.03125 0.1145936718 0.417219849 0.03125 -0.01361425132 0.4293238245 0.03125 -0.05905361045 0.4391196503 0.03125 -0.03043273224 0.4469348199 0.03125 0.07156497305 0.4531051055 0.03125 0.2196211327 0.4578637008 0.03125 0.4120957579 0.4614995927 0.03125 0.6012742825 0.4641948535 0.03125 0.7835552114 0.4661509372 0.03125 1 3 1 1 1 1 500 0.0004
-1.610596777 77.9 59.17969894 32.73089981 60.63139725 114.4771306 53.03932213 35.22575331 0.6856229453 0.07303011367 0.7242843222 0.4584722974 0.3999899157 -0.7936064641 0.6856229453 -0.07303011367 -0.7242843222 0 0.07303011367 0.9968359487 -0.03137983291 0 0.7242843222 -0.03137983291 0.6887869966 0 0 0 0 1 1 0 0 59.17969894 0 1 0 32.73089981 0 0 1 60.63139725 0 0 0 1 0.6856229453 0.07303011367 0.7242843222 -0 -0.07303011367 0.9968359487 -0.03137983291 -0 -0.7242843222 -0.03137983291 0.6887869966 -0 0 0 0 1 32 2.132770782 0.9380882533 0.03125 2.374822788 0.9403020171 0.03125 2.58604712 0.9442580065 0.03125 2.763628177 0.9499649535 0.03125 2.913713678 0.9576543206 0.03125 3.03617539 0.9665050659 0.03125 3.139698472 0.9762542743 0.03125 3.224432691 0.9859274501 0.03125 3.289170273 0.9951619759 0.03125 3.334011142 1.00327788 0.03125 3.348133261 1.010049625 0.03125 3.331925653 1.015274107 0.03125 3.276205977 1.018870184 0.03125 3.182139383 1.021095484 0.03125 3.052896757 1.021902142 0.03125 2.877684643 1.015240728 0.03125 1.737835219 0.5330086765 0.03125 1.535715565 0.523740497 0.03125 1.352988841 0.5202611465 0.03125 1.178043404 0.5165188774 0.03125 1.024479393 0.5125953664 0.03125 0.8932881482 0.5087615193 0.03125 0.7918218563 0.5050675261 0.03125 0.7206802242 0.5017051635 0.03125 0.6794863916 0.4987139502 0.03125 0.6685279929 0.4962257524 0.03125 0.6810360373 0.4942580946 0.03125 0.7171477877 0.4928788171 0.03125 0.7655171229 0.4920852592 0.03125 0.8262923127 0.4918677824 0.03125 0.8838160722 0.4921978145 0.03125 0.9385681513 0.4929544026 0.03125 1 3 1 1 1 1 500 0.0004
-1.524344877 77.9 58.67969894 33.63090134 60.63139725 109.6168744 56.87400988 42.21609477 0.6526052678 -0.004534595036 0.7576845002 0.3638597681 0.4948834342 -0.7891111809 0.6526052678 0.004534595036 -0.7576845002 0 -0.004534595036 0.9999875575 0.002079015746 0 0.7576845002 0.002079015746 0.6526177103 0 0 0 0 1 1 0 0 58.67969894 0 1 0 33.63090134 0 0 1 60.63139725 0 0 0 1 0.6526052678 -0.004534595036 0.7576845002 -0 0.004534595036 0.9999875575 0.002079015746 -0 -0.7576845002 0.002079015746 0.6526177103 -0 0 0 0 1 32 1.799381769 0.8918608436 0.03125 1.663324704 0.9049398947 0.03125 1.577972819 0.9283712916 0.03125 1.536105306 0.9588206198 0.03125 1.594819379 0.9939573472 0.03125 1.758568686 1.027773109 0.03125 2.051212228 1.05713187 0.03125 2.470139301 1.076671319 0.03125 2.970446614 1.084697954 0.03125 3.539511499 1.079379757 0.03125 4.07053663 1.062116735 0.03125 4.545573707 1.035911584 0.03125 4.862889588 1.004832534 0.03125 5.00963372 0.9746548952 0.03125 4.960497402 0.9487016755 0.03125 4.653106297 0.8993140919 0.03125 3.46358016 0.4871842944 0.03125 2.896193213 0.4505980788 0.03125 2.353926156 0.4487541527 0.03125 1.783796426 0.4499004818 0.03125 1.256332496 0.4526181613 0.03125 0.7789394745 0.4560208202 0.03125 0.3933276671 0.4593188123 0.03125 0.1036671054 0.4620623994 0.03125 -0.0781730702 0.4639937505 0.03125 -0.1508382755 0.4651486433 0.03125 -0.1294016077 0.4656335736 0.03125 -0.01439736421 0.4657197364 0.03125 0.1520777537 0.4656180739 0.03125 0.3686675228 0.4655748308 0.03125 0.5776204017 0.4657486848 0.03125 0.776970007 0.4661478905 0.03125 1 3 1 1 1 1 500 0.0004
-1.329452586 77.9 58.67969894 33.63090134 60.63139725 109.2860671 57.96518102 43.0293687 0.633892244 -0.04682368116 0.7720026981 0.3666339525 0.4523441352 -0.8129971268 0.633892244 0.04682368116 -0.7720026981 0 -0.04682368116 0.9986581385 0.02212386302 0 0.7720026981 0.02212386302 0.6352341055 0 0 0 0 1 1 0 0 58.67969894 0 1 0 33.63090134 0 0 1 60.63139725 0 0 0 1 0.633892244 -0.04682368116 0.7720026981 -0 0.04682368116 0.9986581385 0.02212386302 -0 -0.7720026981 0.02212386302 0.6352341055 -0 0 0 0 1 32 1.82269562 0.8993777201 0.03125 1.69074942 0.8976052024 0.03125 1.624368483 0.8901983513 0.03125 1.615950899 0.8732735097 0.03125 1.711320262 0.844381857 0.03125 1.911835365 0.8001513761 0.03125 2.225661517 0.7397853483 0.03125 2.64633569 0.6642056746 0.03125 3.126647888 0.5764775182 0.03125 3.651390952 0.4837052497 0.03125 4.125809609 0.3929594145 0.03125 4.53162083 0.3155682097 0.03125 4.78457122 0.2591120037 0.03125 4.873223664 0.2324510093 0.03125 4.785028324 0.2380830359 0.03125 4.463260519 0.2470999132 0.03125 3.267167368 -0.1065872122 0.03125 2.737871944 -0.07733269558 0.03125 2.238218542 -0.01115470441 0.03125 1.718531734 0.05808163553 0.03125 1.236735426 0.1266148412 0.03125 0.7999123903 0.1907216998 0.03125 0.4457728724 0.2487427654 0.03125 0.1788253737 0.2990965953 0.03125 0.009943923872 0.3418012853 0.03125 -0.05890192734 0.3768645333 0.03125 -0.04303634306 0.4050710635 0.03125 0.05759951702 0.4270374388 0.03125 0.2085134417 0.4435624449 0.03125 0.4084051346 0.4553695391 0.03125 0.6037828969 0.4630524185 0.03125 0.7917583369 0.4674697042 0.03125 1 3 1 1 1 1 500 0.0004
-1.654916851 77.9 58.97969818 32.73089981 60.63139725 108.8157025 55.70456669 44.28709314 0.5823376203 0.07442352317 0.8095332205 0.3384325101 0.4568325436 -0.8226587769 0.5823376203 -0.07442352317 -0.8095332205 0 0.07442352317 0.9964995708 -0.03807551158 0 0.8095332205 -0.03807551158 0.5858380495 0 0 0 0 1 1 0 0 58.97969818 0 1 0 32.73089981 0 0 1 60.63139725 0 0 0 1 0.5823376203 0.07442352317 0.8095332205 -0 -0.07442352317 0.9964995708 -0.03807551158 -0 -0.8095332205 -0.03807551158 0.5858380495 -0 0 0 0 1 32 1.826213383 0.8872330654 0.03125 1.688163843 0.9098886657 0.03125 1.582683812 0.9521754857 0.03125 1.50612183 1.008659557 0.03125 1.525123034 1.075682323 0.03125 1.647599806 1.143752867 0.03125 1.913164067 1.207886301 0.03125 2.321552389 1.259660368 0.03125 2.839443068 1.295572965 0.03125 3.454425739 1.311547825 0.03125 4.052945504 1.307410023 0.03125 4.615108031 1.284954274 0.03125 5.017777489 1.247678989 0.03125 5.245129033 1.201996301 0.03125 5.255019999 1.152391863 0.03125 4.980714532 1.072770885 0.03125 3.811982781 0.6359793125 0.03125 3.235649479 0.5739795286 0.03125 2.676206633 0.5489507624 0.03125 2.079580182 0.5293187398 0.03125 1.519112745 0.5140504476 0.03125 1.003610974 0.5025637255 0.03125 0.5790981133 0.4938167249 0.03125 0.2511050042 0.4870454056 0.03125 0.03415708429 0.4815222234 0.03125 -0.06947259833 0.4768963691 0.03125 -0.0741766913 0.4729391544 0.03125 0.02003563457 0.4696780708 0.03125 0.1718013263 0.4671964919 0.03125 0.3800354855 0.465569534 0.03125 0.5832550324 0.4648785358 0.03125 0.7802979908 0.4649025756 0.03125 1 3 1 1 1 1 500 0.0004
-1.323267808 77.9 58.67969894 33.63090134 60.63139725 107.1418048 49.17931092 43.35462779 0.5257514273 -0.09678243224 0.845114547 0.3754028235 0.3115534606 -0.8729302156 0.5257514273 0.09678243224 -0.845114547 0 -0.09678243224 0.9938608354 0.05360784195 0 0.845114547 0.05360784195 0.531890592 0 0 0 0 1 1 0 0 58.67969894 0 1 0 33.63090134 0 0 1 60.63139725 0 0 0 1 0.5257514273 -0.09678243224 0.845114547 -0 0.09678243224 0.9938608354 0.05360784195 -0 -0.845114547 0.05360784195 0.531890592 -0 0 0 0 1 32 1.857618671 0.9148321598 0.03125 1.658696902 0.8979872581 0.03125 1.551419221 0.8596300571 0.03125 1.527415293 0.7964698437 0.03125 1.631419537 0.7062284867 0.03125 1.862425527 0.5893119674 0.03125 2.22450581 0.4477912153 0.03125 2.707987478 0.2888091469 0.03125 3.262089861 0.120173536 0.03125 3.868039851 -0.04435113775 0.03125 4.429648843 -0.193145636 0.03125 4.925452895 -0.3103849546 0.03125 5.266042346 -0.3860110132 0.03125 5.437147895 -0.4100925463 0.03125 5.413578357 -0.3798648059 0.03125 5.151176591 -0.3188262143 0.03125 3.921859965 -0.6452186324 0.03125 3.405084343 -0.5537961833 0.03125 2.879108157 -0.4271484503 0.03125 2.309621386 -0.2953116477 0.03125 1.76342863 -0.1639028562 0.03125 1.248983293 -0.03981772578 0.03125 0.8147738497 0.07351181335 0.03125 0.466754374 0.1723438978 0.03125 0.2237309016 0.2558015892 0.03125 0.08887411607 0.3232333061 0.03125 0.05017214477 0.3756733866 0.03125 0.1087172021 0.4145552783 0.03125 0.2296476951 0.4418167659 0.03125 0.41275804 0.4598398434 0.03125 0.6014249476 0.4705665628 0.03125 0.7961359236 0.4764241678 0.03125 1 3 1 1 1 1 500 0.0004
-1.635100521 77.9 58.97969818 32.73089981 60.63139725 106.9191162 47.86043663 43.51329069 0.4898924347 -0.005408819205 0.871766108 0.3131097017 0.3257533586 -0.8921026085 0.4898924347 0.005408819205 -0.871766108 0 -0.005408819205 0.9999803641 0.003164809189 0 0.871766108 0.003164809189 0.4899120706 0 0 0 0 1 1 0 0 58.97969818 0 1 0 32.73089981 0 0 1 60.63139725 0 0 0 1 0.4898924347 -0.005408819205 0.871766108 -0 0.005408819205 0.9999803641 0.003164809189 -0 -0.871766108 0.003164809189 0.4899120706 -0 0 0 0 1 32 1.906462036 0.8875986107 0.03125 1.792654247 0.897588069 0.03125 1.715333894 0.9140627001 0.03125 1.673094103 0.9319717425 0.03125 1.729539408 0.9480182503 0.03125 1.891645959 0.9560700883 0.03125 2.196104174 0.9539078104 0.03125 2.639230688 0.9384971526 0.03125 3.184991376 0.910362004 0.03125 3.815445419 0.8706998193 0.03125 4.423863867 0.8223238445 0.03125 4.984805609 0.769814145 0.03125 5.383933241 0.7171104394 0.03125 5.602636236 0.6706586437 0.03125 5.601206768 0.6339936722 0.03125 5.317479305 0.582220533 0.03125 4.125205923 0.1729006983 0.03125 3.53859036 0.1455628193 0.03125 2.958914159 0.1599450848 0.03125 2.337638148 0.1847760083 0.03125 1.748471987 0.2174677469 0.03125 1.201776893 0.2548333081 0.03125 0.7457137902 0.2939823119 0.03125 0.3870364415 0.3317038625 0.03125 0.1410087008 0.3659921724 0.03125 0.01070583638 0.3951030754 0.03125 -0.01802386925 0.4185232695 0.03125 0.05511261187 0.4361826259 0.03125 0.1915814001 0.4486984017 0.03125 0.3899437031 0.4570374657 0.03125 0.5894064156 0.4622023338 0.03125 0.7872858893 0.4652312205 0.03125 1 3 1 1 1 1 500 0.0004
-1.683399885 77.9 58.87969971 33.43090057 60.53139877 109.8508202 36.88574374 45.27652554 0.4739008459 -0.08076685985 0.8768664109 0.4214683526 0.1745840604 -0.8898791118 0.4739008459 0.08076685985 -0.8768664109 0 -0.08076685985 0.9955741354 0.04805055016 0 0.8768664109 0.04805055016 0.4783267105 0 0 0 0 1 1 0 0 58.87969971 0 1 0 33.43090057 0 0 1 60.53139877 0 0 0 1 0.4739008459 -0.08076685985 0.8768664109 -0 0.08076685985 0.9955741354 0.04805055016 -0 -0.8768664109 0.04805055016 0.4783267105 -0 0 0 0 1 32 1.842551383 0.8922147481 0.03125 1.654495545 0.8849191181 0.03125 1.533400541 0.8689866326 0.03125 1.476917333 0.8418235435 0.03125 1.534528415 0.8014466063 0.03125 1.708925025 0.7462452964 0.03125 2.021361649 0.6762924021 0.03125 2.465564567 0.5937424464 0.03125 3.004029197 0.5023306749 0.03125 3.619181036 0.4089133818 0.03125 4.214122883 0.3204684348 0.03125 4.765487002 0.2465488824 0.03125 5.170696841 0.1943065356 0.03125 5.412566083 0.1709483234 0.03125 5.454992434 0.1793465712 0.03125 5.242672895 0.1927597756 0.03125 4.097452477 -0.1664802931 0.03125 3.603667607 -0.1318656637 0.03125 3.101268145 -0.06180005693 0.03125 2.54715729 0.01263852083 0.03125 2.007068051 0.08782709803 0.03125 1.489873124 0.1597104459 0.03125 1.045402059 0.2260072552 0.03125 0.6795846532 0.2843734455 0.03125 0.4137789618 0.3340623526 0.03125 0.2510829211 0.3745619986 0.03125 0.183281164 0.4063434901 0.03125 0.2113998957 0.4301763217 0.03125 0.3040341337 0.4471421774 0.03125 0.4608077606 0.458623898 0.03125 0.6287568656 0.4657952215 0.03125 0.8074007106 0.4700261979 0.03125 1 3 1 1 1 1 500 0.0004
-1.994015918 77.9 58.97969818 32.73089981 60.63139725 110.4998048 31.50352821 46.64348318 0.4587564956 0.009733833618 0.8885087114 0.426691942 0.1088332718 -0.8978247633 0.4587564956 -0.009733833618 -0.8885087114 0 0.009733833618 0.9999350491 -0.00592874547 0 0.8885087114 -0.00592874547 0.4588214465 0 0 0 0 1 1 0 0 58.97969818 0 1 0 32.73089981 0 0 1 60.63139725 0 0 0 1 0.4587564956 0.009733833618 0.8885087114 -0 -0.009733833618 0.9999350491 -0.00592874547 -0 -0.8885087114 -0.00592874547 0.4588214465 -0 0 0 0 1 32 1.786409667 0.8873554677 0.03125 1.671842379 0.9026751596 0.03125 1.599503023 0.9232470328 0.03125 1.56604357 0.9457867816 0.03125 1.625419842 0.9676169788 0.03125 1.782111068 0.983951039 0.03125 2.065049195 0.9921530882 0.03125 2.4711283 0.9889934929 0.03125 2.969323504 0.9739968781 0.03125 3.545932554 0.9476500636 0.03125 4.11219224 0.9126551549 0.03125 4.647920965 0.8734126114 0.03125 5.055510935 0.8347240308 0.03125 5.318531252 0.8024273626 0.03125 5.395188987 0.7801455033 0.03125 5.225150468 0.7427964957 0.03125 4.130100807 0.3317083465 0.03125 3.665377879 0.3088043114 0.03125 3.184610051 0.3196077852 0.03125 2.640836793 0.3347646972 0.03125 2.104072296 0.3525144207 0.03125 1.583009744 0.3712366205 0.03125 1.131601041 0.3896801579 0.03125 0.7556103381 0.4067339243 0.03125 0.4788217803 0.4217914987 0.03125 0.3041326527 0.4344644327 0.03125 0.2262172093 0.4447210891 0.03125 0.2460422957 0.4527144203 0.03125 0.332289847 0.4587145032 0.03125 0.4848132243 0.4631522991 0.03125 0.6471745146 0.466403664 0.03125 0.819957064 0.4688037974 0.03125 1 3 1 1 1 1 500 0.0004
-1.866773231 77.9 58.87969971 33.43090057 60.53139877 107.3403924 26.23168701 48.47624804 0.3810884187 -0.07955995272 0.9211090223 0.399338008 0.01143106022 -0.9167325053 0.3810884187 0.07955995272 -0.9211090223 0 -0.07955995272 0.9954168133 0.05306205546 0 0.9211090223 0.05306205546 0.3856716054 0 0 0 0 1 1 0 0 58.87969971 0 1 0 33.43090057 0 0 1 60.53139877 0 0 0 1 0.3810884187 -0.07955995272 0.9211090223 -0 0.07955995272 0.9954168133 0.05306205546 -0 -0.9211090223 0.05306205546 0.3856716054 -0 0 0 0 1 32 1.649562812 0.9054914858 0.03125 1.468643585 0.9094618691 0.03125 1.375380115 0.9001974771 0.03125 1.362636745 0.8732515606 0.03125 1.470456313 0.8251655 0.03125 1.697767549 0.7546819872 0.03125 2.053055129 0.6614889107 0.03125 2.527105844 0.549318999 0.03125 3.080021817 0.4230222478 0.03125 3.693276384 0.2923899357 0.03125 4.282906 0.1670831728 0.03125 4.826185861 0.06021904599 0.03125 5.240236542 -0.01785857856 0.03125 5.50814881 -0.05735054471 0.03125 5.596358244 -0.0533415353 0.03125 5.457341979 -0.02770920651 0.03125 4.347315993 -0.3852040604 0.03125 3.928759827 -0.3243417606 0.03125 3.477223869 -0.2287034411 0.03125 2.95908489 -0.1273367818 0.03125 2.436950122 -0.02538841085 0.03125 1.921114484 0.07132766389 0.03125 1.463912599 0.1596285941 0.03125 1.072505235 0.236475647 0.03125 0.7733170742 0.3010746691 0.03125 0.570040303 0.3530765622 0.03125 0.4607521985 0.3934143154 0.03125 0.4466072835 0.4234482645 0.03125 0.4998659344 0.4447969522 0.03125 0.6201719026 0.4594129986 0.03125 0.7551989633 0.4688153519 0.03125 0.905400686 0.4747181774 0.03125 1 3 1 1 1 1 500 0.0004
-2.275425145 77.9 58.97969818 32.73089981 60.63139725 104.2575368 21.52860737 50.55550194 0.2355603605 0.09341559823 0.9673597276 0.3890109016 -0.05231346877 -0.9197466061 0.2355603605 -0.09341559823 -0.9673597276 0 0.09341559823 0.9929372338 -0.0731380599 0 0.9673597276 -0.0731380599 0.2426231268 0 0 0 0 1 1 0 0 58.97969818 0 1 0 32.73089981 0 0 1 60.63139725 0 0 0 1 0.2355603605 0.09341559823 0.9673597276 -0 -0.09341559823 0.9929372338 -0.0731380599 -0 -0.9673597276 -0.0731380599 0.2426231268 -0 0 0 0 1 32 1.928328946 0.9206329035 0.03125 2.056387545 0.9187145233 0.03125 2.200345391 0.9137032564 0.03125 2.359052554 0.9057618575 0.03125 2.543789464 0.8949736552 0.03125 2.755247515 0.8811589124 0.03125 2.994856805 0.8645480261 0.03125 3.260877628 0.8453914343 0.03125 3.54163136 0.8246065697 0.03125 3.832169745 0.803351988 0.03125 4.109372526 0.7832963993 0.03125 4.366252482 0.7663029862 0.03125 4.577533672 0.7542998272 0.03125 4.736803129 0.7490786674 0.03125 4.829240966 0.7519746983 0.03125 4.842375659 0.7592306141 0.03125 3.824914368 0.2885545313 0.03125 3.714999414 0.2996535625 0.03125 3.567782242 0.3176554519 0.03125 3.375990338 0.3372412332 0.03125 3.155991739 0.3576940635 0.03125 2.910417266 0.3781108988 0.03125 2.657179255 0.3978421996 0.03125 2.399016669 0.4162186696 0.03125 2.151112586 0.4328399311 0.03125 1.915811207 0.4473977447 0.03125 1.703688785 0.4597853134 0.03125 1.516522094 0.4700528084 0.03125 1.359399975 0.4783027452 0.03125 1.233560428 0.4848355622 0.03125 1.138148404 0.4898603149 0.03125 1.074316861 0.49378443 0.03125 1 3 1 1 1 1 500 0.0004
-2.320074412 77.9 58.97969818 32.73089981 60.63139725 103.880703 16.79642838 53.01091634 0.2009084207 0.1045155695 0.9740186355 0.4648734514 -0.1831815966 -0.8662200511 0.2009084207 -0.1045155695 -0.9740186355 0 0.1045155695 0.9909039656 -0.08476925519 0 0.9740186355 -0.08476925519 0.210004455 0 0 0 0 1 1 0 0 58.97969818 0 1 0 32.73089981 0 0 1 60.63139725 0 0 0 1 0.2009084207 0.1045155695 0.9740186355 -0 -0.1045155695 0.9909039656 -0.08476925519 -0 -0.9740186355 -0.08476925519 0.210004455 -0 0 0 0 1 32 2.154263751 0.913372625 0.03125 2.199650524 0.8990912374 0.03125 2.271853837 0.878393038 0.03125 2.369987903 0.8514064151 0.03125 2.50799049 0.8183263615 0.03125 2.686452584 0.7799084929 0.03125 2.904637048 0.7372718152 0.03125 3.160085088 0.6924524617 0.03125 3.436980045 0.6477799964 0.03125 3.729379925 0.6064251662 0.03125 4.011045794 0.5713982788 0.03125 4.274141282 0.5459110579 0.03125 4.492690935 0.5325219949 0.03125 4.659789751 0.5330581498 0.03125 4.760219081 0.5484823959 0.03125 4.780764681 0.5734910455 0.03125 3.774692942 0.1232368986 0.03125 3.674904485 0.1523832035 0.03125 3.538488977 0.1894257042 0.03125 3.357651639 0.227708278 0.03125 3.148109328 0.2659597475 0.03125 2.912583504 0.3026537932 0.03125 2.668219786 0.336922164 0.03125 2.417804993 0.3678765741 0.03125 2.176516216 0.3951561231 0.03125 1.946713588 0.4185429959 0.03125 1.739544952 0.4381225602 0.03125 1.556744206 0.4541880515 0.03125 1.404414224 0.467085595 0.03125 1.283674937 0.4774016446 0.03125 1.194111458 0.4855554082 0.03125 1.136695258 0.492203479 0.03125 1 3 1 1 1 1 500 0.0004
-2.504800523 77.9 58.97969818 32.73089981 60.63139725 103.0918779 18.43421551 53.77559651 0.2459372798 0.1164617044 0.9622637507 0.3704725127 -0.007250903359 -0.9288151278 0.2459372798 -0.1164617044 -0.9622637507 0 0.1164617044 0.9891139556 -0.08994584098 0 0.9622637507 -0.08994584098 0.2568233242 0 0 0 0 1 1 0 0 58.97969818 0 1 0 32.73089981 0 0 1 60.63139725 0 0 0 1 0.2459372798 0.1164617044 0.9622637507 -0 -0.1164617044 0.9891139556 -0.08994584098 -0 -0.9622637507 -0.08994584098 0.2568233242 -0 0 0 0 1 32 1.690713831 0.9425296363 0.03125 1.824915321 0.9920785498 0.03125 1.979087169 1.035551162 0.03125 2.152725656 1.072651055 0.03125 2.354475135 1.102988033 0.03125 2.584529652 1.126072844 0.03125 2.841795304 1.14170939 0.03125 3.123991069 1.149770614 0.03125 3.419735499 1.150592804 0.03125 3.723807221 1.14483414 0.03125 4.016783463 1.133492677 0.03125 4.291574024 1.117895893 0.03125 4.527389236 1.09951664 0.03125 4.717480699 1.079954566 0.03125 4.847861952 1.060690645 0.03125 4.907446913 1.039729583 0.03125 3.926773842 0.5377927842 0.03125 3.860972993 0.5262874268 0.03125 3.753281982 0.5184201814 0.03125 3.598001997 0.5112638899 0.03125 3.407106657 0.5049519786 0.03125 3.182689763 0.4997733664 0.03125 2.939987662 0.4956957338 0.03125 2.68149621 0.4927986862 0.03125 2.422113533 0.4909291944 0.03125 2.164262834 0.4900358258 0.03125 1.920491367 0.4899057973 0.03125 1.692900205 0.4904254696 0.03125 1.491421464 0.4913986586 0.03125 1.317797464 0.4927064255 0.03125 1.178908332 0.4942038273 0.03125 1.076420427 0.4957794135 0.03125 1 3 1 1 1 1 500 0.0004
-2.473844948 77.9 58.77969742 32.73089981 60.83139801 103.4359856 17.46736935 54.01961536 0.2350922885 0.1321123634 0.9629527192 0.3879718633 -0.04820341375 -0.9204098349 0.2350922885 -0.1321123634 -0.9629527192 0 0.1321123634 0.9858685244 -0.1030027964 0 0.9629527192 -0.1030027964 0.2492237641 0 0 0 0 1 1 0 0 58.77969742 0 1 0 32.73089981 0 0 1 60.83139801 0 0 0 1 0.2350922885 0.1321123634 0.9629527192 -0 -0.1321123634 0.9858685244 -0.1030027964 -0 -0.9629527192 -0.1030027964 0.2492237641 -0 0 0 0 1 32 2.130515869 0.9199756594 0.03125 2.163558529 0.9318123829 0.03125 2.220958047 0.9446454379 0.03125 2.303010355 0.9579114744 0.03125 2.423405465 0.9709248948 0.03125 2.583999508 0.9824598514 0.03125 2.78501513 0.9916888681 0.03125 3.02548533 0.997541714 0.03125 3.292565862 0.9997761481 0.03125 3.58166547 0.9981038264 0.03125 3.869273562 0.9932154962 0.03125 4.148271697 0.9857203395 0.03125 4.393099867 0.9770652783 0.03125 4.596581523 0.9684266532 0.03125 4.740989062 0.9614638181 0.03125 4.812492905 0.9528364277 0.03125 3.854244358 0.462940806 0.03125 3.801876758 0.4537799826 0.03125 3.70657252 0.4504472815 0.03125 3.560226957 0.4486721361 0.03125 3.375660123 0.4484639899 0.03125 3.154949461 0.4498241965 0.03125 2.914930463 0.4525249156 0.03125 2.658101967 0.4563682885 0.03125 2.401122382 0.4609943111 0.03125 2.146357144 0.4661359764 0.03125 1.907207122 0.4714343206 0.03125 1.685623041 0.4766809566 0.03125 1.491576521 0.481620357 0.03125 1.326552712 0.486167665 0.03125 1.196488061 0.4902073783 0.03125 1.102806369 0.493787837 0.03125 1 3 1 1 1 1 500 0.0004
-2.543179137 77.9 58.97969818 32.73089981 60.63139725 102.4440471 17.9514098 55.09436429 0.2435503847 0.1493371832 0.9583222923 0.3246194606 -0.03333352254 -0.9452571513 0.2435503847 -0.1493371832 -0.9583222923 0 0.1493371832 0.9820661917 -0.115084321 0 0.9583222923 -0.115084321 0.261484193 0 0 0 0 1 1 0 0 58.97969818 0 1 0 32.73089981 0 0 1 60.63139725 0 0 0 1 0.2435503847 0.1493371832 0.9583222923 -0 -0.1493371832 0.9820661917 -0.115084321 -0 -0.9583222923 -0.115084321 0.261484193 -0 0 0 0 1 32 1.866340797 0.904534737 0.03125 1.880138773 0.9130841224 0.03125 1.924924815 0.9254980577 0.03125 2.003301189 0.942208459 0.03125 2.136207479 0.9633245605 0.03125 2.326307216 0.9879212071 0.03125 2.573667608 1.016072506 0.03125 2.877418558 1.046455522 0.03125 3.219233725 1.078818179 0.03125 3.593549857 1.111121707 0.03125 3.966423815 1.142296027 0.03125 4.32851789 1.169544158 0.03125 4.642985659 1.191238034 0.03125 4.899950067 1.205065559 0.03125 5.075318327 1.210075082 0.03125 5.144913888 1.197170391 0.03125 4.198003655 0.7118932602 0.03125 4.097873264 0.6825447763 0.03125 3.950490499 0.6566551583 0.03125 3.740504831 0.6282062488 0.03125 3.49092218 0.5991254527 0.03125 3.205492908 0.5718989421 0.03125 2.908790484 0.5477022459 0.03125 2.604360249 0.5277756602 0.03125 2.312467793 0.5122147917 0.03125 2.035843784 0.501069428 0.03125 1.787096858 0.4937143507 0.03125 1.568239038 0.489540909 0.03125 1.384468548 0.487730794 0.03125 1.237382869 0.4875719815 0.03125 1.125489548 0.4884422995 0.03125 1.051063368 0.4897985842 0.03125 1 3 1 1 1 1 500 0.0004
-2.495828549 77.9 58.97969818 32.73089981 60.63139725 102.4339544 18.68355109 55.45617856 0.2034460922 0.1521295199 0.9671950665 0.3258020979 -0.01266626402 -0.9453531397 0.2034460922 -0.1521295199 -0.9671950665 0 0.1521295199 0.9807690673 -0.1222646549 0 0.9671950665 -0.1222646549 0.2226770249 0 0 0 0 1 1 0 0 58.97969818 0 1 0 32.73089981 0 0 1 60.63139725 0 0 0 1 0.2034460922 0.1521295199 0.9671950665 -0 -0.1521295199 0.9807690673 -0.1222646549 -0 -0.9671950665 -0.1222646549 0.2226770249 -0 0 0 0 1 32 1.91780149 0.9208923735 0.03125 1.989199278 0.9336610942 0.03125 2.082944872 0.9473968153 0.03125 2.199313905 0.9615827775 0.03125 2.349929496 0.9756825191 0.03125 2.536144293 0.9883396674 0.03125 2.758962788 0.9987985227 0.03125 3.017008416 1.005714755 0.03125 3.299451929 1.008814897 0.03125 3.601432288 1.007490362 0.03125 3.902168516 1.00235841 0.03125 4.194346018 0.9938877256 0.03125 4.454130507 0.9835417188 0.03125 4.674110081 0.9726648555 0.03125 4.836340617 0.9630714505 0.03125 4.927958563 0.9524158641 0.03125 3.984006351 0.4591288125 0.03125 3.949939553 0.4501079019 0.03125 3.869908286 0.4463258923 0.03125 3.737124686 0.444268688 0.03125 3.5628906 0.4439658521 0.03125 3.34945402 0.4454416313 0.03125 3.112051561 0.4484461265 0.03125 2.85342356 0.4527389334 0.03125 2.589224432 0.4579222003 0.03125 2.322089381 0.4636650894 0.03125 2.066625321 0.4695799781 0.03125 1.825043544 0.4754077668 0.03125 1.609728046 0.4808739605 0.03125 1.422363967 0.485884189 0.03125 1.272174228 0.4903226204 0.03125 1.160641788 0.49424998 0.03125 1 3 1 1 1 1 500 0.0004
-2.206618777 77.9 58.97969818 32.73089981 60.63139725 97.94613275 26.21486798 56.09818149 0.1638580586 0.09556937023 0.9818436903 0.3027241807 -0.01086832096 -0.9530162381 0.1638580586 -0.09556937023 -0.9818436903 0 0.09556937023 0.9921523897 -0.08062339084 0 0.9818436903 -0.08062339084 0.1717056689 0 0 0 0 1 1 0 0 58.97969818 0 1 0 32.73089981 0 0 1 60.63139725 0 0 0 1 0.1638580586 0.09556937023 0.9818436903 -0 -0.09556937023 0.9921523897 -0.08062339084 -0 -0.9818436903 -0.08062339084 0.1717056689 -0 0 0 0 1 32 1.931857259 0.8824550261 0.03125 1.443265875 0.8811791559 0.03125 1.089309409 0.8788258513 0.03125 0.8823255537 0.8727413229 0.03125 0.8788571325 0.8606685835 0.03125 1.084536916 0.8402515802 0.03125 1.490411839 0.8106286648 0.03125 2.090530983 0.7715304181 0.03125 2.821070034 0.7248117511 0.03125 3.661373731 0.6732928252 0.03125 4.510108726 0.6220270135 0.03125 5.334683921 0.5765526543 0.03125 6.026367571 0.5434689624 0.03125 6.552485591 0.5281698142 0.03125 6.847286556 0.5349358269 0.03125 6.846574854 0.5403834315 0.03125 5.816149728 0.1583391241 0.03125 5.386220535 0.1785582655 0.03125 4.870273248 0.2262103071 0.03125 4.237940115 0.2736270186 0.03125 3.573408043 0.3179226397 0.03125 2.895578801 0.3568551972 0.03125 2.274575088 0.3891287857 0.03125 1.722428446 0.4146637293 0.03125 1.275154364 0.4336377958 0.03125 0.9372405278 0.4473220643 0.03125 0.7111155304 0.456589349 0.03125 0.5971553994 0.4628836513 0.03125 0.5704472123 0.4670056787 0.03125 0.6304874808 0.4699192651 0.03125 0.7267694892 0.4720304381 0.03125 0.8629144832 0.4735747117 0.03125 1 3 1 1 1 1 500 0.0004
-2.09524667 77.9 58.97969818 32.73089981 60.63139725 100.5139965 35.63447139 52.81438506 0.2322835499 0.1204318376 0.9651634706 0.2308095796 0.1302421145 -0.9642426715 0.2322835499 -0.1204318376 -0.9651634706 0 0.1204318376 0.9882301216 -0.09432602613 0 0.9651634706 -0.09432602613 0.2440534282 0 0 0 0 1 1 0 0 58.97969818 0 1 0 32.73089981 0 0 1 60.63139725 0 0 0 1 0.2322835499 0.1204318376 0.9651634706 -0 -0.1204318376 0.9882301216 -0.09432602613 -0 -0.9651634706 -0.09432602613 0.2440534282 -0 0 0 0 1 32 1.992425699 0.8846608481 0.03125 1.580524717 0.8966967026 0.03125 1.273035972 0.9160607658 0.03125 1.078074899 0.9392489849 0.03125 1.061250294 0.9637342917 0.03125 1.229971145 0.9853026855 0.03125 1.594773451 1.002070465 0.03125 2.152155632 1.010983888 0.03125 2.849829789 1.011987933 0.03125 3.66873171 1.004496264 0.03125 4.499436248 0.9908712678 0.03125 5.310026744 0.9732263539 0.03125 5.977042457 0.9555283792 0.03125 6.469008378 0.9411054655 0.03125 6.718855336 0.9329247161 0.03125 6.659287931 0.9057442282 0.03125 5.590987654 0.4931684104 0.03125 5.100916783 0.4693814865 0.03125 4.54411559 0.4716368385 0.03125 3.884721779 0.473483455 0.03125 3.211112861 0.4743105627 0.03125 2.540575121 0.4744507023 0.03125 1.939779474 0.4736406275 0.03125 1.419358127 0.4723848577 0.03125 1.011667306 0.4706617917 0.03125 0.7207348083 0.469023124 0.03125 0.5454794698 0.4675894531 0.03125 0.4863731264 0.466762773 0.03125 0.5107898865 0.4666044726 0.03125 0.618366125 0.4672416369 0.03125 0.7476688064 0.4686105998 0.03125 0.9023768969 0.4704244403 0.03125 1 3 1 1 1 1 500 0.0004
-1.869288024 77.9 58.97969818 32.73089981 60.63139725 94.66574512 44.94583709 53.46238993 0.3648875399 0.05032328032 0.929690621 0.1426423426 0.2879008076 -0.946977448 0.3648875399 -0.05032328032 -0.929690621 0 0.05032328032 0.9981445852 -0.03427760923 0 0.929690621 -0.03427760923 0.3667429547 0 0 0 0 1 1 0 0 58.97969818 0 1 0 32.73089981 0 0 1 60.63139725 0 0 0 1 0.3648875399 0.05032328032 0.929690621 -0 -0.05032328032 0.9981445852 -0.03427760923 -0 -0.929690621 -0.03427760923 0.3667429547 -0 0 0 0 1 32 -1.23257829 0.8966309198 0.03125 -0.8842530313 0.8931611184 0.03125 -0.4864303 0.8756308156 0.03125 -0.06015701452 0.8532049557 0.03125 0.445484959 0.8353843451 0.03125 1.033725839 0.8280358192 0.03125 1.727403709 0.8372643352 0.03125 2.522836187 0.8638534293 0.03125 3.391854327 0.9100297976 0.03125 4.316833376 0.971769121 0.03125 5.208303142 1.047618353 0.03125 6.034529253 1.130724321 0.03125 6.680472408 1.217425298 0.03125 7.11636191 1.300601083 0.03125 7.282625077 1.375217369 0.03125 7.125557334 1.409521564 0.03125 5.946500186 1.021028566 0.03125 5.375016795 1.000369457 0.03125 4.751484597 0.9804939582 0.03125 4.051718092 0.9408370985 0.03125 3.355556348 0.8852849184 0.03125 2.68204795 0.8211557083 0.03125 2.084995464 0.7534359093 0.03125 1.573878396 0.6887571357 0.03125 1.170655377 0.630144996 0.03125 0.8780083875 0.5811050126 0.03125 0.6910025827 0.5420348161 0.03125 0.6094426414 0.5133057203 0.03125 0.6051101331 0.4936190207 0.03125 0.6774798057 0.4815378806 0.03125 0.7759838485 0.4753895839 0.03125 0.9032765346 0.4731820028 0.03125 1 3 1 1 1 1 500 0.0004
-6.391619159 77.9 58.97969818 32.73089981 60.63139725 59.48774681 23.48348995 64.22435127 0.3017072931 -0.2266302166 0.9260731366 0.02350344438 -0.972524228 0.2316122062 0.3017072931 0.2266302166 -0.9260731366 0 -0.2266302166 0.960543161 0.1612314509 0 0.9260731366 0.1612314509 0.341164132 0 0 0 0 1 1 0 0 58.97969818 0 1 0 32.73089981 0 0 1 60.63139725 0 0 0 1 0.3017072931 -0.2266302166 0.9260731366 -0 0.2266302166 0.960543161 0.1612314509 -0 -0.9260731366 0.1612314509 0.341164132 -0 0 0 0 1 32 0.767712237 0.8199145141 0.03125 3.198372372 0.8422712175 0.03125 5.467552373 0.8157601171 0.03125 7.505010803 0.7360180812 0.03125 9.261289256 0.6069705794 0.03125 10.66780657 0.4369621979 0.03125 11.68515341 0.2422968949 0.03125 12.26435032 0.04333551503 0.03125 12.41393702 -0.1368836711 0.03125 12.1503971 -0.2727781939 0.03125 11.55933316 -0.3490622454 0.03125 10.72804772 -0.3526650314 0.03125 9.779658122 -0.2888955061 0.03125 8.811057891 -0.1650805842 0.03125 7.901841447 -0.002610829497 0.03125 7.090213997 0.1782667748 0.03125 5.435057982 -0.1491931536 0.03125 4.914721936 -0.01918807831 0.03125 4.523328559 0.09804750385 0.03125 4.218583975 0.1974592687 0.03125 3.946134994 0.2788565419 0.03125 3.677824636 0.3438936196 0.03125 3.381110468 0.3946707469 0.03125 3.046896657 0.4338022452 0.03125 2.670119646 0.4632457475 0.03125 2.256770051 0.4848981112 0.03125 1.819612519 0.4998670206 0.03125 1.371745012 0.5092386401 0.03125 0.9327456792 0.5135639766 0.03125 0.5161545043 0.5135025483 0.03125 0.1399596384 0.5094152478 0.03125 -0.1848006639 0.5019457103 0.03125 1 3 1 1 1 1 500 0.0004
-1.779840367 77.9 58.97969818 32.73089981 60.63139725 94.20970048 59.93334863 53.19501313 0.3169017281 0.1400638466 0.938059387 0.04053093884 0.537813698 -0.8420888725 0.3169017281 -0.1400638466 -0.938059387 0 0.1400638466 0.985103003 -0.09977069913 0 0.938059387 -0.09977069913 0.3317987252 0 0 0 0 1 1 0 0 58.97969818 0 1 0 32.73089981 0 0 1 60.63139725 0 0 0 1 0.3169017281 0.1400638466 0.938059387 -0 -0.1400638466 0.985103003 -0.09977069913 -0 -0.938059387 -0.09977069913 0.3317987252 -0 0 0 0 1 32 1.497515279 0.8891939193 0.03125 1.226083297 0.9454945045 0.03125 1.011978949 1.026135866 0.03125 0.8725332187 1.124673753 0.03125 0.8845254225 1.236802979 0.03125 1.061699951 1.353547635 0.03125 1.447014332 1.468384678 0.03125 2.040396236 1.571165597 0.03125 2.805264658 1.655573742 0.03125 3.718011121 1.715138346 0.03125 4.642162285 1.749429268 0.03125 5.533526639 1.762329838 0.03125 6.23303953 1.762124119 0.03125 6.700358204 1.758690782 0.03125 6.869931201 1.757291937 0.03125 6.665733276 1.722393066 0.03125 5.524895086 1.336794055 0.03125 4.877105837 1.28433106 0.03125 4.209736577 1.247958355 0.03125 3.481486368 1.19094589 0.03125 2.782705961 1.114130509 0.03125 2.133392335 1.02346072 0.03125 1.583479101 0.9251296224 0.03125 1.141808718 0.8276439128 0.03125 0.8132450276 0.7362401768 0.03125 0.598442592 0.6568880716 0.03125 0.4778960045 0.5912544142 0.03125 0.4488813415 0.5409531393 0.03125 0.4832428573 0.5046267897 0.03125 0.5779349888 0.4806798758 0.03125 0.6888591369 0.4667209362 0.03125 0.8142644492 0.45998237 0.03125 1 3 1 1 1 1 500 0.0004
-1.819156959 77.9 58.97969818 32.73089981 60.63139725 92.87908209 60.71404962 54.74393275 0.2569016943 0.1016122292 0.9610808885 0.01483111883 0.5653508161 -0.8247172198 0.2569016943 -0.1016122292 -0.9610808885 0 0.1016122292 0.9917853201 -0.07769706412 0 0.9610808885 -0.07769706412 0.2651163743 0 0 0 0 1 1 0 0 58.97969818 0 1 0 32.73089981 0 0 1 60.63139725 0 0 0 1 0.2569016943 0.1016122292 0.9610808885 -0 -0.1016122292 0.9917853201 -0.07769706412 -0 -0.9610808885 -0.07769706412 0.2651163743 -0 0 0 0 1 32 2.501494097 0.969440596 0.03125 1.953084779 1.140296388 0.03125 1.498835273 1.335089591 0.03125 1.152134226 1.533964648 0.03125 0.9969918112 1.723544195 0.03125 1.048307634 1.888378935 0.03125 1.34528175 2.015828469 0.03125 1.888891784 2.094935288 0.03125 2.632648188 2.120051035 0.03125 3.551217803 2.092041236 0.03125 4.504785577 2.017773761 0.03125 5.445502805 1.911539666 0.03125 6.209308661 1.788923494 0.03125 6.751601487 1.666643055 0.03125 6.988539471 1.555802231 0.03125 6.846737085 1.432011135 0.03125 5.695492613 0.9605775461 0.03125 5.062087469 0.8758306045 0.03125 4.384864491 0.8274006653 0.03125 3.628653084 0.7820341851 0.03125 2.892566792 0.7382580766 0.03125 2.195866507 0.6957994776 0.03125 1.599185863 0.6547429348 0.03125 1.111824969 0.6163116786 0.03125 0.7483902826 0.5809339304 0.03125 0.5111110044 0.5501715045 0.03125 0.3815022512 0.5240599672 0.03125 0.3589021767 0.5034403402 0.03125 0.4082165453 0.4878184498 0.03125 0.5285359653 0.4770281053 0.03125 0.6655935129 0.4704078117 0.03125 0.8217324649 0.4670745264 0.03125 1 3 1 1 1 1 500 0.0004
-1.480125071 77.9 58.97969818 32.73089981 60.63139725 91.93579278 60.46045113 56.17497899 0.295898155 0.001437919733 0.9552184118 -0.04910803248 0.4987687365 -0.8653427925 0.295898155 -0.001437919733 -0.9552184118 0 0.001437919733 0.9999984045 -0.001059903819 0 0.9552184118 -0.001059903819 0.2958997505 0 0 0 0 1 1 0 0 58.97969818 0 1 0 32.73089981 0 0 1 60.63139725 0 0 0 1 0.295898155 0.001437919733 0.9552184118 -0 -0.001437919733 0.9999984045 -0.001059903819 -0 -0.9552184118 -0.001059903819 0.2958997505 -0 0 0 0 1 32 1.788396047 0.8773184382 0.03125 1.434597319 0.9155954856 0.03125 1.134162557 0.9742873094 0.03125 0.9147068507 1.04356399 0.03125 0.8614653312 1.118766223 0.03125 0.9917768563 1.192885088 0.03125 1.344933624 1.263802199 0.03125 1.923127572 1.326287431 0.03125 2.68343683 1.378361826 0.03125 3.603085549 1.41481346 0.03125 4.535426657 1.432753746 0.03125 5.436236024 1.428521431 0.03125 6.141074189 1.400652617 0.03125 6.608966211 1.351772375 0.03125 6.783232989 1.28404081 0.03125 6.577598436 1.168731743 0.03125 5.487661148 0.7277577061 0.03125 4.863889735 0.6222877021 0.03125 4.244536979 0.5643925223 0.03125 3.579365589 0.519704758 0.03125 2.95081926 0.4876383243 0.03125 2.379173945 0.4671880313 0.03125 1.896591223 0.4558799529 0.03125 1.513330046 0.450819086 0.03125 1.219526285 0.4494920095 0.03125 1.017807034 0.4499101941 0.03125 0.8829673692 0.4508011606 0.03125 0.8139625078 0.4515803236 0.03125 0.785992499 0.4520204988 0.03125 0.7972318591 0.4522451101 0.03125 0.8321633014 0.4524114796 0.03125 0.8901343598 0.4526042913 0.03125 1 3 1 1 1 1 500 0.0004
-2.10065788 77.9 58.97969818 32.73089981 60.63139725 90.97667084 18.16326246 75.86031756 -0.07068614072 -0.1182059261 0.9904700039 0.2582248629 0.0277354944 -0.9656866275 -0.07068614072 0.1182059261 -0.9904700039 0 -0.1182059261 0.984964562 0.1259848036 0 0.9904700039 0.1259848036 -0.05565070267 0 0 0 0 1 1 0 0 58.97969818 0 1 0 32.73089981 0 0 1 60.63139725 0 0 0 1 -0.07068614072 -0.1182059261 0.9904700039 -0 0.1182059261 0.984964562 0.1259848036 -0 -0.9904700039 0.1259848036 -0.05565070267 -0 0 0 0 1 32 1.490523977 0.8825133184 0.03125 0.7646740108 0.9108328896 0.03125 0.160888064 0.938294033 0.03125 -0.2708868779 0.9540983647 0.03125 -0.4446908727 0.9535345858 0.03125 -0.3445045275 0.9327432762 0.03125 0.01118970697 0.891883471 0.03125 0.619741792 0.8311134698 0.03125 1.389454267 0.7515851802 0.03125 2.299755244 0.6566234896 0.03125 3.238367569 0.5497926414 0.03125 4.173384942 0.4391956066 0.03125 5.010480728 0.3313187328 0.03125 5.716385246 0.2357732542 0.03125 6.23788515 0.1584739799 0.03125 6.494733449 0.07572950437 0.03125 5.803494816 -0.3520528787 0.03125 5.675086791 -0.3891210225 0.03125 5.470260973 -0.377832077 0.03125 5.146821629 -0.3470280195 0.03125 4.763629713 -0.295736719 0.03125 4.342760171 -0.2265092784 0.03125 3.929253789 -0.1423644185 0.03125 3.539125466 -0.04971149062 0.03125 3.186323885 0.04574544007 0.03125 2.878163416 0.1372944547 0.03125 2.614745362 0.2205351284 0.03125 2.398335473 0.2918322472 0.03125 2.229335237 0.3500688415 0.03125 2.108714829 0.3954987021 0.03125 2.03417197 0.429605545 0.03125 2.011212509 0.4538208149 0.03125 1 3 1 1 1 1 500 0.0004
-2.089381034 77.9 58.97969818 32.73089981 60.63139725 89.89950828 15.33798426 76.984082 -0.06848502459 -0.1162361147 0.9908576926 0.2268915339 0.128409404 -0.9654176592 -0.06848502459 0.1162361147 -0.9908576926 0 -0.1162361147 0.9854958485 0.1236410057 0 0.9908576926 0.1236410057 -0.05398087306 0 0 0 0 1 1 0 0 58.97969818 0 1 0 32.73089981 0 0 1 60.63139725 0 0 0 1 -0.06848502459 -0.1162361147 0.9908576926 -0 0.1162361147 0.9854958485 0.1236410057 -0 -0.9908576926 0.1236410057 -0.05398087306 -0 0 0 0 1 32 1.377569334 0.8210298151 0.03125 0.7011119661 0.7639405669 0.03125 0.1401977547 0.7104172546 0.03125 -0.2618806369 0.660408429 0.03125 -0.4180926434 0.6127101336 0.03125 -0.3140235981 0.5637199223 0.03125 0.03660918303 0.5123540491 0.03125 0.6311762809 0.4547243188 0.03125 1.381113081 0.3879156278 0.03125 2.26856749 0.3108505424 0.03125 3.173007881 0.2242092466 0.03125 4.067003129 0.136945781 0.03125 4.853188877 0.05804823436 0.03125 5.503303093 0.004018282589 0.03125 5.97110783 -0.01366644921 0.03125 6.173363875 -0.01893416422 0.03125 5.490756549 -0.3427539135 0.03125 5.36851651 -0.2906999029 0.03125 5.207506141 -0.1838031208 0.03125 4.954826932 -0.06870222002 0.03125 4.659171416 0.04480080171 0.03125 4.339530801 0.1449129443 0.03125 4.029107638 0.226901137 0.03125 3.742627114 0.2879053691 0.03125 3.484059774 0.3294833175 0.03125 3.260370546 0.3563099354 0.03125 3.058428916 0.3727339057 0.03125 2.880301154 0.3851656581 0.03125 2.723721799 0.3967069549 0.03125 2.590081268 0.4109869436 0.03125 2.489556529 0.4285760457 0.03125 2.430873724 0.4477529385 0.03125 1 3 1 1 1 1 500 0.0004
