-2.069567555 78.9 58.87969971 33.33089828 60.63139725 116.0343177 21.3508692 14.57120419 0.9999288766 0.005004844772 0.01082558102 0.7360458917 -0.1586668558 -0.6580739124 0.9999288766 -0.005004844772 -0.01082558102 0 0.005004844772 0.9999874753 -2.709113968e-05 0 0.01082558102 -2.709113968e-05 0.9999414013 0 0 0 0 1 1 0 0 58.87969971 0 1 0 33.33089828 0 0 1 60.63139725 0 0 0 1 0.9999288766 0.005004844772 0.01082558102 -0 -0.005004844772 0.9999874753 -2.709113968e-05 -0 -0.01082558102 -2.709113968e-05 0.9999414013 -0 0 0 0 1 32 1.973355876 0.9341318343 0.03125 1.948486516 0.9345918919 0.03125 1.919689966 0.9360544775 0.03125 1.88717947 0.9384319895 0.03125 1.852325256 0.9416044426 0.03125 1.815423071 0.9454379801 0.03125 1.778683918 0.9497832049 0.03125 1.742446589 0.9544789009 0.03125 1.708180095 0.9593716315 0.03125 1.676200633 0.9643051629 0.03125 1.6473308 0.9691400295 0.03125 1.621827995 0.9737420687 0.03125 1.600383178 0.9779979019 0.03125 1.583177743 0.9818038045 0.03125 1.570949234 0.9850795818 0.03125 1.562646168 0.9871910248 0.03125 0.5644693075 0.490538536 0.03125 0.5667444783 0.4908941081 0.03125 0.5748826687 0.4916981509 0.03125 0.5877047002 0.4923878579 0.03125 0.6051231508 0.4929734762 0.03125 0.6270761733 0.4934716456 0.03125 0.6529195489 0.4939020974 0.03125 0.6825690727 0.4942895638 0.03125 0.7146907956 0.494659964 0.03125 0.749189251 0.4950424845 0.03125 0.7841552391 0.4954664774 0.03125 0.8194988153 0.4959570913 0.03125 0.8528167963 0.4965398578 0.03125 0.8840485453 0.4972270389 0.03125 0.9102060181 0.498032425 0.03125 0.9312907743 0.498938783 0.03125 1 3 1 1 1 1 500 0.0004
-1.898181061 78.9 59.57970047 33.43090057 60.9314003 119.6571695 22.65552031 14.82181699 0.9957322353 -0.0813246492 -0.04363045976 0.7189314212 -0.1337689934 -0.6820875809 0.9957322353 0.0813246492 0.04363045976 0 -0.0813246492 0.9966860792 -0.001777909767 0 -0.04363045976 -0.001777909767 0.9990461561 0 0 0 0 1 1 0 0 59.57970047 0 1 0 33.43090057 0 0 1 60.9314003 0 0 0 1 0.9957322353 -0.0813246492 -0.04363045976 -0 0.0813246492 0.9966860792 -0.001777909767 -0 0.04363045976 -0.001777909767 0.9990461561 -0 0 0 0 1 32 1.850396412 0.9227226652 0.03125 1.81830936 0.9180486383 0.03125 1.785849925 0.9140979698 0.03125 1.754720411 0.9111802332 0.03125 1.731136223 0.9093674758 0.03125 1.715323593 0.9088547688 0.03125 1.70503305 0.9096548284 0.03125 1.70022575 0.9119040029 0.03125 1.686959625 0.9155564494 0.03125 1.665117536 0.9206513669 0.03125 1.620030315 0.9270398043 0.03125 1.551881229 0.9345461055 0.03125 1.462634624 0.9428915419 0.03125 1.352962302 0.9516699293 0.03125 1.239734434 0.9605221336 0.03125 1.1077022 0.9608897147 0.03125 0.05407032301 0.4902022331 0.03125 -0.04965316003 0.4838775267 0.03125 -0.1153674182 0.4855614844 0.03125 -0.1592608383 0.4871563688 0.03125 -0.177187781 0.4886400414 0.03125 -0.1692516402 0.4899790004 0.03125 -0.1367716721 0.4911370919 0.03125 -0.07990419317 0.4920685644 0.03125 -0.001331200385 0.4927419504 0.03125 0.09873193858 0.4931340312 0.03125 0.2138857497 0.4932498596 0.03125 0.3438621969 0.493129258 0.03125 0.4765574765 0.4928342614 0.03125 0.6117159882 0.4924631947 0.03125 0.7318762935 0.4921156715 0.03125 0.8366591048 0.4918979654 0.03125 1 3 1 1 1 1 500 0.0004
-2.003265505 78.9 58.77969742 32.73089981 60.83139801 117.8999044 21.66840459 16.03346941 0.9992207639 -0.03510600471 0.01803977526 0.6872480544 -0.1417868769 -0.7124511164 0.9992207639 0.03510600471 -0.01803977526 0 -0.03510600471 0.999383544 0.0003167756392 0 0.01803977526 0.0003167756392 0.9998372198 0 0 0 0 1 1 0 0 58.77969742 0 1 0 32.73089981 0 0 1 60.83139801 0 0 0 1 0.9992207639 -0.03510600471 0.01803977526 -0 0.03510600471 0.999383544 0.0003167756392 -0 -0.01803977526 0.0003167756392 0.9998372198 -0 0 0 0 1 32 1.943414416 0.9361338592 0.03125 1.900173138 0.9366221599 0.03125 1.855282591 0.9383561056 0.03125 1.809053936 0.9411561538 0.03125 1.76295771 0.9448412837 0.03125 1.717339703 0.9492058407 0.03125 1.674067857 0.9540594375 0.03125 1.633476902 0.9591993966 0.03125 1.596517636 0.9644479058 0.03125 1.563463007 0.9696294188 0.03125 1.534697124 0.9745945461 0.03125 1.510415502 0.9792002521 0.03125 1.491222222 0.9833338982 0.03125 1.477229155 0.9868858196 0.03125 1.469355702 0.9897824119 0.03125 1.466493789 0.9914005192 0.03125 0.4746363138 0.494286152 0.03125 0.483901279 0.4943567998 0.03125 0.4995176952 0.494862457 0.03125 0.520291856 0.495248068 0.03125 0.5458397846 0.4955313448 0.03125 0.5760620479 0.4957304249 0.03125 0.6100378824 0.495869362 0.03125 0.6476478399 0.4959778305 0.03125 0.6872526352 0.4960876239 0.03125 0.728727155 0.4962288583 0.03125 0.7697064221 0.4964345658 0.03125 0.8100829495 0.4967255768 0.03125 0.8473315997 0.4971273202 0.03125 0.8813838803 0.4976437358 0.03125 0.909450031 0.4982862863 0.03125 0.931523607 0.4990300812 0.03125 1 3 1 1 1 1 500 0.0004
-2.044870027 78.9 58.77969742 32.73089981 60.83139801 81.51369448 30.18597386 98.1957616 -0.1314846486 0.002456509201 0.9913151632 0.5454197895 -0.1059425661 -0.8314405727 -0.1314846486 -0.002456509201 -0.9913151632 0 0.002456509201 0.999993052 -0.002803836242 0 0.9913151632 -0.002803836242 -0.1314777006 0 0 0 0 1 1 0 0 58.77969742 0 1 0 32.73089981 0 0 1 60.83139801 0 0 0 1 -0.1314846486 0.002456509201 0.9913151632 -0 -0.002456509201 0.999993052 -0.002803836242 -0 -0.9913151632 -0.002803836242 -0.1314777006 0 0 0 0 1 32 -2.759622915 0.9296564089 0.03125 -2.334360954 0.9169271846 0.03125 -1.887536869 0.8957951432 0.03125 -1.421607205 0.8671992507 0.03125 -0.9293355864 0.832131608 0.03125 -0.4122434518 0.7910473841 0.03125 0.127750997 0.7448205214 0.03125 0.6884430008 0.6941782157 0.03125 1.260106643 0.6403784183 0.03125 1.839424945 0.5850344182 0.03125 2.411364659 0.5301010588 0.03125 2.971561493 0.4781851168 0.03125 3.503244395 0.4318765532 0.03125 4.001575222 0.394228079 0.03125 4.451857384 0.3679185507 0.03125 4.846025056 0.3536760445 0.03125 4.195538867 -0.1400398486 0.03125 4.482203424 -0.1335583187 0.03125 4.721967082 -0.1179511874 0.03125 4.910509332 -0.09543172522 0.03125 5.047180424 -0.06621727811 0.03125 5.132395815 -0.03120292227 0.03125 5.169603767 0.009082776637 0.03125 5.160321342 0.05350391751 0.03125 5.111898458 0.1014045138 0.03125 5.026795659 0.151686608 0.03125 4.916242804 0.2037395874 0.03125 4.783306546 0.2567447278 0.03125 4.642719088 0.3102617575 0.03125 4.497746266 0.363911065 0.03125 4.365969394 0.4175140277 0.03125 4.250509215 0.4711600715 0.03125 1 3 1 1 1 1 500 0.0004
-1.668418609 78.9 58.77969742 32.73089981 60.83139801 81.99691321 30.14294864 97.6153889 0.1469735593 0.04234393594 0.9882336586 0.580970075 -0.1832695064 -0.7930233666 0.1469735593 -0.04234393594 -0.9882336586 0 0.04234393594 0.9984367478 -0.03648358098 0 0.9882336586 -0.03648358098 0.1485368115 0 0 0 0 1 1 0 0 58.77969742 0 1 0 32.73089981 0 0 1 60.83139801 0 0 0 1 0.1469735593 0.04234393594 0.9882336586 -0 -0.04234393594 0.9984367478 -0.03648358098 -0 -0.9882336586 -0.03648358098 0.1485368115 -0 0 0 0 1 32 -3.839917441 0.8730198575 0.03125 -3.839257314 0.7805819347 0.03125 -3.688619868 0.6923459244 0.03125 -3.385760478 0.6082620849 0.03125 -2.898839095 0.526343538 0.03125 -2.232659636 0.4427956348 0.03125 -1.414631582 0.3532825403 0.03125 -0.4596066016 0.2532374708 0.03125 0.5687840025 0.1395066714 0.03125 1.647220574 0.01153345419 0.03125 2.699693212 -0.1290210858 0.03125 3.697632176 -0.2757592447 0.03125 4.573958049 -0.4210804288 0.03125 5.301663791 -0.5526510326 0.03125 5.846849487 -0.6588260143 0.03125 6.168726302 -0.7398845215 0.03125 5.416901493 -1.218237255 0.03125 5.404091909 -1.214031012 0.03125 5.308150665 -1.159642913 0.03125 5.120705107 -1.069396335 0.03125 4.886692633 -0.9443857847 0.03125 4.626861041 -0.793312342 0.03125 4.37466391 -0.6234316795 0.03125 4.142947427 -0.4473302331 0.03125 3.93995553 -0.2737652669 0.03125 3.768683933 -0.1125649956 0.03125 3.620900657 0.03114136952 0.03125 3.49496429 0.154086029 0.03125 3.382941465 0.2559869238 0.03125 3.28408556 0.3390931361 0.03125 3.199879715 0.4059092899 0.03125 3.135377221 0.4602043869 0.03125 1 3 1 1 1 1 500 0.0004
-2.097274638 78.9 58.97969818 32.73089981 60.83139801 83.56393492 32.3719607 100.9125928 -0.2934579475 0.07737568924 0.9528354715 0.6749260718 -0.1800356685 -0.7155850443 -0.2934579475 -0.07737568924 -0.9528354715 0 0.07737568924 0.9915263398 -0.1043480725 0 0.9528354715 -0.1043480725 -0.2849842873 0 0 0 0 1 1 0 0 58.97969818 0 1 0 32.73089981 0 0 1 60.83139801 0 0 0 1 -0.2934579475 0.07737568924 0.9528354715 -0 -0.07737568924 0.9915263398 -0.1043480725 -0 -0.9528354715 -0.1043480725 -0.2849842873 0 0 0 0 1 32 0.2123139995 0.933002533 0.03125 -0.01946768214 0.9451125919 0.03125 -0.1924699372 0.9541201276 0.03125 -0.3031156541 0.9575593042 0.03125 -0.3147417357 0.9532953269 0.03125 -0.2231071801 0.9385468447 0.03125 -0.01925106834 0.9117791032 0.03125 0.297221028 0.871906562 0.03125 0.7095459756 0.8192224692 0.03125 1.213069203 0.7555327717 0.03125 1.773922278 0.6835002378 0.03125 2.383068523 0.6077701911 0.03125 2.999937963 0.5329364814 0.03125 3.613111545 0.4651212729 0.03125 4.185341019 0.409462202 0.03125 4.696689573 0.3669539647 0.03125 4.16536212 -0.1376437685 0.03125 4.527746054 -0.1449618277 0.03125 4.816023141 -0.1349395381 0.03125 5.019006607 -0.1127949303 0.03125 5.133185039 -0.0792272935 0.03125 5.158693479 -0.03641652295 0.03125 5.103383117 0.01420758316 0.03125 4.96970477 0.0698022958 0.03125 4.773716275 0.1286745232 0.03125 4.519571501 0.1880570906 0.03125 4.229996021 0.246442479 0.03125 3.910018453 0.3017721851 0.03125 3.589959005 0.3530934812 0.03125 3.274886896 0.3995774136 0.03125 3.002268049 0.4410526221 0.03125 2.776672218 0.4781274145 0.03125 1 3 1 1 1 1 500 0.0004
-2.021751406 78.9 58.77969742 32.73089981 60.83139801 84.24512734 32.66789095 99.35187131 -0.2967372662 0.07858144479 0.9517205217 0.6677457661 -0.1297535391 -0.7329935954 -0.2967372662 -0.07858144479 -0.9517205217 0 0.07858144479 0.991219436 -0.1063437177 0 0.9517205217 -0.1063437177 -0.2879567021 0 0 0 0 1 1 0 0 58.77969742 0 1 0 32.73089981 0 0 1 60.83139801 0 0 0 1 -0.2967372662 0.07858144479 0.9517205217 -0 -0.07858144479 0.991219436 -0.1063437177 -0 -0.9517205217 -0.1063437177 -0.2879567021 0 0 0 0 1 32 0.2426707558 0.9193883337 0.03125 0.02186032351 0.9001383818 0.03125 -0.1407028335 0.878951162 0.03125 -0.2416497637 0.854097413 0.03125 -0.2418846341 0.8240037611 0.03125 -0.1372508292 0.7867854214 0.03125 0.08025459448 0.7415730662 0.03125 0.4108984316 0.6880415062 0.03125 0.8350663503 0.6270073114 0.03125 1.348034799 0.5605346941 0.03125 1.914016957 0.4914069523 0.03125 2.524082116 0.4238329428 0.03125 3.137163521 0.3620477691 0.03125 3.742149153 0.3110793924 0.03125 4.301793748 0.2753460989 0.03125 4.796754181 0.2545099546 0.03125 4.248033256 -0.2316305868 0.03125 4.593393175 -0.2247050185 0.03125 4.864456591 -0.2014886818 0.03125 5.050412762 -0.1675792222 0.03125 5.148919066 -0.1238703627 0.03125 5.160399049 -0.07259086239 0.03125 5.09306489 -0.01516608732 0.03125 4.949582139 0.04580591042 0.03125 4.74576022 0.1087910376 0.03125 4.485850585 0.1714079288 0.03125 4.192153182 0.2323659554 0.03125 3.869687415 0.2899979573 0.03125 3.54862461 0.3435278684 0.03125 3.233943316 0.3923984126 0.03125 2.962223395 0.4365265513 0.03125 2.737900782 0.476580411 0.03125 1 3 1 1 1 1 500 0.0004
-1.668747471 78.9 58.67969894 33.33089828 60.4314003 75.71040447 39.67260025 93.12785561 0.1429826787 0.07178843443 0.987118217 0.5799573222 -0.01474310381 -0.8145134409 0.1429826787 -0.07178843443 -0.987118217 0 0.07178843443 0.9954911134 -0.06199890226 0 0.987118217 -0.06199890226 0.1474915654 0 0 0 0 1 1 0 0 58.67969894 0 1 0 33.33089828 0 0 1 60.4314003 0 0 0 1 0.1429826787 0.07178843443 0.987118217 -0 -0.07178843443 0.9954911134 -0.06199890226 -0 -0.987118217 -0.06199890226 0.1474915654 -0 0 0 0 1 32 -5.552097339 0.9428318154 0.03125 -5.432288892 0.9755919184 0.03125 -5.089120698 0.9997132375 0.03125 -4.547368993 1.010940662 0.03125 -3.786208273 1.004077436 0.03125 -2.829912166 0.9731739606 0.03125 -1.718829784 0.9131990091 0.03125 -0.4828089201 0.8207423595 0.03125 0.8026873031 0.6953998299 0.03125 2.105490591 0.540766759 0.03125 3.341147324 0.3634559627 0.03125 4.478296712 0.1752298582 0.03125 5.445025785 -0.01077988433 0.03125 6.217492988 -0.1777300765 0.03125 6.760544355 -0.3102278234 0.03125 7.042330476 -0.407163539 0.03125 6.212093005 -0.8985078241 0.03125 6.108178202 -0.9020898132 0.03125 5.904497134 -0.8540403848 0.03125 5.599404645 -0.772493982 0.03125 5.243742849 -0.6613343612 0.03125 4.863523931 -0.5313937322 0.03125 4.500378362 -0.3899489921 0.03125 4.172713514 -0.2479768861 0.03125 3.896108462 -0.1119039755 0.03125 3.678258249 0.01187556453 0.03125 3.512883801 0.1205751109 0.03125 3.400324696 0.2136018293 0.03125 3.324792445 0.2915708029 0.03125 3.284416205 0.3575063905 0.03125 3.26096566 0.4134940933 0.03125 3.256244947 0.4623718035 0.03125 1 3 1 1 1 1 500 0.0004
-1.593936812 78.9 58.67969894 33.33089828 60.63139725 75.44279593 47.63190833 85.94024716 -0.01390936942 0.2881053747 0.957497688 0.502459219 0.03980062793 -0.8636843424 -0.01390936942 -0.2881053747 -0.957497688 0 0.2881053747 0.9158244644 -0.2797513957 0 0.957497688 -0.2797513957 0.07026616614 0 0 0 0 1 1 0 0 58.67969894 0 1 0 33.33089828 0 0 1 60.63139725 0 0 0 1 -0.01390936942 0.2881053747 0.957497688 -0 -0.2881053747 0.9158244644 -0.2797513957 -0 -0.957497688 -0.2797513957 0.07026616614 -0 0 0 0 1 32 -4.141122681 0.8536644248 0.03125 -4.292914249 0.7511895948 0.03125 -4.19841786 0.6362350818 0.03125 -3.897587894 0.5074000883 0.03125 -3.334111495 0.3620051973 0.03125 -2.530837302 0.200974672 0.03125 -1.517541314 0.03018280111 0.03125 -0.3146769 -0.1384147161 0.03125 0.9872180061 -0.290369032 0.03125 2.36496033 -0.4081345292 0.03125 3.698946749 -0.4758219349 0.03125 4.959948963 -0.4810886587 0.03125 6.036539447 -0.415908427 0.03125 6.900192357 -0.2825039395 0.03125 7.48907781 -0.08614330502 0.03125 7.752454467 0.133920566 0.03125 6.917783762 -0.06857561792 0.03125 6.711141493 0.1135548323 0.03125 6.372137356 0.2942284637 0.03125 5.890982451 0.4393768254 0.03125 5.337192763 0.5439081063 0.03125 4.748049469 0.6045926141 0.03125 4.188724161 0.6246017028 0.03125 3.68873062 0.6117307479 0.03125 3.28133542 0.5743142432 0.03125 2.980349389 0.5259262298 0.03125 2.781803679 0.4751830346 0.03125 2.685973381 0.4345107544 0.03125 2.663887646 0.4088652864 0.03125 2.70985011 0.4041512813 0.03125 2.776686879 0.4205666301 0.03125 2.8645506 0.4531728927 0.03125 1 3 1 1 1 1 500 0.0004
-1.620670433 78.9 58.87969971 33.33089828 60.4314003 76.7760188 50.66926154 86.64836983 -0.001584650309 0.2082762955 0.9780687469 0.503686202 0.1201223651 -0.8554944929 -0.001584650309 -0.2082762955 -0.9780687469 0 0.2082762955 0.9565521351 -0.2040318545 0 0.9780687469 -0.2040318545 0.04186321464 0 0 0 0 1 1 0 0 58.87969971 0 1 0 33.33089828 0 0 1 60.4314003 0 0 0 1 -0.001584650309 0.2082762955 0.9780687469 -0 -0.2082762955 0.9565521351 -0.2040318545 -0 -0.9780687469 -0.2040318545 0.04186321464 -0 0 0 0 1 32 -2.804320351 0.8915430488 0.03125 -3.39539231 0.9005625318 0.03125 -3.725654633 0.9005528868 0.03125 -3.781428821 0.8861541778 0.03125 -3.475492847 0.8521240115 0.03125 -2.820521127 0.7917779966 0.03125 -1.859559916 0.7020431133 0.03125 -0.6241813271 0.5841885133 0.03125 0.7576239838 0.4461496968 0.03125 2.242727606 0.3035350302 0.03125 3.673076868 0.1756216165 0.03125 5.001471155 0.08426379456 0.03125 6.09852445 0.046673311 0.03125 6.927823678 0.07103556557 0.03125 7.442738785 0.1562511618 0.03125 7.578279684 0.2560111033 0.03125 6.709488756 0.0004437605284 0.03125 6.376044843 0.1001578225 0.03125 5.966926364 0.2192666702 0.03125 5.459548895 0.3190057531 0.03125 4.920827668 0.3995749765 0.03125 4.389517169 0.4592748585 0.03125 3.909512062 0.500150692 0.03125 3.507341738 0.5235745058 0.03125 3.190134536 0.5305409372 0.03125 2.967077222 0.5252014 0.03125 2.82339418 0.509197666 0.03125 2.755625861 0.4894876903 0.03125 2.7435633 0.4692033118 0.03125 2.779560191 0.4553068345 0.03125 2.838357995 0.450693246 0.03125 2.91594326 0.4560384768 0.03125 1 3 1 1 1 1 500 0.0004
-1.550761961 78.9 58.77969742 32.93090057 60.9314003 76.97486421 51.79010585 86.17730431 -0.04166130486 0.2791838882 0.9593334625 0.469389918 0.1570764924 -0.8689074061 -0.04166130486 -0.2791838882 -0.9593334625 0 0.2791838882 0.9186679575 -0.2794736845 0 0.9593334625 -0.2794736845 0.03967073761 0 0 0 0 1 1 0 0 58.77969742 0 1 0 32.93090057 0 0 1 60.9314003 0 0 0 1 -0.04166130486 0.2791838882 0.9593334625 -0 -0.2791838882 0.9186679575 -0.2794736845 -0 -0.9593334625 -0.2794736845 0.03967073761 -0 0 0 0 1 32 -2.697513475 0.8047935222 0.03125 -3.27852365 0.6847537367 0.03125 -3.563181789 0.574752205 0.03125 -3.575841274 0.4810975109 0.03125 -3.245144271 0.398425453 0.03125 -2.592552507 0.318776049 0.03125 -1.660133781 0.237244155 0.03125 -0.472334694 0.1525721659 0.03125 0.8579185603 0.0670520041 0.03125 2.300201471 -0.01372480002 0.03125 3.704564308 -0.08295352772 0.03125 5.031938948 -0.1316348241 0.03125 6.146965969 -0.1476917669 0.03125 7.011754399 -0.1170093791 0.03125 7.557213948 -0.02405060803 0.03125 7.710321211 0.106389866 0.03125 6.83151258 -0.1027946416 0.03125 6.467896702 0.06189117085 0.03125 5.99800678 0.2662969399 0.03125 5.403402372 0.4522330021 0.03125 4.773433005 0.5988105794 0.03125 4.15451606 0.6893735813 0.03125 3.609017789 0.7214576422 0.03125 3.169037149 0.7021524669 0.03125 2.844889493 0.6444161902 0.03125 2.648355481 0.5684545295 0.03125 2.552794543 0.489394532 0.03125 2.554890158 0.4252696409 0.03125 2.617347163 0.384085371 0.03125 2.731084506 0.3730977649 0.03125 2.851240258 0.3917957916 0.03125 2.974965197 0.4315341651 0.03125 1 3 1 1 1 1 500 0.0004
-1.683822396 78.9 58.87969971 33.13090134 60.33139801 76.53254913 52.8893387 87.35636531 0.06958100455 0.1044924174 0.9920886142 0.375643824 0.4020094193 -0.8350330199 0.06958100455 -0.1044924174 -0.9920886142 0 0.1044924174 0.9897916425 -0.09692181994 0 0.9920886142 -0.09692181994 0.07978936207 0 0 0 0 1 1 0 0 58.87969971 0 1 0 33.13090134 0 0 1 60.33139801 0 0 0 1 0.06958100455 0.1044924174 0.9920886142 -0 -0.1044924174 0.9897916425 -0.09692181994 -0 -0.9920886142 -0.09692181994 0.07978936207 -0 0 0 0 1 32 -2.565337768 0.7981110183 0.03125 -3.469036748 0.8229300147 0.03125 -4.101334428 0.8525556255 0.03125 -4.320486375 0.8878080277 0.03125 -4.04413763 0.9269347565 0.03125 -3.281129346 0.9633765311 0.03125 -2.132950291 0.9838923835 0.03125 -0.6662219042 0.9737074902 0.03125 0.9441587665 0.9232985424 0.03125 2.606055586 0.8322020202 0.03125 4.144559942 0.7123187006 0.03125 5.467915449 0.5914501094 0.03125 6.463595811 0.5034047675 0.03125 7.077618268 0.4892289866 0.03125 7.319514451 0.5718522671 0.03125 7.093152594 0.6946132181 0.03125 6.252618465 0.6749462858 0.03125 5.705084423 0.869359933 0.03125 5.259656428 1.115885658 0.03125 4.854937794 1.316545658 0.03125 4.513652356 1.446729997 0.03125 4.271773588 1.49133149 0.03125 4.09342398 1.456177716 0.03125 3.989978859 1.353597004 0.03125 3.887210774 1.203505795 0.03125 3.778006968 1.030965824 0.03125 3.610420154 0.855078928 0.03125 3.37371086 0.6983345322 0.03125 3.087389544 0.5705166924 0.03125 2.747893231 0.4815504006 0.03125 2.440023285 0.4302407293 0.03125 2.173929281 0.410248662 0.03125 1 3 1 1 1 1 500 0.0004
-1.636992904 78.9 58.77969742 32.73089981 60.83139801 77.86904479 54.76263677 87.70448814 0.145567344 0.1032503565 0.9839458889 0.4730405948 0.4527062944 -0.7558370239 0.145567344 -0.1032503565 -0.9839458889 0 0.1032503565 0.9906940119 -0.08868336227 0 0.9839458889 -0.08868336227 0.1548733322 0 0 0 0 1 1 0 0 58.77969742 0 1 0 32.73089981 0 0 1 60.83139801 0 0 0 1 0.145567344 0.1032503565 0.9839458889 -0 -0.1032503565 0.9906940119 -0.08868336227 -0 -0.9839458889 -0.08868336227 0.1548733322 -0 0 0 0 1 32 -3.345334103 0.8114673026 0.03125 -4.065281023 0.8597548947 0.03125 -4.471068687 0.9288662441 0.03125 -4.460294949 1.011298294 0.03125 -3.98768695 1.096347022 0.03125 -3.078462141 1.164168113 0.03125 -1.830959797 1.193999934 0.03125 -0.3179495311 1.167756307 0.03125 1.304663361 1.079694163 0.03125 2.945077176 0.9382412725 0.03125 4.429789388 0.7661040727 0.03125 5.672125847 0.6036639077 0.03125 6.56486502 0.493969869 0.03125 7.065814074 0.4816541839 0.03125 7.208169123 0.5856762309 0.03125 6.906058264 0.7354952423 0.03125 6.02225673 0.7362125871 0.03125 5.459322424 0.9321938473 0.03125 5.013440305 1.162923657 0.03125 4.618644188 1.332775106 0.03125 4.283762635 1.425478122 0.03125 4.040080675 1.434654802 0.03125 3.841863912 1.372584007 0.03125 3.696929806 1.256625467 0.03125 3.538477757 1.106530051 0.03125 3.359298807 0.9459467748 0.03125 3.124285467 0.7897178081 0.03125 2.825986886 0.6554111904 0.03125 2.507168783 0.5485596816 0.03125 2.167533146 0.4747970949 0.03125 1.893134746 0.4315137363 0.03125 1.691717469 0.4128215622 0.03125 1 3 1 1 1 1 500 0.0004
-1.563713426 78.9 58.87969971 33.33089828 60.4314003 76.99327249 56.57792188 91.90868797 0.06044070123 0.05677005288 0.9965561112 0.4722609901 0.5285757206 -0.7053915684 0.06044070123 -0.05677005288 -0.9965561112 0 0.05677005288 0.9969608495 -0.05335002991 0 0.9965561112 -0.05335002991 0.06347985175 0 0 0 0 1 1 0 0 58.87969971 0 1 0 33.33089828 0 0 1 60.4314003 0 0 0 1 0.06044070123 0.05677005288 0.9965561112 -0 -0.05677005288 0.9969608495 -0.05335002991 -0 -0.9965561112 -0.05335002991 0.06347985175 -0 0 0 0 1 32 -1.43928126 0.7500463081 0.03125 -2.640109283 0.7716772612 0.03125 -3.568732461 0.8448125239 0.03125 -4.027788496 0.9713741258 0.03125 -3.925056449 1.132211701 0.03125 -3.271314194 1.283182039 0.03125 -2.184475161 1.383885494 0.03125 -0.7448562294 1.399428488 0.03125 0.8450986648 1.32144582 0.03125 2.481435153 1.164308129 0.03125 3.977889756 0.9613586573 0.03125 5.239614333 0.7618382663 0.03125 6.162008158 0.6159668382 0.03125 6.695269492 0.5688009347 0.03125 6.859294044 0.640917102 0.03125 6.55617825 0.7565542748 0.03125 5.733400401 0.7643047144 0.03125 5.150817551 0.9364893381 0.03125 4.704503614 1.152360416 0.03125 4.325193085 1.312754886 0.03125 4.021807764 1.399077689 0.03125 3.828759135 1.404560247 0.03125 3.707116676 1.340834234 0.03125 3.663875791 1.224840614 0.03125 3.606371889 1.076137574 0.03125 3.522351364 0.9176332431 0.03125 3.336697324 0.764449604 0.03125 3.039985212 0.6336051348 0.03125 2.669367732 0.5306701336 0.03125 2.229330754 0.4602493102 0.03125 1.835536749 0.4188752963 0.03125 1.511947921 0.4003615975 0.03125 1 3 1 1 1 1 500 0.0004
-1.398599461 78.9 58.97969818 32.83089828 60.73139954 69.21401581 60.33911169 96.02395164 0.02464367225 0.101740426 0.9945056939 0.2629670056 0.7500270966 -0.6068836036 0.02464367225 -0.101740426 -0.9945056939 0 0.101740426 0.98989784 -0.09874792155 0 0.9945056939 -0.09874792155 0.03474583222 0 0 0 0 1 1 0 0 58.97969818 0 1 0 32.83089828 0 0 1 60.73139954 0 0 0 1 0.02464367225 0.101740426 0.9945056939 -0 -0.101740426 0.98989784 -0.09874792155 -0 -0.9945056939 -0.09874792155 0.03474583222 -0 0 0 0 1 32 -1.787393506 0.7029218906 0.03125 -2.861570228 0.6428655212 0.03125 -3.660688333 0.5986013362 0.03125 -4.017148074 0.583570281 0.03125 -3.863107245 0.5916859951 0.03125 -3.209080194 0.6039532829 0.03125 -2.179930473 0.6064884797 0.03125 -0.8424848184 0.5896947928 0.03125 0.6334232306 0.5590050147 0.03125 2.160622055 0.5300682089 0.03125 3.578665086 0.5272701014 0.03125 4.8022241 0.5790636011 0.03125 5.732661644 0.7116101064 0.03125 6.316366129 0.9413389999 0.03125 6.566233807 1.263471965 0.03125 6.371577446 1.579649105 0.03125 5.662583243 1.718626866 0.03125 5.183468695 1.952969175 0.03125 4.816465421 2.17403722 0.03125 4.491612489 2.289344488 0.03125 4.226710731 2.285462664 0.03125 4.053176662 2.169200637 0.03125 3.928069826 1.965298403 0.03125 3.853415161 1.707105072 0.03125 3.739043877 1.426579939 0.03125 3.576757742 1.156275621 0.03125 3.325902138 0.9162243122 0.03125 2.983805262 0.7231109415 0.03125 2.586901309 0.5798681055 0.03125 2.141157445 0.4852498475 0.03125 1.731255803 0.4305029428 0.03125 1.386348327 0.4054577139 0.03125 1 3 1 1 1 1 500 0.0004
-1.423521124 78.9 58.77969742 32.73089981 60.83139801 64.40076077 62.96498581 95.84503711 0.07233890292 0.103405149 0.9920052713 0.3296547527 0.7721667088 -0.5432184807 0.07233890292 -0.103405149 -0.9920052713 0 0.103405149 0.9900286889 -0.09565861376 0 0.9920052713 -0.09565861376 0.08231021406 0 0 0 0 1 1 0 0 58.77969742 0 1 0 32.73089981 0 0 1 60.83139801 0 0 0 1 0.07233890292 0.103405149 0.9920052713 -0 -0.103405149 0.9900286889 -0.09565861376 -0 -0.9920052713 -0.09565861376 0.08231021406 -0 0 0 0 1 32 -2.634237322 0.7420494584 0.03125 -3.673662542 0.7470189959 0.03125 -4.35744348 0.8137619096 0.03125 -4.555227422 0.936710903 0.03125 -4.233857684 1.088794973 0.03125 -3.432036489 1.219399787 0.03125 -2.282579577 1.296379207 0.03125 -0.8662414128 1.300032909 0.03125 0.6584805032 1.241650639 0.03125 2.205071125 1.15082818 0.03125 3.631716331 1.067265441 0.03125 4.85962326 1.030491918 0.03125 5.795949343 1.072715181 0.03125 6.394281315 1.207356911 0.03125 6.655327761 1.428830773 0.03125 6.478728684 1.641122719 0.03125 5.72764714 1.655965885 0.03125 5.233025617 1.798145887 0.03125 4.818601928 1.938722365 0.03125 4.420019928 1.996734304 0.03125 4.071377269 1.964308702 0.03125 3.808704786 1.84816241 0.03125 3.605703178 1.668656127 0.03125 3.470909 1.451586844 0.03125 3.327365453 1.221076433 0.03125 3.167758978 1.002007689 0.03125 2.933552211 0.8089708436 0.03125 2.619199813 0.6551392337 0.03125 2.252981414 0.5419898181 0.03125 1.840018815 0.468517582 0.03125 1.479322771 0.4271490487 0.03125 1.195030899 0.4089333249 0.03125 1 3 1 1 1 1 500 0.0004
-1.391912624 78.9 58.77969742 33.13090134 60.9314003 60.918317 63.86451388 95.69550706 -0.008052597853 0.02064832457 0.999754371 0.2369019292 0.8002364952 -0.5509074584 -0.008052597853 -0.02064832457 -0.999754371 0 0.02064832457 0.9995701856 -0.02081083402 0 0.999754371 -0.02081083402 -0.007622783423 0 0 0 0 1 1 0 0 58.77969742 0 1 0 33.13090134 0 0 1 60.9314003 0 0 0 1 -0.008052597853 0.02064832457 0.999754371 -0 -0.02064832457 0.9995701856 -0.02081083402 -0 -0.999754371 -0.02081083402 -0.007622783423 0 0 0 0 1 32 -0.9026016206 0.6549553646 0.03125 -2.552078468 0.7488785373 0.03125 -3.989931699 0.9167626361 0.03125 -4.723693089 1.148828807 0.03125 -4.698081638 1.417597427 0.03125 -3.951429399 1.676733613 0.03125 -2.687895112 1.871344677 0.03125 -1.065607429 1.957929759 0.03125 0.700886161 1.922181858 0.03125 2.441939287 1.78318353 0.03125 3.992735206 1.587216351 0.03125 5.229966242 1.397764235 0.03125 6.089731386 1.275932386 0.03125 6.53417914 1.269023196 0.03125 6.59966318 1.379844032 0.03125 6.253957857 1.535163903 0.03125 5.637321163 1.684830402 0.03125 5.060783652 1.866272027 0.03125 4.613131786 2.05370737 0.03125 4.26485307 2.168264191 0.03125 3.999747173 2.184785636 0.03125 3.835679303 2.100945142 0.03125 3.717681841 1.932943448 0.03125 3.624597418 1.703338762 0.03125 3.486898154 1.438451956 0.03125 3.277237606 1.168237486 0.03125 2.982194026 0.9154546834 0.03125 2.59863597 0.7028427671 0.03125 2.173571265 0.5389620824 0.03125 1.728081233 0.4275516473 0.03125 1.330683001 0.3613794768 0.03125 1.043206639 0.3307781905 0.03125 1 3 1 1 1 1 500 0.0004
-1.497557224 78.9 58.87969971 33.13090134 60.33139801 57.54188434 65.07287411 95.31433325 0.05640783618 -0.05645094072 0.9968106376 0.167641874 0.7921293572 -0.5868792751 0.05640783618 0.05645094072 -0.9968106376 0 -0.05645094072 0.9969834484 0.05326626355 0 0.9968106376 0.05326626355 0.05942438774 0 0 0 0 1 1 0 0 58.87969971 0 1 0 33.13090134 0 0 1 60.33139801 0 0 0 1 0.05640783618 -0.05645094072 0.9968106376 -0 0.05645094072 0.9969834484 0.05326626355 -0 -0.9968106376 0.05326626355 0.05942438774 -0 0 0 0 1 32 -1.81662354 0.7034260062 0.03125 -3.116921994 0.7907291202 0.03125 -4.106346275 1.04261977 0.03125 -4.560772998 1.465634664 0.03125 -4.442419891 2.003007867 0.03125 -3.79641282 2.52752519 0.03125 -2.736815163 2.929661917 0.03125 -1.368208339 3.117768347 0.03125 0.1663614375 3.07204944 0.03125 1.755921149 2.828593081 0.03125 3.262003072 2.464996488 0.03125 4.587484431 2.079960322 0.03125 5.617426713 1.767059934 0.03125 6.289859992 1.59248331 0.03125 6.58141769 1.58885398 0.03125 6.389612656 1.668882766 0.03125 5.708483555 1.700738072 0.03125 5.175285108 1.867568336 0.03125 4.739870802 2.06873714 0.03125 4.349026698 2.193088404 0.03125 4.009537241 2.214767323 0.03125 3.766180873 2.128105167 0.03125 3.571797214 1.952307475 0.03125 3.438883868 1.716092379 0.03125 3.296111243 1.448860273 0.03125 3.13672858 1.182745959 0.03125 2.9264338 0.9379124061 0.03125 2.656679352 0.7341285279 0.03125 2.336382586 0.5771349861 0.03125 1.964705867 0.4707004367 0.03125 1.600839498 0.408704302 0.03125 1.274522057 0.3812990825 0.03125 1 3 1 1 1 1 500 0.0004
-1.427142369 78.9 58.97969818 32.73089981 60.83139801 56.01616094 66.58361048 91.85694679 0.01982780974 0.07253877128 0.9971684836 0.2450047323 0.7812582296 -0.5741151974 0.01982780974 -0.07253877128 -0.9971684836 0 0.07253877128 0.9948404296 -0.07092704853 0 0.9971684836 -0.07092704853 0.0249873801 0 0 0 0 1 1 0 0 58.97969818 0 1 0 32.73089981 0 0 1 60.83139801 0 0 0 1 0.01982780974 0.07253877128 0.9971684836 -0 -0.07253877128 0.9948404296 -0.07092704853 -0 -0.9971684836 -0.07092704853 0.0249873801 -0 0 0 0 1 32 -2.025028722 0.6772165825 0.03125 -3.270510497 0.7868061534 0.03125 -4.30285821 1.018133144 0.03125 -4.753311654 1.358998423 0.03125 -4.573385915 1.760060291 0.03125 -3.802964884 2.137351741 0.03125 -2.603310161 2.411599321 0.03125 -1.101005775 2.525628293 0.03125 0.5405997301 2.470002206 0.03125 2.190549803 2.278025032 0.03125 3.732721475 2.011983716 0.03125 5.05680505 1.74744679 0.03125 6.043993921 1.553905366 0.03125 6.634366385 1.479789479 0.03125 6.816882485 1.531437766 0.03125 6.534624528 1.629293427 0.03125 5.885193604 1.690320487 0.03125 5.304579035 1.812940596 0.03125 4.826814791 1.943801367 0.03125 4.41533358 2.003757238 0.03125 4.057217177 1.974282828 0.03125 3.779553516 1.859419416 0.03125 3.553645544 1.679056278 0.03125 3.373525884 1.458303602 0.03125 3.177498282 1.221285212 0.03125 2.945618618 0.9928331398 0.03125 2.649843999 0.7886569608 0.03125 2.284823614 0.6230413965 0.03125 1.893741189 0.4990629456 0.03125 1.491668954 0.4165051029 0.03125 1.158475675 0.3683515543 0.03125 0.931772482 0.3462884721 0.03125 1 3 1 1 1 1 500 0.0004
-1.458587528 78.9 58.77969742 32.73089981 60.83139801 56.01051419 66.42874574 91.02782856 0.06263423314 0.02805034278 0.9976422861 0.223715113 0.7873889294 -0.5744303458 0.06263423314 -0.02805034278 -0.9976422861 0 0.02805034278 0.9992595554 -0.02633475116 0 0.9976422861 -0.02633475116 0.06337467769 0 0 0 0 1 1 0 0 58.77969742 0 1 0 32.73089981 0 0 1 60.83139801 0 0 0 1 0.06263423314 0.02805034278 0.9976422861 -0 -0.02805034278 0.9992595554 -0.02633475116 -0 -0.9976422861 -0.02633475116 0.06337467769 -0 0 0 0 1 32 -2.031043703 0.7817018065 0.03125 -3.504312907 0.9431136086 0.03125 -4.52393956 1.273037106 0.03125 -4.92768897 1.728650366 0.03125 -4.691906437 2.231591031 0.03125 -3.891048839 2.654497004 0.03125 -2.662321575 2.911010335 0.03125 -1.12882386 2.946574676 0.03125 0.5367863933 2.776032496 0.03125 2.221010762 2.461986366 0.03125 3.767000644 2.091997964 0.03125 5.086870078 1.759306281 0.03125 6.091736946 1.541866435 0.03125 6.735335342 1.478322388 0.03125 7.012302391 1.577388005 0.03125 6.824653878 1.72487389 0.03125 6.079672042 1.74748877 0.03125 5.536588917 1.893339388 0.03125 5.060250322 2.04199233 0.03125 4.59353077 2.097856845 0.03125 4.1425267 2.054050972 0.03125 3.755064529 1.920471948 0.03125 3.407748518 1.722400755 0.03125 3.120503375 1.49066691 0.03125 2.846454321 1.249865541 0.03125 2.584612457 1.025550042 0.03125 2.309868512 0.8293416839 0.03125 2.015975882 0.6724247825 0.03125 1.721404847 0.554451895 0.03125 1.42376608 0.4743972527 0.03125 1.175208757 0.4259130375 0.03125 0.9850530674 0.4020340912 0.03125 1 3 1 1 1 1 500 0.0004
-1.326688604 78.9 58.87969971 33.33089828 60.4314003 58.98943803 63.84901545 88.74567987 0.04504169724 0.05633063772 0.9973956611 0.2812221903 0.6654346706 -0.6914555509 0.04504169724 -0.05633063772 -0.9973956611 0 0.05633063772 0.9969636228 -0.0537623846 0 0.9973956611 -0.0537623846 0.04807807441 0 0 0 0 1 1 0 0 58.87969971 0 1 0 33.33089828 0 0 1 60.4314003 0 0 0 1 0.04504169724 0.05633063772 0.9973956611 -0 -0.05633063772 0.9969636228 -0.0537623846 -0 -0.9973956611 -0.0537623846 0.04807807441 -0 0 0 0 1 32 -2.264285951 0.7271965207 0.03125 -3.486314327 0.8720990852 0.03125 -4.460373628 1.156791287 0.03125 -4.870097849 1.552771982 0.03125 -4.663737827 1.998972398 0.03125 -3.882273267 2.398528243 0.03125 -2.643238355 2.66540745 0.03125 -1.069440364 2.73542828 0.03125 0.6804198685 2.597633708 0.03125 2.469611584 2.28761969 0.03125 4.13520946 1.873609238 0.03125 5.561718945 1.442370146 0.03125 6.62364039 1.077324518 0.03125 7.259571835 0.8453192604 0.03125 7.444021115 0.775545423 0.03125 7.107499939 0.8036813414 0.03125 6.296316825 0.8315279522 0.03125 5.555674786 0.9993496989 0.03125 4.912972033 1.220519194 0.03125 4.339558703 1.395200535 0.03125 3.872988402 1.494654341 0.03125 3.556789794 1.508330805 0.03125 3.364241617 1.447686328 0.03125 3.292697157 1.328835558 0.03125 3.240690024 1.170960981 0.03125 3.177727698 0.9961630533 0.03125 3.024813522 0.8206168768 0.03125 2.76204831 0.6642431058 0.03125 2.409145438 0.5362032099 0.03125 1.976331264 0.4452160817 0.03125 1.582050971 0.3893409526 0.03125 1.271482256 0.362939101 0.03125 1 3 1 1 1 1 500 0.0004
-1.333969038 78.9 58.77969742 32.73089981 60.83139801 62.83349037 59.83608231 87.93577203 0.06415510791 -0.04374553903 0.9969806668 0.3205207371 0.6512527885 -0.6878490115 0.06415510791 0.04374553903 -0.9969806668 0 -0.04374553903 0.9982016981 0.04098411627 0 0.9969806668 0.04098411627 0.06595340984 0 0 0 0 1 1 0 0 58.77969742 0 1 0 32.73089981 0 0 1 60.83139801 0 0 0 1 0.06415510791 -0.04374553903 0.9969806668 -0 0.04374553903 0.9982016981 0.04098411627 -0 -0.9969806668 0.04098411627 0.06595340984 -0 0 0 0 1 32 -1.796831976 0.6286556813 0.03125 -3.280751529 0.7792315163 0.03125 -4.657542008 1.053210747 0.03125 -5.267512034 1.426977986 0.03125 -5.054495893 1.840685877 0.03125 -4.084547914 2.215786919 0.03125 -2.604494774 2.463155055 0.03125 -0.814728479 2.529212552 0.03125 1.066839494 2.412423501 0.03125 2.870041087 2.161000092 0.03125 4.480562441 1.848938399 0.03125 5.793228959 1.548985531 0.03125 6.759544165 1.318308454 0.03125 7.336786658 1.189571123 0.03125 7.512110181 1.151732877 0.03125 7.267384036 1.160392797 0.03125 6.749273633 1.216366941 0.03125 6.092428295 1.302211391 0.03125 5.45246002 1.418761422 0.03125 4.843789583 1.510048684 0.03125 4.31058501 1.542039323 0.03125 3.892173526 1.505727122 0.03125 3.602174563 1.409150221 0.03125 3.421839902 1.264302758 0.03125 3.272903315 1.088700323 0.03125 3.105665345 0.9011024474 0.03125 2.852760948 0.7184663189 0.03125 2.495298245 0.5593637743 0.03125 2.074711622 0.433756438 0.03125 1.625369242 0.3484378158 0.03125 1.273336588 0.2995777029 0.03125 1.077506072 0.2780807854 0.03125 1 3 1 1 1 1 500 0.0004
-1.13213811 78.9 58.77969742 32.73089981 60.83139801 61.60786267 54.41765517 87.99835848 0.08710757707 -0.1351721816 0.9869856895 0.3400906809 0.6173162385 -0.7094074926 0.08710757707 0.1351721816 -0.9869856895 0 -0.1351721816 0.9831925386 0.1227229133 0 0.9869856895 0.1227229133 0.1039150385 0 0 0 0 1 1 0 0 58.77969742 0 1 0 32.73089981 0 0 1 60.83139801 0 0 0 1 0.08710757707 -0.1351721816 0.9869856895 -0 0.1351721816 0.9831925386 0.1227229133 -0 -0.9869856895 0.1227229133 0.1039150385 -0 0 0 0 1 32 -2.880710466 0.4937747512 0.03125 -3.89530191 0.5972821485 0.03125 -4.975751901 0.8647602006 0.03125 -5.414939638 1.271164248 0.03125 -5.106286173 1.759122738 0.03125 -4.095029244 2.241526056 0.03125 -2.587936455 2.613423893 0.03125 -0.790623693 2.789286631 0.03125 1.1350752 2.730724813 0.03125 2.985093884 2.451472793 0.03125 4.647608555 2.012260382 0.03125 5.982273588 1.507235143 0.03125 6.9167864 1.038668597 0.03125 7.413709416 0.6985724823 0.03125 7.469134503 0.513624697 0.03125 7.140953096 0.4689615779 0.03125 6.887893749 0.6975938825 0.03125 6.286068701 0.8695388405 0.03125 5.737808767 1.089842847 0.03125 5.265920514 1.294432025 0.03125 4.848525971 1.429462179 0.03125 4.488246169 1.473175816 0.03125 4.190111504 1.426410619 0.03125 3.921871634 1.300589175 0.03125 3.661299197 1.116806683 0.03125 3.360268115 0.9035081831 0.03125 2.975177859 0.6878142838 0.03125 2.493708119 0.4985509914 0.03125 1.94455476 0.3512956421 0.03125 1.38064111 0.253826951 0.03125 0.927771679 0.1983434648 0.03125 0.6881224837 0.1696431779 0.03125 1 3 1 1 1 1 500 0.0004
-0.906508787 78.9 58.77969742 32.73089981 60.83139801 61.41998851 48.31051496 88.67855604 0.07504892727 -0.1370885704 0.9877116899 0.2998838532 0.5328645146 -0.7912806605 0.07504892727 0.1370885704 -0.9877116899 0 -0.1370885704 0.9825186783 0.1259514614 0 0.9877116899 0.1259514614 0.09253024896 0 0 0 0 1 1 0 0 58.77969742 0 1 0 32.73089981 0 0 1 60.83139801 0 0 0 1 0.07504892727 -0.1370885704 0.9877116899 -0 0.1370885704 0.9825186783 0.1259514614 -0 -0.9877116899 0.1259514614 0.09253024896 -0 0 0 0 1 32 -3.335928349 0.2533868333 0.03125 -4.470756997 0.2996484718 0.03125 -5.505981225 0.4463279317 0.03125 -5.822901961 0.7251463515 0.03125 -5.362329358 1.077408597 0.03125 -4.231270658 1.422938301 0.03125 -2.680420615 1.673418784 0.03125 -0.9255991032 1.78160401 0.03125 0.9188491127 1.747815873 0.03125 2.709245364 1.61151499 0.03125 4.412951062 1.423982695 0.03125 5.916285129 1.221287289 0.03125 7.093139794 1.02700635 0.03125 7.844472289 0.8486470686 0.03125 8.052869239 0.6640555621 0.03125 7.740068722 0.4854251194 0.03125 7.534167229 0.5837610356 0.03125 6.698964319 0.5381953809 0.03125 5.881640244 0.5740535728 0.03125 5.164965581 0.6623011366 0.03125 4.584453443 0.7492940701 0.03125 4.177213057 0.8076842735 0.03125 3.985861613 0.8259712491 0.03125 3.971609465 0.7982849966 0.03125 4.020130985 0.729336287 0.03125 4.039424278 0.6284460231 0.03125 3.889295937 0.5099243769 0.03125 3.526644541 0.3918488234 0.03125 2.953461964 0.2885633733 0.03125 2.226163086 0.2112544102 0.03125 1.517689655 0.1596178786 0.03125 0.9939558244 0.1276963913 0.03125 1 3 1 1 1 1 500 0.0004
-0.8794514238 78.9 58.87969971 33.13090134 60.33139801 62.17149557 46.0283103 89.75597468 0.07220904892 -0.1959551929 0.9779506202 0.355569804 0.5776053943 -0.7348075415 0.07220904892 0.1959551929 -0.9779506202 0 -0.1959551929 0.9641875457 0.1787286748 0 0.9779506202 0.1787286748 0.1080215033 0 0 0 0 1 1 0 0 58.87969971 0 1 0 33.13090134 0 0 1 60.33139801 0 0 0 1 0.07220904892 -0.1959551929 0.9779506202 -0 0.1959551929 0.9641875457 0.1787286748 -0 -0.9779506202 0.1787286748 0.1080215033 -0 0 0 0 1 32 -3.114370438 0.158783005 0.03125 -4.091046215 0.3205130932 0.03125 -5.025535284 0.4330480679 0.03125 -5.490706338 0.6642558963 0.03125 -5.279848845 0.9677080194 0.03125 -4.420257813 1.293980281 0.03125 -3.05055176 1.548063218 0.03125 -1.335232141 1.681076177 0.03125 0.5259219512 1.669356472 0.03125 2.38352719 1.538943944 0.03125 4.105070384 1.343583904 0.03125 5.59596937 1.137908978 0.03125 6.759410152 0.9649362551 0.03125 7.535049021 0.8439272847 0.03125 7.844470323 0.7464295039 0.03125 7.66876238 0.6457141161 0.03125 7.449430238 0.7045345055 0.03125 6.744270979 0.6549533809 0.03125 6.051907914 0.6513607366 0.03125 5.415218369 0.6681658716 0.03125 4.892822015 0.6706938188 0.03125 4.523606385 0.6516607118 0.03125 4.338369717 0.6099067044 0.03125 4.312829899 0.5494979645 0.03125 4.310259851 0.4783030681 0.03125 4.265556967 0.4042782137 0.03125 4.022172672 0.3364225519 0.03125 3.565698709 0.2797306658 0.03125 2.92938557 0.2381076744 0.03125 2.182628984 0.210594674 0.03125 1.545427236 0.1942749357 0.03125 1.110136853 0.1846811894 0.03125 1 3 1 1 1 1 500 0.0004
