-1.834404846 77.9 61.44549942 33.3064003 60.17230225 128.3867833 31.2940164 29.77165065 0.9312407089 0.01178792525 0.36421393 0.8996575151 -0.02484360543 -0.4358889203 0.9312407089 -0.01178792525 -0.36421393 0 0.01178792525 0.9999280488 -0.002223092421 0 0.36421393 -0.002223092421 0.9313126602 0 0 0 0 1 1 0 0 61.44549942 0 1 0 33.3064003 0 0 1 60.17230225 0 0 0 1 0.9312407089 0.01178792525 0.36421393 -0 -0.01178792525 0.9999280488 -0.002223092421 -0 -0.36421393 -0.002223092421 0.9313126602 -0 0 0 0 1 32 2.008108981 0.9276839603 0.03125 2.152632974 0.9239820294 0.03125 2.268721782 0.9191614175 0.03125 2.355917916 0.9142276141 0.03125 2.405956793 0.9098037541 0.03125 2.418537247 0.9067134763 0.03125 2.39694281 0.9052784743 0.03125 2.341567085 0.905911152 0.03125 2.262752853 0.9085802523 0.03125 2.161485265 0.9132911043 0.03125 2.048069264 0.9197639756 0.03125 1.923810829 0.9277322836 0.03125 1.796489143 0.936804637 0.03125 1.667499886 0.9465739171 0.03125 1.542756787 0.9566108619 0.03125 1.409170578 0.9592542144 0.03125 0.3439168808 0.4876265505 0.03125 0.2340356721 0.4840362884 0.03125 0.1518780211 0.4874247338 0.03125 0.08328873304 0.4905056443 0.03125 0.03033832839 0.4932076079 0.03125 -0.006756306272 0.495436822 0.03125 -0.02417898219 0.4971345058 0.03125 -0.02179704588 0.4982387575 0.03125 0.006111843942 0.4987166745 0.03125 0.05951674528 0.4985955109 0.03125 0.1412020227 0.4979230583 0.03125 0.2509064447 0.4968688181 0.03125 0.3796537137 0.495585242 0.03125 0.5270243174 0.4943600743 0.03125 0.6647125471 0.4933871854 0.03125 0.7924434628 0.4928304718 0.03125 1 3 1 1 1 1 500 0.0004
-1.841981226 77.9 61.44549942 33.3064003 60.17230225 128.4846605 30.99019909 30.15744952 0.9303334377 0.005666599478 0.3666709484 0.9296945213 0.02090120597 -0.3677379999 0.9303334377 -0.005666599478 -0.3666709484 0 0.005666599478 0.9999833654 -0.001076382641 0 0.3666709484 -0.001076382641 0.9303500723 0 0 0 0 1 1 0 0 61.44549942 0 1 0 33.3064003 0 0 1 60.17230225 0 0 0 1 0.9303334377 0.005666599478 0.3666709484 -0 -0.005666599478 0.9999833654 -0.001076382641 -0 -0.3666709484 -0.001076382641 0.9303500723 -0 0 0 0 1 32 1.992826709 0.9278865981 0.03125 2.137054466 0.9254293393 0.03125 2.252763529 0.9227593238 0.03125 2.33961263 0.9206362599 0.03125 2.390177075 0.9195327026 0.03125 2.404385231 0.9199664207 0.03125 2.38580974 0.9221082935 0.03125 2.335035324 0.9261094672 0.03125 2.261112539 0.9318478507 0.03125 2.165136167 0.9391607118 0.03125 2.056091408 0.9477214396 0.03125 1.935343003 0.9571723256 0.03125 1.810950594 0.9671012055 0.03125 1.684332798 0.9770624205 0.03125 1.561807407 0.9866172138 0.03125 1.430425898 0.9881838583 0.03125 0.3660622586 0.5151308313 0.03125 0.2566741132 0.5106527221 0.03125 0.174147516 0.5128398102 0.03125 0.1044412382 0.5144964513 0.03125 0.04928483705 0.5155529163 0.03125 0.008836270268 0.5159481652 0.03125 -0.01311197747 0.5156304129 0.03125 -0.01650384057 0.514580866 0.03125 0.005652838258 0.512793538 0.03125 0.05323405355 0.5103580058 0.03125 0.1290404132 0.5073637481 0.03125 0.2326948756 0.5040740854 0.03125 0.3562536919 0.5006943839 0.03125 0.4991703998 0.4976292231 0.03125 0.6342727732 0.4951181854 0.03125 0.761225106 0.4933774666 0.03125 1 3 1 1 1 1 500 0.0004
-1.854418673 77.9 61.44549942 33.3064003 60.17230225 127.2113722 32.23790932 30.37741054 0.9021913311 0.02483659093 0.4306204197 0.894630866 -0.004953237625 -0.4467785571 0.9021913311 -0.02483659093 -0.4306204197 0 0.02483659093 0.9996757128 -0.005622538087 0 0.4306204197 -0.005622538087 0.9025156183 0 0 0 0 1 1 0 0 61.44549942 0 1 0 33.3064003 0 0 1 60.17230225 0 0 0 1 0.9021913311 0.02483659093 0.4306204197 -0 -0.02483659093 0.9996757128 -0.005622538087 -0 -0.4306204197 -0.005622538087 0.9025156183 -0 0 0 0 1 32 2.018640881 0.9280777803 0.03125 2.160852292 0.9262015596 0.03125 2.279729624 0.9240363182 0.03125 2.374365889 0.9222097858 0.03125 2.439028962 0.9211534665 0.03125 2.47342221 0.9212976844 0.03125 2.479535755 0.9228406462 0.03125 2.457703338 0.9259155341 0.03125 2.41410604 0.9304673487 0.03125 2.34959043 0.9363729723 0.03125 2.270678396 0.9433884116 0.03125 2.178510416 0.9512398414 0.03125 2.078050824 0.9595833846 0.03125 1.970531272 0.9680924172 0.03125 1.860080789 0.9763789332 0.03125 1.733928356 0.9771031113 0.03125 0.667143442 0.5033148349 0.03125 0.5499755613 0.4991405932 0.03125 0.4545831704 0.5014874777 0.03125 0.3672776814 0.5033467132 0.03125 0.2911502597 0.5046689196 0.03125 0.2264521796 0.5054356729 0.03125 0.1785942139 0.5056208303 0.03125 0.1477507523 0.5052383723 0.03125 0.1422577808 0.5042986485 0.03125 0.16214083 0.5028883571 0.03125 0.2128890316 0.50108413 0.03125 0.2942922758 0.4990902496 0.03125 0.3997282878 0.4970606596 0.03125 0.5287990599 0.4952827311 0.03125 0.653409196 0.4939293716 0.03125 0.7733503815 0.4931277696 0.03125 1 3 1 1 1 1 500 0.0004
-1.894708414 77.9 61.24549866 33.20640182 60.17230225 122.7769593 35.50233651 33.3933928 0.7981361873 0.08046776316 0.5970791954 0.8240100906 0.006995752278 -0.5665319321 0.7981361873 -0.08046776316 -0.5970791954 0 0.08046776316 0.9963990153 -0.02671968209 0 0.5970791954 -0.02671968209 0.801737172 0 0 0 0 1 1 0 0 61.24549866 0 1 0 33.20640182 0 0 1 60.17230225 0 0 0 1 0.7981361873 0.08046776316 0.5970791954 -0 -0.08046776316 0.9963990153 -0.02671968209 -0 -0.5970791954 -0.02671968209 0.801737172 -0 0 0 0 1 32 2.023959803 0.9390797415 0.03125 2.120687058 0.936650479 0.03125 2.212646244 0.9332975272 0.03125 2.299216387 0.9294000879 0.03125 2.378686387 0.9253060478 0.03125 2.450531592 0.9213736077 0.03125 2.513483701 0.9179106169 0.03125 2.567157334 0.9152163171 0.03125 2.610683527 0.9135266744 0.03125 2.643849498 0.9130587227 0.03125 2.666051459 0.9139566648 0.03125 2.677276158 0.9163256249 0.03125 2.67729166 0.9202089853 0.03125 2.66629979 0.9255906958 0.03125 2.644806011 0.9324018034 0.03125 2.612282222 0.9400305011 0.03125 1.576388234 0.4482103363 0.03125 1.531949957 0.4524423044 0.03125 1.484424606 0.4572147123 0.03125 1.433124491 0.4619745435 0.03125 1.379887369 0.4666579148 0.03125 1.324982429 0.4711883105 0.03125 1.270526915 0.4755051852 0.03125 1.216782696 0.4795434615 0.03125 1.165990814 0.4832537526 0.03125 1.118388292 0.4866022538 0.03125 1.076000331 0.4895591251 0.03125 1.039015725 0.4921296128 0.03125 1.008629859 0.4943098384 0.03125 0.9849662401 0.4961487657 0.03125 0.9676270269 0.4976686881 0.03125 0.9566743891 0.4989543432 0.03125 1 3 1 1 1 1 500 0.0004
-1.927802319 77.9 61.54550171 33.70640182 59.87229919 116.6022377 36.2125149 38.39141675 0.5517862179 0.09222725227 0.8288703781 0.7313475875 0.05558299457 -0.6797361524 0.5517862179 -0.09222725227 -0.8288703781 0 0.09222725227 0.9945186612 -0.04926222219 0 0.8288703781 -0.04926222219 0.5572675567 0 0 0 0 1 1 0 0 61.54550171 0 1 0 33.70640182 0 0 1 59.87229919 0 0 0 1 0.5517862179 0.09222725227 0.8288703781 -0 -0.09222725227 0.9945186612 -0.04926222219 -0 -0.8288703781 -0.04926222219 0.5572675567 -0 0 0 0 1 32 2.118153162 0.9378175206 0.03125 2.320376021 0.933604106 0.03125 2.51340241 0.9269762201 0.03125 2.695900966 0.9186832816 0.03125 2.86499948 0.909444514 0.03125 3.01954275 0.899981827 0.03125 3.156922462 0.8909380871 0.03125 3.276251032 0.8829575068 0.03125 3.375396674 0.8765654887 0.03125 3.453813017 0.8722473649 0.03125 3.509829954 0.870365732 0.03125 3.543305491 0.8712087106 0.03125 3.553353032 0.8749330898 0.03125 3.540274658 0.8815947075 0.03125 3.504634606 0.8911297592 0.03125 3.446309919 0.9029089964 0.03125 2.374783402 0.4148575286 0.03125 2.288381746 0.4219866953 0.03125 2.193314158 0.4297196456 0.03125 2.089228702 0.4374935798 0.03125 1.979489071 0.4451902359 0.03125 1.864656189 0.4526826979 0.03125 1.748682271 0.4598545822 0.03125 1.632139052 0.4665985788 0.03125 1.519336998 0.4728122024 0.03125 1.41083058 0.4784336089 0.03125 1.310804371 0.483394759 0.03125 1.219750486 0.4876937021 0.03125 1.141037783 0.4913074482 0.03125 1.075056107 0.4943110725 0.03125 1.023545681 0.4967294995 0.03125 0.9867685475 0.4987099343 0.03125 1 3 1 1 1 1 500 0.0004
-1.618500689 77.9 61.54550171 33.70640182 59.87229919 106.6927194 35.48774372 45.60896793 0.4964203041 -0.04891167696 0.8667032535 0.6106046018 0.06258019656 -0.7894591435 0.4964203041 0.04891167696 -0.8667032535 0 -0.04891167696 0.9984012833 0.02832887888 0 0.8667032535 0.02832887888 0.4980190208 0 0 0 0 1 1 0 0 61.54550171 0 1 0 33.70640182 0 0 1 59.87229919 0 0 0 1 0.4964203041 -0.04891167696 0.8667032535 -0 0.04891167696 0.9984012833 0.02832887888 -0 -0.8667032535 0.02832887888 0.4980190208 -0 0 0 0 1 32 1.830325177 0.9059833117 0.03125 1.275062727 0.9047923377 0.03125 0.8656480119 0.8854557841 0.03125 0.6092620844 0.8445343144 0.03125 0.5635980684 0.7784782852 0.03125 0.7333461417 0.6853971749 0.03125 1.114699373 0.5643432286 0.03125 1.699656733 0.4185960851 0.03125 2.432445461 0.252776963 0.03125 3.289511784 0.07770076094 0.03125 4.169322879 -0.09538885712 0.03125 5.036655835 -0.2496884867 0.03125 5.773630672 -0.3707928485 0.03125 6.345983708 -0.4429039747 0.03125 6.677495088 -0.4562338173 0.03125 6.702792243 -0.4302279647 0.03125 5.678925733 -0.7610003701 0.03125 5.242997437 -0.6690855161 0.03125 4.691349814 -0.5291556162 0.03125 3.990172377 -0.3761637141 0.03125 3.213155117 -0.2191000555 0.03125 2.37716138 -0.0691432062 0.03125 1.564594276 0.06721231586 0.03125 0.7891987254 0.1834239255 0.03125 0.1312387111 0.2777254963 0.03125 -0.400746417 0.3496002766 0.03125 -0.7553116408 0.4012141582 0.03125 -0.9288938573 0.4359366667 0.03125 -0.9296679842 0.4571636778 0.03125 -0.7579669335 0.4689788158 0.03125 -0.5180510603 0.4739650974 0.03125 -0.2106813229 0.4750109314 0.03125 1 3 1 1 1 1 500 0.0004
-1.613982019 77.9 61.44549942 33.10639954 60.07229996 102.8172804 38.73062707 45.71420203 0.4850368441 -0.02597497356 0.8741078655 0.5242824606 0.157533498 -0.8368459228 0.4850368441 0.02597497356 -0.8741078655 0 -0.02597497356 0.9995456683 0.01528913494 0 0.8741078655 0.01528913494 0.4854911758 0 0 0 0 1 1 0 0 61.44549942 0 1 0 33.10639954 0 0 1 60.07229996 0 0 0 1 0.4850368441 -0.02597497356 0.8741078655 -0 0.02597497356 0.9995456683 0.01528913494 -0 -0.8741078655 0.01528913494 0.4854911758 -0 0 0 0 1 32 1.642936271 0.9023979448 0.03125 1.107790869 0.8955539122 0.03125 0.7108726886 0.8794889091 0.03125 0.4607048926 0.8504496462 0.03125 0.4251032326 0.8046221774 0.03125 0.6115038925 0.738580893 0.03125 1.024190565 0.6503664701 0.03125 1.657376899 0.540438526 0.03125 2.456566112 0.4118287154 0.03125 3.397663848 0.2716769676 0.03125 4.370932978 0.1294736254 0.03125 5.336695947 -0.001216248532 0.03125 6.158473911 -0.1070231395 0.03125 6.795946137 -0.1735835291 0.03125 7.159324743 -0.1909062916 0.03125 7.182178864 -0.1766607713 0.03125 6.118114951 -0.5292187393 0.03125 5.623949316 -0.4577826378 0.03125 5.003583239 -0.3422348871 0.03125 4.229421438 -0.2146771827 0.03125 3.384058228 -0.08309008005 0.03125 2.487858737 0.04276691353 0.03125 1.625847167 0.1569327236 0.03125 0.8134117524 0.2535239842 0.03125 0.1307383444 0.3308770976 0.03125 -0.413572697 0.3886578753 0.03125 -0.7745391248 0.4288617325 0.03125 -0.9492072723 0.4546969494 0.03125 -0.9539438275 0.4692568408 0.03125 -0.789406097 0.4762795504 0.03125 -0.5596429194 0.4779995403 0.03125 -0.2646569364 0.4768785485 0.03125 1 3 1 1 1 1 500 0.0004
-1.547488577 77.9 61.44549942 33.40639877 60.17230225 97.24001166 44.20848614 46.82514371 0.4001960753 0.004387979186 0.9164190346 0.4852519625 0.2701828716 -0.8315838796 0.4001960753 -0.004387979186 -0.9164190346 0 0.004387979186 0.9999862488 -0.002871903243 0 0.9164190346 -0.002871903243 0.4002098264 0 0 0 0 1 1 0 0 61.44549942 0 1 0 33.40639877 0 0 1 60.17230225 0 0 0 1 0.4001960753 0.004387979186 0.9164190346 -0 -0.004387979186 0.9999862488 -0.002871903243 -0 -0.9164190346 -0.002871903243 0.4002098264 -0 0 0 0 1 32 2.492604417 0.8835059382 0.03125 1.587744407 0.8594290996 0.03125 0.8743431339 0.8235419202 0.03125 0.3831552895 0.7738294145 0.03125 0.1928637019 0.7086149486 0.03125 0.3123096608 0.6290764457 0.03125 0.7297171407 0.5395945528 0.03125 1.438580127 0.4471291889 0.03125 2.360568466 0.3608120251 0.03125 3.467267826 0.290394375 0.03125 4.620155307 0.2445075416 0.03125 5.767951454 0.228343946 0.03125 6.747778588 0.2431114735 0.03125 7.503476368 0.2850961168 0.03125 7.935798192 0.3484704514 0.03125 7.966887977 0.40093899 0.03125 6.878665709 0.05059851232 0.03125 6.298085033 0.07993423024 0.03125 5.563235251 0.1285214755 0.03125 4.653058449 0.1744905453 0.03125 3.6665752 0.2196792971 0.03125 2.631499785 0.2646277268 0.03125 1.640291494 0.3087823532 0.03125 0.7110011229 0.3502574608 0.03125 -0.0783724067 0.3872290496 0.03125 -0.7188157299 0.4180427153 0.03125 -1.161092642 0.4418225635 0.03125 -1.401783582 0.4587028216 0.03125 -1.447980912 0.4690891171 0.03125 -1.300073317 0.4744075057 0.03125 -1.067742442 0.4756180451 0.03125 -0.752770164 0.4742984023 0.03125 1 3 1 1 1 1 500 0.0004
-1.584371544 77.9 61.44549942 33.10639954 60.07229996 94.67220688 47.19983837 47.66103246 0.5796077721 0.04220586329 0.8138018774 0.4544610545 0.262110477 -0.8513302813 0.5796077721 -0.04220586329 -0.8138018774 0 0.04220586329 0.9988722929 -0.02174413889 0 0.8138018774 -0.02174413889 0.5807354792 0 0 0 0 1 1 0 0 61.44549942 0 1 0 33.10639954 0 0 1 60.07229996 0 0 0 1 0.5796077721 0.04220586329 0.8138018774 -0 -0.04220586329 0.9988722929 -0.02174413889 -0 -0.8138018774 -0.02174413889 0.5807354792 -0 0 0 0 1 32 -1.248446922 0.9339657057 0.03125 -1.191088259 0.9983520128 0.03125 -1.019872002 1.049045845 0.03125 -0.7397912599 1.075990071 0.03125 -0.3030160128 1.073909332 0.03125 0.2919305081 1.041110054 0.03125 1.047339432 0.9788572015 0.03125 1.953320151 0.8929539019 0.03125 2.97018134 0.7917383989 0.03125 4.070155031 0.686289055 0.03125 5.157903993 0.5871598868 0.03125 6.187232387 0.5023075763 0.03125 7.032452706 0.4349220087 0.03125 7.6457848 0.3833587048 0.03125 7.955717175 0.3439159944 0.03125 7.889794608 0.2881198805 0.03125 6.76757098 -0.1437711617 0.03125 6.173577041 -0.1857633933 0.03125 5.468475191 -0.1849741771 0.03125 4.629030837 -0.1611243701 0.03125 3.723396959 -0.1127996509 0.03125 2.779540629 -0.04295106636 0.03125 1.857525016 0.04174096841 0.03125 0.9764013788 0.1321872296 0.03125 0.1990004519 0.2200517454 0.03125 -0.4641032523 0.2978710077 0.03125 -0.9577418375 0.3612181971 0.03125 -1.277811172 0.4083530211 0.03125 -1.411999438 0.4397123736 0.03125 -1.362071014 0.4583354474 0.03125 -1.215621113 0.4669661387 0.03125 -0.9798592187 0.4695101738 0.03125 1 3 1 1 1 1 500 0.0004
-1.235675988 77.9 61.44549942 33.40639877 60.17230225 92.57622914 53.48866843 54.15781154 0.3806833603 0.01556855877 0.9245743881 0.39984161 0.4511350692 -0.7978745743 0.3806833603 -0.01556855877 -0.9245743881 0 0.01556855877 0.9998244492 -0.01042548285 0 0.9245743881 -0.01042548285 0.380858911 0 0 0 0 1 1 0 0 61.44549942 0 1 0 33.40639877 0 0 1 60.17230225 0 0 0 1 0.3806833603 0.01556855877 0.9245743881 -0 -0.01556855877 0.9998244492 -0.01042548285 -0 -0.9245743881 -0.01042548285 0.380858911 -0 0 0 0 1 32 1.272515585 0.9141104872 0.03125 0.5968894718 0.9288259688 0.03125 0.08323661861 0.9276871491 0.03125 -0.2433744121 0.9043779823 0.03125 -0.3062041187 0.8540296586 0.03125 -0.09543698672 0.7762682647 0.03125 0.386842895 0.6735190287 0.03125 1.137078478 0.5537684748 0.03125 2.094823309 0.4279299916 0.03125 3.234637656 0.3095939092 0.03125 4.429485646 0.2117256624 0.03125 5.628128264 0.1420523514 0.03125 6.669292295 0.1028368273 0.03125 7.491668956 0.0874905101 0.03125 7.992710996 0.08742428576 0.03125 8.08572575 0.06871697427 0.03125 7.083576064 -0.333803471 0.03125 6.568785414 -0.3548513302 0.03125 5.912223765 -0.3373270325 0.03125 5.094377314 -0.2980300657 0.03125 4.192419713 -0.2329530816 0.03125 3.238095897 -0.1446046405 0.03125 2.296067761 -0.03978204718 0.03125 1.386999842 0.07038035692 0.03125 0.5758696658 0.1764329825 0.03125 -0.1262836898 0.2693949979 0.03125 -0.6572936347 0.3445500106 0.03125 -1.01261709 0.4000623703 0.03125 -1.172280993 0.4367292046 0.03125 -1.137204771 0.4581780381 0.03125 -0.9959923823 0.4676834768 0.03125 -0.7529488124 0.4699593316 0.03125 1 3 1 1 1 1 500 0.0004
-1.135933801 77.9 60.94549942 33.20640182 60.17230225 90.81673051 53.95919825 56.5566275 0.4095692178 0.04806044996 0.9110122112 0.4082165394 0.3986846621 -0.8212245717 0.4095692178 -0.04806044996 -0.9110122112 0 0.04806044996 0.9983613385 -0.03106172882 0 0.9110122112 -0.03106172882 0.4112078794 0 0 0 0 1 1 0 0 60.94549942 0 1 0 33.20640182 0 0 1 60.17230225 0 0 0 1 0.4095692178 0.04806044996 0.9110122112 -0 -0.04806044996 0.9983613385 -0.03106172882 -0 -0.9110122112 -0.03106172882 0.4112078794 -0 0 0 0 1 32 0.4964371993 0.8947367023 0.03125 -0.0839453199 0.8711298492 0.03125 -0.5045787446 0.8258086731 0.03125 -0.7394943029 0.7553516369 0.03125 -0.7167738075 0.6564505512 0.03125 -0.4300373326 0.5312811238 0.03125 0.1162320627 0.386012337 0.03125 0.9164770637 0.2346007105 0.03125 1.911488719 0.0949715854 0.03125 3.07639734 -0.01310535856 0.03125 4.297789279 -0.0715193864 0.03125 5.526311554 -0.07418412415 0.03125 6.607073325 -0.02317265339 0.03125 7.47942919 0.05970274043 0.03125 8.034340175 0.1513952848 0.03125 8.181939472 0.198325504 0.03125 7.241512278 -0.1684290892 0.03125 6.769491099 -0.1943316252 0.03125 6.148383002 -0.2062399685 0.03125 5.359512138 -0.2110800523 0.03125 4.480107885 -0.195375311 0.03125 3.545640631 -0.1510605307 0.03125 2.61371023 -0.0800462536 0.03125 1.707447489 0.0100305805 0.03125 0.8869221869 0.1085698896 0.03125 0.1640204763 0.2042918533 0.03125 -0.4005597376 0.2887575454 0.03125 -0.8022088685 0.3564019286 0.03125 -1.014602923 0.4054266749 0.03125 -1.038455095 0.4376091371 0.03125 -0.9477241784 0.4558707602 0.03125 -0.7469331326 0.4649042452 0.03125 1 3 1 1 1 1 500 0.0004
-1.096541141 77.9 61.44549942 33.3064003 60.07229996 82.92577744 56.47455485 62.39685134 0.3526031288 0.06469385173 0.9335340053 0.3376737376 0.4887848755 -0.8044039982 0.3526031288 -0.06469385173 -0.9335340053 0 0.06469385173 0.9969057484 -0.04465013369 0 0.9335340053 -0.04465013369 0.3556973805 0 0 0 0 1 1 0 0 61.44549942 0 1 0 33.3064003 0 0 1 60.07229996 0 0 0 1 0.3526031288 0.06469385173 0.9335340053 -0 -0.06469385173 0.9969057484 -0.04465013369 -0 -0.9335340053 -0.04465013369 0.3556973805 -0 0 0 0 1 32 -1.600792564 0.7723642974 0.03125 -1.792551626 0.8615829159 0.03125 -1.764291583 1.001487425 0.03125 -1.52572538 1.138013776 0.03125 -1.048381225 1.23446479 0.03125 -0.3671223025 1.252082965 0.03125 0.4656936689 1.179907743 0.03125 1.414732456 1.02770864 0.03125 2.456101048 0.8234243693 0.03125 3.555620896 0.6048318782 0.03125 4.657809308 0.4111213843 0.03125 5.709640835 0.2648884506 0.03125 6.593489984 0.1830975767 0.03125 7.250887995 0.1520168694 0.03125 7.65025572 0.1558966096 0.03125 7.605117693 0.08410707125 0.03125 7.224894733 -0.07316946407 0.03125 6.872475189 -0.160596697 0.03125 6.600253106 -0.165077575 0.03125 6.257922277 -0.1577683141 0.03125 5.735084065 -0.1353512127 0.03125 5.058991201 -0.09074440072 0.03125 4.136934526 -0.02584664313 0.03125 3.01495669 0.0534412875 0.03125 1.784208962 0.1369288271 0.03125 0.4937114561 0.2138933288 0.03125 -0.6150930247 0.2765130089 0.03125 -1.509278119 0.3212224104 0.03125 -1.981406869 0.349160796 0.03125 -2.034693633 0.3648070066 0.03125 -1.757951752 0.3726028912 0.03125 -1.218972133 0.3758553524 0.03125 1 3 1 1 1 1 500 0.0004
-0.5662494622 77.9 61.44549942 33.40639877 60.17230225 76.81077195 57.56245951 69.01621747 0.1117714953 -0.1155157978 0.9869970787 0.2076814637 0.5092263785 -0.8351987219 0.1117714953 0.1155157978 -0.9869970787 0 -0.1155157978 0.987997624 0.1025514285 0 0.9869970787 0.1025514285 0.1237738713 0 0 0 0 1 1 0 0 61.44549942 0 1 0 33.40639877 0 0 1 60.17230225 0 0 0 1 0.1117714953 -0.1155157978 0.9869970787 -0 0.1155157978 0.987997624 0.1025514285 -0 -0.9869970787 0.1025514285 0.1237738713 -0 0 0 0 1 32 0.4838437436 0.9144137578 0.03125 -0.0667419594 0.8866166414 0.03125 -0.4682908771 0.8327239453 0.03125 -0.7065761983 0.7526291732 0.03125 -0.7084595073 0.6428356021 0.03125 -0.4747571361 0.504381307 0.03125 0.009702506044 0.3394348102 0.03125 0.7383102472 0.1605412635 0.03125 1.667904364 -0.01504055771 0.03125 2.77941679 -0.1626913365 0.03125 3.966739252 -0.2564605335 0.03125 5.190213418 -0.2789403312 0.03125 6.306516809 -0.2181148794 0.03125 7.262465427 -0.08727005569 0.03125 7.947598337 0.09686258801 0.03125 8.270185711 0.2692528043 0.03125 7.51905396 0.03388837443 0.03125 7.252202946 0.1252334342 0.03125 6.817595455 0.2023477862 0.03125 6.191006974 0.2445993327 0.03125 5.444100517 0.2626421347 0.03125 4.61428581 0.2711317593 0.03125 3.759990459 0.2784306386 0.03125 2.908957451 0.2922590326 0.03125 2.121170923 0.3128283556 0.03125 1.41082709 0.3397182218 0.03125 0.8435719823 0.3689518725 0.03125 0.423621599 0.3972801111 0.03125 0.1836658322 0.4217719461 0.03125 0.1226280591 0.4409515396 0.03125 0.1707587617 0.4549069681 0.03125 0.3291859313 0.4642895364 0.03125 1 3 1 1 1 1 500 0.0004
-1.466412828 77.9 61.44549942 33.10639954 60.07229996 75.99338914 57.54461421 69.00344811 0.4049917637 -0.0598841387 0.9123571457 0.2748614415 0.5236813819 -0.8063553796 0.4049917637 0.0598841387 -0.9123571457 0 -0.0598841387 0.9974475935 0.03888686273 0 0.9123571457 0.03888686273 0.4075441701 0 0 0 0 1 1 0 0 61.44549942 0 1 0 33.10639954 0 0 1 60.07229996 0 0 0 1 0.4049917637 -0.0598841387 0.9123571457 -0 0.0598841387 0.9974475935 0.03888686273 -0 -0.9123571457 0.03888686273 0.4075441701 -0 0 0 0 1 32 -2.147441277 0.3396948393 0.03125 -2.853840448 0.6805648236 0.03125 -3.391870103 1.372898179 0.03125 -3.348263478 2.309454682 0.03125 -2.669348256 3.254131158 0.03125 -1.554469951 3.933875706 0.03125 -0.2155338915 4.187910556 0.03125 1.091613289 3.996414796 0.03125 2.328093777 3.459335559 0.03125 3.460052858 2.745197309 0.03125 4.559230673 2.028643368 0.03125 5.641346216 1.43649228 0.03125 6.567378351 1.033851027 0.03125 7.264408111 0.7922495964 0.03125 7.492153455 0.6302563968 0.03125 7.527966652 0.5905095684 0.03125 7.074244406 0.4507154318 0.03125 6.662130458 0.3825219189 0.03125 6.150225895 0.2111209962 0.03125 5.80262997 0.06802165124 0.03125 5.660013058 -0.03928990893 0.03125 5.533113834 -0.08957094193 0.03125 5.277129921 -0.06596092217 0.03125 4.705491677 0.02242703185 0.03125 3.705491817 0.1462329936 0.03125 2.361934214 0.259348191 0.03125 0.8220242588 0.3255112175 0.03125 -0.5973499841 0.3264370295 0.03125 -1.63102054 0.2725715695 0.03125 -2.08503833 0.1988687523 0.03125 -1.97027082 0.1362892921 0.03125 -1.687257895 0.1045687035 0.03125 1 3 1 1 1 1 500 0.0004
-1.395321607 77.9 61.54550171 33.70640182 60.07229996 70.47044928 58.1513459 70.78477435 0.3785258695 -0.08502952078 0.9216768125 0.2137280063 0.5802347995 -0.7859057938 0.3785258695 0.08502952078 -0.9216768125 0 -0.08502952078 0.994755253 0.05685039317 0 0.9216768125 0.05685039317 0.3837706165 0 0 0 0 1 1 0 0 61.54550171 0 1 0 33.70640182 0 0 1 60.07229996 0 0 0 1 0.3785258695 -0.08502952078 0.9216768125 -0 0.08502952078 0.994755253 0.05685039317 -0 -0.9216768125 0.05685039317 0.3837706165 -0 0 0 0 1 32 -1.920268086 0.3777266831 0.03125 -2.852805208 0.7207621921 0.03125 -3.613589656 1.43674115 0.03125 -3.690964116 2.410723475 0.03125 -3.038405941 3.401495567 0.03125 -1.869031601 4.13004441 0.03125 -0.4642439474 4.429397361 0.03125 0.9048479232 4.274520726 0.03125 2.177474284 3.761871402 0.03125 3.331537969 3.056575334 0.03125 4.473747851 2.333909557 0.03125 5.623272701 1.728270375 0.03125 6.64216641 1.315503167 0.03125 7.430062976 1.07666868 0.03125 7.729380803 0.9317711461 0.03125 7.784613354 0.9079183215 0.03125 7.269680022 0.7519907501 0.03125 6.801441451 0.6573794823 0.03125 6.229262384 0.4366008472 0.03125 5.842943954 0.2197339593 0.03125 5.723900914 0.02905608944 0.03125 5.686795274 -0.09185502886 0.03125 5.560341042 -0.1068734545 0.03125 5.104145584 -0.01650720055 0.03125 4.148500888 0.1411550833 0.03125 2.752391322 0.2973188983 0.03125 1.092480066 0.3961265058 0.03125 -0.4802797739 0.4083978282 0.03125 -1.648842927 0.3458913467 0.03125 -2.191205407 0.2532655462 0.03125 -2.119253204 0.1721251182 0.03125 -1.840552442 0.1291428354 0.03125 1 3 1 1 1 1 500 0.0004
-0.02552288298 77.9 61.44549942 33.40639877 60.17230225 63.18030739 55.86284867 82.00813812 0.08254553269 -0.3232191668 0.9427171396 -0.2055849794 0.2223632831 -0.9530421746 0.08254553269 0.3232191668 -0.9427171396 0 -0.3232191668 0.9034953943 0.2814701453 0 0.9427171396 0.2814701453 0.1790501384 0 0 0 0 1 1 0 0 61.44549942 0 1 0 33.40639877 0 0 1 60.17230225 0 0 0 1 0.08254553269 -0.3232191668 0.9427171396 -0 0.3232191668 0.9034953943 0.2814701453 -0 -0.9427171396 0.2814701453 0.1790501384 -0 0 0 0 1 32 1.166597091 0.9391627066 0.03125 0.6083912919 0.9054730499 0.03125 0.1568156758 0.8509065057 0.03125 -0.1823231982 0.7810125767 0.03125 -0.3493787464 0.6967645237 0.03125 -0.348425704 0.6034504175 0.03125 -0.147711916 0.5022227211 0.03125 0.2482416123 0.3994575939 0.03125 0.8364869205 0.3007107206 0.03125 1.609521141 0.2157308763 0.03125 2.517002375 0.1557983802 0.03125 3.541953313 0.1311842909 0.03125 4.577585098 0.1536988176 0.03125 5.594814543 0.2250108456 0.03125 6.459995631 0.347967204 0.03125 7.093611747 0.4845118905 0.03125 6.680306937 0.227472174 0.03125 6.834613256 0.3527354336 0.03125 6.802078807 0.4844787755 0.03125 6.544069183 0.5849933581 0.03125 6.126047964 0.6472279989 0.03125 5.578438909 0.6716401556 0.03125 4.988124605 0.6612067214 0.03125 4.389740908 0.6282778335 0.03125 3.862413334 0.5809614595 0.03125 3.428526537 0.5328653688 0.03125 3.131772455 0.4900719292 0.03125 2.976956686 0.4592505774 0.03125 2.94512651 0.4419571619 0.03125 3.029593083 0.4380300971 0.03125 3.156727446 0.4463663161 0.03125 3.323025275 0.4620602681 0.03125 1 3 1 1 1 1 500 0.0004
0.02681386257 77.9 61.44549942 33.10639954 60.07229996 61.68721836 57.62966162 89.22268672 0.08253853841 -0.2723829558 0.9586422248 -0.1387389369 0.4300497054 -0.8920811388 0.08253853841 0.2723829558 -0.9586422248 0 -0.2723829558 0.9314643572 0.2412087824 0 0.9586422248 0.2412087824 0.1510741812 0 0 0 0 1 1 0 0 61.44549942 0 1 0 33.10639954 0 0 1 60.07229996 0 0 0 1 0.08253853841 -0.2723829558 0.9586422248 -0 0.2723829558 0.9314643572 0.2412087824 -0 -0.9586422248 0.2412087824 0.1510741812 -0 0 0 0 1 32 0.7172770474 0.9315489836 0.03125 0.3026710179 0.8994556878 0.03125 -0.02905666147 0.8517973367 0.03125 -0.27388676 0.7935423866 0.03125 -0.3931784727 0.7246455994 0.03125 -0.3944167913 0.6469108411 0.03125 -0.2462468061 0.5591931774 0.03125 0.04504441265 0.4646750354 0.03125 0.496658305 0.3670109757 0.03125 1.102136521 0.2746353446 0.03125 1.843893476 0.1981735511 0.03125 2.709474535 0.1489832454 0.03125 3.628685474 0.1399227236 0.03125 4.579026149 0.1759440281 0.03125 5.446402883 0.2624294283 0.03125 6.147806914 0.3615703304 0.03125 5.881892833 0.0883236227 0.03125 6.200699174 0.1908222779 0.03125 6.353561949 0.3107577109 0.03125 6.287171821 0.4061690647 0.03125 6.039322309 0.4694423113 0.03125 5.632164428 0.499877905 0.03125 5.137593943 0.5001873815 0.03125 4.585582995 0.4819987203 0.03125 4.06112428 0.4529919749 0.03125 3.586485102 0.4254170042 0.03125 3.221337222 0.4042981361 0.03125 2.973667817 0.3945092115 0.03125 2.831606123 0.3964476915 0.03125 2.794294652 0.4088309773 0.03125 2.802003804 0.4298763197 0.03125 2.860856454 0.4543903577 0.03125 1 3 1 1 1 1 500 0.0004
1.490739902 77.9 60.94549942 33.3064003 60.17230225 53.54376412 61.7616345 105.2159446 0.446313024 -0.2487829709 0.8595997429 -0.2338399815 0.8488121207 -0.4741696392 0.446313024 0.2487829709 -0.8595997429 0 -0.2487829709 0.9572063823 0.1478613372 0 0.8595997429 0.1478613372 0.4891066417 0 0 0 0 1 1 0 0 60.94549942 0 1 0 33.3064003 0 0 1 60.17230225 0 0 0 1 0.446313024 -0.2487829709 0.8595997429 -0 0.2487829709 0.9572063823 0.1478613372 -0 -0.8595997429 0.1478613372 0.4891066417 -0 0 0 0 1 32 1.96595088 0.1550778991 0.03125 3.129141433 -0.1096947539 0.03125 4.01487725 -0.6056678177 0.03125 4.155339766 -1.206067018 0.03125 3.644314876 -1.799131231 0.03125 2.605251872 -2.266166681 0.03125 1.363139973 -2.579538356 0.03125 0.185255156 -2.769584475 0.03125 -0.728359705 -2.925597615 0.03125 -1.134650309 -3.131903737 0.03125 -1.005253834 -3.412239935 0.03125 -0.2520046838 -3.696976072 0.03125 0.9441859486 -3.845676677 0.03125 2.351831684 -3.701160039 0.03125 3.572397925 -3.210139903 0.03125 4.447142852 -2.364797628 0.03125 4.806567056 -1.360561097 0.03125 4.828302102 -0.2378195518 0.03125 4.662994229 0.7584594281 0.03125 4.534822818 1.582953498 0.03125 4.53496625 2.101350603 0.03125 4.672353622 2.283272919 0.03125 4.747676617 2.161665959 0.03125 4.718453654 1.847821055 0.03125 4.447546518 1.452411347 0.03125 4.003200757 1.069174045 0.03125 3.442807697 0.7517940386 0.03125 2.847020535 0.5147259757 0.03125 2.272220663 0.3552355885 0.03125 1.709053931 0.2569073465 0.03125 1.24538199 0.2031226569 0.03125 0.8095133635 0.1802171502 0.03125 1 3 1 1 1 1 500 0.0004
-1.25578433 77.9 61.44549942 33.10639954 60.07229996 85.25001153 67.54612424 85.75396989 0.5051702361 0.06317654551 0.8607042214 0.1124408328 0.7678006036 -0.6307450295 0.5051702361 -0.06317654551 -0.8607042214 0 0.06317654551 0.9973482894 -0.03612635841 0 0.8607042214 -0.03612635841 0.5078219467 0 0 0 0 1 1 0 0 61.44549942 0 1 0 33.10639954 0 0 1 60.07229996 0 0 0 1 0.5051702361 0.06317654551 0.8607042214 -0 -0.06317654551 0.9973482894 -0.03612635841 -0 -0.8607042214 -0.03612635841 0.5078219467 -0 0 0 0 1 32 -1.17814237 0.07059758971 0.03125 -1.648505221 0.1432508504 0.03125 -2.208627395 0.4588647164 0.03125 -2.417882853 1.089799206 0.03125 -2.149234743 1.920797315 0.03125 -1.507694123 2.712332857 0.03125 -0.5976606772 3.259080713 0.03125 0.3355528401 3.443830743 0.03125 1.238397637 3.258508137 0.03125 1.989631593 2.788784258 0.03125 2.631550486 2.163369389 0.03125 3.200889354 1.517880292 0.03125 3.677157128 0.9660896704 0.03125 4.114590504 0.5634696599 0.03125 4.332662889 0.2842832765 0.03125 4.658732334 0.2342396942 0.03125 4.92353323 0.2938877548 0.03125 5.098354427 0.3816656764 0.03125 5.08061037 0.3866617949 0.03125 5.112728705 0.4151499626 0.03125 5.116603167 0.411681986 0.03125 4.994112019 0.3742508535 0.03125 4.731892504 0.3165023268 0.03125 4.270931656 0.2538479746 0.03125 3.614239921 0.198882938 0.03125 2.802534283 0.1553550774 0.03125 1.895728657 0.124225422 0.03125 1.025317475 0.1017555085 0.03125 0.302388469 0.08610681188 0.03125 -0.1645777654 0.07572908441 0.03125 -0.330131004 0.0694523966 0.03125 -0.3178227676 0.06655338509 0.03125 1 3 1 1 1 1 500 0.0004
-1.395327896 77.9 61.44549942 33.40639877 60.17230225 93.13509533 61.28345297 85.0966951 0.5306631652 -0.05059833567 0.8460711634 0.2397436653 0.6876339086 -0.6853339206 0.5306631652 0.05059833567 -0.8460711634 0 -0.05059833567 0.9983273972 0.02796813414 0 0.8460711634 0.02796813414 0.5323357681 0 0 0 0 1 1 0 0 61.44549942 0 1 0 33.40639877 0 0 1 60.17230225 0 0 0 1 0.5306631652 -0.05059833567 0.8460711634 -0 0.05059833567 0.9983273972 0.02796813414 -0 -0.8460711634 0.02796813414 0.5323357681 -0 0 0 0 1 32 -1.28197415 0.1032763842 0.03125 -1.723292178 0.2120608723 0.03125 -2.232220879 0.567973382 0.03125 -2.39961568 1.219039916 0.03125 -2.093818188 2.038139776 0.03125 -1.429233035 2.787103901 0.03125 -0.4886290557 3.272497116 0.03125 0.4668768856 3.395847455 0.03125 1.369579912 3.168837439 0.03125 2.088742554 2.692236979 0.03125 2.649053824 2.097006179 0.03125 3.105838257 1.507118329 0.03125 3.449505177 1.015089479 0.03125 3.78066603 0.6547004197 0.03125 3.953985342 0.3834701702 0.03125 4.34148343 0.3141960037 0.03125 4.705157606 0.3019044772 0.03125 5.077763741 0.3282021209 0.03125 5.233271981 0.2621647334 0.03125 5.37529729 0.2316393325 0.03125 5.399236157 0.1891324577 0.03125 5.20930147 0.1385235669 0.03125 4.839472362 0.09313204755 0.03125 4.280846456 0.06206832816 0.03125 3.581483361 0.0491508408 0.03125 2.805722648 0.04872061568 0.03125 1.988547674 0.0553462554 0.03125 1.234643766 0.06195254946 0.03125 0.6004970093 0.06633927807 0.03125 0.1616864925 0.06849354949 0.03125 -0.0412878253 0.06913404765 0.03125 -0.1111683872 0.06929900304 0.03125 1 3 1 1 1 1 500 0.0004
-0.9792188494 77.9 61.34550095 33.70640182 59.87229919 99.51588631 56.78705626 80.76725562 0.3777782482 -0.07671348237 0.9227126513 0.3491368814 0.5914654627 -0.7268232553 0.3777782482 0.07671348237 -0.9227126513 0 -0.07671348237 0.9957286607 0.05137582975 0 0.9227126513 0.05137582975 0.3820495875 0 0 0 0 1 1 0 0 61.34550095 0 1 0 33.70640182 0 0 1 59.87229919 0 0 0 1 0.3777782482 -0.07671348237 0.9227126513 -0 0.07671348237 0.9957286607 0.05137582975 -0 -0.9227126513 0.05137582975 0.3820495875 -0 0 0 0 1 32 1.08150224 0.8491534294 0.03125 0.3592256253 0.8185913205 0.03125 -0.253929622 0.7812441379 0.03125 -0.6760372998 0.7500916992 0.03125 -0.863740157 0.7256096557 0.03125 -0.8176049887 0.6992816428 0.03125 -0.5626320301 0.6593038109 0.03125 -0.113202418 0.5958431187 0.03125 0.4746997857 0.5061086963 0.03125 1.179668807 0.3962296137 0.03125 1.938554263 0.2786043282 0.03125 2.7258129 0.168722739 0.03125 3.485534438 0.0830159431 0.03125 4.190430915 0.03072881273 0.03125 4.805362358 0.0187999302 0.03125 5.218693955 -0.00122209804 0.03125 4.916108485 -0.2898703527 0.03125 5.085559168 -0.2739440672 0.03125 5.204887187 -0.2035285162 0.03125 5.186788323 -0.1286357458 0.03125 5.02389567 -0.05327183917 0.03125 4.730125762 0.02121966311 0.03125 4.32244577 0.0937295008 0.03125 3.820519997 0.1633986834 0.03125 3.271926261 0.228199839 0.03125 2.69516069 0.2861987387 0.03125 2.159758561 0.3353290748 0.03125 1.679027129 0.3743781454 0.03125 1.310274015 0.4031195476 0.03125 1.060368163 0.4225913894 0.03125 0.9224129305 0.4343704195 0.03125 0.9050966483 0.4405120531 0.03125 1 3 1 1 1 1 500 0.0004
-1.140543623 77.9 61.54550171 33.70640182 60.07229996 102.5220706 50.53927775 77.15832401 0.3886966656 -0.09994203315 0.9159293052 0.4065964677 0.4765398393 -0.7794800151 0.3886966656 0.09994203315 -0.9159293052 0 -0.09994203315 0.9928073493 0.06591780571 0 0.9159293052 0.06591780571 0.3958893163 0 0 0 0 1 1 0 0 61.54550171 0 1 0 33.70640182 0 0 1 60.07229996 0 0 0 1 0.3886966656 -0.09994203315 0.9159293052 -0 0.09994203315 0.9928073493 0.06591780571 -0 -0.9159293052 0.06591780571 0.3958893163 -0 0 0 0 1 32 1.064864826 0.8492217909 0.03125 0.3040597277 0.8193084167 0.03125 -0.3365516594 0.7826993888 0.03125 -0.7814224279 0.7467223163 0.03125 -0.9780726419 0.7107484226 0.03125 -0.9212033067 0.669593697 0.03125 -0.6405707959 0.6169329231 0.03125 -0.1451123597 0.5484336427 0.03125 0.4973841351 0.4641627916 0.03125 1.267441109 0.3697013783 0.03125 2.088855289 0.2741433793 0.03125 2.934475915 0.1877088004 0.03125 3.742421736 0.1209684711 0.03125 4.482332044 0.07933813405 0.03125 5.11717827 0.06656992085 0.03125 5.539417892 0.03876800278 0.03125 5.197385864 -0.2814594352 0.03125 5.344356943 -0.283762844 0.03125 5.429891919 -0.2353071603 0.03125 5.374105228 -0.1784117698 0.03125 5.166291002 -0.1144463643 0.03125 4.821175997 -0.04344689278 0.03125 4.358383774 0.03314858273 0.03125 3.798813015 0.1122120853 0.03125 3.20241151 0.1896320796 0.03125 2.588307158 0.2604156461 0.03125 2.034210032 0.3209324743 0.03125 1.552818091 0.3685960017 0.03125 1.200003065 0.4031102539 0.03125 0.9812923972 0.4258412477 0.03125 0.8776342563 0.4390094351 0.03125 0.8950762594 0.445475365 0.03125 1 3 1 1 1 1 500 0.0004
-1.401278126 77.9 61.54550171 32.8064003 60.17230225 99.30650103 40.90478775 77.84574742 0.3768852338 -0.1784526711 0.9089071266 0.4227709221 0.3785552618 -0.8233836658 0.3768852338 0.1784526711 -0.9089071266 0 -0.1784526711 0.9768714523 0.1177998722 0 0.9089071266 0.1177998722 0.4000137815 0 0 0 0 1 1 0 0 61.54550171 0 1 0 32.8064003 0 0 1 60.17230225 0 0 0 1 0.3768852338 -0.1784526711 0.9089071266 -0 0.1784526711 0.9768714523 0.1177998722 -0 -0.9089071266 0.1177998722 0.4000137815 -0 0 0 0 1 32 -0.01332037045 0.9107206592 0.03125 -0.6725863315 0.9629150464 0.03125 -1.186544883 1.012386697 0.03125 -1.501093952 1.0532379 0.03125 -1.564589962 1.081127666 0.03125 -1.37353511 1.088273566 0.03125 -0.9635509038 1.067710058 0.03125 -0.3461724886 1.014837898 0.03125 0.4142143591 0.9298485488 0.03125 1.296053606 0.8188871142 0.03125 2.229488399 0.6921934307 0.03125 3.185772638 0.5625511223 0.03125 4.101178754 0.4434973895 0.03125 4.94313413 0.3445793662 0.03125 5.665967749 0.2734391353 0.03125 6.170356735 0.1961306014 0.03125 5.821845437 -0.191950103 0.03125 5.99790765 -0.2198028804 0.03125 6.076004589 -0.1979456082 0.03125 5.98949429 -0.1631186778 0.03125 5.730385631 -0.1156655253 0.03125 5.317377553 -0.05573606244 0.03125 4.781686639 0.01508634594 0.03125 4.148325307 0.09249735735 0.03125 3.489572646 0.171408486 0.03125 2.826093121 0.2454564099 0.03125 2.240605633 0.3100841705 0.03125 1.74494737 0.3619873059 0.03125 1.389728004 0.4004944698 0.03125 1.179195528 0.4268774298 0.03125 1.083018305 0.4433939992 0.03125 1.107114624 0.452871884 0.03125 1 3 1 1 1 1 500 0.0004
-1.456087878 77.9 61.44549942 33.10639954 60.07229996 96.36053345 35.77284859 79.2984699 0.3499528326 -0.2629016004 0.8991194378 0.4598569725 0.3631737064 -0.8103310581 0.3499528326 0.2629016004 -0.8991194378 0 -0.2629016004 0.9488002471 0.1751023691 0 0.8991194378 0.1751023691 0.4011525855 0 0 0 0 1 1 0 0 61.44549942 0 1 0 33.10639954 0 0 1 60.07229996 0 0 0 1 0.3499528326 -0.2629016004 0.8991194378 -0 0.2629016004 0.9488002471 0.1751023691 -0 -0.8991194378 0.1751023691 0.4011525855 -0 0 0 0 1 32 -0.4026709341 0.9205558791 0.03125 -1.097806784 0.9817125825 0.03125 -1.631098764 1.039556155 0.03125 -1.950258207 1.085518838 0.03125 -1.999106004 1.11504693 0.03125 -1.77213811 1.121489791 0.03125 -1.311326805 1.099638415 0.03125 -0.6285029136 1.046620221 0.03125 0.2058791407 0.9641376919 0.03125 1.16820131 0.8591695252 0.03125 2.183044825 0.7424230381 0.03125 3.218804418 0.6263890574 0.03125 4.209057221 0.5238743033 0.03125 5.118450264 0.4427761011 0.03125 5.900665886 0.3884980212 0.03125 6.458839017 0.3265433463 0.03125 6.131422098 -0.06354696143 0.03125 6.34168382 -0.08952247404 0.03125 6.437347432 -0.07645451301 0.03125 6.357071874 -0.05783814935 0.03125 6.09301584 -0.03178513249 0.03125 5.666348549 0.005245519665 0.03125 5.107734074 0.05468893682 0.03125 4.445274787 0.1152129483 0.03125 3.755786685 0.1826343259 0.03125 3.062132265 0.2502486443 0.03125 2.454098049 0.3123576961 0.03125 1.943926218 0.3639448666 0.03125 1.585154876 0.403110798 0.03125 1.381238021 0.4301830304 0.03125 1.298818592 0.4469872616 0.03125 1.342284126 0.4564120109 0.03125 1 3 1 1 1 1 500 0.0004
