-1.450075699   0.7287788928   0.3602483104   0.9779455556   0.01047160816   0.2085973052   -0.004915544194   0.9996196659   -0.02713597307   -0.2088021258   0.02551213499   0.9776250832   

-42.44452182   -41.69675375   65.67451376   0.5628934081   0.7823552935   0.2665918338   -0.4262547649   -0.001563812998   0.9046018074   0.7081369123   -0.6228304338   0.3326024117   

36.43945103   44.9907372   -55.02223391   0.502469791   -0.4261951572   0.752251153   0.8083848295   -0.07700992732   -0.5835952695   0.3066562842   0.9013474131   0.3058345374   

-5.055327267   2.482709855   6.079049682   0.9943239793   -0.01613464534   0.1051641448   0.01872293435   0.999544458   -0.02367125474   -0.1047343108   0.02550587759   0.9941731109   

-1.725044366   0.4074134701   5.627317983   0.997585276   0.003274623041   0.06937502406   -0.003688976378   0.9999761112   0.005845384694   -0.06935422534   -0.006087192528   0.9975735249   

-2.51737034   0.7115538314   5.236489445   0.9967118801   0.007263985594   0.0807010689   -0.00834923096   0.9998790914   0.0131184182   -0.08059601945   -0.01374907514   0.9966520178   

-37.88664076   20.55196995   18.29167715   0.4487788055   0.103072144   0.8876788366   0.5794298555   0.722664885   -0.376850775   -0.6803371417   0.6834702606   0.2645936063   

36.54268986   -14.12430357   -13.42364604   0.4655981586   0.5733753511   -0.6741357886   0.04391515099   0.7458315615   0.6646854454   0.8839059985   -0.3390810944   0.3220779366   

-0.1089018276   0.7438403615   -1.410000483   0.9998713614   -0.01357412538   -0.008544222532   0.01330621047   0.9994410354   -0.03066857658   0.008955745718   0.0305509402   0.9994930889   

-1.406433632   2.611925125   0.8967799676   0.999436476   -0.02942073305   0.01616016429   0.03036191041   0.9976473354   -0.06146501959   -0.01431379891   0.06192103604   0.9979784068   

-2.9198076   2.839131009   3.573007558   0.9998794504   0.01545924226   0.001447938181   -0.01550065372   0.999259518   0.03521569723   -0.0009024580138   -0.03523389598   0.9993786861   

0.1181716935   -0.1471184128   0.4868781292   0.9998802716   0.005321736292   0.01453002569   -0.005555220398   0.9998553358   0.01607628629   -0.01444236996   -0.016155079   0.9997651881   

-3.678611688   4.112642881   7.181010706   0.9987523625   -0.04353489154   0.02446286254   0.04575744939   0.9940182996   -0.0991659013   -0.01999935627   0.1001615364   0.9947701706   

-1.514270753   -1.724301025   1.321502118   0.9918166911   -0.0150217209   0.1267832766   0.01020457548   0.9992041996   0.03855948869   -0.1272616123   -0.03695017496   0.9911806932   

0.6933102219   -0.8735612744   0.2025787933   0.9991023148   0.01355255922   -0.04013592756   -0.01259178062   0.9996303722   0.02409493709   0.04044764027   -0.02356792462   0.9989036697   

-2.371933504   2.125099799   4.028221512   0.999306566   -0.01072366525   0.03565655897   0.01141608866   0.9997490867   -0.0192726903   -0.03544093838   0.0196663844   0.999178249   

-1.596264639   3.073127318   -1.632933588   0.99963909   0.01554516329   -0.02190976127   -0.01457398679   0.9989335884   0.04380964451   0.02256742453   -0.0434745206   0.9987996182   

-1.616564968   7.454826544   8.586160787   0.9971097815   -0.07367469797   0.01855054111   0.07596255613   0.9625011344   -0.2604251455   0.001331827073   0.2610816064   0.9653158141   

-0.6666870133   4.371816259   1.40159841   0.9989973316   -0.02098181899   0.03954863866   0.02162475286   0.9996397202   -0.01589968086   -0.03920078586   0.01673896829   0.9990911397   

4.024978642   6.688619519   1.499870191   0.9983428687   -0.01487414158   -0.05559025479   0.005807379911   0.9871276754   -0.1598287418   0.05725199432   0.1592410509   0.9855782551   

-0.7210998436   2.499953915   5.099530739   0.9964616396   0.004369835944   -0.0839351254   -0.01687933678   0.9887060545   -0.1489141558   0.08233643624   0.1498040131   0.9852814161   

2.028967415   0.6733561103   -1.964377351   0.9988115024   0.03387466186   -0.03504411328   -0.03379997834   0.999424912   0.00272153561   0.03511615093   -0.001533810801   0.9993820608   

2.282991197   0.7365758242   -1.599227895   0.9994179781   0.01307518983   -0.0315078479   -0.01400991005   0.9994627358   -0.02963042659   0.03110349641   0.03005460315   0.9990642088   

1.079726863   0.06951390438   0.8334659435   0.9987610134   0.03510905872   -0.03526743586   -0.03511754638   0.9993831169   0.000378942342   0.03525898428   0.0008600329768   0.9993778386   

-2.68665313   1.444361345   6.232403129   0.9988480343   -0.03585927222   -0.03188599974   0.03249962404   0.9944290011   -0.1002733079   0.03530409071   0.09912151345   0.9944488658   

-3.949771803   7.031500699   -3.74493809   0.9964923696   -0.07284113844   0.0411961867   0.07397933677   0.9968992704   -0.0268123563   -0.03911540591   0.02976597503   0.9987912553   

-4.440631958   8.768937595   1.853538299   0.9922757463   -0.1220434825   0.02223132375   0.1240412817   0.9784601475   -0.1650136366   -0.001613625457   0.1664966313   0.986040703   

-2.273291216   5.606866309   1.455997211   0.9997991479   -0.01893021628   -0.006581091223   0.01852512048   0.9982048014   -0.05695607366   0.00764746765   0.05682271841   0.9983549944   

-9.223786683   4.30906106   11.31723124   0.9936261074   -0.1117152476   0.01506194445   0.1127087108   0.982222812   -0.150116935   0.001976165128   0.1508577181   0.9885535108   

0.1918258275   -0.279065388   -1.133489141   0.9995628158   0.02870392913   -0.007089548503   -0.0287249529   0.9995831998   -0.002881632838   0.007003879393   0.00308401998   0.9999707168   

-0.003616325932   1.048177057   -3.584206933   0.9996835181   -0.0229620752   0.01027651787   0.02259921612   0.9991617706   0.03413255829   -0.01105165816   -0.0338895147   0.9993644789   

-0.5180664066   -0.1463202493   0.2903446791   0.9999406204   -0.01066337957   0.002246758322   0.01067338865   0.9999329525   -0.004491028727   -0.002198718139   0.004514742576   0.9999873913   

-2.819900517   -6.370973022   2.793310129   0.9959332003   -0.08582085915   0.02741971485   0.08385114618   0.9942681032   0.06633192523   -0.03295521069   -0.06376299206   0.9974207913   

0.8928975034   -10.68347399   3.761635177   0.9995389255   0.02901378205   -0.008951914557   -0.02888052274   0.9994751767   0.01467264513   0.009372925312   -0.01440734398   0.9998522774   

2.106713491   -7.539322218   6.083881334   0.996631528   0.06713329489   -0.04710327005   -0.0759473101   0.9722611952   -0.2212242626   0.03094516798   0.2240564415   0.9740847538   

0.1529317863   -5.792004546   7.811369121   0.9987685374   0.04135782922   0.02740325967   -0.04596328533   0.9792677959   0.1972864931   -0.01867578861   -0.198303086   0.9799628059   

2.315863887   -1.591968163   -1.347846967   0.999385937   0.02439872902   -0.02514857609   -0.02643700382   0.9960990918   -0.08418838537   0.0229963842   0.0848015414   0.9961324535   

-4.679667649   -36.48847203   8.644113507   0.9449626414   -0.3133911418   -0.09397658557   -0.1686043051   -0.2202886908   -0.9607525597   0.2803893627   0.9237201334   -0.2610036788   

5.114590884   3.275249569   -4.717049783   0.6719138422   -0.1279384246   0.7294954065   -0.1224793562   0.9522107529   0.2798097378   -0.7304317873   -0.2773561638   0.6241337697   

0.18927746   28.0193171   -1.79479838   0.6262181918   -0.711752444   -0.3182125622   0.6214002756   0.209148487   0.7550619894   -0.4708635404   -0.6705709276   0.5732557522   

0.6667390136   3.644754867   1.51636574   0.9977904798   -0.06602197268   0.007433548466   0.06643848358   0.9920108538   -0.1072398894   -0.0002939717121   0.1074968144   0.9942053855   

-1.950000637   -29.27201764   7.876803595   0.9669729623   0.2254227444   -0.1189448464   -0.1379926982   0.07066043012   -0.987909469   -0.2142925697   0.971695266   0.09943341816   

-2.520679941   40.24934565   -3.723729717   0.9688803454   -0.1031405813   -0.2250175477   0.2467897373   0.3322758233   0.9103228014   -0.01912333203   -0.9375258918   0.3473895514   

-3.852569366   1.767175409   3.992592496   0.9993324915   0.03358434903   0.01437577661   -0.03157564238   0.991973175   -0.1224426353   -0.01837254096   0.1219069794   0.9923714718   

-5.466741805   -2.259863839   -3.515282219   0.9896989677   -0.1240397028   -0.07148500122   0.1351305246   0.9742861599   0.1802948137   0.04728313222   -0.1880973967   0.9810115569   

-5.099561943   -4.259656469   -3.936607568   0.9985657619   -0.04910826448   -0.02132598211   0.05018645055   0.9973128733   0.05336996341   0.01864777022   -0.05436369352   0.9983470586   

-1.271337255   4.731605462   2.733855047   0.9948825818   0.1008315237   0.006453849046   -0.1010373696   0.9930443041   0.06045213011   -0.0003134776462   -0.06079485121   0.9981502331   

0.6776657098   0.6801834868   1.203689703   0.9933736804   0.1143669433   0.01135488417   -0.1144168136   0.9934254036   0.003841907749   -0.01084084315   -0.005115639707   0.9999281506   

-0.1820563723   0.5697437398   1.26999352   0.999759859   -0.0218658077   -0.001452829141   0.02166394993   0.9961637579   -0.08478467231   0.003301141077   0.08473283802   0.996398238   

-1.566566524   -1.004943834   -3.199927776   0.9998593542   -0.01554118977   -0.006304218465   0.01620914653   0.9919778016   0.1253686752   0.004305266401   -0.1254532286   0.9920901935   

-6.594009399   4.168622825   -5.883175093   0.994653812   -0.1026358337   -0.01138771169   0.1031603538   0.9925580665   0.0647025971   0.004662160098   -0.06553144522   0.9978396133   

1.283454896   6.310378752   -4.587874987   0.9925171734   -0.1207380094   0.01822069338   0.1218504212   0.988990765   -0.08396273991   -0.007882603401   0.08555466045   0.9963022958   

2.175994874   1.359517589   1.480093871   0.9673453932   0.2424085541   0.07403366242   -0.1955472406   0.8996006451   -0.3904868193   -0.1612580758   0.3632585474   0.9176268636   

5.259235384   5.701353869   -2.534251528   0.9890503711   0.1167148183   0.09031619272   -0.1430253569   0.9089158594   0.3916831728   -0.03637458957   -0.4003118931   0.9156567465   

0.5709915125   0.3617074883   -0.8637173233   0.9978780092   -0.06506145271   -0.002546797168   0.06509653579   0.9977209363   0.01775878276   0.00138558065   -0.01788688646   0.9998390568   

-1.994594412   -0.5649661505   -9.448252034   0.9997821497   0.01532373922   0.01417166723   -0.01747809694   0.9857807556   0.1671251567   -0.01140917451   -0.1673364422   0.9858338328   

5.287549597   -4.137791248   -4.992381396   0.9131020354   -0.4026725107   0.06402751106   0.4075773904   0.9057453052   -0.1162158033   -0.01119570825   0.1322130524   0.9911580928   

9.697983232   -7.910415335   3.247797707   0.8834245301   0.4684297668   0.01160401597   -0.4668520929   0.8820299683   -0.0638142487   -0.04012758347   0.05095771353   0.9978943273   

3.231626028   -4.696595503   -0.6694732158   0.9965966986   -0.08238616979   0.002745782928   0.08193274805   0.9936723136   0.07682680522   -0.009057874694   -0.07634037091   0.9970406725   

4.835550611   -4.175596347   1.762643592   0.9858086918   0.1678726054   -0.0001075519036   -0.1678715847   0.9858045645   0.002914056309   0.0005952153824   -0.002854647129   0.9999957483   

1.386841536   -43.03618789   10.94222222   0.9329727717   -0.3473531771   -0.09437996433   0.01095525299   0.2894859472   -0.9571195687   0.3597801965   0.8919325404   0.2738878485   

0.7217279922   -5.900824722   -4.214576473   0.9860525503   0.0419784303   0.1610533433   -0.004798840649   0.974437961   -0.2246055016   -0.1663650779   0.2206999583   0.9610484843   

-0.7239621185   -1.860112701   -0.04372227561   0.9932779298   0.03119818613   0.1114702985   -0.007128553129   0.9776530319   -0.2101041002   -0.1155341421   0.2078971437   0.9713035775   

4.66515804   40.07827781   -14.32452607   0.8761603647   -0.4701061882   -0.1065043995   -0.1401739571   -0.4599000671   0.8768370373   -0.4611878977   -0.7533207153   -0.4688428552   

-6.823593685   -40.02091461   19.22526333   0.8241390514   -0.1371827163   -0.5495231809   -0.5407420791   -0.4792178884   -0.6913379921   -0.1685017147   0.8669089444   -0.4691226432   

9.319879217   35.94483025   -21.78718896   0.4812076621   -0.8756594854   0.04073882097   -0.4386197396   -0.2002799911   0.8760711439   -0.7589808364   -0.439440998   -0.4804578017   

-0.01427460464   0.2650255814   0.1360473691   0.999654657   0.01309298349   0.02278465695   -0.01491357819   0.9965485168   0.08166173474   -0.02163682034   -0.0819733342   0.9963996289   

-11.68131182   -36.5877691   25.64925789   0.3278306615   -0.4857853946   -0.8102713174   -0.9440057653   -0.1347139456   -0.3011731528   0.03715067272   0.863634589   -0.5027475751   

13.33662341   32.39963371   -23.28313237   -0.06022427987   -0.9652286906   0.2543749417   -0.511573209   0.2486712871   0.8224691136   -0.8571265297   -0.08059879512   -0.5087611879   

3.003097525   -3.867023996   2.378549405   0.9591875446   0.2401728279   -0.1492523604   -0.2201381499   0.9655219171   0.1389482729   0.1774780247   -0.1004213142   0.9789877989   

-0.08699151902   1.235141623   1.39034659   0.9964202541   0.08371414019   0.01177369628   -0.08441731561   0.9927403626   0.08567548834   -0.004515973673   -0.0863626957   0.9962535274   

0.9388591013   1.197167017   1.830434022   0.9996095587   0.01739274859   -0.02186829905   -0.01723003369   0.9998226123   0.007607219762   0.02199673034   -0.00722745806   0.9997319179   

0.6319916246   -4.146696902   1.703310068   0.9589240526   0.251443624   -0.1313040946   -0.2261236225   0.9570670895   0.1813579156   0.1712681192   -0.1442175099   0.9746119952   

-12.89464895   -3.225846255   7.492694072   0.9787630042   -0.03889733284   -0.2012709098   0.03431359286   0.9990672588   -0.02621430227   0.2021028426   0.01875126119   0.9791847789   

2.487634272   -4.211945738   1.752908712   0.8749758716   0.480408628   -0.06020609804   -0.4583759744   0.8619817453   0.2165154424   0.1559124441   -0.1618487591   0.9744210019   

-8.104006255   4.439576535   1.447426933   0.9123938118   -0.3966162013   0.1011588897   0.4075404479   0.9032394464   -0.1344220437   -0.03805673919   0.1638721801   0.9857472258   

-6.416932994   0.884026193   3.769386846   0.9719104307   -0.2345485025   -0.01941944061   0.2320986043   0.96888094   -0.08602303138   0.03899169906   0.07909945642   0.9961038718   

-6.453233537   0.6370945189   2.056762745   0.9364597007   0.02404843788   -0.3499498557   -0.04621974437   0.9974082072   -0.05514166772   0.3477167872   0.06781254253   0.9351441039   

-3.026764858   0.2364970542   0.7102548672   0.9958296211   0.0905355317   0.01125536062   -0.09050347058   0.9958905828   -0.003327001982   -0.01151031954   0.002294477925   0.9999311216   

-6.82658263   4.336071959   -1.022689951   0.9201735979   -0.3759862956   -0.1091551886   0.376764675   0.9262002075   -0.01419702084   0.1064374436   -0.0280620954   0.9939233318   

-0.2544446533   -0.9472833796   0.3847730057   0.9878475554   0.1512157184   -0.03593067929   -0.1525823754   0.9875233946   -0.03893794851   0.02959435652   0.04394714564   0.9985954248   

-2.130652808   -3.180060763   0.7129133673   0.8906658851   0.406541154   -0.2035646612   -0.4323231755   0.8958883552   -0.1023754218   0.1407513874   0.1791880165   0.9736943574   

-0.904726326   0.009733336479   -0.1331882099   0.9967072587   0.008506393939   0.08063672656   -0.007157828254   0.9998298971   -0.01699830409   -0.08076760429   0.01636514924   0.9965986032   

-1.859125049   -0.2042678421   0.7419563475   0.9982466023   0.05733453277   -0.01471300044   -0.05755361173   0.9982308411   -0.01492547251   0.01383122581   0.01574608853   0.9997803548   

-5.527896189   0.1683688072   -0.5864517668   0.9589060069   0.1320567878   -0.2511180494   -0.1272236733   0.9912400247   0.03545913564   0.2536008811   -0.002053817472   0.9673067636   

0.3284977863   -0.2573209501   -1.529617316   0.9804465477   0.0792250352   0.1801331755   -0.05615886586   0.9899577356   -0.1297299636   -0.1886020915   0.1170772201   0.9750498324   

-0.3642414468   2.084777989   -0.2719116165   0.9898594467   0.08601198017   -0.1130496136   -0.08295083202   0.9960551312   0.03151721966   0.1153145062   -0.0218200581   0.9930893463   

-1.007039835   3.186777958   0.276732438   0.9669052807   0.1954116143   -0.1640380417   -0.1962118742   0.9804944231   0.01147112423   0.163079976   0.02109472101   0.9863873145   

0.1911621681   22.13571871   -8.206193455   0.6153459066   -0.5684436812   -0.5460963253   0.7204138474   0.1243780348   0.6823005151   -0.3199270287   -0.8132661838   0.486050214   

10.15325248   -16.57821158   4.991571926   0.346341688   0.9115710796   -0.2215527069   -0.5587305811   0.01073148345   -0.8292797918   -0.7535698859   0.4110024356   0.5130393991   

2.823051732   2.8668545   -2.504951509   0.9967085321   -0.0806237401   0.00848024441   0.08038671236   0.9964419927   0.02532452543   -0.0104918296   -0.0245594716   0.9996433133   

-0.4995136264   8.089878454   -6.301345794   0.9536673601   -0.2453460264   0.1741375709   0.254184584   0.9666885066   -0.03005874819   -0.160961994   0.07292913306   0.9842624538   

-2.122193038   2.635096169   -0.917770412   0.952315351   0.1965551513   -0.2333699741   -0.1714149033   0.9774000643   0.1237176026   0.2524131598   -0.07781508059   0.9644855675   

-2.563922372   4.104653295   -1.435615308   0.9988869501   -0.04714438819   0.001505869073   0.04709605174   0.9986136998   0.02350830705   -0.00261206624   -0.02341122064   0.9997225074   

4.333112423   1.289624178   -1.278375917   0.9401792471   -0.2394281242   0.2423574978   0.2500208237   0.9681468595   -0.01346277042   -0.2314142845   0.07325183861   0.9700936022   

4.377833357   -1.202609957   -2.853942712   0.7328159862   -0.5746998608   0.3642812106   0.5853402267   0.8054204872   0.09313784321   -0.3469258556   0.144975546   0.9266199554   

4.966592916   5.491617174   -4.415647122   0.960820637   -0.2578402216   0.101696232   0.2608129132   0.9652418422   -0.01687632742   -0.09381006232   0.04273881419   0.994672341   

4.924856864   -5.498601354   4.019888417   0.8582320854   0.4849541015   -0.1680988013   -0.4743051609   0.8745096929   0.1013282358   0.1961435746   -0.007233014145   0.9805485106   

-3.956468975   2.46693427   0.7354516689   0.9670796803   -0.2508082681   0.04303608428   0.2520311187   0.9673764975   -0.02574931506   -0.03517395536   0.03574807184   0.9987416424   

0.5192344898   -2.6457651   -1.240410034   0.9786043053   0.2057252783   0.003274683853   -0.2057125043   0.9779864498   0.03499813592   0.003997404816   -0.0349229699   0.9993820125   

-2.484756106   1.517570484   -6.908698993   0.9064028593   -0.2838845716   0.3127993072   0.2909510779   0.9564135657   0.02491107313   -0.3062373701   0.06842982768   0.9494925128   

-0.6430126954   1.282895815   1.555168322   0.7196968652   -0.6252653437   0.3017940892   0.6895455355   0.6944418794   -0.2056147624   -0.08101466942   0.3560810667   0.9309365699   

-10.05022656   -39.88627138   23.61768587   0.8690975809   -0.4247975798   0.2534095717   0.1603745978   -0.2426404437   -0.9567683123   0.4679202744   0.8721654839   -0.1427514817   

1.23229398   2.875829002   -0.3061012356   0.9865163102   0.05215369118   0.1551307908   -0.07046899409   0.9908615569   0.1150108518   -0.1477148964   -0.1243919919   0.9811763051   

-0.3720767405   17.59679662   -6.018731578   0.9569987296   0.0395955781   0.2873771421   -0.2803716711   -0.1280479268   0.9513124904   0.07446581528   -0.9909772543   -0.1114402249   

-0.1722954505   7.895151389   5.664709609   0.9994244104   -0.01600720563   -0.02991015361   0.009625320269   0.9792459799   -0.2024466944   0.03253000354   0.2020422734   0.9788364106   

1.966140268   3.464637601   -7.293918665   0.9984465591   -0.04960414447   0.02537513649   0.04661305221   0.9931329046   0.1073045064   -0.03052363124   -0.1059550026   0.9939023319   

14.19850407   -0.8228006133   -0.6851845978   0.9572090967   0.275947535   -0.08719921477   -0.2750025571   0.9611705113   0.02290942654   0.09013511362   0.002050895552   0.9959274347   

11.45982364   -4.78187589   -2.114795065   0.9938513179   0.1042531248   0.03729401884   -0.1085867564   0.9835676142   0.1442347556   -0.02164426515   -0.1473975385   0.9888404783   

10.11837976   -3.815588633   -2.575244445   0.9795794212   0.1360404919   -0.1480443922   -0.150392066   0.9844792621   -0.09045888013   0.1334405635   0.1108763594   0.9848350364   

0.2912022485   -5.890214939   -0.4493439882   0.8144501063   -0.4527873383   0.3628424597   0.2811295425   0.8549722554   0.4358768436   -0.507579752   -0.2529942069   0.8236241416   

2.05395551   -1.740269257   -6.41813168   0.9316367562   0.2577734708   -0.2561362766   -0.2438416887   0.9660554035   0.08531229814   0.2694330812   -0.01702337048   0.9628686409   

1.957643435   -1.327411991   -2.3700432   0.9892804585   -0.06556134484   -0.1304832729   0.03001031753   0.9657546926   -0.2577154528   0.1429110048   0.2510370168   0.9573697618   

-3.955621727   -7.481455471   -3.162487325   0.864149008   0.1218110133   0.4882709996   -0.4754076533   0.5157855617   0.7127080871   -0.1650274375   -0.8480137566   0.5036254695   

-0.591100707   3.385541438   0.09134757859   0.9975967796   -0.06928159798   -0.0008517279021   0.06742811698   0.97358972   -0.2181203935   0.01594096295   0.2175387718   0.9759214971   

-1.501389127   5.997435319   2.604346072   0.9976161742   -0.03821304483   0.05746070202   0.04487462895   0.9918180515   -0.1195124276   -0.05242362776   0.1218060584   0.9911685262   

2.018169008   0.2179131565   1.350317766   0.9986007386   0.007032410271   -0.05241288053   -0.007623174814   0.9999095565   -0.01107998184   0.05233022115   0.0114640306   0.998564031   

0.1632195638   1.789140729   1.118676093   0.9996426931   -0.01236888578   -0.02369592287   0.01109121473   0.9985162954   -0.05331221941   0.02432017787   0.05303035402   0.9982967046   

0.8003480103   2.016755516   1.046552713   0.9995840498   -0.02512989059   -0.01414977043   0.02386025348   0.9962059937   -0.08369173444   0.01619925024   0.08331930574   0.9963912272   

3.254970297   3.604899851   2.120938874   0.9913354434   -0.02007869055   -0.129810958   -0.001154883656   0.9868775619   -0.1614662321   0.1313495522   0.1602171154   0.9783035168   

2.450264083   2.470184238   0.9809664491   0.9942599346   -0.009260903172   -0.106589953   -0.003886333025   0.9924633784   -0.1224799533   0.1069208998   0.1221911544   0.9867305828   

1.722576254   3.404455934   4.123637897   0.9881756097   -0.05435323794   -0.1433690692   0.02213650339   0.9758366858   -0.217376949   0.1517199384   0.2116329092   0.9655012025   

2.652617959   0.4062585572   -1.588408739   0.9964060755   0.01681938715   -0.08301831664   -0.02394587609   0.9960411136   -0.08560779834   0.08124978585   0.0872880767   0.992864172   

1.397889437   0.4482774515   -0.6636297311   0.9969573974   -0.01916831316   -0.07555477139   0.01156873507   0.9949435958   -0.09976675557   0.07708509634   0.09858913185   0.992138131   

-0.5675162615   -0.5331976767   -2.799751647   0.9975722675   -0.02459646516   0.06515048017   0.01973672125   0.9970470691   0.07421323243   -0.06678347848   -0.07274720568   0.9951119591   

-2.433246105   -1.109142071   -0.7952194402   0.9969090937   -0.07307595681   0.02884724284   0.07311887336   0.9973231381   -0.0004342602356   -0.02873828877   0.002542195874   0.9995837374   

2.139536217   -0.05720892919   -3.110282864   0.9998360324   0.01703668982   0.006136740996   -0.01715509575   0.9996570011   0.0197884544   -0.005797506341   -0.01989048611   0.9997853557   

13.31914055   -2.225301998   -10.95938878   0.9851880606   0.1432119146   -0.09431242111   -0.1469521958   0.9885608134   -0.0339495258   0.08837158715   0.04730608485   0.9949636159   

3.888359189   0.4756399878   -1.915260294   0.9993968353   0.03038833851   -0.01680816411   -0.03048760143   0.9995189993   -0.005681208412   0.01662743689   0.006190222315   0.9998425924   

4.236928872   0.05624318653   -2.725166252   0.9917226909   0.06140395553   -0.1127637292   -0.0708975579   0.9940905625   -0.08220395217   0.1070497111   0.08951819767   0.9902155582   

-0.5700836555   -0.3459548831   -1.311744597   0.9996039723   -0.01428850357   0.02424329324   0.01382203749   0.9997181769   0.0193007257   -0.02451223941   -0.01895799037   0.999519757   

3.26207934   -2.553593187   -2.452155722   0.9999819946   0.002279601812   0.005551028291   -0.002309254672   0.9999830686   0.005341330605   -0.005538758198   -0.00535405317   0.9999703277   

-0.5255571081   -1.024549071   1.786536761   0.9831139374   0.1674506158   0.07380567239   -0.1735203278   0.981123478   0.08536636745   -0.0581178272   -0.09673165009   0.9936122513   

-0.2952491515   -0.409216865   1.303009516   0.9998222173   -0.009934820265   0.01602601757   0.009825607539   0.999928065   0.006879119362   -0.01609320755   -0.006720431014   0.9998479107   

-16.45828167   -0.8714603187   3.758407667   0.9464834387   -0.1510793224   0.2852089385   0.1080179697   0.9809954499   0.1611832667   -0.3041401297   -0.121749602   0.9448152285   

-6.920741132   -0.568758191   1.877351325   0.9949879406   -0.03597114887   0.09330098901   0.03102663029   0.9980633621   0.05391542858   -0.09505969869   -0.05075038596   0.9941770728   

-6.586967471   -2.271715966   1.184760925   0.9986819638   0.01707310125   0.04840293779   -0.02035278611   0.9974711693   0.06809574544   -0.0471179294   -0.06899112742   0.9965039514   

-6.958328268   -2.475242452   2.484612247   0.9912326124   -0.02428488168   0.1298774521   0.01183429089   0.9953312106   0.09579003448   -0.1315973312   -0.09341319857   0.9868921505   

-4.583027711   -4.616281099   4.496114226   0.9867521376   -0.01295246987   0.1617171992   -0.01338835889   0.986906533   0.1607365761   -0.161681696   -0.1607722879   0.9736587188   

-5.716985029   -3.054922893   6.060905339   0.9951301896   -0.009189979808   0.09813995125   0.001314462863   0.9967929749   0.08001273217   -0.09856052936   -0.07949408401   0.991950862   

-4.707899519   0.3079140096   7.210232683   0.9983904471   -0.003214608219   -0.0566231525   -0.0006895569008   0.9976305201   -0.06879585681   0.0567101368   0.06872417113   0.9960225643   

-4.081012142   0.5826210357   3.936469811   0.9992411714   -0.03520557265   -0.01666280361   0.03217424343   0.987184002   -0.1563091944   0.02195220785   0.1556544694   0.9875676112   

15.5053053   -1.220328127   -14.15467838   0.9946858553   0.03372855455   0.09727504211   -0.06412253083   0.9421466198   0.329010711   -0.08055029639   -0.3334998223   0.9393026766   

4.491975393   2.871249316   -1.501632531   0.998684679   -0.01221706764   -0.04979613605   0.007955600739   0.99635815   -0.0848949071   0.05065195282   0.08438708487   0.9951448134   

9.349036321   2.79361967   -3.265134597   0.9839346408   -0.001861079102   -0.1785193518   -0.01730002408   0.9942457969   -0.1057166232   0.1776888622   0.1071066368   0.9782406844   

5.382539476   3.511734125   -3.191488818   0.9869026825   -0.008759228161   -0.1610787735   -0.009388895048   0.9937132498   -0.1115608618   0.1610432985   0.1116120655   0.9806160323   

2.560803661   1.955741903   -2.311423242   0.9946148884   0.006556766541   -0.1034322613   -0.01251158571   0.9982941275   -0.05702889811   0.1028818938   0.05801589273   0.9930002377   

0.3561649543   1.261415326   -0.4594133376   0.999623386   -0.02574574893   0.009499612473   0.02596578346   0.9993790998   -0.02381581276   -0.008880558225   0.02405350827   0.9996712282   

3.913772589   -1.190362774   -4.450987764   0.9985051506   0.0283347201   -0.04673978876   -0.02837442227   0.9995973477   -0.0001860453429   0.04671569734   0.001511981736   0.9989070815   

3.028311996   -0.407447932   -3.349559092   0.9984290233   0.00792659331   -0.05546759884   -0.009444423652   0.9995865957   -0.02715585842   0.05522941485   0.0276370567   0.9980911305   

8.804696194   -1.918457716   -7.371825325   0.9899164325   0.08715749483   -0.1116648007   -0.08619388014   0.9961877583   0.01343745798   0.1124102826   -0.003677138016   0.9936550745   

3.878174921   0.2433423772   -3.979180019   0.9989065331   0.006484806491   -0.04629994952   -0.007264528605   0.9998342829   -0.01669231271   0.04618403041   0.01701040753   0.9987881063   

2.20203312   1.122079569   -3.030753801   0.9983476101   -0.04233667243   0.03885428661   0.04268562701   0.9990549386   -0.008195544658   -0.03847059483   0.009840522008   0.9992112777   

