-1.411039934   -4.953804526   1.232772016   0.9880580502   0.02131335365   -0.1526008858   -0.01591024671   0.9992054979   0.03654089406   0.1532584531   -0.0336766068   0.9876121368   

-0.3100809559   -0.8815821078   0.6347877227   0.998662447   -0.04987648383   -0.01362546561   0.04963230206   0.9986105804   -0.01770715575   0.01448970479   0.01700720827   0.9997503705   

-2.721775429   -2.885964037   2.741346187   0.8380214668   0.4955032038   -0.2284657441   -0.4294788458   0.8572773524   0.2839427093   0.3365530304   -0.1398288816   0.9312249683   

1.934187885   3.715768174   -3.145753306   0.8783049895   -0.3643526314   0.3095601806   0.4219684571   0.8951604942   -0.1436325552   -0.2247731448   0.2567778216   0.9399692462   

1.286112641   -1.236218025   2.128238257   0.9848790772   -0.1312467579   -0.1130817928   0.1285685222   0.9912255758   -0.0306919053   0.1161177782   0.01568905638   0.9931115321   

1.437676964   -1.712534889   2.403758438   0.9824705011   0.1807703229   -0.04553904721   -0.1784669822   0.9826533027   0.05041847788   0.05386325967   -0.0414074509   0.9976894167   

-0.1375836288   -0.1394481886   0.2181086647   0.9994598806   -0.03286238977   0.0001018702813   0.0328624064   0.9994416933   -0.006030250792   9.635504548e-05   0.006030341439   0.9999818127   

-0.03757193872   -2.184654902   4.491822268   0.9999736124   -0.004076847531   -0.006012799712   0.004080471921   0.9999915004   0.0005906347343   0.006010340678   -0.0006151542093   0.9999817485   

-8.028749712   6.98125269   3.143654063   0.8228346864   -0.4911759449   0.2858133481   0.5302539692   0.8444894085   -0.07528855945   -0.204386416   0.2135037005   0.9553231719   

-2.16056423   0.9694374952   1.389686337   0.9932693428   -0.1155076305   0.008602316581   0.1158016276   0.9918748988   -0.05267037287   -0.002448591919   0.05331202891   0.9985749005   

-6.814893755   -0.2293888656   4.370701053   0.9927413956   -0.0621410997   0.102970895   0.05895617223   0.9976918005   0.0336933359   -0.1048269586   -0.02737799948   0.9941135518   

-6.149245687   -0.1948289315   3.950315052   0.9991008942   -0.02710855019   0.03259646664   0.02696915245   0.9996251765   0.004708637091   -0.03271189304   -0.00382530445   0.9994575024   

-5.293497108   -0.7148557849   3.947630539   0.9989341002   -0.02171699212   0.04073126153   0.02112689521   0.9996663241   0.01486253085   -0.04104043995   -0.01398616379   0.9990595926   

-7.239273027   -0.4729261413   5.869535533   0.9978575628   0.04399737832   0.04842019307   -0.04746421895   0.9962057741   0.07294658047   -0.04502701762   -0.07508852365   0.996159767   

-1.485437886   2.767377135   0.5070093065   0.9772567896   -0.1960489253   0.08083307514   0.2055826358   0.9693677987   -0.1343943852   -0.05200910532   0.147955702   0.9876255177   

-2.967962191   -0.5844590351   5.664560376   0.972888494   0.2294891345   -0.02868301638   -0.2197716866   0.955988456   0.1943874424   0.07203043845   -0.1828135912   0.9805053834   

-3.397506242   2.184143246   4.861531683   0.991288526   -0.1002916479   0.08537355338   0.1044288215   0.9934934124   -0.04544734059   -0.08026007419   0.05396688682   0.9953119589   

-12.22671853   -30.90957088   20.89009398   0.6976580633   -0.004863191692   0.7164143886   -0.6876530559   0.2760245197   0.6715234465   -0.2010136848   -0.9611382907   0.1892265432   

9.968095777   28.75530993   -18.95601636   0.831579728   -0.5300647786   -0.1658507955   -0.06460288653   0.2042718546   -0.9767801577   0.5516354076   0.822985018   0.1356246186   

-1.721258527   -0.172735135   1.049828893   0.9987885798   -0.03482240432   0.03476741196   0.03532664287   0.9992778147   -0.01399561689   -0.03425494241   0.01520687826   0.9992974281   

0.7628481794   -7.851074801   3.600817326   0.6897799624   0.7237826541   -0.01850062733   -0.4295032321   0.4296291945   0.7943209231   0.5828641155   -0.5399605772   0.6072165989   

0.4021603804   8.014956003   4.6036617   0.7623248456   -0.137539264   0.6324110852   0.5399570624   0.6738739633   -0.5043215762   -0.356801346   0.7259316995   0.587976162   

-0.9039306227   1.396031296   4.289113942   0.9998909437   0.001743403053   0.01466496537   -0.002126921231   0.9996550559   0.02617719106   -0.01461426938   -0.0262055275   0.9995497454   

-2.944793744   2.62578059   12.11323648   0.9935333642   0.09606167105   -0.06052775944   -0.07751335539   0.9633960514   0.2566315022   0.08296465539   -0.25028025   0.9646121824   

1.39462639   -0.9106226974   3.569986152   0.9999338976   0.01113433064   -0.002868286696   -0.01103384916   0.9993963309   0.03294279961   0.003233351223   -0.03290897377   0.9994531229   

5.706479749   0.8465413   1.608901453   0.9986442098   -0.04404321004   -0.02774775356   0.04024616221   0.9913335546   -0.1250521091   0.03301497548   0.1237658241   0.9917620845   

3.265573678   -0.06930640038   0.8429144769   0.9990929637   -0.04152718795   -0.009420327984   0.04017929189   0.9926197767   -0.1144185446   0.01410228427   0.1139362607   0.9933879676   

-0.2484165849   2.978000192   5.563576343   0.9991796993   -0.01117316705   -0.03892414197   0.009064433529   0.9985032066   -0.05393683836   0.03946852588   0.05353976864   0.9977854121   

-2.103665369   6.064589078   4.042407799   0.9947722277   -0.05237920034   -0.08766204655   0.03636393532   0.9838580812   -0.1752168379   0.09542473076   0.1711131071   0.980619409   

-2.742157384   2.811716738   5.751533137   0.997787273   -0.05567338586   -0.03634600244   0.05027472854   0.9894994209   -0.1355114302   0.04350872851   0.133384295   0.9901088932   

-2.954408311   7.65104943   -0.3996759797   0.9971309208   -0.07470814812   0.01219095472   0.07557790604   0.9915787549   -0.1051644096   -0.004231653415   0.1057840514   0.9943801223   

-0.6642557863   2.169646082   3.065138306   0.9987436746   0.03220596839   -0.03839072853   -0.03277843931   0.9993592388   -0.01437656654   0.03790311799   0.01561689306   0.9991593798   

0.2245909795   6.649997023   -3.4181564   0.9830578348   -0.1579541141   0.0929935009   0.1655539935   0.9829010408   -0.08060657055   -0.07867126938   0.09463636616   0.9923985034   

-5.789462227   3.602516584   6.434524284   0.9997067576   -0.0241158855   0.002196121972   0.02419166812   0.9986373585   -0.04624055959   -0.001077997405   0.04628012775   0.9989279192   

-0.6272525184   4.301905275   -8.746415161   0.9994821164   -0.02647521693   0.01829103344   0.02638871011   0.999639478   0.004954788742   -0.01841561823   -0.004469545959   0.999820428   

8.913352651   5.368194591   -9.62670824   0.9833845652   -0.171703575   0.05892944346   0.1815274372   0.9272170868   -0.327591611   0.001608263839   0.3328458447   0.9429798816   

-1.020468868   -10.05564115   4.639101295   0.9946770944   0.1021368129   0.01362165124   -0.09878020423   0.9075543708   0.4081513631   0.02932489031   -0.4073243615   0.9128126398   

-1.83293996   15.05260311   0.3159304737   0.950477629   0.1204234455   -0.2865143462   -0.2547776318   0.8298659333   -0.4963979161   0.1779905479   0.544812561   0.8194502049   

-10.18659596   7.420121955   2.486479044   0.9878944295   -0.05008740081   0.146819101   -0.004640592348   0.936474951   0.3507037654   -0.1550582504   -0.3471396239   0.9249059523   

-4.400130636   -3.536423063   -2.0507857   0.9695217988   -0.2194275575   0.1089909572   0.2194251508   0.9755534946   0.01216480349   -0.1089958023   0.01212131506   0.9939683037   

3.540311655   -3.029414491   -0.2002518172   0.9998586115   0.01336673384   -0.01020232691   -0.01366992943   0.9994488554   -0.03025092434   0.009792347901   0.03038611229   0.9994902671   

-2.214830907   -15.18929485   7.654072612   0.9966543571   0.07580069882   -0.03056708251   -0.07501592691   0.9968419385   0.02605303079   0.03244538772   -0.02367284862   0.999193121   

-11.61616312   -32.53226405   13.53134921   0.7104847402   0.4821282773   -0.5126048753   -0.6661852063   0.6955083177   -0.2691940767   0.226734878   0.5327480682   0.8153347723   

2.206929697   -3.008103726   0.5917433113   0.8606210806   0.398363707   -0.3172344758   -0.4755628241   0.8514974473   -0.2208893336   0.1821300525   0.3409669401   0.9222636227   

-6.229840666   -3.362358678   -1.069528898   0.738209821   0.1677074281   -0.6533915202   -0.324486532   0.9374622167   -0.1259884232   0.5914006685   0.3050226398   0.7464626169   

9.848480566   51.26153501   -27.6297209   0.6818228853   -0.4736087091   -0.5575054652   -0.1060456579   -0.8180647699   0.5652648501   -0.7237899361   -0.3262894772   -0.6079994289   

10.04829778   -2.952069034   -13.48462723   0.9970013228   0.06056604057   -0.04816759337   -0.06423269526   0.9948331088   -0.07862090356   0.04315695982   0.08147907919   0.9957402455   

-1.389232918   -2.877486144   0.2782582024   0.9942713429   -0.08493953682   0.06488275414   0.08126936014   0.995046214   0.05725664293   -0.06942469159   -0.05165565934   0.9962489172   

1.766689993   -0.5441884359   5.850173885   0.996460664   -0.07214839106   0.04313646728   0.06827368511   0.9940048858   0.08539901046   -0.04903926044   -0.08215166908   0.995412605   

-24.72500903   -15.07073081   -18.73927858   0.9800409478   0.1982595709   0.01459051674   -0.1441553421   0.7592925468   -0.6345818039   -0.1368903867   0.6198128516   0.7727179634   

10.89223835   -42.1583081   50.62582659   0.8965278097   0.1768637026   0.4061491317   0.4191703659   -0.635275107   -0.6486306675   0.1432972116   0.7517611117   -0.6436778231   

-3.526708293   1.096693826   -4.023123041   0.8288367409   0.3807049295   -0.4099919676   -0.2864887826   0.9182255903   0.2734701862   0.4805765645   -0.1092040382   0.8701267975   

7.691097781   43.12858679   -0.689814544   0.06867225033   0.9961884455   0.05378385508   -0.2033385683   -0.038803041   0.978339282   0.9766972656   -0.07812109217   0.1998988402   

-5.758623664   -54.52646477   19.62697327   0.6765802051   0.4589289406   0.575867566   0.7350468822   -0.3740686515   -0.5654898098   -0.04410563549   0.8058888704   -0.5904217319   

-6.319122449   66.238669   -14.38877316   -0.06713521383   0.9571625373   -0.2816606827   0.519167554   0.2745827448   0.8093635568   0.852031639   -0.09189229226   -0.5153619046   

-0.3363698498   1.409350019   5.865082132   0.9984217706   0.05225967207   0.02056440048   -0.05073264093   0.9963368775   -0.06884058219   -0.02408665682   0.06768864962   0.9974157005   

0.8760483962   -0.05437165996   8.679706833   0.993343041   0.01102698198   0.1146647657   0.006206917247   0.9888381428   -0.1488643728   -0.1150264188   0.1485851035   0.9821870443   

4.705705421   -48.17665651   13.861065   0.3389476435   0.4728489367   0.8133439482   0.8738236703   0.16213939   -0.4584135812   -0.3486354661   0.8660973971   -0.3582298292   

-2.749359815   -2.088889346   -1.854788417   0.7239548279   0.07699900448   -0.6855366952   -0.2821597563   0.9398753966   -0.1924061088   0.6295039945   0.3327241983   0.7021533514   

0.7871507354   -28.76573339   -3.536024253   0.78612237   -0.5922940335   0.1766335114   0.5998271887   0.6621784228   -0.4491403791   0.1490602668   0.4590288818   0.875827336   

2.112044805   29.56513868   5.647433066   0.8480942726   0.5112522098   0.139130452   -0.5127719502   0.7258416973   0.4584961914   0.1334205076   -0.4601901872   0.877737979   

4.794585394   50.86397235   -5.641390194   0.02927139757   0.9967884103   -0.07453891884   -0.6204651953   0.07658439386   0.7804856001   0.7836875185   0.02340290054   0.6207142479   

5.760359056   -47.74396289   5.824406411   0.6893684121   0.5447794363   0.4774793799   0.3296994386   0.3509544879   -0.876429819   -0.645034474   0.7616077161   0.06232346374   

11.44892599   20.0786657   -31.44222202   0.9952327183   -0.01678604542   0.0960732278   -0.09478296211   -0.3985661839   0.9122286923   0.02297882751   -0.9169859463   -0.3982571377   

-10.07758859   -36.37013692   -2.575903919   -0.7295267151   0.6628040287   0.1687649003   -0.04313502968   -0.2908449461   0.9557973564   0.6825907568   0.6900000267   0.2407692296   

-8.115087422   3.282807539   -13.73746567   0.9711385475   0.2205704096   -0.09076682237   -0.2278966212   0.9703730259   -0.08024537746   0.0703779203   0.09861483144   0.992633902   

4.125572116   -7.235534815   1.573084655   0.9724954686   -0.181146561   0.1464188753   0.2104651043   0.9527069588   -0.2192119764   -0.09978478579   0.2439987175   0.9646282301   

-0.3726945501   3.55133318   -2.264741671   0.9687490916   -0.240030672   0.06253378289   0.2428999191   0.9690919166   -0.04313335687   -0.05024765488   0.05697485109   0.9971103447   

17.8937992   -13.88225556   8.807194727   0.9955989065   -0.0544415909   -0.07628191559   0.06227369586   0.9925868696   0.1043709397   0.0700343078   -0.1086619503   0.991608681   

-31.95894153   60.46876495   -41.42353818   -0.5096791872   -0.5299500159   0.6777758529   0.8603642054   -0.3146270756   0.4009778514   0.0007484158066   0.7875041486   0.6163088965   

3.880290509   13.85122686   -5.063842197   0.9946431998   -0.09311162826   0.0448901969   0.09468297661   0.9949182525   -0.03424623743   -0.04147335332   0.03831312464   0.9984047603   

8.763313148   -66.81696791   42.22278193   -0.04883045521   0.7153478377   0.6970602971   -0.05220478477   -0.6987668151   0.713442078   0.9974418515   -0.001552181344   0.07146568156   

-1.02143445   3.997627849   -6.192934447   0.8783631294   0.4778580733   -0.01139625413   -0.4483527009   0.8153949085   -0.3662116859   -0.1657047631   0.3267763838   0.9304617813   

23.45151191   -7.46533787   3.603914477   0.6614123808   -0.6656668826   -0.3455738185   0.744916397   0.5293546721   0.4060581149   -0.08736832412   -0.5259954682   0.8459879097   

-5.091911557   -10.75747682   3.534794537   0.9711238646   0.2126560812   -0.1081472642   -0.2072243877   0.976492612   0.05933154189   0.1182222177   -0.03520752563   0.9923628053   

-4.57376003   -3.400738577   1.142871814   0.8403562785   -0.4554238222   0.2939225533   0.4903782657   0.8698170846   -0.0542899243   -0.2309339335   0.1897561107   0.9542861923   

-0.7092798264   2.72107385   1.218973276   0.6522216298   0.743723095   -0.1465704731   -0.7397677424   0.6666830244   0.09098039515   0.1653802674   0.04908872641   0.9850074437   

9.407782806   42.69230654   -11.57239568   -0.70167716   -0.5515672968   0.4510240352   0.693076447   -0.6751699105   0.2525680711   0.1652095693   0.4898153827   0.8560296076   

-6.060933428   -40.39555327   13.46477953   -0.4445571116   0.8955044985   0.02099208886   -0.7835795742   -0.4001354238   0.4752838032   0.4340184622   0.1948418227   0.8795820818   

-18.9959106   -12.05678277   4.237230363   0.7832624675   0.6109460128   -0.1150863873   -0.5928242115   0.7897382321   0.1577116959   0.1872414519   -0.05530365526   0.9807559046   

27.36280551   80.97918051   -16.33071647   0.9239027118   -0.3758547344   0.07167285278   -0.3693436249   -0.9249701429   -0.08952944475   0.09994531456   0.05624458554   -0.9934019734   

-29.78258784   -53.88102555   9.07642626   -0.03603125885   0.6261361532   0.7788807778   -0.2978791493   -0.750687438   0.5896917693   0.9539233516   -0.2107650067   0.213561118   

30.12919998   57.40003621   -14.0583869   0.150435181   -0.3823782098   0.9116776629   0.7338786603   -0.5746982485   -0.3621381437   0.6624132911   0.7235390991   0.1941643733   

1.526283373   3.100855334   -3.622607584   0.9943067925   0.1064159637   -0.005444719568   -0.1048058408   0.9859265493   0.1302481293   0.01922857378   -0.1289359613   0.9914664794   

-3.237353558   -2.598150859   -0.5473430795   0.9995912183   0.02423626183   0.0151657457   -0.02508326547   0.9979777757   0.05840538497   -0.01371954896   -0.05876191635   0.9981777453   

0.137002926   -5.263625863   2.285705855   0.9972411219   0.06620795706   -0.03356562645   -0.06460850218   0.9968180368   0.04668557552   0.03654977844   -0.04438815086   0.9983455343   

4.47681529   -8.120205855   2.248820007   0.9953085482   0.08497953813   -0.04625334469   -0.082356396   0.9950318389   0.05593803364   0.05077713889   -0.05186634428   0.9973623035   

-33.51577105   56.94103242   -42.07493828   0.8509510752   -0.4419988309   0.2837592309   0.5215521197   0.7749987611   -0.3568757581   -0.06217438461   0.4516790384   0.8900114562   

39.7435908   -63.98632968   43.17765708   0.6994293519   0.7139577181   -0.03260304494   -0.5666808306   0.5817918947   0.5834303964   0.4355128217   -0.3895928234   0.8115084806   

2.238515508   -5.137487373   2.164644329   0.9981788908   0.007304226516   -0.05987946358   -0.008192809202   0.9998597401   -0.01460746512   0.05976436866   0.01507144435   0.9980987285   

1.341771463   -1.359673788   -0.1643479969   0.9993728402   0.01048895756   -0.03382171047   -0.01060906093   0.9999380315   -0.00337356626   0.0337842294   0.003730267081   0.9994221885   

-0.0139638058   -2.149128622   1.241211244   0.9963037774   0.06217440485   -0.05927163392   -0.0606885164   0.9978035955   0.02654974176   0.06079216383   -0.02285450048   0.9978887637   

4.959497085   -2.888027063   -0.02514188793   0.9879092208   0.03659188674   -0.1506532615   -0.03838900433   0.9992220071   -0.009036862704   0.1502053784   0.0147110287   0.9885453606   

3.876082606   -1.337643316   4.014722607   0.9746993201   0.07478248074   -0.2106390656   -0.07619494473   0.9970919371   0.001414019543   0.2101322578   0.01467138808   0.9775628801   

0.1269989807   2.711379618   -0.4850947673   0.9251962945   -0.3729256036   0.07027311584   0.3769208523   0.9245488819   -0.05603602515   -0.04407366218   0.07833172555   0.995952636   

5.396335946   -5.358220214   4.90570079   0.8786811397   0.3330916175   -0.3420079371   -0.3636007696   0.9311554254   -0.02727735489   0.3093766879   0.1483224464   0.9393010789   

1.087339001   0.7700552239   1.502570702   0.9974667636   -0.04241570927   -0.05710484336   0.04227324294   0.9990992319   -0.003701047334   0.05721038768   0.00127766479   0.9983613269   

-0.2232838955   -2.444132795   2.35209816   0.9951365832   -0.02633416606   -0.09491939979   0.0251518475   0.9995907039   -0.01363118614   0.09523951557   0.01117749373   0.9953916306   

3.257499695   -0.4033896649   2.021332972   0.9934742137   -0.02119091792   -0.1120711012   0.01920970158   0.9996400466   -0.01872870862   0.1124276393   0.01645363666   0.9935236805   

-26.45463636   -45.55100717   7.106633913   0.5553040595   0.795284014   -0.2432298062   -0.8192746921   0.4728620915   -0.3243307281   -0.1429208884   0.3793741945   0.9141383047   

-3.745839156   -1.448673419   -1.051155109   0.9801991784   0.155074259   0.123132225   -0.1176339132   0.9562448262   -0.2678770143   -0.1592853826   0.2480883039   0.9555523849   

37.66397978   42.13443093   -1.625201201   0.3250218216   -0.6525843988   -0.6844665207   0.9393242446   0.1388242197   0.3136842353   -0.1096849075   -0.7448902191   0.6581092482   

0.8360415805   -0.8607256293   -6.196762872   0.9969716743   0.04168586847   0.06564883069   -0.04139583072   0.9991261488   -0.005772693181   -0.0658321031   0.003037623704   0.9978260906   

-23.83961084   -1.630631115   -16.07311247   0.8069954909   -0.003572316352   0.5905467943   -0.1168167234   0.9792573411   0.1655563742   -0.5788887033   -0.202588989   0.7898389524   

23.12515116   11.14976933   -2.1288843   0.8069778772   -0.1437089552   -0.5728302034   0.02329418798   0.976932835   -0.2122725058   0.5901220946   0.1579556017   0.7917107687   

-6.252251729   13.36196955   -17.33422132   0.7671686953   -0.4309650638   0.4751013647   0.1397327826   0.8351678506   0.5319486918   -0.6260406875   -0.3417071482   0.7009345779   

-30.25452506   -43.44251538   15.86900674   -0.07868442547   0.9444178955   0.319192105   -0.9471182463   -0.1707352037   0.2716919538   0.3110880723   -0.2809347414   0.9079096223   

35.53568127   39.52424308   -14.21618818   0.19826536   -0.7117044196   -0.6739196288   0.9764744882   0.2029005598   0.07299956652   0.0847845558   -0.67253861   0.7351893614   

-37.95892248   -44.82607954   16.29953745   0.1534865773   0.9293123816   0.3358874336   -0.6533179719   0.3504575784   -0.6710850269   -0.7413619212   -0.1164387531   0.6609270146   

-4.679741756   -4.720290859   8.023175435   0.7981642294   0.4850506407   -0.3572950307   0.01382549654   0.5781757545   0.8157951045   0.6022812621   -0.6560782521   0.4547731396   

29.03304657   54.38495337   -31.88174527   0.04670505091   -0.9883581977   0.1447988646   0.3295972294   0.1520867616   0.9317914377   -0.9429656964   0.004205938072   0.3328633436   

-42.62290064   -84.77174452   35.42964051   -0.5230484521   0.8280773669   -0.2017627103   -0.8478636851   -0.5296644268   0.02414055677   -0.08687628164   0.1836939559   0.9791368864   

-0.04971061138   0.05803472892   -0.3125486985   0.9999783925   -0.004224668068   0.005036531536   0.00443953072   0.9990460894   -0.04344193594   -0.004848199376   0.0434633571   0.9990432581   

-2.43783551   39.00355593   0.9940941272   0.9996389439   0.02660164106   0.003786108981   -0.02638698577   0.9984747913   -0.04849554729   -0.005070395516   0.04837813367   0.998816223   

3.282387134   -36.45592393   3.233538915   0.9968340409   -0.07755449319   -0.01752699573   0.0792005562   0.987964886   0.1328632981   0.007011910597   -0.1338308061   0.9909793885   

-19.65074772   89.64356596   -37.50143045   0.9468546653   0.3178519867   -0.04935947115   0.1647035421   -0.6108939185   -0.774390963   -0.2762951068   0.7251060164   -0.6307791048   

60.01535706   -10.38353729   8.901169872   0.7217433988   0.3230262426   -0.6121605287   -0.4842969542   0.8675494835   -0.1132005031   0.4945128173   0.3781691954   0.7825887382   

-4.169787547   4.65652881   2.988937466   0.9966527847   -0.05285059892   -0.06237019318   0.04495030232   0.991524246   -0.1218980716   0.06828394485   0.1186864935   0.9905810513   

-3.47732097   2.217650451   3.133880536   0.9994654789   -0.03172992539   0.007872001129   0.03183364802   0.9994030745   -0.01342063788   -0.007441466292   0.01366405878   0.9998789517   

-2.412947732   3.029387417   0.7847660902   0.9988274284   -0.04477323985   0.01841535586   0.04493289059   0.9989551204   -0.008348812679   -0.01802231064   0.009166478268   0.9997955651   

-42.48475226   -46.8655469   23.79005818   -0.6396271575   0.1756450176   -0.7483488005   -0.7683616441   -0.1743421688   0.6158126274   -0.02230433311   0.9688929951   0.2464728804   

35.55916079   50.03479936   -28.28275687   -0.8268772741   -0.36308224   0.4294709076   0.484816186   -0.07320481673   0.8715470846   -0.2850039287   0.928876925   0.2365595461   

3.400432958   -1.574402791   -3.891753104   0.9964178424   0.08154987916   -0.02238527593   -0.07978091398   0.994283214   0.07096404749   0.0280444136   -0.06892392531   0.9972276588   

3.531913567   -0.2249148855   -2.086957004   0.9972049639   0.06977534838   -0.02671443077   -0.06829349806   0.9962640649   0.0528574596   0.03030277505   -0.05088529916   0.9982446735   

-34.86466398   63.10008508   -30.38057886   0.8823349282   -0.3739555592   0.2857311922   0.4353407348   0.8791854064   -0.1936787694   -0.1787834418   0.2952799703   0.9385340804   

-14.9045097   -61.91473583   23.52560602   0.9977708309   -0.05976433172   0.02969164323   0.06222248791   0.9939736727   -0.0902479917   -0.02411910075   0.09189430158   0.9954766227   

58.60553334   -0.4948489461   0.3003547464   0.7935576749   0.5874082732   -0.158800936   -0.4814481126   0.7657098567   0.4264928255   0.3721208561   -0.261992244   0.8904415379   

2.557902752   0.4616017175   -0.5551434888   0.9997790987   0.009167445986   -0.01891327008   -0.00924367782   0.999949486   -0.003947121661   0.01887612968   0.004121077912   0.9998133368   

0.5650936843   -0.03334959591   -0.2231472452   0.9999844708   0.002813448455   -0.004810675504   -0.002816246505   0.9999958691   -0.0005749585068   0.004809038016   0.0005884976263   0.9999882633   

1.919280439   -0.131581299   -0.4498141897   0.9999611222   0.008787131398   -0.0007351011768   -0.008781223816   0.9999318994   0.007686788506   0.0008025959366   -0.007680034573   0.999970186   

