1.437676964   -1.712534889   2.403758438   0.9824705011   0.1807703229   -0.04553904721   -0.1784669822   0.9826533027   0.05041847788   0.05386325967   -0.0414074509   0.9976894167   

-0.1375836288   -0.1394481886   0.2181086647   0.9994598806   -0.03286238977   0.0001018702813   0.0328624064   0.9994416933   -0.006030250792   9.635504548e-05   0.006030341439   0.9999818127   

-8.066321651   4.796597789   7.635476332   0.8228715746   -0.4937335704   0.2812641696   0.5328468748   0.8424088276   -0.08013473125   -0.1973742124   0.2158113263   0.9562786685   

-2.16056423   0.9694374952   1.389686337   0.9932693428   -0.1155076305   0.008602316581   0.1158016276   0.9918748988   -0.05267037287   -0.002448591919   0.05331202891   0.9985749005   

-6.814893755   -0.2293888656   4.370701053   0.9927413956   -0.0621410997   0.102970895   0.05895617223   0.9976918005   0.0336933359   -0.1048269586   -0.02737799948   0.9941135518   

-6.149245687   -0.1948289315   3.950315052   0.9991008942   -0.02710855019   0.03259646664   0.02696915245   0.9996251765   0.004708637091   -0.03271189304   -0.00382530445   0.9994575024   

-5.293497108   -0.7148557849   3.947630539   0.9989341002   -0.02171699212   0.04073126153   0.02112689521   0.9996663241   0.01486253085   -0.04104043995   -0.01398616379   0.9990595926   

-7.239273027   -0.4729261413   5.869535533   0.9978575628   0.04399737832   0.04842019307   -0.04746421895   0.9962057741   0.07294658047   -0.04502701762   -0.07508852365   0.996159767   

-1.485437886   2.767377135   0.5070093065   0.9772567896   -0.1960489253   0.08083307514   0.2055826358   0.9693677987   -0.1343943852   -0.05200910532   0.147955702   0.9876255177   

-2.967962191   -0.5844590351   5.664560376   0.972888494   0.2294891345   -0.02868301638   -0.2197716866   0.955988456   0.1943874424   0.07203043845   -0.1828135912   0.9805053834   

-3.397506242   2.184143246   4.861531683   0.991288526   -0.1002916479   0.08537355338   0.1044288215   0.9934934124   -0.04544734059   -0.08026007419   0.05396688682   0.9953119589   

-2.258622758   -2.154260944   1.934077613   0.9857816439   -0.1084020637   0.1283882513   0.1108422387   0.993765627   -0.01199486299   -0.1262875632   0.02605515695   0.9916514409   

-1.721258527   -0.172735135   1.049828893   0.9987885798   -0.03482240432   0.03476741196   0.03532664287   0.9992778147   -0.01399561689   -0.03425494241   0.01520687826   0.9992974281   

1.16500856   0.1638812018   8.204479026   0.9873274141   0.003209855485   0.1586640293   -0.05120182296   0.952771288   0.2993413536   -0.1502096891   -0.3036718122   0.9408615625   

-0.9039306227   1.396031296   4.289113942   0.9998909437   0.001743403053   0.01466496537   -0.002126921231   0.9996550559   0.02617719106   -0.01461426938   -0.0262055275   0.9995497454   

-2.944793744   2.62578059   12.11323648   0.9935333642   0.09606167105   -0.06052775944   -0.07751335539   0.9633960514   0.2566315022   0.08296465539   -0.25028025   0.9646121824   

1.39462639   -0.9106226974   3.569986152   0.9999338976   0.01113433064   -0.002868286696   -0.01103384916   0.9993963309   0.03294279961   0.003233351223   -0.03290897377   0.9994531229   

5.706479749   0.8465413   1.608901453   0.9986442098   -0.04404321004   -0.02774775356   0.04024616221   0.9913335546   -0.1250521091   0.03301497548   0.1237658241   0.9917620845   

3.265573678   -0.06930640038   0.8429144769   0.9990929637   -0.04152718795   -0.009420327984   0.04017929189   0.9926197767   -0.1144185446   0.01410228427   0.1139362607   0.9933879676   

-0.2484165849   2.978000192   5.563576343   0.9991796993   -0.01117316705   -0.03892414197   0.009064433529   0.9985032066   -0.05393683836   0.03946852588   0.05353976864   0.9977854121   

-2.103665369   6.064589078   4.042407799   0.9947722277   -0.05237920034   -0.08766204655   0.03636393532   0.9838580812   -0.1752168379   0.09542473076   0.1711131071   0.980619409   

-2.742157384   2.811716738   5.751533137   0.997787273   -0.05567338586   -0.03634600244   0.05027472854   0.9894994209   -0.1355114302   0.04350872851   0.133384295   0.9901088932   

-2.954408311   7.65104943   -0.3996759797   0.9971309208   -0.07470814812   0.01219095472   0.07557790604   0.9915787549   -0.1051644096   -0.004231653415   0.1057840514   0.9943801223   

-0.6642557863   2.169646082   3.065138306   0.9987436746   0.03220596839   -0.03839072853   -0.03277843931   0.9993592388   -0.01437656654   0.03790311799   0.01561689306   0.9991593798   

0.2245909795   6.649997023   -3.4181564   0.9830578348   -0.1579541141   0.0929935009   0.1655539935   0.9829010408   -0.08060657055   -0.07867126938   0.09463636616   0.9923985034   

-5.789462227   3.602516584   6.434524284   0.9997067576   -0.0241158855   0.002196121972   0.02419166812   0.9986373585   -0.04624055959   -0.001077997405   0.04628012775   0.9989279192   

-0.6272525184   4.301905275   -8.746415161   0.9994821164   -0.02647521693   0.01829103344   0.02638871011   0.999639478   0.004954788742   -0.01841561823   -0.004469545959   0.999820428   

-2.943597769   5.436885616   -24.84294684   0.9537044336   -0.2471223788   0.1714012345   0.2186520342   0.9610548675   0.1690113298   -0.2064924725   -0.123709626   0.9705960989   

-1.389232918   -2.877486144   0.2782582024   0.9942713429   -0.08493953682   0.06488275414   0.08126936014   0.995046214   0.05725664293   -0.06942469159   -0.05165565934   0.9962489172   

-20.31580717   -0.426392495   44.12706656   0.9203281343   -0.2171220655   0.3253523227   0.2780791066   0.9481557445   -0.1538593341   -0.2750784173   0.2320747572   0.9329915173   

0.8760483962   -0.05437165996   8.679706833   0.993343041   0.01102698198   0.1146647657   0.006206917247   0.9888381428   -0.1488643728   -0.1150264188   0.1485851035   0.9821870443   

44.24412472   -29.5113425   -40.01209997   0.1276441018   0.9618614876   -0.2419286297   -0.4493567788   0.2735369329   0.8504446083   0.8841863314   0.0001580315833   0.4671343558   

2.238515508   -5.137487373   2.164644329   0.9981788908   0.007304226516   -0.05987946358   -0.008192809202   0.9998597401   -0.01460746512   0.05976436866   0.01507144435   0.9980987285   

1.341771463   -1.359673788   -0.1643479969   0.9993728402   0.01048895756   -0.03382171047   -0.01060906093   0.9999380315   -0.00337356626   0.0337842294   0.003730267081   0.9994221885   

-0.0139638058   -2.149128622   1.241211244   0.9963037774   0.06217440485   -0.05927163392   -0.0606885164   0.9978035955   0.02654974176   0.06079216383   -0.02285450048   0.9978887637   

4.959497085   -2.888027063   -0.02514188793   0.9879092208   0.03659188674   -0.1506532615   -0.03838900433   0.9992220071   -0.009036862704   0.1502053784   0.0147110287   0.9885453606   

3.876082606   -1.337643316   4.014722607   0.9746993201   0.07478248074   -0.2106390656   -0.07619494473   0.9970919371   0.001414019543   0.2101322578   0.01467138808   0.9775628801   

5.523334927   -2.646840596   4.420606023   0.9511445994   -0.03924077934   -0.306241918   0.02741192411   0.9987061172   -0.04283313952   0.3075264826   0.03234582912   0.950989595   

1.087339001   0.7700552239   1.502570702   0.9974667636   -0.04241570927   -0.05710484336   0.04227324294   0.9990992319   -0.003701047334   0.05721038768   0.00127766479   0.9983613269   

-9.590649054   16.97840038   -25.10208431   0.6182456856   -0.6626217224   0.4227348167   0.536943103   0.7488378145   0.388502293   -0.5739898748   -0.01320532229   0.8187559118   

-9.415427216   6.841887537   -4.465805165   0.9892744554   0.02422208094   0.144046321   -0.05398302596   0.9769645775   0.2064607643   -0.1357272438   -0.2120224165   0.9677936816   

12.36827322   0.465585416   -8.641575106   0.9858249184   0.1523245797   -0.0703310216   -0.1450378291   0.9844456276   0.09915056427   0.08434013473   -0.08754443825   0.9925838569   

5.042276875   0.2966708226   -1.228104924   0.9994847713   0.02064594477   -0.02457512673   -0.02056537314   0.9997822897   0.003526845359   0.02464259152   -0.003019631576   0.9996917647   

