2 -32.045999999999999375 2.1990000000000002878 -0.22800000000000064659 -0.94789999999999996483 0.092200000000000004174 0.30490000000000000435 -0.02670000000000000151 -0.9768000000000000016 0.21240000000000000546 0.31750000000000000444 0.19320000000000001061 0.92840000000000000302 0 0 0 0.99999841374874198774 -0.0010390291481612839303 -0.00077308872631295607637 0.0002731354332614253054 0 0 2.5680000000000000604 -12.063000000000000611 -13.403999999999999915 -0.99980000000000002203 0.018499999999999999084 0.0060000000000000001249 0.017399999999999998801 0.98909999999999997922 -0.14640000000000000235 -0.0086000000000000000056 -0.14630000000000001337 -0.9891999999999999682 0 0 0 0.99999705374565972527 -5.6375166095602947453e-06 -0.0003608360631148169336 -0.00080200236290294294947 0 0 
2 -32.094000000000001194 2.1840000000000001634 -0.29999999999999982236 -0.94599999999999995204 0.082900000000000001465 0.3134000000000000119 -0.018100000000000001504 -0.97870000000000001439 0.20430000000000000937 0.32359999999999999876 0.18759999999999998899 0.92740000000000000213 -0.048000000000001818989 -0.015000000000000124345 -0.07199999999999917577 0.99997108333191309093 0.0042353099710526857791 0.0040570098152062430974 0.0035338471870861747938 0 0 2.5620000000000002771 -13.083000000000000185 -13.715999999999999304 -0.99939999999999995506 0.031899999999999997802 0.01200000000000000025 0.030099999999999998285 0.99099999999999999201 -0.13039999999999998814 -0.016000000000000000333 -0.13000000000000000444 -0.99139999999999994795 -0.0059999999999997832845 -1.0199999999999995737 -0.31199999999999938893 0.99994051698088526337 0.0081455295206881890568 0.0027913360370948503593 -0.0067894113546853873675 0 0 
2 -32.094000000000001194 2.1840000000000001634 -0.29999999999999982236 -0.94540000000000001812 0.084900000000000003242 0.31469999999999997975 -0.019900000000000001021 -0.97870000000000001439 0.20439999999999999836 0.32529999999999997806 0.18690000000000001057 0.92689999999999994618 0 0 0 0.99999037120364320241 -1.5380148092316254041e-05 0.00069757921684820110853 -0.0010622202279022597855 0 0 2.5620000000000002771 -13.073999999999999844 -13.685999999999999943 -0.99939999999999995506 0.033599999999999997924 0.011199999999999999886 0.031800000000000001876 0.99090000000000000302 -0.13089999999999998859 -0.015499999999999999889 -0.13039999999999998814 -0.99129999999999995897 0 0.0090000000000003410605 0.029999999999999360512 0.99999873249919668527 -0.00024100530547441383132 -0.00037506297539262258185 -0.00082882355053451729592 0 0 
2 -32.094000000000001194 2.1840000000000001634 -0.29999999999999982236 -0.94569999999999998508 0.083900000000000002354 0.31400000000000000133 -0.018999999999999999528 -0.97870000000000001439 0.20430000000000000937 0.32450000000000001066 0.18729999999999999427 0.92720000000000002416 0 0 0 0.99999778749755241503 9.6125212677256887425e-06 -0.00035333328175073439687 0.00053283617890134530887 0 0 2.5620000000000002771 -13.073999999999999844 -13.685999999999999943 -0.99939999999999995506 0.032399999999999998246 0.010699999999999999442 0.030700000000000001593 0.99080000000000001403 -0.1320999999999999952 -0.01490000000000000005 -0.1317000000000000115 -0.99119999999999996998 0 0 0 1.0000052374862844484 -0.0006268117170822386534 -0.00022769380745680639069 0.00059611687784603040099 0 0 
2 -32.094000000000001194 2.1840000000000001634 -0.29999999999999982236 -0.94620000000000004103 0.083699999999999996625 0.3125 -0.018800000000000000738 -0.9786000000000000254 0.20499999999999998779 0.32290000000000002034 0.18809999999999998943 0.92749999999999999112 0 0 0 0.99999418373308557317 -0.00036353711442889586909 -0.00077556951091927806355 0.00024605393111533851525 0 0 2.5620000000000002771 -13.073999999999999844 -13.685999999999999943 -0.99939999999999995506 0.03309999999999999748 0.012500000000000000694 0.031199999999999998568 0.99109999999999998099 -0.12959999999999999298 -0.016600000000000000172 -0.12909999999999999254 -0.99150000000000004796 0 0 0 1.0000113799352485788 0.0012960077515157136536 0.00083416300727899073998 -0.00036209587937233790903 0 0 
2 -32.094000000000001194 2.1840000000000001634 -0.29999999999999982236 -0.94559999999999999609 0.085699999999999998401 0.31380000000000002336 -0.02069999999999999965 -0.97850000000000003642 0.20510000000000000453 0.32459999999999999964 0.18740000000000001101 0.92710000000000003517 0 0 0 0.99998819993037912912 -1.5135178596167553515e-05 0.00068397057090035140621 -0.0010874228316651180642 0 0 2.5620000000000002771 -13.073999999999999844 -13.685999999999999943 -0.99939999999999995506 0.032399999999999998246 0.010800000000000000572 0.030700000000000001593 0.99090000000000000302 -0.1307999999999999996 -0.01490000000000000005 -0.13039999999999998814 -0.99129999999999995897 0 0 0 0.99999427998364076586 -0.00064438618589953051714 -0.00081974718896733148477 0.00035748704483174321804 0 0 
2 -32.094000000000001194 2.1840000000000001634 -0.29999999999999982236 -0.94620000000000004103 0.083699999999999996625 0.3125 -0.018800000000000000738 -0.9786000000000000254 0.20499999999999998779 0.32290000000000002034 0.18809999999999998943 0.92749999999999999112 0 0 0 0.99998819993037912912 1.5135178596167553515e-05 -0.00068397057090035140621 0.0010874228316651180642 0 0 2.5620000000000002771 -13.073999999999999844 -13.685999999999999943 -0.99939999999999995506 0.032399999999999998246 0.010699999999999999442 0.030700000000000001593 0.99080000000000001403 -0.1320999999999999952 -0.01490000000000000005 -0.1317000000000000115 -0.99119999999999996998 0 0 0 0.99999285247445646174 -0.0006515596570392968986 -1.4635104604784684589e-05 4.0750291263754532181e-06 0 0 
2 -32.094000000000001194 2.1840000000000001634 -0.29999999999999982236 -0.94569999999999998508 0.083900000000000002354 0.31400000000000000133 -0.018999999999999999528 -0.97870000000000001439 0.20430000000000000937 0.32450000000000001066 0.18729999999999999427 0.92720000000000002416 0 0 0 0.99999418373308557317 0.00036353711442889586909 0.00077556951091927806355 -0.00024605393111533851525 0 0 2.5620000000000002771 -13.073999999999999844 -13.685999999999999943 -0.99939999999999995506 0.033599999999999997924 0.011199999999999999886 0.031800000000000001876 0.99090000000000000302 -0.13089999999999998859 -0.015499999999999999889 -0.13039999999999998814 -0.99129999999999995897 0 0 0 1.0000052374862844484 0.0006268117170822386534 0.00022769380745680639069 -0.00059611687784603040099 0 0 
2 -32.094000000000001194 2.1840000000000001634 -0.29999999999999982236 -0.94589999999999996305 0.084699999999999997513 0.31309999999999998943 -0.019699999999999998762 -0.9786000000000000254 0.20499999999999998779 0.32379999999999997673 0.18779999999999999472 0.92730000000000001315 0 0 0 1.0000011974992830677 -0.00036927455779398401809 -0.0004312819835401387027 -0.00028335216068598758059 0 0 2.5620000000000002771 -13.073999999999999844 -13.685999999999999943 -0.99939999999999995506 0.034000000000000002442 0.010000000000000000208 0.032399999999999998246 0.99090000000000000302 -0.13089999999999998859 -0.014399999999999999606 -0.13050000000000000488 -0.99129999999999995897 0 0 0 1.0000023487472418093 -3.5982415486397513482e-05 -0.00059206110939810240208 -0.00021232700129754036476 0 0 
2 -32.094000000000001194 2.1840000000000001634 -0.29999999999999982236 -0.94569999999999998508 0.083900000000000002354 0.31400000000000000133 -0.018999999999999999528 -0.97870000000000001439 0.20430000000000000937 0.32450000000000001066 0.18729999999999999427 0.92720000000000002416 0 0 0 1.0000011974992830677 0.00036927455779398401809 0.0004312819835401387027 0.00028335216068598758059 0 0 2.5620000000000002771 -13.073999999999999844 -13.685999999999999943 -0.99939999999999995506 0.034000000000000002442 0.010000000000000000208 0.032399999999999998246 0.99090000000000000302 -0.13089999999999998859 -0.014399999999999999606 -0.13050000000000000488 -0.99129999999999995897 0 0 0 1.0000046299892815238 0 0 0 0 0 
2 -32.094000000000001194 2.1840000000000001634 -0.29999999999999982236 -0.94620000000000004103 0.083699999999999996625 0.3125 -0.018800000000000000738 -0.9786000000000000254 0.20499999999999998779 0.32290000000000002034 0.18809999999999998943 0.92749999999999999112 0 0 0 0.99999418373308557317 -0.00036353711442889586909 -0.00077556951091927806355 0.00024605393111533851525 0 0 2.5620000000000002771 -13.073999999999999844 -13.685999999999999943 -0.99939999999999995506 0.033599999999999997924 0.011199999999999999886 0.031800000000000001876 0.99090000000000000302 -0.13089999999999998859 -0.015499999999999999889 -0.13039999999999998814 -0.99129999999999995897 0 0 0 1.0000023487472418093 3.5982415486397513482e-05 0.00059206110939810240208 0.00021232700129754036476 0 0 
2 -32.094000000000001194 2.1840000000000001634 -0.29999999999999982236 -0.94569999999999998508 0.083900000000000002354 0.31400000000000000133 -0.018999999999999999528 -0.97870000000000001439 0.20430000000000000937 0.32450000000000001066 0.18729999999999999427 0.92720000000000002416 0 0 0 0.99999418373308557317 0.00036353711442889586909 0.00077556951091927806355 -0.00024605393111533851525 0 0 2.5620000000000002771 -13.073999999999999844 -13.685999999999999943 -0.99939999999999995506 0.032800000000000002764 0.0094999999999999997641 0.031300000000000001432 0.99070000000000002505 -0.1320999999999999952 -0.013799999999999999767 -0.13180000000000000049 -0.99119999999999996998 0 0 0 0.9999947349861398882 -0.00066607350688625735057 -0.00081976181605732416011 0.00038299951649776173886 0 0 
2 -32.121000000000002217 2.1840000000000001634 -0.32399999999999984368 -0.94650000000000000799 0.086099999999999995981 0.31090000000000000968 -0.021200000000000000094 -0.97819999999999995843 0.20649999999999998912 0.32200000000000000844 0.1887999999999999956 0.92769999999999996909 -0.027000000000001023182 0 -0.024000000000000021316 0.99999015120150058777 -0.0011258435882066351614 -0.0015177099476194539415 -0.00080527293097083015461 0 0 2.5620000000000002771 -13.073999999999999844 -13.685999999999999943 -0.99939999999999995506 0.032399999999999998246 0.010800000000000000572 0.030700000000000001593 0.99090000000000000302 -0.1307999999999999996 -0.01490000000000000005 -0.13039999999999998814 -0.99129999999999995897 0 0 0 0.99998234984423606253 0.00069041968601500441037 0.00060669320822962673808 0.00020903868956543281686 0 0 
2 -32.121000000000002217 2.1840000000000001634 -0.32399999999999984368 -0.9474000000000000199 0.08920000000000000151 0.30740000000000000657 -0.024099999999999999895 -0.97760000000000002451 0.20930000000000001381 0.31909999999999999476 0.19089999999999998637 0.92830000000000001403 0 0 0 0.99999507498787210125 -0.0014907298418625502569 -0.0017539036379967075634 -0.0011206155190450213088 0 0 2.5620000000000002771 -13.073999999999999844 -13.685999999999999943 -0.99950000000000005507 0.031199999999999998568 0.010300000000000000128 0.02960000000000000131 0.99080000000000001403 -0.1320999999999999952 -0.014300000000000000211 -0.1317000000000000115 -0.99119999999999996998 0 0 0 0.99999460623545366467 -0.00065155851435321279763 -0.00022757122746561877602 0.00059676571881377680779 0 0 
2 -32.14800000000000324 2.1840000000000001634 -0.35400000000000009237 -0.94589999999999996305 0.085599999999999995537 0.31300000000000000044 -0.02069999999999999965 -0.97850000000000003642 0.20510000000000000453 0.32379999999999997673 0.1875 0.92740000000000000213 -0.027000000000001023182 0 -0.03000000000000024869 1.0000036287434161952 0.0022212069398099398149 0.0027567749963708933734 0.0011600457904914780044 0 0 2.5620000000000002771 -13.073999999999999844 -13.685999999999999943 -0.99939999999999995506 0.032399999999999998246 0.010800000000000000572 0.030700000000000001593 0.99090000000000000302 -0.1307999999999999996 -0.01490000000000000005 -0.13039999999999998814 -0.99129999999999995897 0 0 0 0.99999460623545366467 0.00065155851435321279763 0.00022757122746561877602 -0.00059676571881377680779 0 0 
2 -32.174999999999997158 2.1840000000000001634 -0.37800000000000011369 -0.94610000000000005205 0.083699999999999996625 0.31290000000000001146 -0.018999999999999999528 -0.97870000000000001439 0.20430000000000000937 0.32329999999999997629 0.18740000000000001101 0.9275999999999999801 -0.026999999999993917754 0 -0.024000000000000021316 1.0000062337305701821 0.00038504759971699759448 -8.8384449035168382116e-05 0.00088581697805562541193 0 0 2.5620000000000002771 -13.073999999999999844 -13.685999999999999943 -0.99929999999999996607 0.035200000000000002121 0.010500000000000000652 0.033500000000000001998 0.99080000000000001403 -0.13089999999999998859 -0.014999999999999999445 -0.13050000000000000488 -0.99129999999999995897 0 0 0 0.9999755722016413495 -6.2816534469624526159e-05 -0.00014069843695304739412 -0.0013977091429571090585 0 0 
2 -32.174999999999997158 2.1840000000000001634 -0.37800000000000011369 -0.94720000000000004192 0.087499999999999994449 0.30840000000000000746 -0.022599999999999998562 -0.97789999999999999147 0.20790000000000000147 0.31979999999999997318 0.18990000000000001323 0.92830000000000001403 0 0 0 1.0000014762489104481 -0.0018600597540888237809 -0.0021854042737993080447 -0.0013943679415658462133 0 0 2.5620000000000002771 -13.073999999999999844 -13.685999999999999943 -0.99939999999999995506 0.033599999999999997924 0.011199999999999999886 0.031800000000000001876 0.99090000000000000302 -0.13089999999999998859 -0.015499999999999999889 -0.13039999999999998814 -0.99129999999999995897 0 0 0 0.99998874493666178864 3.8415432368124441365e-05 0.00035416398613809615308 0.00080584906988232212627 0 0 
2 -32.174999999999997158 2.1840000000000001634 -0.37800000000000011369 -0.94699999999999995293 0.086699999999999999289 0.30930000000000001936 -0.021899999999999999328 -0.97809999999999996945 0.20719999999999999529 0.32050000000000000711 0.18940000000000001279 0.92810000000000003606 0 0 0 1.0000058462329108888 0.00036943534019495569099 0.00043940743112182991618 0.00028411833897801143812 0 0 2.5620000000000002771 -13.073999999999999844 -13.685999999999999943 -0.99939999999999995506 0.032399999999999998246 0.010699999999999999442 0.030700000000000001593 0.99060000000000003606 -0.13339999999999999081 -0.01490000000000000005 -0.13300000000000000711 -0.99099999999999999201 0 0 0 0.99999814374827711294 -0.001284097383607986408 -0.0002165854020370252674 0.00059956861295027178652 0 0 
2 -32.174999999999997158 2.1840000000000001634 -0.37800000000000011369 -0.94720000000000004192 0.087499999999999994449 0.30840000000000000746 -0.022599999999999998562 -0.97789999999999999147 0.20790000000000000147 0.31979999999999997318 0.18990000000000001323 0.92830000000000001403 0 0 0 1.0000058462329108888 -0.00036943534019495569099 -0.00043940743112182991618 -0.00028411833897801143812 0 0 2.5620000000000002771 -13.073999999999999844 -13.685999999999999943 -0.99939999999999995506 0.033599999999999997924 0.011199999999999999886 0.031800000000000001876 0.99090000000000000302 -0.13089999999999998859 -0.015499999999999999889 -0.13039999999999998814 -0.99129999999999995897 0 0 0 0.99999814374827711294 0.001284097383607986408 0.0002165854020370252674 -0.00059956861295027178652 0 0 
2 -32.201999999999998181 2.1840000000000001634 -0.4079999999999994742 -0.9474000000000000199 0.087400000000000005462 0.307999999999999996 -0.022599999999999998562 -0.97789999999999999147 0.20790000000000000147 0.31940000000000001723 0.19000000000000000222 0.92840000000000000302 -0.027000000000001023182 0 -0.029999999999999360512 1.0000115499332995483 -1.949977477890063387e-05 -0.000210962563396471461 5.5039364299009279702e-05 0 0 2.5620000000000002771 -13.073999999999999844 -13.685999999999999943 -0.99939999999999995506 0.031899999999999997802 0.01200000000000000025 0.030099999999999998285 0.99099999999999999201 -0.1307999999999999996 -0.016000000000000000333 -0.13039999999999998814 -0.99129999999999995897 0 0 0 0.99999940624982364135 3.9525023467988245924e-05 0.00037863022481176281846 0.00083037299303411230781 0 0 
2 -32.201999999999998181 2.1840000000000001634 -0.4079999999999994742 -0.94730000000000003091 0.08920000000000000151 0.30780000000000001803 -0.024299999999999998684 -0.9777000000000000135 0.20860000000000000764 0.31950000000000000622 0.19009999999999999121 0.92830000000000001403 0 0 0 1.0000101836981463155 -0.00035245391071576297019 -9.2876554173212252864e-05 -0.00084200892523526730052 0 0 2.5620000000000002771 -13.073999999999999844 -13.685999999999999943 -0.99939999999999995506 0.033599999999999997924 0.011199999999999999886 0.031800000000000001876 0.99070000000000002505 -0.1320999999999999952 -0.015499999999999999889 -0.1317000000000000115 -0.99119999999999996998 0 0 0 1.0000030499953487251 -0.00066879546017696263945 -0.0003691988739451513798 -0.00082667497864516111851 0 0 
2 -32.201999999999998181 2.1840000000000001634 -0.4079999999999994742 -0.9474000000000000199 0.087400000000000005462 0.307999999999999996 -0.022599999999999998562 -0.97789999999999999147 0.20790000000000000147 0.31940000000000001723 0.19000000000000000222 0.92840000000000000302 0 0 0 1.0000101836981463155 0.00035245391071576297019 9.2876554173212252864e-05 0.00084200892523526730052 0 0 2.5620000000000002771 -13.073999999999999844 -13.685999999999999943 -0.99939999999999995506 0.032800000000000002764 0.0094999999999999997641 0.031300000000000001432 0.99070000000000002505 -0.1320999999999999952 -0.013799999999999999767 -0.13180000000000000049 -0.99119999999999996998 0 0 0 0.9999988099992919155 -3.6820043815885059708e-05 -0.00082949348709783737432 0.0003800779522930314183 0 0 
2 -32.201999999999998181 2.1840000000000001634 -0.4079999999999994742 -0.94730000000000003091 0.08880000000000000393 0.30790000000000000702 -0.024299999999999998684 -0.97799999999999998046 0.20730000000000001203 0.31950000000000000622 0.18890000000000001235 0.92859999999999998099 0 0 0 1.000018866072035717 0.00030670171374336420564 -0.00010049060413703074794 -0.00084138662633929364645 0 0 2.5620000000000002771 -13.073999999999999844 -13.685999999999999943 -0.99939999999999995506 0.034500000000000002887 0.0088000000000000005301 0.033000000000000001554 0.99080000000000001403 -0.13089999999999998859 -0.013299999999999999323 -0.13050000000000000488 -0.99139999999999994795 0 0 0 0.99999812874824922648 0.00061946615917713452118 -0.0003650181830409138543 -0.00083302155879305130569 0 0 
2 -32.201999999999998181 2.1840000000000001634 -0.4079999999999994742 -0.94759999999999999787 0.088200000000000000622 0.3070999999999999841 -0.023400000000000000661 -0.9777000000000000135 0.20860000000000000764 0.3186999999999999833 0.19050000000000000266 0.92849999999999999201 0 0 0 1.0000083662150032193 -0.00068112930152581087438 -0.00033574219110864197144 0.00053255804450489806386 0 0 2.5620000000000002771 -13.073999999999999844 -13.685999999999999943 -0.99939999999999995506 0.032800000000000002764 0.0094999999999999997641 0.031300000000000001432 0.99070000000000002505 -0.1320999999999999952 -0.013799999999999999767 -0.13180000000000000049 -0.99119999999999996998 0 0 0 0.99999812874824922648 -0.00061946615917713452118 0.0003650181830409138543 0.00083302155879305130569 0 0 
2 -32.201999999999998181 2.1840000000000001634 -0.4079999999999994742 -0.94759999999999999787 0.088200000000000000622 0.3070999999999999841 -0.023400000000000000661 -0.9777000000000000135 0.20860000000000000764 0.3186999999999999833 0.19050000000000000266 0.92849999999999999201 0 0 0 0.9999958012411851449 0 0 0 0 0 2.5620000000000002771 -13.073999999999999844 -13.685999999999999943 -0.99939999999999995506 0.034500000000000002887 0.0088000000000000005301 0.033000000000000001554 0.99080000000000001403 -0.13089999999999998859 -0.013299999999999999323 -0.13050000000000000488 -0.99139999999999994795 0 0 0 0.99999812874824922648 0.00061946615917713452118 -0.0003650181830409138543 -0.00083302155879305130569 0 0 
2 -32.201999999999998181 2.1840000000000001634 -0.4079999999999994742 -0.94759999999999999787 0.088200000000000000622 0.3070999999999999841 -0.023400000000000000661 -0.9777000000000000135 0.20860000000000000764 0.3186999999999999833 0.19050000000000000266 0.92849999999999999201 0 0 0 0.9999958012411851449 0 0 0 0 0 2.5620000000000002771 -13.073999999999999844 -13.685999999999999943 -0.99939999999999995506 0.034500000000000002887 0.0088999999999999999251 0.033000000000000001554 0.99099999999999999201 -0.12970000000000000973 -0.013299999999999999323 -0.12929999999999999827 -0.99150000000000004796 0 0 0 1.0000052624861530681 0.00060532681447602882784 1.4752422365580700498e-05 -2.3399876858466438922e-06 0 0 
2 -32.201999999999998181 2.1840000000000001634 -0.4079999999999994742 -0.94759999999999999787 0.088200000000000000622 0.3070999999999999841 -0.023400000000000000661 -0.9777000000000000135 0.20860000000000000764 0.3186999999999999833 0.19050000000000000266 0.92849999999999999201 0 0 0 0.9999958012411851449 0 0 0 0 0 2.5620000000000002771 -13.073999999999999844 -13.685999999999999943 -0.99939999999999995506 0.034900000000000000466 0.007700000000000000247 0.033599999999999997924 0.99099999999999999201 -0.12970000000000000973 -0.012099999999999999645 -0.12929999999999999827 -0.99150000000000004796 0 0 0 1.0000045624895919083 -1.1239948717846658729e-05 -0.00061672218621144415419 -0.00020979904279404734658 0 0 
2 -32.201999999999998181 2.1840000000000001634 -0.4079999999999994742 -0.94779999999999997584 0.088900000000000006795 0.30620000000000002771 -0.024099999999999999895 -0.97760000000000002451 0.20930000000000001381 0.3179000000000000159 0.19100000000000000311 0.92869999999999996998 0 0 0 1.0000039874920498839 -0.00035643607871397762436 -0.00046260815535363277633 -0.00025516398253565161737 0 0 2.5620000000000002771 -13.073999999999999844 -13.685999999999999943 -0.99939999999999995506 0.033700000000000000788 0.0071999999999999998029 0.03250000000000000111 0.99090000000000000302 -0.13089999999999998859 -0.011499999999999999806 -0.13059999999999999387 -0.99139999999999994795 0 0 0 1.0000102986969683361 -0.00062805853181550647807 -0.00022759765604070939697 0.00059482637406342293677 0 0 
2 -32.201999999999998181 2.1840000000000001634 -0.4079999999999994742 -0.94759999999999999787 0.087800000000000003042 0.30719999999999997309 -0.023400000000000000661 -0.97799999999999998046 0.20730000000000001203 0.3186999999999999833 0.18929999999999999605 0.92879999999999995897 0 0 0 1.0000121949256419729 0.0010156201145882241734 0.00045462445588853519097 0.00025637937347260699979 0 0 2.5620000000000002771 -13.073999999999999844 -13.685999999999999943 -0.99939999999999995506 0.034900000000000000466 0.0075999999999999999847 0.033599999999999997924 0.99080000000000001403 -0.13089999999999998859 -0.012099999999999999645 -0.13059999999999999387 -0.99139999999999994795 0 0 0 1.0000139011533790701 -2.0624713292665703958e-06 0.00021264954392607388956 -0.00059271176062290406843 0 0 
2 -32.201999999999998181 2.1840000000000001634 -0.4079999999999994742 -0.94730000000000003091 0.08920000000000000151 0.30780000000000001803 -0.024299999999999998684 -0.9777000000000000135 0.20860000000000000764 0.31950000000000000622 0.19009999999999999121 0.92830000000000001403 0 0 0 1.0000083774649091151 -0.00063716466217538685664 0.00035173705333520937418 -0.00053416552504706221651 0 0 2.5620000000000002771 -13.073999999999999844 -13.685999999999999943 -0.99939999999999995506 0.034500000000000002887 0.0088999999999999999251 0.033000000000000001554 0.99099999999999999201 -0.12970000000000000973 -0.013299999999999999323 -0.12929999999999999827 -0.99150000000000004796 0 0 0 1.0000077487199785509 0.00064135253033883673785 0.00063147260689559486964 0.00020712589503943615462 0 0 
2 -32.201999999999998181 2.1840000000000001634 -0.4079999999999994742 -0.94759999999999999787 0.088200000000000000622 0.3070999999999999841 -0.023400000000000000661 -0.9777000000000000135 0.20860000000000000764 0.3186999999999999833 0.19050000000000000266 0.92849999999999999201 0 0 0 0.99999992749999733199 -2.1985001593914816497e-05 -0.00034356252490830318548 0.00053346753867640050312 0 0 2.5620000000000002771 -13.004999999999999005 -13.740000000000000213 -0.99939999999999995506 0.033700000000000000788 0.0071999999999999998029 0.03250000000000000111 0.99099999999999999201 -0.13009999999999999343 -0.011499999999999999806 -0.12979999999999999871 -0.99150000000000004796 0 0.06900000000000083844 -0.054000000000000270006 1.0000078624690906803 -0.00023591814510086982323 -0.0008514008058874793488 0.00038359948396091608563 0 0 
2 -32.201999999999998181 2.1840000000000001634 -0.4079999999999994742 -0.94779999999999997584 0.088900000000000006795 0.30620000000000002771 -0.024099999999999999895 -0.97760000000000002451 0.20930000000000001381 0.3179000000000000159 0.19100000000000000311 0.92869999999999996998 0 0 0 1.0000039874920498839 -0.00035643607871397762436 -0.00046260815535363277633 -0.00025516398253565161737 0 0 2.5620000000000002771 -12.846000000000000085 -13.703999999999998849 -0.99939999999999995506 0.033599999999999997924 0.0071999999999999998029 0.03230000000000000232 0.99050000000000004707 -0.13380000000000000226 -0.011599999999999999201 -0.13339999999999999081 -0.99099999999999999201 0 0.15899999999999891998 0.036000000000001364242 1.0000065462285734341 -0.0018413204462954893027 6.279208894863275213e-05 7.7576992163277226156e-05 0 0 
2 -32.201999999999998181 2.1840000000000001634 -0.4079999999999994742 -0.94810000000000005382 0.087900000000000005906 0.30559999999999998277 -0.023199999999999998401 -0.97760000000000002451 0.20930000000000001381 0.31709999999999999298 0.19129999999999999782 0.92889999999999994795 0 0 0 1.0000099249507476973 3.1124691088966868829e-06 -0.00031967432724807855931 0.00052561478329916444877 0 0 2.5620000000000002771 -12.711000000000000298 -13.674000000000001265 -0.99939999999999995506 0.034299999999999997158 0.0088000000000000005301 0.032800000000000002764 0.99029999999999995808 -0.13539999999999999258 -0.013400000000000000452 -0.13500000000000000888 -0.99080000000000001403 0 0.13499999999999978684 0.029999999999997584155 1.0000164436148037961 -0.0007937669476020774292 0.0008424711467289807635 -0.000355706650896851404 0 0 
2 -32.201999999999998181 2.1840000000000001634 -0.4079999999999994742 -0.94799999999999995381 0.089700000000000001954 0.30530000000000001581 -0.024799999999999999128 -0.97740000000000004654 0.20999999999999999223 0.31719999999999998197 0.19150000000000000355 0.92879999999999995897 0 0 0 0.99999976249997168942 -0.0003768850895102129157 -0.00011197752659466468574 -0.0008099701923679402879 0 0 2.5620000000000002771 -12.576000000000000512 -13.650000000000000355 -0.99939999999999995506 0.033000000000000001554 0.008399999999999999481 0.031500000000000000222 0.98980000000000001315 -0.13900000000000001243 -0.012900000000000000008 -0.13869999999999998996 -0.99029999999999995808 0 0.13499999999999978684 0.024000000000000909495 1.0000181898345648079 -0.0018420964925695520846 -0.00014858729722164477622 0.00067181027988215077408 0 0 
2 -32.201999999999998181 2.1840000000000001634 -0.4079999999999994742 -0.94869999999999998774 0.091899999999999995581 0.3025999999999999801 -0.026999999999999999695 -0.97689999999999999059 0.21210000000000001075 0.31509999999999999121 0.19300000000000000488 0.92920000000000002593 0 0 0 0.99999720624609744757 -0.0010970005647496039545 -0.0013151511742087414799 -0.00082688731011964892743 0 0 2.5620000000000002771 -12.503999999999999559 -13.620000000000000995 -0.99950000000000005507 0.031699999999999999012 0.0079000000000000007716 0.030300000000000000544 0.98970000000000002416 -0.1401999999999999913 -0.012300000000000000169 -0.13989999999999999658 -0.9900999999999999801 0 0.072000000000000952127 0.029999999999999360512 1.0000148623895548372 -0.00060582599597804433558 -0.00022188170230770542547 0.00064644789223960053438 0 0 
2 -32.201999999999998181 2.1840000000000001634 -0.4079999999999994742 -0.94889999999999996572 0.092700000000000004619 0.30170000000000002371 -0.027799999999999998324 -0.97670000000000001261 0.21279999999999998916 0.31440000000000001279 0.19350000000000000533 0.92930000000000001492 0 0 0 0.99999714874593514935 -0.00037408606661442120973 -0.000436771245345763965 -0.00030871338022028088893 0 0 2.5650000000000003908 -12.446999999999999176 -13.565999999999998948 -0.99939999999999995506 0.03289999999999999869 0.0085000000000000006106 0.031399999999999997358 0.98980000000000001315 -0.13889999999999999569 -0.012999999999999999403 -0.13860000000000000098 -0.99029999999999995808 0.0030000000000001136868 0.057000000000000383693 0.054000000000002046363 1.0000108386912613945 0.00065631288642724805102 0.0002743695261934139297 -0.00060052599108418789047 0 0 
2 -32.201999999999998181 2.1840000000000001634 -0.4079999999999994742 -0.9483000000000000318 0.088700000000000001066 0.30470000000000002638 -0.023900000000000001105 -0.97740000000000004654 0.20999999999999999223 0.31640000000000001457 0.19179999999999999827 0.92900000000000004796 0 0 0 0.99998506363845252043 0.0014726169955398666321 0.0014332014068143749883 0.0016617973212056068311 0 0 2.5650000000000003908 -12.408000000000001251 -13.577999999999999403 -0.99939999999999995506 0.032399999999999998246 0.009599999999999999159 0.030700000000000001593 0.98939999999999994618 -0.14180000000000000937 -0.014099999999999999686 -0.14139999999999999791 -0.98980000000000001315 0 0.038999999999997925215 -0.012000000000000454747 0.99998703991601811669 -0.0014319385580439723642 0.00059587272256052617198 0.00026598844723261274832 0 0 
2 -32.201999999999998181 2.1840000000000001634 -0.4079999999999994742 -0.94779999999999997584 0.088900000000000006795 0.30620000000000002771 -0.024099999999999999895 -0.97760000000000002451 0.20930000000000001381 0.3179000000000000159 0.19100000000000000311 0.92869999999999996998 0 0 0 0.99999977499997472208 0.00037098758347220471901 0.00075112266900261221488 -0.00024138255431108062506 0 0 2.5650000000000003908 -12.399000000000000909 -13.542000000000001592 -0.99939999999999995506 0.032399999999999998246 0.009599999999999999159 0.030700000000000001593 0.98939999999999994618 -0.14219999999999999307 -0.014099999999999999686 -0.14180000000000000937 -0.98980000000000001315 0 0.0090000000000003410605 0.035999999999997811528 0.99998930744283465177 -0.00019792211629354001731 3.0700328265014791892e-06 1.4100150766668943457e-06 0 0 
2 -32.201999999999998181 2.1840000000000001634 -0.4079999999999994742 -0.94810000000000005382 0.087900000000000005906 0.30559999999999998277 -0.023199999999999998401 -0.97760000000000002451 0.20930000000000001381 0.31709999999999999298 0.19129999999999999782 0.92889999999999994795 0 0 0 1.0000099249507476973 3.1124691088966868829e-06 -0.00031967432724807855931 0.00052561478329916444877 0 0 2.5650000000000003908 -12.384000000000000341 -13.565999999999998948 -0.99939999999999995506 0.031899999999999997802 0.010800000000000000572 0.030099999999999998285 0.98960000000000003517 -0.14089999999999999747 -0.015199999999999999969 -0.14050000000000001377 -0.98999999999999999112 0 0.015000000000000568434 -0.023999999999997356781 1.0000058887326614965 0.00066835606422981476762 0.00058265906887651150187 0.00023129113798832311145 0 0 
2 -32.201999999999998181 2.1840000000000001634 -0.4079999999999994742 -0.94759999999999999787 0.088200000000000000622 0.3070999999999999841 -0.023400000000000000661 -0.9777000000000000135 0.20860000000000000764 0.3186999999999999833 0.19050000000000000266 0.92849999999999999201 0 0 0 1.0000013187491303412 0.00035300453447558750994 0.00078248146810324509508 -0.00027033464349642401074 0 0 2.5650000000000003908 -12.375 -13.535999999999999588 -0.99939999999999995506 0.032399999999999998246 0.009599999999999999159 0.030700000000000001593 0.98950000000000004619 -0.14139999999999999791 -0.014099999999999999686 -0.14099999999999998646 -0.98990000000000000213 0 0.0090000000000003410605 0.029999999999999360512 1.0000024937468907638 -0.00026540433814875331051 -0.00058906103103088607552 -0.00023357941751205453214 0 0 
2 -32.201999999999998181 2.1840000000000001634 -0.4079999999999994742 -0.94799999999999995381 0.089700000000000001954 0.30530000000000001581 -0.024799999999999999128 -0.97740000000000004654 0.20999999999999999223 0.31719999999999998197 0.19150000000000000355 0.92879999999999995897 0 0 0 0.99999343247843375249 -0.00073053479780304652214 -0.00089404587166554215071 -0.00053937104233095316524 0 0 2.5650000000000003908 -12.375 -13.535999999999999588 -0.99950000000000005507 0.02999999999999999889 0.0086999999999999994005 0.028400000000000001632 0.98960000000000003517 -0.14130000000000000893 -0.012900000000000000008 -0.14099999999999998646 -0.98990000000000000213 0 0 0 0.99999770249736075201 2.6742561441108433532e-05 -0.00044153851443590202584 0.0012124827856823997517 0 0 
2 -32.201999999999998181 2.1840000000000001634 -0.4079999999999994742 -0.94779999999999997584 0.088900000000000006795 0.30620000000000002771 -0.024099999999999999895 -0.97760000000000002451 0.20930000000000001381 0.3179000000000000159 0.19100000000000000311 0.92869999999999996998 0 0 0 1.0000024312470445764 0.00037409909047269413948 0.00043144395105318547384 0.0002842368089500959768 0 0 2.5650000000000003908 -12.375 -13.535999999999999588 -0.99939999999999995506 0.032399999999999998246 0.009599999999999999159 0.030700000000000001593 0.98950000000000004619 -0.14139999999999999791 -0.014099999999999999686 -0.14099999999999998646 -0.98990000000000000213 0 0 0 0.99999770249736075201 -2.6742561441108433532e-05 0.00044153851443590202584 -0.0012124827856823997517 0 0 
2 -32.201999999999998181 2.1840000000000001634 -0.4079999999999994742 -0.94759999999999999787 0.088200000000000000622 0.3070999999999999841 -0.023400000000000000661 -0.9777000000000000135 0.20860000000000000764 0.3186999999999999833 0.19050000000000000266 0.92849999999999999201 0 0 0 1.0000039874920498839 0.00035643607871397762436 0.00046260815535363277633 0.00025516398253565161737 0 0 2.5650000000000003908 -12.375 -13.535999999999999588 -0.99939999999999995506 0.032800000000000002764 0.008399999999999999481 0.031300000000000001432 0.98929999999999995719 -0.14260000000000000453 -0.012999999999999999403 -0.14230000000000000981 -0.98970000000000002416 0 0 0 0.99999153121413975054 -0.00064337294858772845971 -0.00058334244020220870925 -0.00020654424917901858475 0 0 
2 -32.234999999999999432 2.1990000000000002878 -0.41399999999999970157 -0.94699999999999995293 0.087400000000000005462 0.30919999999999997486 -0.022499999999999999167 -0.97799999999999998046 0.20749999999999999001 0.32050000000000000711 0.18950000000000000178 0.92810000000000003606 -0.033000000000001250555 0.015000000000000124345 -0.0060000000000002273737 1.0000033437444095785 0.00060531047599649023296 0.001033746543415774502 0.00023262672215569715805 0 0 2.5650000000000003908 -12.375 -13.535999999999999588 -0.99939999999999995506 0.032399999999999998246 0.009599999999999999159 0.030700000000000001593 0.98950000000000004619 -0.14139999999999999791 -0.014099999999999999686 -0.14099999999999998646 -0.98990000000000000213 0 0 0 0.99999153121413975054 0.00064337294858772845971 0.00058334244020220870925 0.00020654424917901858475 0 0 
2 -32.352000000000003865 2.3969999999999997975 -0.2039999999999997371 -0.94759999999999999787 0.084099999999999994205 0.30819999999999997398 -0.018200000000000000899 -0.97729999999999994653 0.21090000000000000413 0.31900000000000000577 0.1942000000000000115 0.9275999999999999801 -0.11700000000000443379 0.19799999999999950973 0.20999999999999996447 0.99999244872148917995 -0.0017485907040954229777 -0.00034892013479313364541 0.0022894647883862609579 0 0 2.5650000000000003908 -12.399000000000000909 -13.542000000000001592 -0.99950000000000005507 0.031199999999999998568 0.0091999999999999998446 0.02960000000000000131 0.98960000000000003517 -0.14089999999999999747 -0.013499999999999999847 -0.14060000000000000275 -0.98999999999999999112 0 -0.024000000000000909495 -0.0060000000000020037305 1.0000070787249457638 0.0002293758763112649856 -0.00021396848537594493006 0.00059324580057615273684 0 0 
2 -32.457000000000000739 2.7210000000000000853 0.21600000000000019185 -0.9483000000000000318 0.058999999999999996891 0.31190000000000001057 0.0075999999999999999847 -0.97809999999999996945 0.20819999999999999618 0.31740000000000001545 0.19980000000000000537 0.92700000000000004619 -0.10499999999999687361 0.32400000000000028777 0.41999999999999992895 0.99991295996201590146 0.0013859556336310112877 0.0018475858139394376635 0.012793526048993255143 0 0 2.5650000000000003908 -12.413999999999999702 -13.518000000000000682 -0.99950000000000005507 0.02999999999999999889 0.0088000000000000005301 0.028500000000000001027 0.98980000000000001315 -0.13969999999999999085 -0.012900000000000000008 -0.13930000000000000715 -0.99019999999999996909 0 -0.014999999999998792077 0.024000000000000909495 1.0000135436582846538 0.00063233643585139127224 -0.00021925453049156229781 0.00059016450701358477184 0 0 
2 -32.655000000000001137 3.0899999999999998579 0.6059999999999998721 -0.94689999999999996394 0.043700000000000002731 0.31859999999999999432 0.024899999999999998523 -0.97780000000000000249 0.20799999999999999045 0.32059999999999999609 0.2048999999999999988 0.92479999999999995541 -0.1980000000000003979 0.36899999999999977263 0.38999999999999968026 0.99997037331112959002 3.3318487116449155153e-05 0.0035146866285272362722 0.0080825344587336905161 0 0 2.5650000000000003908 -12.413999999999999702 -13.518000000000000682 -0.99950000000000005507 0.030900000000000000383 0.0063000000000000000444 0.029700000000000000705 0.98960000000000003517 -0.14099999999999998646 -0.010600000000000000047 -0.14069999999999999174 -0.98999999999999999112 0 0 0 1.0000083962147519046 -0.00070292909805633218331 -0.0012260447058653543666 -0.00043863631711528428773 0 0 
2 -32.795999999999999375 3.4620000000000001883 1.0440000000000004832 -0.94530000000000002913 0.036700000000000003453 0.3240999999999999992 0.034299999999999997158 -0.97689999999999999059 0.21079999999999998739 0.32429999999999997717 0.21040000000000000369 0.9223000000000000087 -0.14099999999999823785 0.3720000000000003304 0.43800000000000061107 0.99998806117873229038 -0.0015133030670548377247 0.0029566477988896056918 0.0041943700758346677548 0 0 2.5650000000000003908 -12.423000000000000043 -13.55400000000000027 -0.99950000000000005507 0.032199999999999999456 0.0027000000000000001429 0.031500000000000000222 0.98960000000000003517 -0.14069999999999999174 -0.0073000000000000000652 -0.14050000000000001377 -0.9900999999999999801 0 -0.0090000000000003410605 -0.035999999999999587885 1.0000174223482309888 9.7378303441267570918e-05 -0.0017822114496915024764 -0.00065459859535531945626 0 0 
2 -32.960999999999998522 3.822000000000000508 1.4279999999999999361 -0.94669999999999998597 0.030900000000000000383 0.32050000000000000711 0.042200000000000001399 -0.97489999999999998881 0.21870000000000000551 0.31919999999999998375 0.22059999999999999054 0.92159999999999997478 -0.16499999999999914735 0.36000000000000031974 0.38399999999999945288 0.99997191210553504348 -0.0039866594768706610508 -0.0017348462281777661358 0.0044254068003591719507 0 0 2.5650000000000003908 -12.423000000000000043 -13.55400000000000027 -0.99950000000000005507 0.030099999999999998285 0.0047000000000000001846 0.029200000000000000261 0.98980000000000001315 -0.13930000000000000715 -0.0088999999999999999251 -0.13910000000000000142 -0.99019999999999996909 0 0 0 1.0000016362486614518 0.00072095882033208801617 0.00096548342022904562465 0.0010365758039042290758 0 0 
