2 -0.97799999999999986944 -8.2289999999999992042 8.5199999999999995737 0.98799999999999998934 -0.13980000000000000759 -0.065100000000000005085 0.12509999999999998899 0.97340000000000004299 -0.192000000000000004 0.090200000000000002398 0.18160000000000001141 0.97919999999999995932 0 0 0 1 0 0 0 0 0 
2 -0.19499999999999997891 -31.080000000000001847 -75.450000000000002842 -0.016099999999999999728 0.3518000000000000016 -0.93600000000000005418 0.4161000000000000254 0.85350000000000003642 0.31359999999999998987 0.90920000000000000817 -0.38440000000000001945 -0.16009999999999999232 0 0 0 1 0 0 0 0 0 
2 0.77400000000000002132 -11.547000000000000597 8.25 0.99250000000000004885 -0.070300000000000001377 -0.1001999999999999974 0.044799999999999999545 0.97030000000000005134 -0.23760000000000000564 0.11400000000000000411 0.2313000000000000056 0.96619999999999994778 0 0 0 1 0 0 0 0 0 
2 -0.19499999999999997891 -31.080000000000001847 -75.450000000000002842 -0.01779999999999999985 0.3534999999999999809 -0.93530000000000002025 0.41730000000000000426 0.8527000000000000135 0.3143000000000000238 0.90859999999999996323 -0.38469999999999998641 -0.16270000000000001128 0 0 0 1 0 0 0 0 0 
2 0.71700000000000008171 -11.547000000000000597 8.25 0.99270000000000002682 -0.068599999999999994316 -0.099500000000000005107 0.043200000000000002287 0.97019999999999995133 -0.23860000000000000653 0.11290000000000000036 0.2326000000000000012 0.9659999999999999698 0 0 0 1 0 0 0 0 0 
2 -0.19499999999999997891 -31.080000000000001847 -75.450000000000002842 -0.01779999999999999985 0.35470000000000001528 -0.9347999999999999643 0.4161000000000000254 0.85280000000000000249 0.31559999999999999165 0.90910000000000001918 -0.38340000000000001856 -0.16280000000000000027 0 0 0 1 0 0 0 0 0 
2 0.34499999999999997335 -11.547000000000000597 8.2560000000000002274 0.99250000000000004885 -0.066799999999999998268 -0.10240000000000000491 0.040700000000000000067 0.97030000000000005134 -0.23830000000000001181 0.11529999999999999971 0.23239999999999999547 0.96579999999999999183 0 0 0 1 0 0 0 0 0 
2 -0.19499999999999997891 -31.080000000000001847 -75.450000000000002842 -0.017000000000000001221 0.35139999999999999014 -0.93610000000000004317 0.41489999999999999103 0.85429999999999994831 0.31319999999999997842 0.9096999999999999531 -0.38309999999999999609 -0.16029999999999999805 0 0 0 1 0 0 0 0 0 
2 0.25800000000000000711 -11.528999999999999915 8.2380000000000013216 0.99180000000000001492 -0.070999999999999993672 -0.10660000000000000031 0.043999999999999997446 0.97040000000000004032 -0.2374999999999999889 0.12039999999999999314 0.23080000000000000515 0.96550000000000002487 0 0 0 1 0 0 0 0 0 
2 -0.19499999999999997891 -31.080000000000001847 -75.450000000000002842 -0.016899999999999998357 0.35260000000000002451 -0.93559999999999998721 0.41730000000000000426 0.85289999999999999147 0.31390000000000001235 0.90859999999999996323 -0.38509999999999999787 -0.16159999999999999365 0 0 0 1 0 0 0 0 0 
2 0.40200000000000002398 -11.468999999999999417 8.3819999999999996732 0.99209999999999998188 -0.071499999999999994116 -0.10349999999999999478 0.045199999999999997125 0.97050000000000002931 -0.23669999999999999374 0.11740000000000000435 0.23009999999999999898 0.96609999999999995879 0 0 0 1 0 0 0 0 0 
2 -0.19499999999999997891 -31.080000000000001847 -75.450000000000002842 -0.01779999999999999985 0.35230000000000000204 -0.9356999999999999762 0.41730000000000000426 0.85309999999999996945 0.31319999999999997842 0.90859999999999996323 -0.3849000000000000199 -0.16220000000000001084 0 0 0 1 0 0 0 0 0 
2 0.89100000000000001421 -11.217000000000000526 8.6760000000000001563 0.99270000000000002682 -0.070099999999999995648 -0.098599999999999993205 0.045800000000000000433 0.97209999999999996412 -0.23009999999999999898 0.11200000000000000233 0.22389999999999998792 0.96819999999999994955 0 0 0 1 0 0 0 0 0 
2 -0.19499999999999997891 -31.080000000000001847 -75.450000000000002842 -0.01779999999999999985 0.3534999999999999809 -0.93530000000000002025 0.4161000000000000254 0.85319999999999995843 0.31450000000000000178 0.90910000000000001918 -0.38359999999999999654 -0.16229999999999999982 0 0 0 1 0 0 0 0 0 
2 1.3229999999999999538 -10.830000000000000071 8.7599999999999997868 0.99360000000000003872 -0.060900000000000002742 -0.094799999999999995381 0.038199999999999997846 0.97370000000000000995 -0.22479999999999999982 0.105999999999999997 0.21970000000000000639 0.96979999999999999538 0 0 0 1 0 0 0 0 0 
2 -0.19499999999999997891 -31.080000000000001847 -75.450000000000002842 -0.01779999999999999985 0.35470000000000001528 -0.9347999999999999643 0.41730000000000000426 0.85229999999999994653 0.31540000000000001368 0.90859999999999996323 -0.38450000000000000844 -0.16320000000000001172 0 0 0 1 0 0 0 0 0 
2 1.436999999999999833 -10.416000000000000369 8.6760000000000001563 0.99299999999999999378 -0.063500000000000000888 -0.099900000000000002687 0.040000000000000000833 0.97430000000000005489 -0.22150000000000000244 0.11139999999999999902 0.21590000000000000857 0.96999999999999997335 0 0 0 1 0 0 0 0 0 
2 -0.19499999999999997891 -31.080000000000001847 -75.450000000000002842 -0.01779999999999999985 0.35110000000000002318 -0.93620000000000003215 0.41730000000000000426 0.85350000000000003642 0.31209999999999998854 0.90859999999999996323 -0.38509999999999999787 -0.16170000000000001039 0 0 0 1 0 0 0 0 0 
2 1.4070000000000000284 -9.8309999999999995168 8.4239999999999994884 0.99280000000000001581 -0.064699999999999993627 -0.10109999999999999543 0.041399999999999999301 0.97519999999999995577 -0.21720000000000000417 0.11260000000000000564 0.21149999999999999356 0.97089999999999998526 0 0 0 1 0 0 0 0 0 
2 -0.19499999999999997891 -31.080000000000001847 -75.450000000000002842 -0.016899999999999998357 0.35139999999999999014 -0.93610000000000004317 0.41730000000000000426 0.85329999999999994742 0.31280000000000002247 0.90859999999999996323 -0.38529999999999997584 -0.16109999999999999321 0 0 0 1 0 0 0 0 0 
2 1.1490000000000000213 -8.9879999999999995453 8.6280000000000001137 0.99180000000000001492 -0.068000000000000004885 -0.10789999999999999591 0.044499999999999997891 0.97740000000000004654 -0.20649999999999998912 0.11949999999999999512 0.2000000000000000111 0.97250000000000003109 0 0 0 1 0 0 0 0 0 
2 -0.19499999999999997891 -31.080000000000001847 -75.450000000000002842 -0.01779999999999999985 0.35110000000000002318 -0.93620000000000003215 0.41839999999999999414 0.85299999999999998046 0.31199999999999999956 0.9081000000000000183 -0.38619999999999998774 -0.16209999999999999409 0 0 0 1 0 0 0 0 0 
2 0.83700000000000007727 -7.7909999999999994813 9.1919999999999983942 0.99129999999999995897 -0.071900000000000005573 -0.11000000000000000056 0.048099999999999996925 0.97760000000000002451 -0.20499999999999998779 0.12220000000000000306 0.19789999999999999258 0.97260000000000002007 0 0 0 1 0 0 0 0 0 
2 -0.19499999999999997891 -31.080000000000001847 -75.450000000000002842 -0.016899999999999998357 0.35380000000000000338 -0.93520000000000003126 0.41839999999999999414 0.85189999999999999059 0.31480000000000002425 0.9081000000000000183 -0.38600000000000000977 -0.16250000000000000555 0 0 0 1 0 0 0 0 0 
2 0.61200000000000009948 -6.0209999999999999076 10.422000000000000597 0.99139999999999994795 -0.074300000000000004929 -0.10789999999999999591 0.049799999999999997047 0.97550000000000003375 -0.21420000000000000151 0.12120000000000000218 0.20699999999999998956 0.97079999999999999627 0 0 0 1 0 0 0 0 0 
2 -0.19499999999999997891 -31.080000000000001847 -75.450000000000002842 -0.016000000000000000333 0.3518000000000000016 -0.93589999999999995417 0.41730000000000000426 0.85299999999999998046 0.3134000000000000119 0.90859999999999996323 -0.38550000000000000933 -0.16050000000000000377 0 0 0 1 0 0 0 0 0 
2 0.23700000000000001621 -3.1110000000000002096 13.320000000000000284 0.99119999999999996998 -0.079500000000000001221 -0.105999999999999997 0.054899999999999997413 0.97460000000000002185 -0.21699999999999999845 0.12059999999999999887 0.20930000000000001381 0.97040000000000004032 0 0 0 1 0 0 0 0 0 
2 -0.19499999999999997891 -31.080000000000001847 -75.450000000000002842 -0.016899999999999998357 0.35139999999999999014 -0.93610000000000004317 0.4161000000000000254 0.85380000000000000338 0.31300000000000000044 0.90920000000000000817 -0.38419999999999998597 -0.1607000000000000095 0 0 0 1 0 0 0 0 0 
2 -0.15300000000000002487 -0.014999999999999999445 16.39199999999999946 0.98970000000000002416 -0.093299999999999994049 -0.10839999999999999636 0.0682999999999999996 0.97440000000000004388 -0.21420000000000000151 0.12570000000000000617 0.20460000000000000409 0.97070000000000000728 0 0 0 1 0 0 0 0 0 
2 -0.19499999999999997891 -31.080000000000001847 -75.450000000000002842 -0.016000000000000000333 0.3518000000000000016 -0.93589999999999995417 0.41730000000000000426 0.85299999999999998046 0.3134000000000000119 0.90859999999999996323 -0.38550000000000000933 -0.16050000000000000377 0 0 0 1 0 0 0 0 0 
2 -0.5909999999999999698 3.4259999999999997122 19.980000000000000426 0.98990000000000000213 -0.098199999999999995626 -0.10259999999999999676 0.072599999999999997868 0.97079999999999999627 -0.22859999999999999765 0.1221000000000000002 0.21890000000000001124 0.96809999999999996056 0 0 0 1 0 0 0 0 0 
2 -0.19499999999999997891 -31.080000000000001847 -75.450000000000002842 -0.016899999999999998357 0.35260000000000002451 -0.93559999999999998721 0.41730000000000000426 0.85289999999999999147 0.31390000000000001235 0.90859999999999996323 -0.38509999999999999787 -0.16159999999999999365 0 0 0 1 0 0 0 0 0 
2 -1.2029999999999998472 6.3780000000000001137 22.871999999999999886 0.9848000000000000087 -0.13589999999999999303 -0.10780000000000000693 0.1063000000000000056 0.96399999999999996803 -0.24390000000000000568 0.13709999999999999964 0.22869999999999998663 0.96379999999999999005 0 0 0 1 0 0 0 0 0 
2 -0.19499999999999997891 -31.080000000000001847 -75.450000000000002842 -0.016000000000000000333 0.35060000000000002274 -0.93640000000000001013 0.41839999999999999414 0.85289999999999999147 0.31219999999999997753 0.9081000000000000183 -0.38679999999999997717 -0.16039999999999998703 0 0 0 1 0 0 0 0 0 
2 -1.893000000000000016 8.7179999999999999716 24.954000000000000625 0.973300000000000054 -0.19480000000000000093 -0.12109999999999999931 0.16139999999999998792 0.95679999999999998384 -0.24169999999999999818 0.16289999999999998925 0.21570000000000000284 0.96279999999999998916 0 0 0 1 0 0 0 0 0 
2 -0.19499999999999997891 -31.080000000000001847 -75.450000000000002842 -0.016899999999999998357 0.35380000000000000338 -0.93520000000000003126 0.41839999999999999414 0.85189999999999999059 0.31480000000000002425 0.9081000000000000183 -0.38600000000000000977 -0.16250000000000000555 0 0 0 1 0 0 0 0 0 
2 -2.7569999999999996732 10.623000000000001108 26.526000000000003354 0.95840000000000002967 -0.25219999999999997975 -0.13380000000000000226 0.21690000000000000946 0.94789999999999996483 -0.23310000000000000164 0.18559999999999998721 0.19439999999999998948 0.96319999999999994511 0 0 0 1 0 0 0 0 0 
2 -0.19499999999999997891 -31.080000000000001847 -75.450000000000002842 -0.016000000000000000333 0.35060000000000002274 -0.93640000000000001013 0.41730000000000000426 0.85340000000000004743 0.31240000000000001101 0.90859999999999996323 -0.3856999999999999873 -0.16000000000000000333 0 0 0 1 0 0 0 0 0 
2 -3.7920000000000002593 12.365999999999999659 27.756000000000000227 0.94240000000000001545 -0.29930000000000001048 -0.14919999999999999929 0.26300000000000001155 0.93879999999999996785 -0.2222999999999999976 0.20660000000000000586 0.17030000000000000693 0.96350000000000002309 0 0 0 1 0 0 0 0 0 
2 -0.19499999999999997891 -31.080000000000001847 -75.450000000000002842 -0.016000000000000000333 0.35299999999999998046 -0.93549999999999999822 0.41730000000000000426 0.85260000000000002451 0.31450000000000000178 0.90859999999999996323 -0.38529999999999997584 -0.16100000000000000422 0 0 0 1 0 0 0 0 0 
2 -4.4670000000000005258 13.508999999999998565 28.392000000000003013 0.93430000000000001936 -0.32200000000000000844 -0.15279999999999999138 0.2857000000000000095 0.93300000000000005151 -0.21900000000000000022 0.21310000000000001164 0.16089999999999998748 0.96370000000000000107 0 0 0 1 0 0 0 0 0 
2 -0.19499999999999997891 -31.080000000000001847 -75.450000000000002842 -0.015199999999999999969 0.3508999999999999897 -0.93630000000000002114 0.41730000000000000426 0.85319999999999995843 0.31300000000000000044 0.90869999999999995222 -0.38590000000000002078 -0.15929999999999999716 0 0 0 1 0 0 0 0 0 
2 -5.1870000000000002771 15.05400000000000027 29.345999999999996533 0.92479999999999995541 -0.34300000000000002709 -0.16459999999999999631 0.30370000000000002549 0.92620000000000002327 -0.22339999999999998748 0.22909999999999999809 0.15659999999999998921 0.9606999999999999984 0 0 0 1 0 0 0 0 0 
2 -0.19499999999999997891 -31.080000000000001847 -75.450000000000002842 -0.016899999999999998357 0.35260000000000002451 -0.93559999999999998721 0.4161000000000000254 0.85340000000000004743 0.31409999999999999032 0.90920000000000000817 -0.38400000000000000799 -0.16120000000000000995 0 0 0 1 0 0 0 0 0 
2 -5.7450000000000001066 16.359000000000001762 30.060000000000002274 0.91439999999999999059 -0.36859999999999998321 -0.16750000000000000999 0.32279999999999997584 0.9133999999999999897 -0.24809999999999998721 0.24440000000000000613 0.17269999999999999241 0.95420000000000004814 0 0 0 1 0 0 0 0 0 
2 -0.19499999999999997891 -31.080000000000001847 -75.450000000000002842 -0.016000000000000000333 0.3518000000000000016 -0.93589999999999995417 0.41730000000000000426 0.85299999999999998046 0.3134000000000000119 0.90859999999999996323 -0.38550000000000000933 -0.16050000000000000377 0 0 0 1 0 0 0 0 0 
2 -6.1590000000000006963 17.181000000000000938 30.450000000000002842 0.90329999999999999183 -0.39179999999999998161 -0.17469999999999999418 0.34179999999999999272 0.90339999999999998082 -0.25879999999999997451 0.25919999999999998597 0.17410000000000000475 0.94999999999999995559 0 0 0 1 0 0 0 0 0 
2 -0.19499999999999997891 -31.080000000000001847 -75.450000000000002842 -0.016899999999999998357 0.35139999999999999014 -0.93610000000000004317 0.41839999999999999414 0.85280000000000000249 0.31259999999999998899 0.9081000000000000183 -0.38640000000000002123 -0.16150000000000000466 0 0 0 1 0 0 0 0 0 
2 -6.2699999999999995737 17.748000000000001108 30.725999999999999091 0.89990000000000003322 -0.39539999999999997371 -0.1839000000000000079 0.34060000000000001386 0.90069999999999994511 -0.26979999999999998428 0.27239999999999997549 0.18019999999999999907 0.94520000000000004015 0 0 0 1 0 0 0 0 0 
2 -0.19499999999999997891 -31.080000000000001847 -75.450000000000002842 -0.016000000000000000333 0.35299999999999998046 -0.93549999999999999822 0.41730000000000000426 0.85260000000000002451 0.31450000000000000178 0.90859999999999996323 -0.38529999999999997584 -0.16100000000000000422 0 0 0 1 0 0 0 0 0 
2 -6.2730000000000005755 17.876999999999998892 30.792000000000001592 0.90010000000000001119 -0.39719999999999999751 -0.17910000000000000919 0.3375000000000000222 0.8954999999999999627 -0.28999999999999998002 0.27560000000000001164 0.20060000000000000053 0.94010000000000004672 0 0 0 1 0 0 0 0 0 
2 -0.19499999999999997891 -31.080000000000001847 -75.450000000000002842 -0.016899999999999998357 0.35139999999999999014 -0.93610000000000004317 0.4161000000000000254 0.85380000000000000338 0.31300000000000000044 0.90920000000000000817 -0.38419999999999998597 -0.1607000000000000095 0 0 0 1 0 0 0 0 0 
2 -6.2069999999999998508 17.876999999999998892 30.797999999999994714 0.90129999999999999005 -0.39539999999999997371 -0.17690000000000000169 0.33519999999999999796 0.89539999999999997371 -0.29320000000000001616 0.27429999999999998828 0.2048999999999999988 0.93950000000000000178 0 0 0 1 0 0 0 0 0 
2 -0.19499999999999997891 -31.080000000000001847 -75.450000000000002842 -0.01779999999999999985 0.3534999999999999809 -0.93530000000000002025 0.41730000000000000426 0.8527000000000000135 0.3143000000000000238 0.90859999999999996323 -0.38469999999999998641 -0.16270000000000001128 0 0 0 1 0 0 0 0 0 
2 -6.1049999999999995381 17.876999999999998892 30.816000000000002501 0.89780000000000004245 -0.40429999999999999272 -0.1746000000000000052 0.34470000000000000639 0.89190000000000002611 -0.29260000000000002673 0.27400000000000002132 0.20260000000000000231 0.9402000000000000357 0 0 0 1 0 0 0 0 0 
2 -0.19499999999999997891 -31.080000000000001847 -75.450000000000002842 -0.01779999999999999985 0.35230000000000000204 -0.9356999999999999762 0.41730000000000000426 0.85309999999999996945 0.31319999999999997842 0.90859999999999996323 -0.3849000000000000199 -0.16220000000000001084 0 0 0 1 0 0 0 0 0 
2 -5.9400000000000003908 17.876999999999998892 30.839999999999996305 0.89790000000000003144 -0.40649999999999997247 -0.16889999999999999458 0.34579999999999999627 0.88880000000000003446 -0.30070000000000002283 0.27239999999999997549 0.2116000000000000103 0.93859999999999998987 0 0 0 1 0 0 0 0 0 
2 -0.19499999999999997891 -31.080000000000001847 -75.450000000000002842 -0.016899999999999998357 0.35260000000000002451 -0.93559999999999998721 0.4161000000000000254 0.85340000000000004743 0.31409999999999999032 0.90920000000000000817 -0.38400000000000000799 -0.16120000000000000995 0 0 0 1 0 0 0 0 0 
2 -5.9400000000000003908 17.876999999999998892 30.839999999999996305 0.89939999999999997726 -0.4043999999999999817 -0.16630000000000000338 0.34429999999999999494 0.88939999999999996838 -0.30070000000000002283 0.26950000000000001732 0.21320000000000000062 0.93910000000000004583 0 0 0 1 0 0 0 0 0 
2 -0.19499999999999997891 -31.080000000000001847 -75.450000000000002842 -0.01779999999999999985 0.35230000000000000204 -0.9356999999999999762 0.41730000000000000426 0.85309999999999996945 0.31319999999999997842 0.90859999999999996323 -0.3849000000000000199 -0.16220000000000001084 0 0 0 1 0 0 0 0 0 
2 -6.0150000000000005684 18.353999999999999204 31.062000000000004718 0.89659999999999995257 -0.40370000000000000329 -0.18190000000000000613 0.34029999999999999138 0.89100000000000001421 -0.30049999999999998934 0.28339999999999998526 0.20749999999999999001 0.93630000000000002114 0 0 0 1 0 0 0 0 0 
2 -0.19499999999999997891 -31.080000000000001847 -75.450000000000002842 -0.016899999999999998357 0.35260000000000002451 -0.93559999999999998721 0.41730000000000000426 0.85289999999999999147 0.31390000000000001235 0.90859999999999996323 -0.38509999999999999787 -0.16159999999999999365 0 0 0 1 0 0 0 0 0 
2 -6.1980000000000003979 19.317000000000000171 31.470000000000005969 0.89080000000000003624 -0.40570000000000000506 -0.20469999999999999307 0.33739999999999997771 0.89219999999999999307 -0.30020000000000002238 0.30449999999999999289 0.19830000000000000404 0.93159999999999998366 0 0 0 1 0 0 0 0 0 
2 -0.19499999999999997891 -31.080000000000001847 -75.450000000000002842 -0.016099999999999999728 0.35060000000000002274 -0.93640000000000001013 0.4161000000000000254 0.85389999999999999236 0.3125 0.90920000000000000817 -0.38459999999999999742 -0.15959999999999999187 0 0 0 1 0 0 0 0 0 
2 -6.4080000000000003624 19.797000000000000597 31.643999999999998352 0.88429999999999997495 -0.41289999999999998925 -0.21809999999999998832 0.34170000000000000373 0.89049999999999995826 -0.30049999999999998934 0.31830000000000002736 0.19120000000000000884 0.92849999999999999201 0 0 0 1 0 0 0 0 0 
2 -0.19499999999999997891 -31.080000000000001847 -75.450000000000002842 -0.016000000000000000333 0.35060000000000002274 -0.93640000000000001013 0.41730000000000000426 0.85340000000000004743 0.31240000000000001101 0.90859999999999996323 -0.3856999999999999873 -0.16000000000000000333 0 0 0 1 0 0 0 0 0 
2 -6.7080000000000001847 19.814999999999997726 31.602000000000003865 0.8864999999999999547 -0.40510000000000001563 -0.22379999999999999893 0.33350000000000001865 0.89439999999999997282 -0.29809999999999997611 0.32090000000000001856 0.18959999999999999076 0.92789999999999994706 0 0 0 1 0 0 0 0 0 
2 -0.19499999999999997891 -31.080000000000001847 -75.450000000000002842 -0.016899999999999998357 0.35020000000000001128 -0.93649999999999999911 0.41730000000000000426 0.85370000000000001439 0.31169999999999997708 0.90859999999999996323 -0.38550000000000000933 -0.16059999999999999276 0 0 0 1 0 0 0 0 0 
2 -7.2749999999999994671 19.760999999999999233 31.481999999999999318 0.88660000000000005471 -0.40649999999999997247 -0.22079999999999999627 0.33760000000000001119 0.89490000000000002878 -0.29170000000000001483 0.3160999999999999921 0.18410000000000001363 0.93069999999999997176 0 0 0 1 0 0 0 0 0 
2 -0.19499999999999997891 -31.080000000000001847 -75.450000000000002842 -0.01779999999999999985 0.35230000000000000204 -0.9356999999999999762 0.41730000000000000426 0.85309999999999996945 0.31319999999999997842 0.90859999999999996323 -0.3849000000000000199 -0.16220000000000001084 0 0 0 1 0 0 0 0 0 
2 -7.0739999999999998437 19.704000000000000625 31.493999999999999773 0.89570000000000005169 -0.40120000000000000107 -0.19170000000000000928 0.34210000000000001519 0.89719999999999999751 -0.27929999999999999272 0.28410000000000001918 0.18459999999999998632 0.94089999999999995861 0 0 0 1 0 0 0 0 0 
2 -0.19499999999999997891 -31.080000000000001847 -75.450000000000002842 -0.016899999999999998357 0.35260000000000002451 -0.93559999999999998721 0.41730000000000000426 0.85289999999999999147 0.31390000000000001235 0.90859999999999996323 -0.38509999999999999787 -0.16159999999999999365 0 0 0 1 0 0 0 0 0 
2 -6.0900000000000007461 19.050000000000000711 31.307999999999999829 0.91059999999999996501 -0.36699999999999999289 -0.18990000000000001323 0.30840000000000000746 0.90949999999999997513 -0.27879999999999999227 0.2750000000000000222 0.19530000000000000138 0.94140000000000001457 0 0 0 1 0 0 0 0 0 
2 -0.19499999999999997891 -31.080000000000001847 -75.450000000000002842 -0.01779999999999999985 0.35220000000000001306 -0.9356999999999999762 0.41499999999999998002 0.85409999999999997033 0.31359999999999998987 0.9096999999999999531 -0.38269999999999998463 -0.16139999999999998792 0 0 0 1 0 0 0 0 0 
2 -4.4070000000000000284 18.051000000000001933 31.025999999999996248 0.91879999999999995008 -0.35560000000000002718 -0.17160000000000000253 0.29559999999999997389 0.90769999999999995133 -0.29789999999999999813 0.26169999999999998819 0.22300000000000000377 0.93899999999999994582 0 0 0 1 0 0 0 0 0 
2 -0.19499999999999997891 -31.080000000000001847 -75.450000000000002842 -0.016899999999999998357 0.35260000000000002451 -0.93559999999999998721 0.41839999999999999414 0.85240000000000004654 0.31369999999999997886 0.9081000000000000183 -0.38619999999999998774 -0.16200000000000000511 0 0 0 1 0 0 0 0 0 
2 -1.0649999999999999467 16.583999999999999631 30.485999999999997101 0.92559999999999997833 -0.32979999999999998206 -0.18549999999999999822 0.2570999999999999952 0.90780000000000005134 -0.33139999999999997238 0.2777000000000000024 0.25900000000000000799 0.9251000000000000334 0 0 0 1 0 0 0 0 0 
2 -0.19499999999999997891 -31.080000000000001847 -75.450000000000002842 -0.016899999999999998357 0.35260000000000002451 -0.93559999999999998721 0.4161000000000000254 0.85340000000000004743 0.31409999999999999032 0.90920000000000000817 -0.38400000000000000799 -0.16120000000000000995 0 0 0 1 0 0 0 0 0 
2 0.8579999999999999849 14.958000000000000185 29.579999999999998295 0.92530000000000001137 -0.32090000000000001856 -0.20210000000000000187 0.23050000000000001044 0.8991000000000000103 -0.37219999999999997531 0.30109999999999997877 0.29780000000000000915 0.90590000000000003855 0 0 0 1 0 0 0 0 0 
2 -0.19499999999999997891 -31.080000000000001847 -75.450000000000002842 -0.018700000000000001343 0.35310000000000002496 -0.93540000000000000924 0.41730000000000000426 0.85289999999999999147 0.31369999999999997886 0.90859999999999996323 -0.38450000000000000844 -0.16330000000000000071 0 0 0 1 0 0 0 0 0 
2 2.3369999999999997442 13.112999999999999545 28.841999999999998749 0.92549999999999998934 -0.32209999999999999742 -0.19939999999999999392 0.21370000000000000107 0.87860000000000004761 -0.42709999999999997966 0.31280000000000002247 0.3527000000000000135 0.88190000000000001723 0 0 0 1 0 0 0 0 0 
2 -0.19499999999999997891 -31.080000000000001847 -75.450000000000002842 -0.016899999999999998357 0.35139999999999999014 -0.93610000000000004317 0.41730000000000000426 0.85329999999999994742 0.31280000000000002247 0.90859999999999996323 -0.38529999999999997584 -0.16109999999999999321 0 0 0 1 0 0 0 0 0 
2 3.0689999999999999503 10.628999999999999559 27.600000000000001421 0.93120000000000002771 -0.30959999999999998632 -0.1923999999999999877 0.19009999999999999121 0.86280000000000001137 -0.46850000000000002753 0.31099999999999999867 0.39969999999999999973 0.86229999999999995541 0 0 0 1 0 0 0 0 0 
2 -0.19499999999999997891 -31.080000000000001847 -75.450000000000002842 -0.01779999999999999985 0.35230000000000000204 -0.9356999999999999762 0.41730000000000000426 0.85309999999999996945 0.31319999999999997842 0.90859999999999996323 -0.3849000000000000199 -0.16220000000000001084 0 0 0 1 0 0 0 0 0 
2 3.7170000000000000817 7.5959999999999991971 25.926000000000001933 0.93810000000000004494 -0.28910000000000002363 -0.19079999999999999738 0.15640000000000001124 0.84499999999999997335 -0.51139999999999996572 0.30909999999999998588 0.44990000000000002212 0.83789999999999997815 0 0 0 1 0 0 0 0 0 
2 -0.19499999999999997891 -31.080000000000001847 -75.450000000000002842 -0.01779999999999999985 0.3534999999999999809 -0.93530000000000002025 0.41730000000000000426 0.8527000000000000135 0.3143000000000000238 0.90859999999999996323 -0.38469999999999998641 -0.16270000000000001128 0 0 0 1 0 0 0 0 0 
2 5.35800000000000054 4.3769999999999997797 23.754000000000001336 0.95840000000000002967 -0.21229999999999998872 -0.19079999999999999738 0.091300000000000006151 0.86119999999999996554 -0.5 0.27039999999999997371 0.46179999999999998828 0.84479999999999999538 0 0 0 1 0 0 0 0 0 
2 -0.19499999999999997891 -31.080000000000001847 -75.450000000000002842 -0.018700000000000001343 0.35189999999999999059 -0.93579999999999996518 0.41730000000000000426 0.85329999999999994742 0.31259999999999998899 0.90859999999999996323 -0.38469999999999998641 -0.16280000000000000027 0 0 0 1 0 0 0 0 0 
2 6.8579999999999996518 1.6109999999999999876 21.431999999999998607 0.96279999999999998916 -0.16850000000000001088 -0.21129999999999998783 0.063000000000000000444 0.90029999999999998916 -0.43070000000000002727 0.26279999999999997806 0.40139999999999997904 0.87739999999999995772 0 0 0 1 0 0 0 0 0 
2 -0.19499999999999997891 -31.080000000000001847 -75.450000000000002842 -0.018700000000000001343 0.35430000000000000382 -0.93489999999999995328 0.41730000000000000426 0.85250000000000003553 0.31480000000000002425 0.90859999999999996323 -0.38419999999999998597 -0.16380000000000000115 0 0 0 1 0 0 0 0 0 
2 7.7609999999999992326 -0.18300000000000002376 20.544000000000000483 0.97419999999999995488 -0.076300000000000006706 -0.21260000000000001119 0.012099999999999999645 0.95760000000000000675 -0.28799999999999997824 0.225500000000000006 0.27789999999999998037 0.93369999999999997442 0 0 0 1 0 0 0 0 0 
2 -0.19499999999999997891 -31.080000000000001847 -75.450000000000002842 -0.01779999999999999985 0.35230000000000000204 -0.9356999999999999762 0.41730000000000000426 0.85309999999999996945 0.31319999999999997842 0.90859999999999996323 -0.3849000000000000199 -0.16220000000000001084 0 0 0 1 0 0 0 0 0 
2 8.4630000000000009663 -2.2709999999999999076 18.437999999999998835 0.9786000000000000254 -0.022800000000000000822 -0.20439999999999999836 -0.017700000000000000455 0.98070000000000001616 -0.19450000000000000622 0.2048999999999999988 0.19400000000000000577 0.95940000000000003055 0 0 0 1 0 0 0 0 0 
2 -0.19499999999999997891 -31.080000000000001847 -75.450000000000002842 -0.016899999999999998357 0.35139999999999999014 -0.93610000000000004317 0.41839999999999999414 0.85280000000000000249 0.31259999999999998899 0.9081000000000000183 -0.38640000000000002123 -0.16150000000000000466 0 0 0 1 0 0 0 0 0 
2 9.4559999999999995168 -5.1450000000000004619 14.957999999999998408 0.98250000000000003997 0.022100000000000001588 -0.18520000000000000351 -0.042900000000000000633 0.99309999999999998277 -0.10910000000000000253 0.18149999999999999467 0.11509999999999999398 0.97660000000000002363 0 0 0 1 0 0 0 0 0 
2 -0.19499999999999997891 -31.080000000000001847 -75.450000000000002842 -0.01779999999999999985 0.3534999999999999809 -0.93530000000000002025 0.41730000000000000426 0.8527000000000000135 0.3143000000000000238 0.90859999999999996323 -0.38469999999999998641 -0.16270000000000001128 0 0 0 1 0 0 0 0 0 
2 11.883000000000000895 -7.9139999999999997016 11.669999999999998153 0.9876000000000000334 0.068500000000000005329 -0.1414999999999999869 -0.066500000000000003553 0.99760000000000004228 0.018599999999999998479 0.14249999999999998779 -0.0088999999999999999251 0.98980000000000001315 0 0 0 1 0 0 0 0 0 
2 -0.19499999999999997891 -31.080000000000001847 -75.450000000000002842 -0.01779999999999999985 0.35230000000000000204 -0.9356999999999999762 0.4161000000000000254 0.8536000000000000254 0.3134000000000000119 0.90910000000000001918 -0.38379999999999997451 -0.16179999999999999938 0 0 0 1 0 0 0 0 0 
2 13.698000000000000398 -10.424999999999998934 9.4319999999999986073 0.98680000000000001048 0.099500000000000005107 -0.12809999999999999165 -0.088300000000000003486 0.99199999999999999289 0.090099999999999999534 0.13600000000000000977 -0.077600000000000002309 0.98770000000000002238 0 0 0 1 0 0 0 0 0 
2 -0.19499999999999997891 -31.080000000000001847 -75.450000000000002842 -0.01779999999999999985 0.35230000000000000204 -0.9356999999999999762 0.41730000000000000426 0.85309999999999996945 0.31319999999999997842 0.90859999999999996323 -0.3849000000000000199 -0.16220000000000001084 0 0 0 1 0 0 0 0 0 
2 14.373000000000001108 -11.769000000000000128 8.9700000000000006395 0.98399999999999998579 0.093399999999999996914 -0.15190000000000000724 -0.080299999999999996381 0.99270000000000002682 0.090099999999999999534 0.15920000000000000817 -0.076399999999999995692 0.98429999999999995275 0 0 0 1 0 0 0 0 0 
2 -0.19499999999999997891 -31.080000000000001847 -75.450000000000002842 -0.01779999999999999985 0.3534999999999999809 -0.93530000000000002025 0.41730000000000000426 0.8527000000000000135 0.3143000000000000238 0.90859999999999996323 -0.38469999999999998641 -0.16270000000000001128 0 0 0 1 0 0 0 0 0 
2 14.423999999999999488 -11.966999999999998749 9.1740000000000012648 0.98370000000000001883 0.093600000000000002642 -0.15329999999999999183 -0.080399999999999999245 0.99270000000000002682 0.089800000000000004818 0.16050000000000000377 -0.075999999999999998113 0.98409999999999997478 0 0 0 1 0 0 0 0 0 
2 -0.19499999999999997891 -31.080000000000001847 -75.450000000000002842 -0.01779999999999999985 0.3534999999999999809 -0.93530000000000002025 0.41730000000000000426 0.8527000000000000135 0.3143000000000000238 0.90859999999999996323 -0.38469999999999998641 -0.16270000000000001128 0 0 0 1 0 0 0 0 0 
2 14.423999999999999488 -11.966999999999998749 9.1740000000000012648 0.98160000000000002807 0.077600000000000002309 -0.17439999999999999947 -0.063799999999999995604 0.99450000000000005063 0.08340000000000000191 0.17990000000000000435 -0.070699999999999998956 0.98109999999999997211 0 0 0 1 0 0 0 0 0 
2 -0.19499999999999997891 -31.080000000000001847 -75.450000000000002842 -0.018700000000000001343 0.35439999999999999281 -0.93489999999999995328 0.41839999999999999414 0.85199999999999997957 0.31459999999999999076 0.90800000000000002931 -0.38529999999999997584 -0.16420000000000001261 0 0 0 1 0 0 0 0 0 
2 14.426999999999999602 -11.955000000000000071 9.2040000000000006253 0.97960000000000002629 0.072300000000000003153 -0.1875 -0.057799999999999997213 0.99499999999999999556 0.081699999999999994849 0.19250000000000000444 -0.06909999999999999476 0.97889999999999999236 0 0 0 1 0 0 0 0 0 
2 -0.19499999999999997891 -31.080000000000001847 -75.450000000000002842 -0.016899999999999998357 0.35260000000000002451 -0.93559999999999998721 0.41730000000000000426 0.85289999999999999147 0.31390000000000001235 0.90859999999999996323 -0.38509999999999999787 -0.16159999999999999365 0 0 0 1 0 0 0 0 0 
2 14.421000000000001151 -11.975999999999999091 9.4440000000000008384 0.98040000000000004921 0.070400000000000004241 -0.18370000000000000218 -0.055699999999999999512 0.99490000000000000657 0.084099999999999994205 0.18870000000000000662 -0.072200000000000000289 0.97940000000000004832 0 0 0 1 0 0 0 0 0 
2 -0.19499999999999997891 -31.080000000000001847 -75.450000000000002842 -0.01779999999999999985 0.35230000000000000204 -0.9356999999999999762 0.4161000000000000254 0.8536000000000000254 0.3134000000000000119 0.90910000000000001918 -0.38379999999999997451 -0.16179999999999999938 0 0 0 1 0 0 0 0 0 
2 13.868999999999999773 -12.224999999999999645 11.820000000000000284 0.98089999999999999414 0.0625 -0.18440000000000000835 -0.044600000000000000755 0.99399999999999999467 0.10000000000000000555 0.18950000000000000178 -0.089800000000000004818 0.97780000000000000249 0 0 0 1 0 0 0 0 0 
2 -0.19499999999999997891 -31.080000000000001847 -75.450000000000002842 -0.01779999999999999985 0.3534999999999999809 -0.93530000000000002025 0.41730000000000000426 0.8527000000000000135 0.3143000000000000238 0.90859999999999996323 -0.38469999999999998641 -0.16270000000000001128 0 0 0 1 0 0 0 0 0 
2 13.946999999999999176 -12.75 12.929999999999999716 0.98860000000000003428 0.050799999999999997935 -0.14189999999999999836 -0.032000000000000000666 0.99080000000000001403 0.13150000000000000577 0.1472999999999999865 -0.12550000000000000044 0.98109999999999997211 0 0 0 1 0 0 0 0 0 
2 -0.19499999999999997891 -31.080000000000001847 -75.450000000000002842 -0.016899999999999998357 0.35260000000000002451 -0.93559999999999998721 0.41730000000000000426 0.85289999999999999147 0.31390000000000001235 0.90859999999999996323 -0.38509999999999999787 -0.16159999999999999365 0 0 0 1 0 0 0 0 0 
2 14.399999999999998579 -12.900000000000000355 12.864000000000000767 0.99180000000000001492 0.034900000000000000466 -0.12310000000000000109 -0.01779999999999999985 0.99029999999999995808 0.1375000000000000111 0.12670000000000000706 -0.13409999999999999698 0.98280000000000000693 0 0 0 1 0 0 0 0 0 
2 -0.19499999999999997891 -31.080000000000001847 -75.450000000000002842 -0.01779999999999999985 0.35230000000000000204 -0.9356999999999999762 0.41730000000000000426 0.85309999999999996945 0.31319999999999997842 0.90859999999999996323 -0.3849000000000000199 -0.16220000000000001084 0 0 0 1 0 0 0 0 0 
2 14.616000000000001435 -13.097999999999998977 12.234000000000001762 0.99439999999999995062 0.028000000000000000583 -0.10169999999999999873 -0.014300000000000000211 0.99099999999999999201 0.13289999999999999036 0.10449999999999999567 -0.13070000000000001061 0.98589999999999999858 0 0 0 1 0 0 0 0 0 
2 -0.19499999999999997891 -31.080000000000001847 -75.450000000000002842 -0.018700000000000001343 0.35439999999999999281 -0.93489999999999995328 0.41839999999999999414 0.85199999999999997957 0.31459999999999999076 0.90800000000000002931 -0.38529999999999997584 -0.16420000000000001261 0 0 0 1 0 0 0 0 0 
2 14.642999999999998906 -13.656000000000000583 10.422000000000000597 0.99660000000000004139 0.010699999999999999442 -0.081699999999999994849 -0.002500000000000000052 0.99499999999999999556 0.099799999999999999822 0.082400000000000001021 -0.099199999999999996514 0.99160000000000003695 0 0 0 1 0 0 0 0 0 
2 -0.19499999999999997891 -31.080000000000001847 -75.450000000000002842 -0.018700000000000001343 0.35310000000000002496 -0.93540000000000000924 0.41730000000000000426 0.85289999999999999147 0.31369999999999997886 0.90859999999999996323 -0.38450000000000000844 -0.16330000000000000071 0 0 0 1 0 0 0 0 0 
2 14.855999999999999872 -14.397000000000000242 7.5960000000000000853 0.99050000000000004707 -0.047699999999999999345 -0.12879999999999999782 0.042200000000000001399 0.99809999999999998721 -0.045199999999999997125 0.13070000000000001061 0.039300000000000001599 0.99060000000000003606 0 0 0 1 0 0 0 0 0 
2 -0.19499999999999997891 -31.080000000000001847 -75.450000000000002842 -0.01779999999999999985 0.3534999999999999809 -0.93530000000000002025 0.4161000000000000254 0.85319999999999995843 0.31450000000000000178 0.90910000000000001918 -0.38359999999999999654 -0.16229999999999999982 0 0 0 1 0 0 0 0 0 
2 14.967000000000000526 -14.243999999999999773 4.7940000000000004832 0.98699999999999998845 -0.072400000000000006017 -0.14380000000000001115 0.053300000000000000155 0.98980000000000001315 -0.13239999999999998992 0.15190000000000000724 0.12310000000000000109 0.98070000000000001616 0 0 0 1 0 0 0 0 0 
2 -0.19499999999999997891 -31.080000000000001847 -75.450000000000002842 -0.01779999999999999985 0.35230000000000000204 -0.9356999999999999762 0.41730000000000000426 0.85309999999999996945 0.31319999999999997842 0.90859999999999996323 -0.3849000000000000199 -0.16220000000000001084 0 0 0 1 0 0 0 0 0 
2 15.303000000000000824 -12.932999999999999829 0.36599999999999965894 0.98589999999999999858 -0.081000000000000002554 -0.14660000000000000808 0.054699999999999998623 0.9829999999999999849 -0.1749999999999999889 0.15829999999999999627 0.16450000000000000733 0.97360000000000002096 0 0 0 1 0 0 0 0 0 
2 -0.19499999999999997891 -31.080000000000001847 -75.450000000000002842 -0.01779999999999999985 0.3534999999999999809 -0.93530000000000002025 0.41730000000000000426 0.8527000000000000135 0.3143000000000000238 0.90859999999999996323 -0.38469999999999998641 -0.16270000000000001128 0 0 0 1 0 0 0 0 0 
2 15.297000000000000597 -11.259000000000000341 -3.0240000000000000213 0.98560000000000003162 -0.060699999999999997014 -0.1575999999999999901 0.053999999999999999389 0.99739999999999995328 -0.046699999999999998457 0.16000000000000000333 0.037499999999999998612 0.98640000000000005453 0 0 0 1 0 0 0 0 0 
2 -0.19499999999999997891 -31.080000000000001847 -75.450000000000002842 -0.018700000000000001343 0.35430000000000000382 -0.93489999999999995328 0.41730000000000000426 0.85250000000000003553 0.31480000000000002425 0.90859999999999996323 -0.38419999999999998597 -0.16380000000000000115 0 0 0 1 0 0 0 0 0 
2 14.288999999999999702 -10.466999999999998749 -6.4919999999999999929 0.98329999999999995186 -0.057599999999999998423 -0.17280000000000000915 0.046100000000000002087 0.9965000000000000524 -0.070000000000000006661 0.17619999999999999551 0.060799999999999999878 0.98250000000000003997 0 0 0 1 0 0 0 0 0 
2 -0.19499999999999997891 -31.080000000000001847 -75.450000000000002842 -0.01779999999999999985 0.35230000000000000204 -0.9356999999999999762 0.41839999999999999414 0.85260000000000002451 0.31309999999999998943 0.9081000000000000183 -0.38600000000000000977 -0.16259999999999999454 0 0 0 1 0 0 0 0 0 
2 13.620000000000000995 -10.490999999999999659 -8.8739999999999987779 0.98550000000000004263 -0.047300000000000001765 -0.163000000000000006 0.047000000000000000111 0.99890000000000001013 -0.0061000000000000003872 0.16309999999999999498 -0.0016000000000000000767 0.98660000000000003251 0 0 0 1 0 0 0 0 0 
2 -0.19499999999999997891 -31.080000000000001847 -75.450000000000002842 -0.01779999999999999985 0.3534999999999999809 -0.93530000000000002025 0.41730000000000000426 0.8527000000000000135 0.3143000000000000238 0.90859999999999996323 -0.38469999999999998641 -0.16270000000000001128 0 0 0 1 0 0 0 0 0 
2 13.437000000000001165 -10.856999999999999318 -10.506000000000000227 0.9885000000000000453 -0.035299999999999998046 -0.14740000000000000324 0.045999999999999999223 0.9965000000000000524 0.069800000000000000933 0.14440000000000000058 -0.075800000000000006262 0.98660000000000003251 0 0 0 1 0 0 0 0 0 
