2 -26.804999999999999716 0.76200000000000001066 -0.059999999999999609201 -0.92259999999999997566 0.044900000000000002409 0.38319999999999998508 0.0094000000000000003691 -0.99029999999999995808 0.13869999999999998996 0.3856999999999999873 0.13159999999999999476 0.91320000000000001172 0 0 0 1.000005296032934865 -0.00033412660375734855181 -0.0011524521915759508399 0.00080033432159049065855 0 0 -0.64800000000000002043 -12.009000000000000341 -14.19599999999999973 -0.98329999999999995186 -0.02050000000000000086 -0.1807999999999999885 0.017899999999999999245 0.97789999999999999147 -0.20819999999999999618 0.18110000000000001097 -0.20799999999999999045 -0.96120000000000005436 0.051000000000000045297 -0.0090000000000003410605 -0.029999999999999360512 0.99999739269046061807 3.9734832938737674345e-06 -0.0022366551824894546907 -0.00024724217338656931863 0 0 
2 -26.747999999999997556 0.56400000000000005684 0.57600000000000051159 -0.92710000000000003517 0.029700000000000000705 0.37369999999999997664 0.024799999999999999128 -0.98980000000000001315 0.14010000000000000231 0.37399999999999999911 0.13919999999999999041 0.91690000000000004832 0.05700000000000216005 -0.19799999999999995381 0.63600000000000012079 0.99994870066593222191 0.00062785373129757863966 0.0051196176542774515794 -0.0084882700389558238263 0 0 0.048000000000000000999 -12.786000000000001364 -13.44599999999999973 -0.98280000000000000693 -0.030499999999999999334 -0.18229999999999998983 0.008399999999999999481 0.97789999999999999147 -0.20910000000000000808 0.18470000000000000306 -0.20699999999999998956 -0.96079999999999998739 0.69600000000000006306 -0.77700000000000102318 0.75 1.0000075951033995381 0.00044488478273927854929 0.00077598765586116096298 -0.0050158728181293318546 0 0 
2 -26.747999999999997556 0.56400000000000005684 0.57600000000000051159 -0.92700000000000004619 0.027900000000000001188 0.37390000000000001013 0.026399999999999999856 -0.98990000000000000213 0.13950000000000001288 0.37399999999999999911 0.13919999999999999041 0.91690000000000004832 0 0 0 0.99999592602911502315 -0.00032150273918758433744 -0.00011559756894624323811 -0.00081174389761646983769 0 0 0.07199999999999999456 -12.771000000000000796 -13.469999999999998863 -0.98229999999999995097 -0.030099999999999998285 -0.18509999999999998677 0.009599999999999999159 0.97760000000000002451 -0.21010000000000000897 0.18729999999999999427 -0.20819999999999999618 -0.95999999999999996447 0.023999999999999951927 0.015000000000000568434 -0.023999999999999133138 1.0000071544072650642 0.00055021632145811042065 0.0014327889433952693994 0.00030954273492928940752 0 0 
2 -26.747999999999997556 0.56400000000000005684 0.57600000000000051159 -0.9275999999999999801 0.024099999999999999895 0.37290000000000000924 0.030099999999999998285 -0.98990000000000000213 0.13880000000000000671 0.37249999999999999778 0.14000000000000001332 0.91739999999999999325 0 0 0 1.0000069546988477054 -0.00035546767412268382574 0.00054478394697462346422 -0.00192751191928065683 0 0 0.07199999999999999456 -12.771000000000000796 -13.469999999999998863 -0.98250000000000003997 -0.030200000000000001149 -0.1839000000000000079 0.00899999999999999932 0.97789999999999999147 -0.20899999999999999134 0.1862000000000000044 -0.20699999999999998956 -0.96050000000000002043 0 0 0 1.0000156166496985133 -0.00058498461211462654541 -0.0006202808508523120724 -0.00016935013119487979903 0 0 
2 -26.747999999999997556 0.56400000000000005684 0.57600000000000051159 -0.92849999999999999201 0.025200000000000000178 0.370499999999999996 0.02960000000000000131 -0.98950000000000004619 0.1414999999999999869 0.37009999999999998455 0.14230000000000000981 0.91800000000000003819 0 0 0 0.9999975974000113732 0.0013055718048756081648 0.0012844170199680599118 7.2311556627255551676e-05 0 0 0.07199999999999999456 -12.771000000000000796 -13.469999999999998863 -0.98289999999999999591 -0.028400000000000001632 -0.18199999999999999512 0.010699999999999999442 0.97760000000000002451 -0.21029999999999998694 0.1839000000000000079 -0.20869999999999999662 -0.96050000000000002043 0 0 0 1.0000043075665225878 0.00067332311399572082611 -0.00095141601536717114451 0.0010595755193848696313 0 0 
2 -26.747999999999997556 0.56400000000000005684 0.57600000000000051159 -0.92789999999999994706 0.024899999999999998523 0.37199999999999999734 0.029399999999999999051 -0.98980000000000001315 0.13950000000000001288 0.37169999999999997486 0.14039999999999999702 0.91769999999999996021 0 0 0 1.0000049541006850173 -0.00096798699577891060726 -0.00080644698991243267492 0.00021854588644275245554 0 0 0.07199999999999999456 -12.771000000000000796 -13.469999999999998863 -0.98270000000000001794 -0.027799999999999998324 -0.18320000000000000173 0.011299999999999999281 0.97789999999999999147 -0.20899999999999999134 0.18499999999999999778 -0.20740000000000000102 -0.96060000000000000941 0 0 0 1.0000128137377310988 -0.00068669714054562678782 0.00059855263599289953731 0.00017465148726098108072 0 0 
2 -26.747999999999997556 0.56400000000000005684 0.57600000000000051159 -0.92820000000000002505 0.026200000000000001066 0.37109999999999998543 0.028600000000000000422 -0.98950000000000004619 0.1414999999999999869 0.37090000000000000746 0.14189999999999999836 0.9177999999999999492 0 0 0 0.99999820829590069238 0.0009725052627812423231 0.00047211993052509752464 0.00032797743134174630469 0 0 0.07199999999999999456 -12.756000000000000227 -13.493999999999999773 -0.98250000000000003997 -0.027699999999999998929 -0.18440000000000000835 0.011900000000000000855 0.97760000000000002451 -0.21010000000000000897 0.18609999999999998765 -0.20860000000000000764 -0.96009999999999995346 0 0.015000000000000568434 -0.024000000000000909495 1.0000052330554503044 0.00058579392845813798869 0.00061948272226072071626 0.00016914659244346419691 0 0 
2 -26.747999999999997556 0.56400000000000005684 0.57600000000000051159 -0.92820000000000002505 0.026200000000000001066 0.37109999999999998543 0.028600000000000000422 -0.98950000000000004619 0.1414999999999999869 0.37090000000000000746 0.14189999999999999836 0.9177999999999999492 0 0 0 0.99999884640603964314 -7.2689778742762438496e-09 -6.2349917490790583959e-09 4.2375510357253694357e-09 0 0 0.07199999999999999456 -12.756000000000000227 -13.493999999999999773 -0.98270000000000001794 -0.027799999999999998324 -0.18320000000000000173 0.011299999999999999281 0.97789999999999999147 -0.20899999999999999134 0.18499999999999999778 -0.20740000000000000102 -0.96060000000000000941 0 0 0 1.0000128661265184071 -0.00058579317047534871545 -0.00061952061144492521355 -0.0001691818433526435714 0 0 
2 -26.747999999999997556 0.56400000000000005684 0.57600000000000051159 -0.92830000000000001403 0.028000000000000000583 0.37090000000000000746 0.026999999999999999695 -0.98950000000000004619 0.14210000000000000409 0.37090000000000000746 0.14189999999999999836 0.91769999999999996021 0 0 0 1.0000004875126342618 0.0003202773424798055794 0.00010729337201565544073 0.00081286067073882309168 0 0 0.07199999999999999456 -12.756000000000000227 -13.493999999999999773 -0.98309999999999997389 -0.025800000000000000017 -0.18140000000000000568 0.012900000000000000008 0.97780000000000000249 -0.20910000000000000808 0.18270000000000000129 -0.20790000000000000147 -0.96089999999999997637 0 0 0 1.0000026558487280504 5.5110807405743737048e-05 -0.00094343021625314590906 0.0010279669565742726497 0 0 
2 -26.747999999999997556 0.56400000000000005684 0.57600000000000051159 -0.92789999999999994706 0.027199999999999998485 0.37169999999999997486 0.027699999999999998929 -0.98960000000000003517 0.14139999999999999791 0.37169999999999997486 0.1414999999999999869 0.91749999999999998224 0 0 0 0.99999810104455111315 -0.00034117841760381663113 -0.00045443208409058464961 -0.00028988929153771133282 0 0 0.07199999999999999456 -12.756000000000000227 -13.493999999999999773 -0.98280000000000000693 -0.026800000000000000905 -0.18290000000000000702 0.012399999999999999564 0.97760000000000002451 -0.21019999999999999796 0.18440000000000000835 -0.20890000000000000235 -0.96040000000000003144 0 0 0 1.0000122572658400877 0.00058126323632234357889 0.0007838186489531836533 -0.00041196980519780105256 0 0 
2 -26.747999999999997556 0.56400000000000005684 0.57600000000000051159 -0.92710000000000003517 0.032000000000000000666 0.37340000000000000968 0.023099999999999999006 -0.98960000000000003517 0.14199999999999998734 0.3740999999999999881 0.14030000000000000804 0.91669999999999995932 0 0 0 0.99999403353740434763 0.00033602067466115726098 -0.00092681342829455668538 0.0024533897750218100139 0 0 0.07199999999999999456 -12.741000000000001435 -13.518000000000000682 -0.98280000000000000693 -0.026800000000000000905 -0.18290000000000000702 0.012399999999999999564 0.97760000000000002451 -0.21019999999999999796 0.18440000000000000835 -0.20890000000000000235 -0.96040000000000003144 0 0.014999999999998792077 -0.024000000000000909495 1.0000128182352643336 -3.5119486573647188315e-08 -3.82901067144288754e-08 2.8958360611545594525e-08 0 0 
2 -26.747999999999997556 0.56400000000000005684 0.57600000000000051159 -0.92589999999999994529 0.031899999999999997802 0.37650000000000000133 0.022499999999999999167 -0.98999999999999999112 0.13939999999999999614 0.37709999999999999076 0.1375000000000000111 0.91590000000000004743 0 0 0 1.0000038676015023942 -0.0013051630718222831731 -0.001586583211932670115 0.00050421675718122173273 0 0 0.07199999999999999456 -12.741000000000001435 -13.518000000000000682 -0.98289999999999999591 -0.025600000000000001227 -0.18249999999999999556 0.013499999999999999847 0.97760000000000002451 -0.21019999999999999796 0.18379999999999999116 -0.20910000000000000808 -0.96050000000000002043 0 0 0 1.0000170408590869364 -9.3817961563775485642e-06 -0.00019370729796273580435 0.0006048834205427648528 0 0 
2 -26.747999999999997556 0.56400000000000005684 0.57600000000000051159 -0.92649999999999999023 0.029899999999999999495 0.37519999999999997797 0.024500000000000000944 -0.98990000000000000213 0.13939999999999999614 0.37559999999999998943 0.13839999999999999525 0.91639999999999999236 0 0 0 1.0000016486202725208 1.4524007898234179032e-05 0.00067830410259571633554 -0.0010996666347629353681 0 0 0.07199999999999999456 -12.741000000000001435 -13.518000000000000682 -0.98270000000000001794 -0.025299999999999999573 -0.18370000000000000218 0.014099999999999999686 0.97760000000000002451 -0.21010000000000000897 0.18490000000000000879 -0.20910000000000000808 -0.96030000000000004245 0 0 0 1.000018730242236531 -3.5356003279949823465e-05 0.00060918562718157733254 0.00016154441909006401362 0 0 
2 -26.747999999999997556 0.56400000000000005684 0.57600000000000051159 -0.92740000000000000213 0.029200000000000000261 0.37299999999999999822 0.025700000000000000622 -0.98960000000000003517 0.14139999999999999791 0.37330000000000002069 0.14069999999999999174 0.9170000000000000373 0 0 0 1.0000028575006243425 0.00096238937897835902073 0.0011476390661739781836 -0.00076318281441867274507 0 0 0.096000000000000001998 -12.726000000000000867 -13.542000000000001592 -0.98270000000000001794 -0.0269000000000000003 -0.18329999999999999072 0.012399999999999999564 0.97760000000000002451 -0.21019999999999999796 0.18479999999999999205 -0.20890000000000000235 -0.96030000000000004245 0.024000000000000007438 0.015000000000000568434 -0.024000000000000909495 1.000006896098579956 5.2430482813218344702e-05 -0.00021196251627241156847 -0.00081255812586363170003 0 0 
2 -26.747999999999997556 0.56400000000000005684 0.57600000000000051159 -0.9275999999999999801 0.026399999999999999856 0.37259999999999998677 0.028400000000000001632 -0.98960000000000003517 0.14080000000000000848 0.37249999999999999778 0.1411000000000000032 0.91720000000000001528 0 0 0 0.99998928420039701059 -0.00032196874009082803629 0.0002141333459746371003 -0.0013840849990562099914 0 0 0.096000000000000001998 -12.711000000000000298 -13.565999999999998948 -0.98280000000000000693 -0.025700000000000000622 -0.18290000000000000702 0.013499999999999999847 0.97760000000000002451 -0.21019999999999999796 0.18420000000000000262 -0.20910000000000000808 -0.96040000000000003144 0 0.015000000000000568434 -0.023999999999997356781 1.0000114053063273722 -9.5056146099230152361e-06 -0.00019371241016141019817 0.00060490948461107559801 0 0 
2 -26.751000000000001222 0.54900000000000004352 0.59999999999999964473 -0.92700000000000004619 0.026599999999999998646 0.3740999999999999881 0.028099999999999999978 -0.98970000000000002416 0.14010000000000000231 0.37399999999999999911 0.14039999999999999702 0.91669999999999995932 -0.0030000000000036664005 -0.015000000000000013323 0.023999999999999133138 0.99999042753055178423 -0.00031087706132593465828 -0.00078865531881887654918 0.00024335947180105109346 0 0 0.096000000000000001998 -12.696000000000001506 -13.583999999999999631 -0.9829999999999999849 -0.026100000000000001671 -0.1817000000000000004 0.012900000000000000008 0.97750000000000003553 -0.21029999999999998694 0.18310000000000001275 -0.20910000000000000808 -0.96060000000000000941 0 0.014999999999998792077 -0.018000000000000682121 0.9999981050836189711 4.5252150694155985613e-05 -0.00060917850672440173806 -0.0001858224979184588076 0 0 
2 -26.751000000000001222 0.54900000000000004352 0.59999999999999964473 -0.92769999999999996909 0.027699999999999998929 0.37240000000000000879 0.02670000000000000151 -0.98980000000000001315 0.1401999999999999913 0.37249999999999999778 0.14000000000000001332 0.91739999999999999325 0 0 0 1.0000083620114217364 1.9170413886197268101e-05 0.00091838831080964995236 0.00058213074575406639505 0 0 0.096000000000000001998 -12.696000000000001506 -13.583999999999999631 -0.98309999999999997389 -0.024899999999999998523 -0.18140000000000000568 0.014099999999999999686 0.97750000000000003553 -0.21029999999999998694 0.18249999999999999556 -0.20930000000000001381 -0.9606999999999999984 0 0 0 1.0000053054159956378 -9.742746857036047129e-06 -0.0001638345932648108301 0.00062933699504467630059 0 0 
2 -26.75700000000000145 0.5340000000000000302 0.62399999999999966604 -0.92820000000000002505 0.026200000000000001066 0.37109999999999998543 0.028600000000000000422 -0.98950000000000004619 0.1414999999999999869 0.37090000000000000746 0.14189999999999999836 0.9177999999999999492 -0.0060000000000002273737 -0.015000000000000013323 0.024000000000000021316 0.99999785304842336853 0.00062332565079373800435 0.00069432844605698499241 -0.001056438548201780233 0 0 0.096000000000000001998 -12.696000000000001506 -13.583999999999999631 -0.98280000000000000693 -0.025700000000000000622 -0.18290000000000000702 0.013499999999999999847 0.97760000000000002451 -0.21019999999999999796 0.18420000000000000262 -0.20910000000000000808 -0.96040000000000003144 0 0 0 1.0000112092918866935 -3.5076646669993345534e-05 0.00077305479678566426435 -0.00044354204410411630401 0 0 
2 -26.774999999999998579 0.5340000000000000302 0.71400000000000041211 -0.92630000000000001226 0.024699999999999999734 0.3759000000000000119 0.030099999999999998285 -0.98980000000000001315 0.13930000000000000715 0.37550000000000000044 0.14030000000000000804 0.9161000000000000254 -0.017999999999997129407 0 0.09000000000000074607 0.99998955816721757373 -0.001032269977340965041 -0.0025720058591700658591 -0.00039302625292149813126 0 0 0.096000000000000001998 -12.696000000000001506 -13.583999999999999631 -0.98289999999999999591 -0.024500000000000000944 -0.1826000000000000123 0.014699999999999999525 0.97750000000000003553 -0.21019999999999999796 0.18360000000000001319 -0.20930000000000001381 -0.96040000000000003144 0 0 0 0.99999439641267284795 3.2304157903615594207e-07 -0.00015929661345907408093 0.00062969003824483364782 0 0 
2 -26.814000000000000057 0.54900000000000004352 0.76199999999999956657 -0.92620000000000002327 0.017200000000000000011 0.37650000000000000133 0.037400000000000002687 -0.98980000000000001315 0.13719999999999998863 0.37509999999999998899 0.14119999999999999218 0.91620000000000001439 -0.039000000000001477929 0.015000000000000013323 0.047999999999999154454 0.99998629383043713403 -0.0010255912198000841258 -0.00031739399369871008341 -0.0036411664608665874482 0 0 0.096000000000000001998 -12.696000000000001506 -13.583999999999999631 -0.98289999999999999591 -0.024299999999999998684 -0.1826000000000000123 0.014699999999999999525 0.97780000000000000249 -0.20899999999999999134 0.18360000000000001319 -0.20810000000000000719 -0.9606999999999999984 0 0 0 1.0000037417777982718 -0.00062198991180668276695 -9.3656636940612055181e-06 -7.0445346907995833356e-06 0 0 
2 -26.888999999999999346 0.60899999999999998579 0.80400000000000027001 -0.92710000000000003517 0.014500000000000000736 0.37459999999999998854 0.040500000000000001277 -0.98950000000000004619 0.13839999999999999525 0.37269999999999997575 0.14349999999999998868 0.91679999999999994831 -0.074999999999999289457 0.059999999999999942268 0.042000000000000703437 0.99999720856011331538 0.0005667868299509301426 0.0010354893982654259608 -0.0016995168922595759939 0 0 0.096000000000000001998 -12.696000000000001506 -13.583999999999999631 -0.98309999999999997389 -0.024600000000000000339 -0.18140000000000000568 0.014099999999999999686 0.97780000000000000249 -0.20910000000000000808 0.18249999999999999556 -0.20810000000000000719 -0.96089999999999997637 0 0 0 1.0000023117454002186 3.5016441438527609663e-05 -0.00060910788093359560964 -0.00016195068233097644882 0 0 
2 -26.964000000000002188 0.68100000000000004974 0.87000000000000010658 -0.92779999999999995808 0.0097999999999999996836 0.37290000000000000924 0.045499999999999998779 -0.9891999999999999682 0.13919999999999999041 0.37030000000000001803 0.14619999999999999662 0.91739999999999999325 -0.075000000000002842171 0.072000000000000063949 0.065999999999999836575 0.99999977737667411493 0.00037159969053336293007 0.00090056910066715152498 -0.0026694739701981760362 0 0 0.096000000000000001998 -12.696000000000001506 -13.583999999999999631 -0.98289999999999999591 -0.024299999999999998684 -0.1826000000000000123 0.014699999999999999525 0.97780000000000000249 -0.20899999999999999134 0.18360000000000001319 -0.20810000000000000719 -0.9606999999999999984 0 0 0 1.0000037360524511865 -3.5022439433593230212e-05 0.0006091106367289132479 0.00016195249002362989248 0 0 
2 -27.077999999999999403 0.78300000000000002931 0.95999999999999996447 -0.92730000000000001315 0.0080999999999999995615 0.37430000000000002158 0.047699999999999999345 -0.98909999999999997922 0.13960000000000000187 0.37130000000000001892 0.1472999999999999865 0.91679999999999994831 -0.11399999999999721467 0.10199999999999997957 0.089999999999999857891 1.0000136957279126548 0.00021463104855299231389 -0.00072831340382061872645 -0.0010035461100922279942 0 0 0.096000000000000001998 -12.696000000000001506 -13.583999999999999631 -0.98280000000000000693 -0.025700000000000000622 -0.18290000000000000702 0.013499999999999999847 0.97760000000000002451 -0.21019999999999999796 0.18420000000000000262 -0.20910000000000000808 -0.96040000000000003144 0 0 0 1.0000112057886245687 0.0006216735855965958412 0.00016904699674150907977 -0.00062254320799756310799 0 0 
2 -27.210000000000000853 0.91799999999999992717 1.1340000000000003411 -0.92630000000000001226 0.0030999999999999998911 0.37690000000000001279 0.05360000000000000181 -0.98870000000000002327 0.14000000000000001332 0.37299999999999999822 0.14990000000000000546 0.91559999999999996945 -0.13200000000000144951 0.13499999999999989786 0.17400000000000037659 0.99999711839006777403 0.00027983787851826064531 -0.0013984228804735251116 -0.0027994481342643665056 0 0 0.14399999999999998912 -12.696000000000001506 -13.583999999999999631 -0.98270000000000001794 -0.024500000000000000944 -0.18340000000000000746 0.014699999999999999525 0.97780000000000000249 -0.20899999999999999134 0.18440000000000000835 -0.20810000000000000719 -0.96060000000000000941 0.047999999999999987121 0 0 1.0000043114479131301 -0.0006124456598290332985 0.00023334136780904659409 0.00053031443672468315566 0 0 
2 -27.264000000000002899 1.0649999999999999467 1.3980000000000005755 -0.9260000000000000453 -0.0022000000000000001325 0.37750000000000000222 0.060100000000000000644 -0.98809999999999997833 0.14180000000000000937 0.37269999999999997575 0.153999999999999998 0.91510000000000002451 -0.054000000000002046363 0.14700000000000001954 0.26400000000000023448 1.000000040855345107 0.0009234212438566955861 -0.00034852445369836865469 -0.0032353280299909936181 0 0 0.16800000000000001044 -12.696000000000001506 -13.589999999999999858 -0.98270000000000001794 -0.024500000000000000944 -0.18379999999999999116 0.014699999999999999525 0.97780000000000000249 -0.20899999999999999134 0.18479999999999999205 -0.20810000000000000719 -0.96050000000000002043 0.024000000000000021316 0 -0.0060000000000002273737 1.0000110503265144946 2.7809982388535787071e-06 0.00019893140332433628713 -2.0806220566726552052e-05 0 0 
2 -27.390000000000000568 1.2450000000000001066 1.7039999999999988489 -0.9223000000000000087 -0.015800000000000001543 0.38609999999999999876 0.074300000000000004929 -0.98780000000000001137 0.13719999999999998863 0.37919999999999998153 0.15520000000000000462 0.91220000000000001084 -0.12599999999999766942 0.18000000000000015987 0.30599999999999827338 0.99996932309589559029 -0.0020184111273457280497 -0.0046699420777318772016 -0.0065243103319747169921 0 0 0.16800000000000001044 -12.696000000000001506 -13.589999999999999858 -0.98260000000000002895 -0.026200000000000001066 -0.18410000000000001363 0.013499999999999999847 0.97729999999999994653 -0.21149999999999999356 0.18540000000000000924 -0.21029999999999998694 -0.95989999999999997549 0 0 0 1.0000119303497383427 0.0012730021751551495734 0.00017818903964128250954 -0.00063930973287709442088 0 0 
2 -27.492000000000000881 1.4969999999999998863 2.0459999999999993747 -0.91949999999999998401 -0.025800000000000000017 0.39219999999999999307 0.08590000000000000413 -0.98689999999999999947 0.13630000000000000449 0.38350000000000000755 0.15900000000000000244 0.9096999999999999531 -0.10200000000000031264 0.25199999999999977973 0.3420000000000005258 0.99996854562439119185 -0.00016896212202570717875 -0.0033090374945328529521 -0.0053915014130952775354 0 0 0.16800000000000001044 -12.696000000000001506 -13.589999999999999858 -0.98260000000000002895 -0.025700000000000000622 -0.18410000000000001363 0.013499999999999999847 0.97780000000000000249 -0.20899999999999999134 0.18540000000000000924 -0.20780000000000001248 -0.96040000000000003144 0 0 0 1.0000005861435272703 -0.0012865324605058723207 -1.4747284278593947299e-05 5.2821136843216555585e-06 0 0 
2 -27.567000000000000171 1.7520000000000000018 2.4119999999999990337 -0.91810000000000002718 -0.030999999999999999778 0.39510000000000000675 0.093200000000000005063 -0.98589999999999999858 0.13919999999999999041 0.38519999999999998685 0.16470000000000001306 0.90800000000000002931 -0.074999999999999289457 0.25500000000000011546 0.36599999999999965894 0.99999249873483464501 0.0016225848379296475919 -0.0015401832156038983233 -0.0035062467899880478232 0 0 0.16800000000000001044 -12.696000000000001506 -13.589999999999999858 -0.98270000000000001794 -0.024799999999999999128 -0.18379999999999999116 0.014699999999999999525 0.97750000000000003553 -0.21019999999999999796 0.18479999999999999205 -0.20930000000000001381 -0.96020000000000005347 0 0 0 1.0000016571474001914 0.00064006826234955693962 -0.00015443054571237654297 0.00061678509143597902518 0 0 
2 -27.64199999999999946 2.0070000000000001172 2.7720000000000002416 -0.91639999999999999236 -0.039500000000000000389 0.39839999999999997637 0.10359999999999999765 -0.98460000000000003073 0.14050000000000001377 0.38669999999999998819 0.17000000000000001221 0.90639999999999998348 -0.074999999999999289457 0.25500000000000011546 0.36000000000000120792 0.99998527902998635142 0.0008206169053093034663 -0.0017517759992927955503 -0.0050064010191336527286 0 0 0.16800000000000001044 -12.696000000000001506 -13.589999999999999858 -0.98219999999999996199 -0.026800000000000000905 -0.18570000000000000395 0.012999999999999999403 0.97760000000000002451 -0.21010000000000000897 0.18709999999999998854 -0.20880000000000001337 -0.95989999999999997549 0 0 0 1.0000010079919088302 -5.3885318365507618558e-05 0.0009667751779795357445 -0.0010536970297053544193 0 0 
2 -27.701999999999998181 2.2199999999999997513 3.0660000000000007248 -0.91479999999999994653 -0.045900000000000003297 0.40139999999999997904 0.11139999999999999902 -0.98360000000000002984 0.14160000000000000364 0.38829999999999997851 0.17419999999999999374 0.90490000000000003766 -0.059999999999998721023 0.21299999999999963407 0.29400000000000048317 0.99999129638548600596 0.00071371078520442621414 -0.0015997198307772901582 -0.003766095206609899014 0 0 0.16800000000000001044 -12.696000000000001506 -13.589999999999999858 -0.98270000000000001794 -0.024500000000000000944 -0.18379999999999999116 0.014699999999999999525 0.97780000000000000249 -0.20899999999999999134 0.18479999999999999205 -0.20810000000000000719 -0.96050000000000002043 0 0 0 1.0000098565069215351 -0.00057269105129851584617 -0.00097691182292461670005 0.0010702643798606635648 0 0 
2 -27.678000000000000824 2.3280000000000002913 3.2579999999999991189 -0.91439999999999999059 -0.049599999999999998257 0.4017999999999999905 0.11609999999999999487 -0.98289999999999999591 0.14289999999999999925 0.38790000000000002256 0.17740000000000000213 0.90449999999999997069 0.023999999999997356781 0.10800000000000054001 0.19199999999999839417 1.0000028947011061486 0.00071915971136216495091 -0.00020997781047051025595 -0.0023540931686656251139 0 0 0.14399999999999998912 -12.696000000000001506 -13.583999999999999631 -0.98240000000000005098 -0.025800000000000000017 -0.18490000000000000879 0.014099999999999999686 0.97729999999999994653 -0.21140000000000000457 0.18609999999999998765 -0.21029999999999998694 -0.9597999999999999865 -0.024000000000000021316 0 0.0060000000000002273737 1.00000717176664633 0.0012305164507626714047 0.00058839466321860569003 -0.00043205604906252015806 0 0 
2 -27.660000000000000142 2.4630000000000000782 3.4920000000000008811 -0.91269999999999995577 -0.058700000000000002176 0.4043999999999999817 0.12609999999999998987 -0.98180000000000000604 0.14210000000000000409 0.38869999999999998996 0.18069999999999999951 0.9034999999999999698 0.018000000000000682121 0.13499999999999978684 0.23400000000000176215 0.99999323350746049943 -0.00024867287685066219536 -0.0014235849201147971615 -0.0048749441217218617353 0 0 0.14399999999999998912 -12.696000000000001506 -13.583999999999999631 -0.98260000000000002895 -0.025899999999999999412 -0.18370000000000000218 0.013499999999999999847 0.97760000000000002451 -0.21019999999999999796 0.18499999999999999778 -0.20910000000000000808 -0.96020000000000005347 0 0 0 1.0000000805279412042 -0.00060570137147801679772 -0.00061402915659962279456 -0.00016892160736593027272 0 0 
2 -27.653999999999999915 2.5409999999999999254 3.6180000000000003268 -0.91139999999999998792 -0.066100000000000005973 0.40620000000000000551 0.13330000000000000182 -0.9811999999999999611 0.13950000000000001288 0.38929999999999997939 0.18129999999999998894 0.90310000000000001386 0.0060000000000002273737 0.077999999999999847233 0.12599999999999944578 0.99999433699111939244 -0.0011850022361184554039 -0.0010542808268524086947 -0.0035248722707355798628 0 0 0.14399999999999998912 -12.696000000000001506 -13.583999999999999631 -0.98260000000000002895 -0.025899999999999999412 -0.18370000000000000218 0.013499999999999999847 0.97760000000000002451 -0.21019999999999999796 0.18499999999999999778 -0.20910000000000000808 -0.96020000000000005347 0 0 0 1.000000466747907435 1.4974384494472621083e-08 -1.0153966327397228048e-08 -6.3418807265434861913e-09 0 0 
2 -27.579000000000000625 2.688000000000000167 3.7200000000000006395 -0.91059999999999996501 -0.068000000000000004885 0.40770000000000000684 0.13669999999999998819 -0.98040000000000004921 0.14180000000000000937 0.39010000000000000231 0.18490000000000000879 0.90200000000000002398 0.074999999999999289457 0.14700000000000024158 0.10200000000000031264 0.99999750626474726012 0.0012866251857917300992 -0.00075261805609153173847 -0.0016209731462424829124 0 0 0.14399999999999998912 -12.696000000000001506 -13.583999999999999631 -0.98270000000000001794 -0.024699999999999999734 -0.18340000000000000746 0.014699999999999999525 0.97750000000000003553 -0.21019999999999999796 0.18440000000000000835 -0.20930000000000001381 -0.96030000000000004245 0 0 0 0.99999513631689918025 -5.1232978455652109531e-06 -0.0001638843545177982473 0.00062966749205941132447 0 0 
2 -27.53399999999999892 2.7960000000000002629 3.8220000000000009521 -0.9099000000000000421 -0.073200000000000001177 0.40829999999999999627 0.14249999999999998779 -0.97960000000000002629 0.14199999999999998734 0.38960000000000000187 0.18740000000000001101 0.901699999999999946 0.045000000000001705303 0.10800000000000009592 0.10200000000000031264 0.99999921878694952859 0.00013519898237812795743 -0.00032325205913334026115 -0.0029114774990376536372 0 0 0.14399999999999998912 -12.696000000000001506 -13.583999999999999631 -0.98260000000000002895 -0.026100000000000001671 -0.18370000000000000218 0.013499999999999999847 0.97729999999999994653 -0.21149999999999999356 0.18499999999999999778 -0.21029999999999998694 -0.95999999999999996447 0 0 0 1.0000057615455120175 0.00064632574817587726615 0.00016833490876884638033 -0.00062237443075037002585 0 0 
2 -27.560999999999999943 2.8859999999999996767 3.9419999999999983942 -0.90790000000000004032 -0.082799999999999998601 0.41079999999999999849 0.15240000000000000768 -0.97840000000000004743 0.13960000000000000187 0.39040000000000002478 0.18929999999999999605 0.90100000000000002309 -0.027000000000001023182 0.089999999999999413802 0.11999999999999744205 0.99998285085107907477 -0.001018299858988167125 -0.0014583403013226862305 -0.004835082407465158931 0 0 0.14399999999999998912 -12.696000000000001506 -13.583999999999999631 -0.98240000000000005098 -0.025800000000000000017 -0.18490000000000000879 0.014099999999999999686 0.97729999999999994653 -0.21140000000000000457 0.18609999999999998765 -0.21029999999999998694 -0.9597999999999999865 0 0 0 1.0000079960547931801 -3.5565652612886097567e-05 0.00060927565615783666614 0.00016115899800831312116 0 0 
2 -27.5400000000000027 2.94599999999999973 4.0080000000000008953 -0.90720000000000000639 -0.086699999999999999289 0.41160000000000002141 0.15659999999999998921 -0.97780000000000000249 0.13910000000000000142 0.39040000000000002478 0.19070000000000000839 0.90069999999999994511 0.020999999999997243094 0.060000000000000053291 0.06600000000000250111 0.99999537095196744385 -0.00015587079103992039909 -0.00044831816387925712847 -0.0020867272140979607406 0 0 0.14399999999999998912 -12.696000000000001506 -13.583999999999999631 -0.98270000000000001794 -0.024500000000000000944 -0.18340000000000000746 0.014699999999999999525 0.97780000000000000249 -0.20899999999999999134 0.18440000000000000835 -0.20810000000000000719 -0.96060000000000000941 0 0 0 1.0000034940861335375 -0.0012331472250407282155 -0.00078724994536470693784 0.00045305935751741157691 0 0 
2 -27.461999999999999744 2.963999999999999968 4.0919999999999987494 -0.90700000000000002842 -0.091300000000000006151 0.41110000000000002096 0.16139999999999998792 -0.97699999999999997957 0.13910000000000000142 0.38900000000000001243 0.19250000000000000444 0.90090000000000003411 0.078000000000002955858 0.018000000000000238032 0.083999999999997854161 0.9999923936072919739 -6.059125159889323898e-05 0.00026059292160688361014 -0.0024948307805865077222 0 0 0.096000000000000001998 -12.696000000000001506 -13.583999999999999631 -0.98280000000000000693 -0.025700000000000000622 -0.18290000000000000702 0.013499999999999999847 0.97760000000000002451 -0.21019999999999999796 0.18420000000000000262 -0.20910000000000000808 -0.96040000000000003144 -0.047999999999999987121 0 0 1.0000112518190642508 0.00061243480154505062704 -0.00023334411125835882945 -0.0005303145017474529847 0 0 
2 -27.405000000000001137 2.963999999999999968 4.1400000000000005684 -0.90610000000000001652 -0.10119999999999999829 0.4107000000000000095 0.1710000000000000131 -0.97570000000000001172 0.13689999999999999392 0.38690000000000002167 0.19430000000000000049 0.90139999999999997904 0.056999999999998607336 0 0.048000000000001818989 0.99998010353649235959 -0.0011375209254546848284 9.7210825929928290244e-05 -0.0049389587383710372923 0 0 0.07199999999999999456 -12.696000000000001506 -13.583999999999999631 -0.98270000000000001794 -0.025299999999999999573 -0.18370000000000000218 0.014099999999999999686 0.97760000000000002451 -0.21010000000000000897 0.18490000000000000879 -0.20910000000000000808 -0.96030000000000004245 -0.024000000000000007438 0 0 1.0000188248497026144 -4.2663704084798738825e-05 0.00040566836548939415406 0.00020770302124107275707 0 0 
2 -27.335999999999998522 3.0059999999999997833 4.1159999999999996589 -0.90449999999999997069 -0.11089999999999999858 0.41179999999999999938 0.1804000000000000048 -0.97440000000000004388 0.13389999999999999125 0.38640000000000002123 0.19539999999999999036 0.90139999999999997904 0.069000000000002614797 0.041999999999999815259 -0.024000000000000909495 0.9999844788552191277 -0.0014076545170143277708 -0.00075081098234800098829 -0.0047171769070681384903 0 0 0.0240000000000000005 -12.696000000000001506 -13.583999999999999631 -0.98309999999999997389 -0.023099999999999999006 -0.18149999999999999467 0.015800000000000001543 0.97750000000000003553 -0.21019999999999999796 0.18220000000000000084 -0.20960000000000000853 -0.9606999999999999984 -0.04799999999999999406 0 0 1.0000026725378352577 4.1700972843165804208e-05 -0.0011365846687802863037 0.0011230469986520527029 0 0 
2 -27.278999999999999915 3.0929999999999999716 4.0019999999999988916 -0.90190000000000003499 -0.12120000000000000218 0.41460000000000002407 0.19020000000000000795 -0.97319999999999995399 0.12929999999999999827 0.38790000000000002256 0.19550000000000000711 0.90080000000000004512 0.056999999999998607336 0.087000000000000188294 -0.11400000000000076739 0.99999495341382382829 -0.0020113209788293153792 -0.0018323392450776759214 -0.004779189243539283885 0 0 -0.0240000000000000005 -12.696000000000001506 -13.583999999999999631 -0.98329999999999995186 -0.024099999999999999895 -0.18060000000000001052 0.014699999999999999525 0.97750000000000003553 -0.21019999999999999796 0.18160000000000001141 -0.2094000000000000028 -0.96079999999999998739 -0.048000000000000000999 0 0 1.0000019284669983133 -2.6783370999570034981e-06 -0.00043671375186290080058 -0.00049113847128881386872 0 0 
2 -27.278999999999999915 3.1229999999999997762 3.9960000000000004405 -0.90159999999999995701 -0.12779999999999999694 0.41320000000000001172 0.19680000000000000271 -0.97199999999999997513 0.12870000000000000884 0.38509999999999999787 0.19739999999999999214 0.90149999999999996803 0 0.029999999999999804601 -0.0059999999999984510168 0.99999441471241623525 -0.00044017043812852275561 0.0007411064882351522335 -0.0034810477759114853702 0 0 -0.048000000000000000999 -12.696000000000001506 -13.583999999999999631 -0.98309999999999997389 -0.02359999999999999945 -0.18140000000000000568 0.015299999999999999364 0.97760000000000002451 -0.21010000000000000897 0.18229999999999998983 -0.2094000000000000028 -0.9606999999999999984 -0.0240000000000000005 0 0 1.0000086904129226184 -5.1853573012499808018e-05 0.00041027604216464151577 0.00023133097776485234218 0 0 
2 -27.272999999999999687 3.2250000000000000888 3.9659999999999993037 -0.90180000000000004601 -0.13389999999999999125 0.41089999999999998748 0.20310000000000000275 -0.97050000000000002931 0.129500000000000004 0.38150000000000000577 0.20030000000000000582 0.90239999999999997993 0.0060000000000002273737 0.10200000000000031264 -0.030000000000001136868 0.99998732003777590638 0.00014828506316593692538 0.001273707458134456811 -0.0034301241336509367789 0 0 -0.096000000000000001998 -12.696000000000001506 -13.583999999999999631 -0.98340000000000005187 -0.022300000000000000377 -0.18029999999999998805 0.016400000000000001382 0.97750000000000003553 -0.21010000000000000897 0.18090000000000000524 -0.20960000000000000853 -0.96089999999999997637 -0.048000000000000000999 0 0 1.0000041260803049781 -9.6499287428176544593e-06 -0.00057154256807006535018 0.00067288868270875710695 0 0 
2 -27.254999999999999005 3.311999999999999833 3.8700000000000009948 -0.90239999999999997993 -0.13889999999999999569 0.40789999999999998481 0.20819999999999999618 -0.96930000000000005045 0.13050000000000000488 0.37719999999999997975 0.2026999999999999913 0.90369999999999994778 0.018000000000000682121 0.086999999999999744205 -0.095999999999998308908 0.99999302326752004255 0.0001437945111327354605 0.0017176740414720015945 -0.0028497549262564481933 0 0 -0.14399999999999998912 -12.696000000000001506 -13.583999999999999631 -0.98350000000000004086 -0.025100000000000000783 -0.17890000000000000346 0.013499999999999999847 0.97729999999999994653 -0.21149999999999999356 0.18019999999999999907 -0.21040000000000000369 -0.96089999999999997637 -0.047999999999999987121 0 0 1.0000045783958528833 0.00067882389103941743677 -0.00067490697708492226794 -0.0013228602504487684162 0 0 
2 -27.234000000000001762 3.3689999999999997726 3.7800000000000011369 -0.89790000000000003144 -0.14969999999999999973 0.41399999999999997913 0.21829999999999999405 -0.96799999999999997158 0.12349999999999999867 0.38229999999999997318 0.20119999999999998996 0.90190000000000003499 0.020999999999997243094 0.056999999999999939604 -0.089999999999999857891 0.99997978777600260436 -0.0027910135511455247924 -0.0038509847560829930935 -0.0047083188487046113285 0 0 -0.14399999999999998912 -12.696000000000001506 -13.583999999999999631 -0.98399999999999998579 -0.025600000000000001227 -0.17660000000000000697 0.012399999999999999564 0.97750000000000003553 -0.21049999999999999267 0.17799999999999999156 -0.20930000000000001381 -0.96150000000000002132 0 0 0 1.0000072377038908833 -0.00051388601634742565698 -0.0011981788588121137021 -0.00032306507524451009679 0 0 
2 -27.204000000000000625 3.383999999999999897 3.7800000000000011369 -0.89370000000000004992 -0.16050000000000000377 0.41899999999999998357 0.22859999999999999765 -0.96640000000000003677 0.11730000000000000149 0.38609999999999999876 0.20060000000000000053 0.90039999999999997815 0.030000000000001136868 0.015000000000000124345 0 0.99998077521445105642 -0.0024416721385545300284 -0.0032133746800952038558 -0.0049130939961095753538 0 0 -0.16800000000000001044 -12.696000000000001506 -13.589999999999999858 -0.9838999999999999968 -0.023900000000000001105 -0.17699999999999999067 0.014099999999999999686 0.97750000000000003553 -0.21029999999999998694 0.1781000000000000083 -0.20949999999999999178 -0.96150000000000002132 -0.024000000000000021316 0 -0.0060000000000002273737 1.0000040603603419509 -7.8424249595795413894e-05 0.00021697414876654336842 0.00083667190928226275147 0 0 
2 -27.174000000000003041 3.383999999999999897 3.8039999999999984936 -0.89170000000000004814 -0.16550000000000000822 0.42130000000000000782 0.23330000000000000737 -0.96560000000000001386 0.11459999999999999354 0.38779999999999997806 0.20050000000000001155 0.89970000000000005524 0.029999999999997584155 0 0.023999999999997356781 0.99999716626017098875 -0.0010477186816994622873 -0.0014656610425809544346 -0.002283792240361697326 0 0 -0.16800000000000001044 -12.696000000000001506 -13.589999999999999858 -0.98380000000000000782 -0.025100000000000000783 -0.17740000000000000213 0.012900000000000000008 0.97750000000000003553 -0.21029999999999998694 0.17869999999999999774 -0.20919999999999999707 -0.96140000000000003233 0 0 0 0.9999959414363546184 -1.6169362398071791028e-05 0.00018840166633749379568 -0.00063380871282752674224 0 0 
