2 -27.117000000000000881 0.47400000000000003242 0.22200000000000041922 -0.97160000000000001918 0.025100000000000000783 0.23530000000000000915 0.022700000000000001427 -0.97980000000000000426 0.19850000000000000977 0.23560000000000000386 0.1981999999999999873 0.95140000000000002345 0.027000000000001023182 0 0.017999999999999793943 0.99999021948493771461 1.9355958707957376857e-06 -0.00053778397375818206335 0.00059609238107753768736 0 0 -3.6600000000000001421 -10.980000000000000426 -14.166000000000000369 -0.95969999999999999751 -0.011599999999999999201 -0.28070000000000000506 0.02960000000000000131 0.98939999999999994618 -0.14230000000000000981 0.2793999999999999817 -0.14490000000000000102 -0.9492000000000000437 -0.12599999999999988987 -0.083999999999999630518 0.22199999999999953104 0.99998856870976005062 0.00041148411102614703598 -0.0013990254756020737044 -0.00053062588870598462621 0 0 
2 -29.658000000000001251 2.7960000000000002629 2.0099999999999997868 -0.96079999999999998739 -0.027799999999999998324 0.27600000000000002309 0.089099999999999998646 -0.97309999999999996501 0.21219999999999999973 0.26269999999999998908 0.22850000000000000866 0.93740000000000001101 -2.5410000000000003695 2.3220000000000000639 1.7879999999999993676 0.99930134367070755363 0.0082269736831117393216 -0.021023561012782653046 -0.029546778340411163771 0 0 -1.7250000000000000888 -10.278000000000000469 -11.370000000000000995 -0.96919999999999995044 0.0041000000000000003456 -0.24620000000000000218 0.046800000000000001321 0.98470000000000001972 -0.16789999999999999369 0.24179999999999998717 -0.17430000000000001048 -0.9545000000000000151 1.9350000000000000533 0.70199999999999995737 2.7959999999999993747 0.99968198786668904798 0.012285895485167133701 -0.017819873722076832318 0.011502386663046614002 0 0 
2 -29.748000000000001108 2.9190000000000000391 2.1239999999999987779 -0.96040000000000003144 -0.031399999999999997358 0.27670000000000000151 0.093700000000000005507 -0.9721999999999999531 0.21470000000000000195 0.26229999999999997762 0.23210000000000000075 0.93669999999999997708 -0.089999999999999857891 0.12299999999999977618 0.11399999999999899103 0.99999728048469327391 0.001296464876539352596 -0.00033655091856220646293 -0.0022663799662655187764 0 0 -1.5510000000000001563 -10.293000000000001037 -11.333999999999999631 -0.96889999999999998348 0.0013999999999999999858 -0.24749999999999999778 0.044400000000000001965 0.98470000000000001972 -0.16830000000000000515 0.24349999999999999423 -0.17399999999999998801 -0.95420000000000004814 0.1739999999999999325 -0.015000000000000568434 0.036000000000001364242 0.99998811561204359322 0.00020815115099618447525 0.00065087054309278277557 -0.0013369149127959399897 0 0 
2 -29.850000000000001421 2.9790000000000000924 2.1300000000000007816 -0.96009999999999995346 -0.030999999999999999778 0.27789999999999998037 0.093700000000000005507 -0.97209999999999996412 0.21510000000000001341 0.26350000000000001199 0.23250000000000001221 0.93620000000000003215 -0.10200000000000031264 0.060000000000000053291 0.0060000000000020037305 0.99999565496036479928 0.00026230607005190797847 -0.0006133171244388441537 0.00013474368313943000091 0 0 -1.554000000000000048 -10.281000000000000583 -11.30400000000000027 -0.96870000000000000551 0.0033999999999999998106 -0.24820000000000000395 0.046300000000000000877 0.9848000000000000087 -0.16719999999999998752 0.24390000000000000568 -0.17349999999999998757 -0.95420000000000004814 -0.0029999999999998916422 0.012000000000000454747 0.029999999999999360512 0.9999880396504798874 -0.00051777164311940645711 0.00036947778347809961735 0.00090321757414799531006 0 0 
2 -29.921999999999997044 3.0420000000000002593 2.1600000000000001421 -0.95960000000000000853 -0.035000000000000003331 0.27929999999999999272 0.097799999999999998046 -0.97189999999999998614 0.21410000000000001252 0.26400000000000001243 0.23269999999999999019 0.93600000000000005418 -0.071999999999995623057 0.063000000000000166978 0.029999999999999360512 0.9999957203372502601 -0.00044088138942028850566 -0.00074486115238963702435 -0.0019491529860359620846 0 0 -1.554000000000000048 -10.253999999999999559 -11.201999999999999957 -0.96909999999999996145 -0.00050000000000000001041 -0.24679999999999999161 0.043099999999999999423 0.98429999999999995275 -0.17119999999999999107 0.24299999999999999378 -0.17660000000000000697 -0.95379999999999998117 0 0.027000000000001023182 0.10200000000000031264 0.99998760535882846856 0.0020033293547146316729 -0.00073419836670623116973 -0.0014987638346204872671 0 0 
2 -30 3.1169999999999999929 2.2140000000000004121 -0.96050000000000002043 -0.033899999999999999578 0.27600000000000002309 0.096900000000000000022 -0.97119999999999995222 0.21790000000000001035 0.2606999999999999873 0.23599999999999998757 0.93610000000000004317 -0.078000000000002955858 0.074999999999999733546 0.054000000000000270006 0.99999036880018343787 0.0017751072097910536134 0.0017744026587877277223 6.3555760504292621539e-05 0 0 -1.5569999999999999396 -10.214999999999999858 -11.076000000000000512 -0.96940000000000003944 -0.00089999999999999997537 -0.24560000000000001275 0.042900000000000000633 0.98399999999999998579 -0.17299999999999998712 0.24190000000000000391 -0.17819999999999999729 -0.95379999999999998117 -0.0029999999999998916422 0.038999999999999701572 0.12599999999999944578 0.99999278974753724736 0.00086216048311175312938 -0.00059952643199363180385 2.8876978477083222251e-06 0 0 
2 -30.020999999999997243 3.1949999999999998401 2.3100000000000004974 -0.96060000000000000941 -0.033300000000000003209 0.27589999999999997859 0.096500000000000002442 -0.97099999999999997424 0.21870000000000000551 0.2606999999999999873 0.23669999999999999374 0.93600000000000005418 -0.020999999999997243094 0.077999999999999847233 0.096000000000000085265 1.0000011489830522571 0.00041539484106225952513 6.5622751458695660013e-05 0.00019157957080187656626 0 0 -1.6080000000000000959 -10.17900000000000027 -10.890000000000000568 -0.96970000000000000639 0.00050000000000000001041 -0.24440000000000000613 0.044600000000000000755 0.98360000000000002984 -0.17489999999999999991 0.24030000000000001359 -0.18049999999999999378 -0.95379999999999998117 -0.051000000000000156319 0.035999999999999587885 0.18599999999999994316 0.99999655306029933133 0.00094743720552003824614 -0.0006376187196360052524 0.00097214641449424406185 0 0 
2 -30.071999999999999176 3.2730000000000001315 2.3879999999999999005 -0.9625000000000000222 -0.030599999999999998729 0.26960000000000000631 0.093600000000000002642 -0.97009999999999996234 0.22400000000000000466 0.25469999999999998197 0.24079999999999998628 0.9365999999999999881 -0.051000000000001932676 0.078000000000000291323 0.077999999999999403144 0.9999975424360194598 0.0023934603140492107139 0.0033734482376654387897 0.00072427985352828156296 0 0 -1.6350000000000000089 -10.128000000000000114 -10.733999999999999986 -0.97009999999999996234 0.00080000000000000003834 -0.2429000000000000048 0.044400000000000001965 0.98370000000000001883 -0.17410000000000000475 0.23880000000000001226 -0.17969999999999999862 -0.95430000000000003713 -0.026999999999999912959 0.051000000000000156319 0.15600000000000058265 0.99999055308634554606 -0.00043291324534852626549 -0.00077556650058234932917 4.2022540277107440934e-05 0 0 
2 -30.176999999999999602 3.3480000000000003091 2.4119999999999990337 -0.96309999999999995612 -0.029000000000000001471 0.26760000000000000453 0.092600000000000001754 -0.96919999999999995044 0.22830000000000000293 0.25269999999999998019 0.24460000000000001186 0.93610000000000004317 -0.10500000000000042633 0.075000000000000177636 0.023999999999999133138 0.99999675849979219322 0.002105556195457109446 0.0011146291600034109216 0.00024869435641561570428 0 0 -1.6350000000000000089 -10.098000000000000753 -10.637999999999999901 -0.96919999999999995044 0.0018999999999999999962 -0.2464000000000000079 0.046699999999999998457 0.98319999999999996287 -0.17640000000000000124 0.24190000000000000391 -0.18249999999999999556 -0.95299999999999995826 0 0.029999999999999360512 0.096000000000000085265 0.99998988490095519488 0.0012476728099451294286 0.0017951708686266773258 0.00086597879447908201848 0 0 
2 -30.251999999999998892 3.4259999999999997122 2.4599999999999990763 -0.9606999999999999984 -0.036700000000000003453 0.27510000000000001119 0.10119999999999999829 -0.96940000000000003944 0.22379999999999999893 0.25850000000000000755 0.2429000000000000048 0.93500000000000005329 -0.074999999999999289457 0.077999999999999403144 0.048000000000000042633 0.99998735803991545268 -0.001893077700369227628 -0.0039882014984009084638 -0.003488411824719785375 0 0 -1.6380000000000001226 -10.080000000000000071 -10.571999999999999176 -0.96899999999999997247 0.0074999999999999997224 -0.24699999999999999734 0.052600000000000000921 0.98280000000000000693 -0.17690000000000000169 0.24140000000000000346 -0.18440000000000000835 -0.9526999999999999913 -0.0030000000000001136868 0.018000000000000682121 0.066000000000000724754 0.99997702337683969098 0.00026224924635134111688 0.00031105189614605402481 0.00294957203551460918 0 0 
2 -30.279000000000003467 3.5489999999999999325 2.5800000000000000711 -0.96209999999999995524 -0.035200000000000002121 0.27019999999999999574 0.099799999999999999822 -0.96819999999999994955 0.22930000000000000382 0.2535999999999999921 0.24759999999999998677 0.93510000000000004228 -0.027000000000004575895 0.12300000000000022027 0.12000000000000099476 0.99998273371208501459 0.0025508087215268511819 0.0026424093509377593984 8.0782873220413959595e-05 0 0 -1.6380000000000001226 -10.080000000000000071 -10.571999999999999176 -0.96970000000000000639 0.015599999999999999284 -0.24390000000000000568 0.060299999999999999434 0.98240000000000005098 -0.17710000000000000742 0.23689999999999999947 -0.18640000000000001013 -0.95350000000000001421 0 0 0 0.99998961721381673939 4.5606873830601750079e-07 -0.0015764152625922221197 0.0041863139567879219943 0 0 
2 -30.45299999999999585 3.6749999999999998224 2.6099999999999994316 -0.96099999999999996536 -0.039500000000000000389 0.27369999999999999885 0.10480000000000000426 -0.96799999999999997158 0.22800000000000000822 0.25600000000000000533 0.24779999999999999249 0.93440000000000000835 -0.17399999999999238298 0.12599999999999988987 0.029999999999999360512 0.99999568340019029389 -0.00047277550099169874135 -0.0018405993917018849577 -0.0021233186970114619092 0 0 -1.6109999999999999876 -10.080000000000000071 -10.571999999999999176 -0.97079999999999999627 0.022700000000000001427 -0.23899999999999999023 0.066699999999999995404 0.98180000000000000604 -0.17760000000000000786 0.23059999999999999942 -0.1884000000000000119 -0.95460000000000000409 0.027000000000000135003 0 0 0.99997419097159234713 0.00012276467504104189598 -0.0025460944225979974427 0.003709677517461542999 0 0 
2 -30.585000000000000853 3.7529999999999996696 2.6099999999999994316 -0.96130000000000004334 -0.040899999999999998856 0.27239999999999997549 0.1063000000000000056 -0.96740000000000003766 0.22980000000000000426 0.25419999999999998153 0.24990000000000001101 0.93430000000000001936 -0.13200000000000500222 0.077999999999999847233 0 0.9999923348427228742 0.00085788189433898699027 0.00070856962519312441471 -0.00095801421460749527394 0 0 -1.6109999999999999876 -10.065000000000001279 -10.596000000000000085 -0.97019999999999995133 0.02359999999999999945 -0.24129999999999998672 0.068000000000000004885 0.98180000000000000604 -0.17730000000000001315 0.23269999999999999019 -0.1884000000000000119 -0.95409999999999994813 0 0.014999999999998792077 -0.024000000000000909495 0.99998782563386934275 -9.0756341467964428524e-05 0.0011867581198046431995 0.00044207342482243175679 0 0 
2 -30.863999999999997215 3.8610000000000002096 2.5199999999999995737 -0.9625000000000000222 -0.040500000000000001277 0.26810000000000000497 0.10559999999999999942 -0.96670000000000000373 0.23319999999999999063 0.24979999999999999427 0.25280000000000002469 0.93469999999999997531 -0.27899999999999636202 0.10800000000000054001 -0.089999999999999857891 0.99999035772714894854 0.001498204377445818249 0.0022988908963738571324 -0.00020003695031361255871 0 0 -1.6109999999999999876 -10.065000000000001279 -10.596000000000000085 -0.9706000000000000183 0.025499999999999998362 -0.2393000000000000127 0.069599999999999995204 0.98170000000000001705 -0.17749999999999999112 0.23030000000000000471 -0.18890000000000001235 -0.95460000000000000409 0 0 0 0.99998977817919965094 2.2830363490944036322e-05 -0.0010432132746280376248 0.00099502315609199592714 0 0 
2 -31.077000000000001734 3.9689999999999998614 2.4300000000000014921 -0.96199999999999996625 -0.044999999999999998335 0.26919999999999999485 0.11010000000000000342 -0.96650000000000002576 0.23200000000000001177 0.24979999999999999427 0.25280000000000002469 0.93469999999999997531 -0.21300000000000451905 0.10799999999999965183 -0.089999999999998081535 0.99999388410854883613 -0.00056883802865617259965 -0.00059215718689392454668 -0.0021806646593312316654 0 0 -1.6109999999999999876 -10.065000000000001279 -10.596000000000000085 -0.97040000000000004032 0.02709999999999999909 -0.23999999999999999112 0.071300000000000002265 0.98160000000000002807 -0.17730000000000001315 0.23069999999999998841 -0.18920000000000000706 -0.95440000000000002611 0 0 0 0.99998540687966364082 -5.4847147884046932459e-05 0.00036765967507258528676 0.0008068656268559400201 0 0 
2 -31.191000000000002501 4.0800000000000000711 2.4899999999999984368 -0.96150000000000002132 -0.049899999999999999911 0.27039999999999997371 0.11550000000000000544 -0.96570000000000000284 0.23239999999999999547 0.24949999999999999956 0.25469999999999998197 0.93430000000000001936 -0.11400000000000076739 0.11100000000000020961 0.059999999999996944666 0.99999762265575553588 0.00029595836141491337892 -0.00057928256844378724078 -0.0026484513805972464441 0 0 -1.6109999999999999876 -10.065000000000001279 -10.596000000000000085 -0.97079999999999999627 0.027799999999999998324 -0.2384000000000000008 0.071800000000000002709 0.98150000000000003908 -0.17760000000000000786 0.2290000000000000091 -0.18950000000000000178 -0.95479999999999998206 0 0 0 0.99999331934427315716 7.7890159110767273978e-05 -0.00082400346853980538809 0.00038931400037115523449 0 0 
2 -31.314000000000000057 4.2509999999999994458 2.5800000000000000711 -0.96140000000000003233 -0.05070000000000000201 0.27029999999999998472 0.11690000000000000391 -0.96489999999999997993 0.23510000000000000342 0.24890000000000001013 0.25759999999999999565 0.93359999999999998543 -0.12299999999999755573 0.17099999999999937472 0.090000000000001634248 0.99998487601722574336 0.0013650011093250316845 0.0001103497873189579774 -0.00077377216451600860838 0 0 -1.6109999999999999876 -10.065000000000001279 -10.596000000000000085 -0.97079999999999999627 0.029299999999999999656 -0.23790000000000000036 0.072900000000000006461 0.98160000000000002807 -0.17630000000000001226 0.22839999999999999192 -0.18850000000000000089 -0.95509999999999994902 0 0 0 0.99997227484260731156 -0.00066922161408938720534 -0.00020959120432207151608 0.00060332576964230511581 0 0 
2 -31.457999999999998408 4.4670000000000005258 2.6219999999999998863 -0.96230000000000004423 -0.055300000000000001932 0.26629999999999998117 0.12159999999999999976 -0.96330000000000004512 0.2393000000000000127 0.2432999999999999885 0.26260000000000000009 0.93369999999999997442 -0.14399999999999835154 0.21600000000000108002 0.041999999999999815259 0.99998583933490459152 0.0019063480270859419798 0.0021821975651963991007 -0.0029466771079886097846 0 0 -1.6109999999999999876 -10.065000000000001279 -10.596000000000000085 -0.97140000000000004121 0.0269000000000000003 -0.23610000000000000431 0.070499999999999993228 0.98150000000000003908 -0.17790000000000000258 0.22689999999999999059 -0.18940000000000001279 -0.95530000000000003801 0 0 0 0.99998657464313811527 0.00073204192720242573875 -0.00097709881756819004332 -0.0010519020405983226223 0 0 
2 -31.568999999999999062 4.6979999999999995097 2.6639999999999997016 -0.96340000000000003411 -0.05360000000000000181 0.26279999999999997806 0.120499999999999996 -0.96189999999999997726 0.245499999999999996 0.23960000000000000742 0.26810000000000000497 0.9331000000000000405 -0.1110000000000006537 0.23099999999999898392 0.041999999999999815259 0.99999658128149271352 0.0029649306122043416444 0.001996737308568441796 6.8996664947833518137e-05 0 0 -1.6109999999999999876 -10.065000000000001279 -10.596000000000000085 -0.97140000000000004121 0.028099999999999999978 -0.23560000000000000386 0.07159999999999999698 0.98140000000000005009 -0.17790000000000000258 0.22630000000000000115 -0.18970000000000000751 -0.955400000000000027 0 0 0 0.99997660432277468701 -2.8383064261984964685e-06 -0.00022147154438673653017 0.00060848601015512531788 0 0 
2 -31.580999999999999517 4.9139999999999997016 2.7179999999999999716 -0.96350000000000002309 -0.054399999999999996969 0.26229999999999997762 0.12199999999999999734 -0.96079999999999998739 0.24879999999999999338 0.23849999999999998979 0.27169999999999999707 0.93240000000000000657 -0.012000000000000454747 0.21600000000000019185 0.054000000000000270006 1.0000016055023308592 0.0016885004296579545109 0.00034895369830640341532 -0.00087460602629978168292 0 0 -1.6109999999999999876 -10.065000000000001279 -10.596000000000000085 -0.97079999999999999627 0.027500000000000000139 -0.2384000000000000008 0.071800000000000002709 0.98129999999999995008 -0.17879999999999998672 0.2290000000000000091 -0.19070000000000000839 -0.95460000000000000409 0 0 0 0.99999839711108817752 0.00055706832060826928961 0.0013982563976692211852 -0.00016208251299293372004 0 0 
2 -31.586999999999999744 5.0640000000000000568 2.7419999999999991047 -0.96389999999999997904 -0.0538000000000000006 0.2606999999999999873 0.12159999999999999976 -0.96009999999999995346 0.25169999999999997931 0.23680000000000001048 0.27429999999999998828 0.93200000000000005063 -0.0060000000000002273737 0.15000000000000035527 0.023999999999999133138 0.99998613143203862741 0.0013909627387063664035 0.00089732966678268536766 -4.5796768010141926104e-05 0 0 -1.6109999999999999876 -10.065000000000001279 -10.596000000000000085 -0.97140000000000004121 0.0269000000000000003 -0.23610000000000000431 0.070499999999999993228 0.98150000000000003908 -0.17790000000000000258 0.22689999999999999059 -0.18940000000000001279 -0.95530000000000003801 0 0 0 0.99998692753263029864 -0.00055336625778010142384 -0.0011771081765859121859 -0.00044651583286602406202 0 0 
2 -31.545000000000001705 5.2140000000000004121 2.7059999999999995168 -0.96360000000000001208 -0.05340000000000000302 0.26200000000000001066 0.12199999999999999734 -0.95969999999999999751 0.25309999999999999165 0.23790000000000000036 0.27579999999999998961 0.9313000000000000167 0.041999999999998038902 0.15000000000000035527 -0.035999999999999587885 0.99999559433286799859 0.0008023443488901229291 -0.00061312340456853842412 -2.9177825864001868754e-05 0 0 -1.6109999999999999876 -10.065000000000001279 -10.596000000000000085 -0.97140000000000004121 0.028099999999999999978 -0.23560000000000000386 0.07159999999999999698 0.98140000000000005009 -0.17790000000000000258 0.22630000000000000115 -0.18970000000000000751 -0.955400000000000027 0 0 0 0.99997660428002244082 -2.8935673313940421576e-06 -0.00022150544308469668738 0.00060848828307373265933 0 0 
2 -31.515000000000000568 5.2440000000000006608 2.72999999999999865 -0.96309999999999995612 -0.053199999999999997291 0.26390000000000002345 0.12220000000000000306 -0.9597999999999999865 0.25259999999999999121 0.23990000000000000213 0.27560000000000001164 0.93089999999999994973 0.030000000000001136868 0.03000000000000024869 0.023999999999999133138 1.0000020126185162894 -0.0001067950498036381523 -0.0010077938055710286037 0.0001463756262038721969 0 0 -1.6109999999999999876 -10.065000000000001279 -10.596000000000000085 -0.97199999999999997513 0.0269000000000000003 -0.23339999999999999636 0.070300000000000001377 0.9811999999999999611 -0.17949999999999999289 0.22420000000000001039 -0.19089999999999998637 -0.95569999999999999396 0 0 0 0.99998495327496006446 0.0007290741802420884184 -0.0011746322030765444025 -0.00044350776700030316224 0 0 
2 -31.538999999999997925 5.3249999999999992895 2.8200000000000002842 -0.96209999999999995524 -0.056099999999999997091 0.26679999999999998161 0.12570000000000000617 -0.95960000000000000853 0.2518000000000000238 0.24190000000000000391 0.27579999999999998961 0.93030000000000001581 -0.023999999999997356781 0.080999999999998628653 0.090000000000001634248 0.99999835364937539328 -0.00024425200924186072715 -0.0015111044486492224669 -0.0014316987655283294409 0 0 -1.6109999999999999876 -10.055999999999999162 -10.559999999999998721 -0.97109999999999996323 0.02709999999999999909 -0.23730000000000001092 0.0711999999999999994 0.9811999999999999611 -0.17940000000000000391 0.22800000000000000822 -0.1910999999999999921 -0.95469999999999999307 0 0.0090000000000021174174 0.036000000000001364242 0.99998858270735424547 8.5560507378174970343e-05 0.0020062410625252976269 0.00010522907309496011628 0 0 
2 -31.52699999999999747 5.4480000000000003979 2.9100000000000001421 -0.96260000000000001119 -0.0567000000000000004 0.26500000000000001332 0.12670000000000000706 -0.95850000000000001865 0.25530000000000002691 0.23960000000000000742 0.27929999999999999272 0.92979999999999995985 0.012000000000000454747 0.12300000000000110845 0.089999999999999857891 0.99999176181984583689 0.0016920826375204926946 0.0010180486523414839124 -0.00078202967676908278095 0 0 -1.6140000000000001013 -10.035000000000000142 -10.5 -0.97079999999999999627 0.027599999999999999534 -0.2384000000000000008 0.072099999999999997424 0.98099999999999998312 -0.17999999999999999334 0.22889999999999999236 -0.19189999999999998725 -0.95430000000000003713 -0.0030000000000001136868 0.020999999999999019451 0.059999999999998721023 0.99998247094423209358 0.00034397909265024875477 0.000552165320416229434 0.00035034010693581923209 0 0 
2 -31.535999999999997812 5.5560000000000000497 2.9579999999999984084 -0.96199999999999996625 -0.05999999999999999778 0.26640000000000002567 0.13050000000000000488 -0.9579999999999999627 0.25550000000000000488 0.23980000000000001315 0.28060000000000001608 0.92940000000000000391 -0.0090000000000003410605 0.10799999999999965183 0.047999999999998266276 1.0000031325373550661 0.00021121620123655844158 -0.0006832465881458028769 -0.0017929347592115822078 0 0 -1.6140000000000001013 -10.035000000000000142 -10.5 -0.97050000000000002931 0.028000000000000000583 -0.23960000000000000742 0.072700000000000000733 0.98099999999999998312 -0.17979999999999998761 0.23000000000000000999 -0.19189999999999998725 -0.95409999999999994813 0 0 0 0.99999200297916057689 -5.498903926078576237e-05 0.00061361341741927367434 0.00019352937363690603852 0 0 
2 -31.571999999999999176 5.6850000000000004974 3.1079999999999987637 -0.96089999999999997637 -0.063600000000000003753 0.26939999999999997282 0.13509999999999999787 -0.9572000000000000508 0.25580000000000002736 0.24160000000000000919 0.28220000000000000639 0.92840000000000000302 -0.036000000000001364242 0.12900000000000044764 0.15000000000000035527 0.99998234024767451711 0.00037015267024755700229 -0.001557030393880549533 -0.001979737893629292169 0 0 -1.6380000000000001226 -10.025999999999999801 -10.469999999999998863 -0.97119999999999995222 0.028699999999999999817 -0.23639999999999999902 0.072599999999999997868 0.98109999999999997211 -0.17929999999999998717 0.2268000000000000016 -0.19129999999999999782 -0.95499999999999996003 -0.024000000000000021316 0.0090000000000003410605 0.030000000000001136868 0.99998480067466155585 -0.0003777325552107069803 -0.0016286999534660944345 0.00025763114022633876047 0 0 
2 -31.60199999999999676 5.7960000000000002629 3.2339999999999999858 -0.96089999999999997637 -0.065600000000000005529 0.26900000000000001688 0.1375000000000000111 -0.95640000000000002789 0.25769999999999998463 0.24040000000000000258 0.28460000000000001963 0.92800000000000004707 -0.029999999999997584155 0.11099999999999976552 0.12600000000000122213 0.99999557332299948698 0.00095009550491809537445 0.00026108280765098118743 -0.0013115387146816696439 0 0 -1.6619999999999999218 -10.025999999999999801 -10.469999999999998863 -0.9715000000000000302 0.026800000000000000905 -0.23569999999999999285 0.070900000000000004685 0.98099999999999998312 -0.18069999999999999951 0.22639999999999999014 -0.19229999999999999871 -0.95489999999999997105 -0.023999999999999799272 0 0 0.99999947158406532477 0.00069865401001827369572 -0.00037916802154912298585 -0.0008027789529313724597 0 0 
2 -31.595999999999996533 5.8769999999999997797 3.3540000000000009805 -0.96140000000000003233 -0.063200000000000006173 0.26769999999999999352 0.13559999999999999831 -0.95560000000000000497 0.26140000000000002123 0.2393000000000000127 0.28760000000000002229 0.92740000000000000213 0.0060000000000002273737 0.080999999999999516831 0.12000000000000099476 0.99998854309564744192 0.0018150091286883117663 0.00081462590739586474616 0.00075299153993419528242 0 0 -1.6619999999999999218 -10.025999999999999801 -10.469999999999998863 -0.97099999999999997424 0.028000000000000000583 -0.23760000000000000564 0.072200000000000000289 0.9811999999999999611 -0.17910000000000000919 0.2280999999999999972 -0.19100000000000000311 -0.95469999999999999307 0 0 0 0.99999228549140162237 -0.00076011438365814604484 0.00099509913798210224666 0.00045474136424444308114 0 0 
2 -31.580999999999999517 5.9250000000000007105 3.4320000000000003837 -0.9606999999999999984 -0.065100000000000005085 0.26989999999999997327 0.13810000000000000053 -0.955400000000000027 0.26090000000000002078 0.24090000000000000302 0.28789999999999998925 0.92689999999999994618 0.014999999999997015721 0.048000000000000930811 0.077999999999999403144 0.999998140867591645 -9.3242715625786452599e-05 -0.0011568046753488612447 -0.00097465858241965763233 0 0 -1.6619999999999999218 -10.038000000000000256 -10.44599999999999973 -0.97070000000000000728 0.028799999999999999212 -0.23869999999999999551 0.072800000000000003597 0.98140000000000005009 -0.17769999999999999685 0.22919999999999998708 -0.18979999999999999649 -0.95469999999999999307 0 -0.012000000000000454747 0.023999999999999133138 0.99999354700348630498 -0.00067857342271854465335 0.00059947698679454792126 0.00021889123684899462904 0 0 
2 -31.535999999999997812 6.0030000000000001137 3.5340000000000006963 -0.95940000000000003055 -0.066699999999999995404 0.27419999999999999929 0.14069999999999999174 -0.95530000000000003801 0.2599000000000000199 0.24460000000000001186 0.28789999999999998925 0.92589999999999994529 0.045000000000001705303 0.077999999999999403144 0.10200000000000031264 0.99999714844483367227 -0.00019830676348335654147 -0.002242103512075639335 -0.00076363005562680671447 0 0 -1.6619999999999999218 -10.038000000000000256 -10.44599999999999973 -0.97119999999999995222 0.027300000000000001349 -0.23649999999999998801 0.071499999999999994116 0.98099999999999998312 -0.18049999999999999378 0.22709999999999999631 -0.19229999999999999871 -0.95469999999999999307 0 0 0 0.99998405126410883081 0.0013750844276304841334 -0.0011736007046256856107 -0.00043636012613673403606 0 0 
2 -31.55700000000000216 6.1440000000000001279 3.6120000000000000995 -0.95640000000000002789 -0.074599999999999999645 0.28239999999999998437 0.14999999999999999445 -0.95509999999999994902 0.25569999999999998286 0.25059999999999998943 0.28689999999999998836 0.92459999999999997744 -0.021000000000004348522 0.14100000000000001421 0.077999999999999403144 0.99998735786522330304 -0.0015327978262524662081 -0.0043926418192205421778 -0.0036799433134541365345 0 0 -1.6380000000000001226 -10.038000000000000256 -10.439999999999999503 -0.97119999999999995222 0.029000000000000001471 -0.23639999999999999902 0.072599999999999997868 0.98129999999999995008 -0.1781000000000000083 0.2268000000000000016 -0.19009999999999999121 -0.95520000000000004903 0.023999999999999799272 0 0.0060000000000002273737 0.99997936543022569733 -0.0012524028111000210309 -3.1805311631129489067e-05 0.00056664226336922444635 0 0 
2 -31.55700000000000216 6.2880000000000002558 3.7620000000000004547 -0.95530000000000003801 -0.08010000000000000453 0.28439999999999998614 0.15620000000000000551 -0.95389999999999997016 0.25609999999999999432 0.25080000000000002292 0.28910000000000002363 0.92390000000000005453 0 0.1440000000000001279 0.15000000000000035527 0.99998536500701673546 0.00038006165680003943736 -0.0010272481028390290959 -0.0029843174391792725957 0 0 -1.6140000000000001013 -10.050000000000000711 -10.475999999999999091 -0.97109999999999996323 0.029200000000000000261 -0.23669999999999999374 0.072499999999999995004 0.98160000000000002807 -0.17640000000000000124 0.22720000000000001306 -0.18850000000000000089 -0.955400000000000027 0.024000000000000021316 -0.012000000000000454747 -0.035999999999999587885 0.99997300604487737719 -0.00083170261582414832177 0.00018935181378262498295 -9.0400189166780128814e-05 0 0 
2 -31.580999999999999517 6.3839999999999994529 3.8700000000000009948 -0.95640000000000002789 -0.085800000000000001266 0.27900000000000002576 0.16120000000000000995 -0.95209999999999994635 0.2599000000000000199 0.2432999999999999885 0.29360000000000002762 0.92439999999999999947 -0.023999999999997356781 0.095999999999999197087 0.10800000000000054001 0.99997675542926867109 0.0015113005152269599809 0.0029598353350991199635 -0.0034264994488236262191 0 0 -1.6140000000000001013 -10.050000000000000711 -10.475999999999999091 -0.97109999999999996323 0.027400000000000000744 -0.23719999999999999418 0.071400000000000005129 0.98129999999999995008 -0.17890000000000000346 0.22789999999999999147 -0.19070000000000000839 -0.95479999999999998206 0 0 0 0.99999000681834893101 0.00129060882330407742 0.00022884983836300579804 -0.00060954333880167479998 0 0 
2 -31.629000000000001336 6.668999999999999595 4.0679999999999996163 -0.95550000000000001599 -0.099299999999999999378 0.27789999999999998037 0.17489999999999999991 -0.94910000000000005471 0.26209999999999999964 0.23769999999999999463 0.299099999999999977 0.92420000000000002149 -0.048000000000001818989 0.28500000000000014211 0.19799999999999862155 0.99998589824203576448 0.0010392294192715604163 0.00068092130869470111638 -0.0073748212894076264901 0 0 -1.5870000000000001883 -10.050000000000000711 -10.469999999999998863 -0.97099999999999997424 0.027300000000000001349 -0.23760000000000000564 0.071400000000000005129 0.98129999999999995008 -0.17890000000000000346 0.22830000000000000293 -0.19070000000000000839 -0.95469999999999999307 0.026999999999999912959 0 0.0060000000000002273737 0.99998989046256270274 1.3482815088694219305e-05 0.00020421474799680369022 -4.2664295852263345646e-05 0 0 
2 -31.649999999999998579 6.7980000000000000426 4.1699999999999999289 -0.95369999999999999218 -0.10639999999999999458 0.28129999999999999449 0.18279999999999999027 -0.94779999999999997584 0.26119999999999998774 0.23880000000000001226 0.30049999999999998934 0.92339999999999999858 -0.020999999999997243094 0.12900000000000044764 0.10200000000000031264 0.99998672066840932349 -0.0001539435462349383573 -0.001796110998952498046 -0.0036725445326893325568 0 0 -1.5870000000000001883 -10.050000000000000711 -10.469999999999998863 -0.97130000000000005222 0.028099999999999999978 -0.23599999999999998757 0.071900000000000005573 0.9811999999999999611 -0.17910000000000000919 0.22659999999999999587 -0.19089999999999998637 -0.95509999999999994902 0 0 0 0.99998219304148183717 2.37581048354375809e-05 -0.00081599376232018071362 0.00040904652318561238698 0 0 
2 -31.695000000000000284 6.9779999999999997584 4.3620000000000000995 -0.95430000000000003713 -0.11079999999999999571 0.27739999999999997993 0.18720000000000000528 -0.94550000000000000711 0.26629999999999998117 0.23280000000000000693 0.30609999999999998321 0.92310000000000003162 -0.045000000000001705303 0.17999999999999971578 0.19200000000000017053 0.99997918770335125771 0.0022608485408356069658 0.0022850306512350385124 -0.0029660672113635024039 0 0 -1.5870000000000001883 -10.050000000000000711 -10.469999999999998863 -0.97130000000000005222 0.028099999999999999978 -0.23599999999999998757 0.071900000000000005573 0.9811999999999999611 -0.17910000000000000919 0.22659999999999999587 -0.19089999999999998637 -0.95509999999999994902 0 0 0 0.99998260990520304592 -7.0563981989605689765e-09 -3.9251945501656538887e-08 2.3411341566475206908e-08 0 0 
2 -31.769999999999999574 7.1190000000000006608 4.386000000000001009 -0.95420000000000004814 -0.11609999999999999487 0.27589999999999997859 0.1923999999999999877 -0.94399999999999995026 0.26810000000000000497 0.22930000000000000382 0.30880000000000001892 0.92310000000000003162 -0.074999999999999289457 0.14100000000000090239 0.024000000000000909495 1.0000039919198586702 0.00073934553886297711082 0.00089670724152527976191 -0.002991672394850421364 0 0 -1.5870000000000001883 -10.050000000000000711 -10.469999999999998863 -0.97130000000000005222 0.027799999999999998324 -0.23610000000000000431 0.071900000000000005573 0.98099999999999998312 -0.1804000000000000048 0.22659999999999999587 -0.19220000000000000973 -0.95489999999999997105 0 0 0 0.99999622391560172296 0.00066618759820563427584 1.2243535607867564875e-05 4.3775835002517077965e-06 0 0 
2 -31.881000000000000227 7.23300000000000054 4.4280000000000008242 -0.95289999999999996927 -0.12139999999999999403 0.27779999999999999138 0.19809999999999999831 -0.94310000000000004938 0.26710000000000000409 0.22959999999999999853 0.30959999999999998632 0.92269999999999996465 -0.1110000000000006537 0.11399999999999987921 0.041999999999999815259 0.99998722553777119604 -0.00027058473058554571118 -0.0010651251746457296183 -0.0027131769899167239822 0 0 -1.6140000000000001013 -10.065000000000001279 -10.451999999999999957 -0.97270000000000000906 0.027500000000000000139 -0.23059999999999999942 0.070400000000000004241 0.9811999999999999611 -0.17979999999999998761 0.22129999999999999671 -0.1910999999999999921 -0.9563000000000000389 -0.026999999999999912959 -0.015000000000000568434 0.017999999999998905764 0.99999113441966636096 -0.00050651020303522020175 -0.0028194815319980228753 -0.00026165972678128025537 0 0 
2 -32.060999999999999943 7.3140000000000000568 4.3140000000000000568 -0.95089999999999996749 -0.12820000000000000839 0.28179999999999999494 0.20519999999999999352 -0.94259999999999999343 0.26360000000000000098 0.23180000000000000604 0.30840000000000000746 0.92259999999999997566 -0.17999999999999971578 0.080999999999999516831 -0.11400000000000076739 1.0000005559038742664 -0.0014118046129434280115 -0.0022526014764579298764 -0.0031402755015263214382 0 0 -1.6140000000000001013 -10.065000000000001279 -10.451999999999999957 -0.9724000000000000421 0.033000000000000001554 -0.23119999999999998885 0.075999999999999998113 0.98080000000000000515 -0.17960000000000000964 0.22079999999999999627 -0.19220000000000000973 -0.95620000000000004992 0 0 0 0.99999121329409579317 -7.6305485239986506406e-05 0.0003043595701701386734 0.0028048083072118733423 0 0 
2 -32.151000000000003354 7.4850000000000003197 4.2660000000000000142 -0.94950000000000001066 -0.13270000000000001239 0.28439999999999998614 0.21029999999999998694 -0.94169999999999998153 0.26269999999999998908 0.23300000000000001266 0.30930000000000001936 0.92200000000000004174 -0.090000000000003410605 0.1710000000000002629 -0.048000000000000042633 1.0000016991761409013 -0.00013253405512671492176 -0.0014103006180186039228 -0.0023220661175670708962 0 0 -1.6140000000000001013 -10.065000000000001279 -10.451999999999999957 -0.97260000000000002007 0.031099999999999999173 -0.23050000000000001044 0.074300000000000004929 0.98070000000000001616 -0.18099999999999999423 0.22040000000000001257 -0.19320000000000001061 -0.95609999999999994991 0 0 0 0.99999549131030918137 0.00069567992560913094555 -0.00037470855923044023988 -0.0008039594719216815611 0 0 
2 -32.177999999999997272 7.5929999999999999716 4.2419999999999991047 -0.94769999999999998685 -0.14069999999999999174 0.28629999999999999893 0.21799999999999999933 -0.94079999999999996962 0.25950000000000000844 0.23289999999999999591 0.30840000000000000746 0.9223000000000000087 -0.026999999999993917754 0.10799999999999965183 -0.024000000000000909495 0.9999802653993962176 -0.0014307391270465643403 -0.0012124867328269196224 -0.0037740100955190630967 0 0 -1.6140000000000001013 -10.065000000000001279 -10.451999999999999957 -0.97179999999999999716 0.034000000000000002442 -0.2335000000000000131 0.077299999999999993716 0.98080000000000000515 -0.17929999999999998717 0.22289999999999998703 -0.19229999999999999871 -0.95569999999999999396 0 0 0 0.99999757186443838375 -0.0007608708945159522747 0.0015623963685824752718 0.0012745933861464655776 0 0 
2 -32.256000000000000227 7.6379999999999999005 4.1340000000000003411 -0.9483000000000000318 -0.13910000000000000142 0.28520000000000000906 0.21659999999999998699 -0.94059999999999999165 0.2615999999999999992 0.23189999999999999503 0.30980000000000001981 0.92210000000000003073 -0.078000000000002955858 0.044999999999999928946 -0.10799999999999876366 1.0000009665521027991 0.00092088705225678560342 0.00072771190632688639681 0.00055983862723685327931 0 0 -1.6140000000000001013 -10.065000000000001279 -10.451999999999999957 -0.97209999999999996412 0.033500000000000001998 -0.23230000000000000648 0.076700000000000004285 0.98080000000000000515 -0.17940000000000000391 0.22179999999999999716 -0.19220000000000000973 -0.95589999999999997193 0 0 0 0.99998647183906985703 1.0000652823862766892e-05 -0.00061178303067170743644 -0.00022381540733128177964 0 0 
2 -32.360999999999997101 7.6829999999999998295 3.9960000000000004405 -0.94630000000000003002 -0.15040000000000000591 0.28629999999999999893 0.22689999999999999059 -0.93959999999999999076 0.25629999999999997229 0.23039999999999999369 0.30749999999999999556 0.92320000000000002061 -0.10499999999999687361 0.044999999999999928946 -0.13799999999999990052 0.99998265921222451169 -0.0025637805104817717496 -0.00095437074431512609277 -0.0052075639866644048148 0 0 -1.6140000000000001013 -10.065000000000001279 -10.451999999999999957 -0.9724000000000000421 0.0326999999999999999 -0.23119999999999998885 0.075999999999999998113 0.98060000000000002718 -0.18090000000000000524 0.22079999999999999627 -0.19339999999999998859 -0.95589999999999997193 0 0 0 0.999991357612792231 0.00070077246436221274969 -0.00058389724381909566091 -0.00025012953021649400468 0 0 
2 -32.472000000000001307 7.6829999999999998295 3.8879999999999999005 -0.94240000000000001545 -0.16100000000000000422 0.29310000000000002718 0.23769999999999999463 -0.93899999999999994582 0.24859999999999998765 0.23510000000000000342 0.30390000000000000346 0.92320000000000002061 -0.11100000000000420641 0 -0.10800000000000054001 0.99996741643638342723 -0.0031041141362659987503 -0.0041014944104496176697 -0.0046564959317982913822 0 0 -1.6140000000000001013 -10.065000000000001279 -10.451999999999999957 -0.9724000000000000421 0.034200000000000001232 -0.23069999999999998841 0.077100000000000001865 0.98070000000000001616 -0.17969999999999999862 0.2200999999999999901 -0.19250000000000000444 -0.9563000000000000389 0 0 0 0.99998577752121042828 -0.00062388715489080867355 -0.00023838641300530442587 0.00061656017163035157884 0 0 
