2 3.1799999999999997158 -44.522999999999996135 -17.513999999999999346 0.27419999999999999929 0.7849000000000000421 0.55559999999999998277 -0.95489999999999997105 0.29049999999999998046 0.060999999999999998668 -0.11350000000000000366 -0.5473000000000000087 0.82920000000000004814 0 0 0 0.99999050495492203261 -2.2267711432943818555e-05 -5.15429894030126868e-05 0.00070090415511654343989 0 0 
2 -0.15900000000000000244 -31.080000000000001847 -75.450000000000002842 -0.010500000000000000652 0.3518000000000000016 -0.93600000000000005418 0.41730000000000000426 0.85219999999999995755 0.31559999999999999165 0.90869999999999995222 -0.38719999999999998863 -0.15570000000000000506 0 0 0 0.99999234872072895186 0.00016463125963974318015 -0.00040924063121435108386 -0.00015667619877336082398 0 0 
2 3.1799999999999997158 -44.522999999999996135 -17.513999999999999346 0.2750000000000000222 0.78529999999999999805 0.55469999999999997087 -0.95460000000000000409 0.29170000000000001483 0.060199999999999996569 -0.11450000000000000455 -0.54610000000000002984 0.82989999999999997105 0 0 0 0.99999577999109579007 -0.00065310275609943590526 -0.00020102834834141573069 -0.00060869506869862439764 0 0 
2 -0.15900000000000000244 -31.080000000000001847 -75.450000000000002842 -0.011400000000000000411 0.35139999999999999014 -0.93610000000000004317 0.4161000000000000254 0.85299999999999998046 0.31519999999999998019 0.90929999999999999716 -0.38590000000000002078 -0.15590000000000001079 0 0 0 0.99999363622975123711 -0.00018077365040198057635 0.00017946864209720056081 0.00077273741752338566836 0 0 
2 3.1799999999999997158 -44.522999999999996135 -17.513999999999999346 0.2750000000000000222 0.78320000000000000728 0.55769999999999997353 -0.95460000000000000409 0.29149999999999998135 0.061400000000000003186 -0.11450000000000000455 -0.54920000000000002149 0.82779999999999998028 0 0 0 1.0000044662400264794 0.0019005790115579263878 2.0017410597433008522e-05 -7.9074646833693698882e-06 0 0 
2 -0.15900000000000000244 -31.080000000000001847 -75.450000000000002842 -0.011400000000000000411 0.35139999999999999014 -0.93610000000000004317 0.4161000000000000254 0.85299999999999998046 0.31519999999999998019 0.90929999999999999716 -0.38590000000000002078 -0.15590000000000001079 0 0 0 1.000005561234536211 0 0 0 0 0 
2 3.1799999999999997158 -44.522999999999996135 -17.513999999999999346 0.2750000000000000222 0.78459999999999996412 0.55569999999999997176 -0.95460000000000000409 0.29160000000000002585 0.060600000000000001088 -0.11450000000000000455 -0.54710000000000003073 0.82920000000000004814 0 0 0 1.0000012924991645846 -0.0012734433540755266817 -1.3344982751611945653e-05 1.2272484137824912867e-05 0 0 
2 -0.15900000000000000244 -31.080000000000001847 -75.450000000000002842 -0.011400000000000000411 0.35260000000000002451 -0.9356999999999999762 0.41730000000000000426 0.85209999999999996856 0.3160999999999999921 0.90869999999999995222 -0.38679999999999997717 -0.15679999999999999494 0 0 0 1.0000061337311885179 0.00063056113230752655705 0.0002300535889131264907 -0.00061541622520231093266 0 0 
2 3.1799999999999997158 -44.522999999999996135 -17.513999999999999346 0.2750000000000000222 0.78459999999999996412 0.55569999999999997176 -0.95460000000000000409 0.29160000000000002585 0.060600000000000001088 -0.11450000000000000455 -0.54710000000000003073 0.82920000000000004814 0 0 0 0.99999875374922342353 0 0 0 0 0 
2 -0.15900000000000000244 -31.080000000000001847 -75.450000000000002842 -0.010500000000000000652 0.35060000000000002274 -0.93649999999999999911 0.41839999999999999414 0.85209999999999996856 0.31440000000000001279 0.90820000000000000728 -0.38850000000000001199 -0.15559999999999998832 0 0 0 1.0000037624929218882 -0.0010831884245112144947 -0.00020154174170062906968 -0.00074250720632189359544 0 0 
2 3.1799999999999997158 -44.522999999999996135 -17.513999999999999346 0.27570000000000000062 0.78359999999999996323 0.55679999999999996163 -0.95430000000000003713 0.29270000000000001572 0.060600000000000001088 -0.11550000000000000544 -0.54810000000000003162 0.82840000000000002522 0 0 0 1.0000052274863366897 0.00065474157734736243477 -0.00020403143342847599698 -0.00059858687089530716874 0 0 
2 -0.15900000000000000244 -31.080000000000001847 -75.450000000000002842 -0.010500000000000000652 0.35060000000000002274 -0.93649999999999999911 0.41730000000000000426 0.85260000000000002451 0.31450000000000000178 0.90869999999999995222 -0.38740000000000002212 -0.15520000000000000462 0 0 0 0.99999697499542472556 -1.4057542524133269805e-05 -0.00020719062675258293838 0.00058494676946665730838 0 0 
2 3.1799999999999997158 -44.522999999999996135 -17.513999999999999346 0.2750000000000000222 0.78529999999999999805 0.55469999999999997087 -0.95460000000000000409 0.29170000000000001483 0.060199999999999996569 -0.11450000000000000455 -0.54610000000000002984 0.82989999999999997105 0 0 0 1.0000087937113353309 -0.0012818762275504825155 0.00019773826114681680049 0.00059409977565806257847 0 0 
2 -0.15900000000000000244 -31.080000000000001847 -75.450000000000002842 -0.011400000000000000411 0.35020000000000001128 -0.9365999999999999881 0.4161000000000000254 0.85340000000000004743 0.31409999999999999032 0.90929999999999999716 -0.38609999999999999876 -0.15540000000000001035 0 0 0 1.0000039587421643006 -0.00018076428440082055395 0.00017998428748861971908 0.00077260944143844705045 0 0 
2 3.1799999999999997158 -44.522999999999996135 -17.513999999999999346 0.2750000000000000222 0.78390000000000004121 0.55669999999999997264 -0.95460000000000000409 0.29149999999999998135 0.060999999999999998668 -0.11450000000000000455 -0.54820000000000002061 0.82850000000000001421 0 0 0 1.0000051862365515465 0.001274970887699362421 1.3344930790033569616e-05 1.1592439878862086618e-05 0 0 
2 -0.15900000000000000244 -31.080000000000001847 -75.450000000000002842 -0.011400000000000000411 0.35260000000000002451 -0.9356999999999999762 0.41730000000000000426 0.85209999999999996856 0.3160999999999999921 0.90869999999999995222 -0.38679999999999997717 -0.15679999999999999494 0 0 0 1.0000107361923669114 0.0012774637849030762941 0.0002303075273740800232 -0.00061512839586321443799 0 0 
2 3.1799999999999997158 -44.522999999999996135 -17.513999999999999346 0.2750000000000000222 0.78390000000000004121 0.55669999999999997264 -0.95460000000000000409 0.29149999999999998135 0.060999999999999998668 -0.11450000000000000455 -0.54820000000000002061 0.82850000000000001421 0 0 0 1.0000049062379645637 0 0 0 0 0 
2 -0.15900000000000000244 -31.080000000000001847 -75.450000000000002842 -0.011400000000000000411 0.35149999999999997913 -0.93610000000000004317 0.41730000000000000426 0.85250000000000003553 0.31500000000000000222 0.90869999999999995222 -0.38700000000000001066 -0.15629999999999999449 0 0 0 1.0000048499882387976 -0.00061470201870246509758 2.9999854492206766404e-08 -5.6999723551152232075e-07 0 0 
2 3.1799999999999997158 -44.522999999999996135 -17.513999999999999346 0.2750000000000000222 0.78390000000000004121 0.55669999999999997264 -0.95460000000000000409 0.29149999999999998135 0.060999999999999998668 -0.11450000000000000455 -0.54820000000000002061 0.82850000000000001421 0 0 0 1.0000049062379645637 0 0 0 0 0 
2 -0.15900000000000000244 -31.080000000000001847 -75.450000000000002842 -0.011400000000000000411 0.35149999999999997913 -0.93610000000000004317 0.41730000000000000426 0.85250000000000003553 0.31500000000000000222 0.90869999999999995222 -0.38700000000000001066 -0.15629999999999999449 0 0 0 1.0000025424967677878 0 0 0 0 0 
2 3.1799999999999997158 -44.522999999999996135 -17.513999999999999346 0.27570000000000000062 0.78429999999999999716 0.55579999999999996074 -0.95430000000000003713 0.29280000000000000471 0.060199999999999996569 -0.11550000000000000544 -0.54700000000000004174 0.82909999999999994813 0 0 0 1.0000052262363432476 -0.00064094915024824280787 -0.00021699636592570925608 -0.00061318679534089497087 0 0 
2 -0.15900000000000000244 -31.080000000000001847 -75.450000000000002842 -0.011400000000000000411 0.35149999999999997913 -0.93610000000000004317 0.41730000000000000426 0.85250000000000003553 0.31500000000000000222 0.90869999999999995222 -0.38700000000000001066 -0.15629999999999999449 0 0 0 1.0000025424967677878 0 0 0 0 0 
2 3.1799999999999997158 -44.522999999999996135 -17.513999999999999346 0.2750000000000000222 0.78459999999999996412 0.55569999999999997176 -0.95460000000000000409 0.29160000000000002585 0.060600000000000001088 -0.11450000000000000455 -0.54710000000000003073 0.82920000000000004814 0 0 0 1.0000023612472122014 -6.8999837074368312854e-06 0.00021070450247458638766 0.00060581606951848560125 0 0 
2 -0.15900000000000000244 -31.080000000000001847 -75.450000000000002842 -0.010500000000000000652 0.35060000000000002274 -0.93649999999999999911 0.41730000000000000426 0.85260000000000002451 0.31450000000000000178 0.90869999999999995222 -0.38740000000000002212 -0.15520000000000000462 0 0 0 0.99999734874648549265 -0.00048226627861015135485 -0.00040949358567129843676 -0.00015696041614185260037 0 0 
2 3.1799999999999997158 -44.522999999999996135 -17.513999999999999346 0.27570000000000000062 0.78500000000000003109 0.55479999999999995985 -0.95430000000000003713 0.29280000000000000471 0.059900000000000001854 -0.11550000000000000544 -0.54590000000000005187 0.82979999999999998206 0 0 0 0.99999660749424545969 -0.00063214214454585253462 -0.00019351315649450352881 -0.00058918199880330919364 0 0 
2 -0.15900000000000000244 -31.080000000000001847 -75.450000000000002842 -0.010500000000000000652 0.3518000000000000016 -0.93600000000000005418 0.41730000000000000426 0.85219999999999995755 0.31559999999999999165 0.90869999999999995222 -0.38719999999999998863 -0.15570000000000000506 0 0 0 0.99998726866895659704 0.00064688323568461278314 1.4250181423215450039e-07 5.550070659641163914e-07 0 0 
2 3.1799999999999997158 -44.522999999999996135 -17.513999999999999346 0.2750000000000000222 0.78390000000000004121 0.55669999999999997264 -0.95460000000000000409 0.29149999999999998135 0.060999999999999998668 -0.11450000000000000455 -0.54820000000000002061 0.82850000000000001421 0 0 0 0.9999990587495570793 0.0012799862047875795734 0.00019980518806672603995 0.00059655306150584023507 0 0 
2 -0.15900000000000000244 -31.080000000000001847 -75.450000000000002842 -0.011400000000000000411 0.35149999999999997913 -0.93610000000000004317 0.41730000000000000426 0.85250000000000003553 0.31500000000000000222 0.90869999999999995222 -0.38700000000000001066 -0.15629999999999999449 0 0 0 0.99999234872072895186 -0.00016463125963974318015 0.00040924063121435108386 0.00015667619877336082398 0 0 
2 3.1799999999999997158 -44.522999999999996135 -17.513999999999999346 0.27570000000000000062 0.78429999999999999716 0.55579999999999996074 -0.95430000000000003713 0.29280000000000000471 0.060199999999999996569 -0.11550000000000000544 -0.54700000000000004174 0.82909999999999994813 0 0 0 1.0000052262363432476 -0.00064094915024824280787 -0.00021699636592570925608 -0.00061318679534089497087 0 0 
2 -0.15900000000000000244 -31.080000000000001847 -75.450000000000002842 -0.011400000000000000411 0.35030000000000000027 -0.9365999999999999881 0.41839999999999999414 0.85240000000000004654 0.31369999999999997886 0.90820000000000000728 -0.38829999999999997851 -0.15620000000000000551 0 0 0 1.0000079987180101604 -0.00065442226546083082442 0.00021764075915293681256 -0.00058514781956758832836 0 0 
2 3.1799999999999997158 -44.522999999999996135 -17.513999999999999346 0.27570000000000000062 0.78359999999999996323 0.55679999999999996163 -0.95430000000000003713 0.29270000000000001572 0.060600000000000001088 -0.11550000000000000544 -0.54810000000000003162 0.82840000000000002522 0 0 0 1.0000092462072538435 0.00064784650987687725492 6.2924418187800385311e-06 7.3724318329655906496e-06 0 0 
2 -0.15900000000000000244 -31.080000000000001847 -75.450000000000002842 -0.011400000000000000411 0.35149999999999997913 -0.93610000000000004317 0.41730000000000000426 0.85250000000000003553 0.31500000000000000222 0.90869999999999995222 -0.38700000000000001066 -0.15629999999999999449 0 0 0 1.0000079987180101604 0.00065442226546083082442 -0.00021764075915293681256 0.00058514781956758832836 0 0 
2 3.1799999999999997158 -44.522999999999996135 -17.513999999999999346 0.2750000000000000222 0.78390000000000004121 0.55669999999999997264 -0.95460000000000000409 0.29149999999999998135 0.060999999999999998668 -0.11450000000000000455 -0.54820000000000002061 0.82850000000000001421 0 0 0 1.0000085124637689837 -6.8924413283648622568e-06 0.00021032320963130249564 0.00060595734181009743707 0 0 
2 -0.15900000000000000244 -31.080000000000001847 -75.450000000000002842 -0.011400000000000000411 0.35149999999999997913 -0.93610000000000004317 0.41730000000000000426 0.85250000000000003553 0.31500000000000000222 0.90869999999999995222 -0.38700000000000001066 -0.15629999999999999449 0 0 0 1.0000025424967677878 0 0 0 0 0 
2 3.1799999999999997158 -44.522999999999996135 -17.513999999999999346 0.27539999999999997815 0.78449999999999997513 0.55559999999999998277 -0.9545000000000000151 0.29180000000000000382 0.061100000000000001532 -0.11419999999999999596 -0.54720000000000001972 0.82920000000000004814 0 0 0 1.0000003387499427632 -0.00059942479694487119189 0.00023885991908620960236 -0.00010353246492838310286 0 0 
2 -0.15900000000000000244 -31.080000000000001847 -75.450000000000002842 -0.011400000000000000411 0.35149999999999997913 -0.93610000000000004317 0.41730000000000000426 0.85250000000000003553 0.31500000000000000222 0.90869999999999995222 -0.38700000000000001066 -0.15629999999999999449 0 0 0 1.0000025424967677878 0 0 0 0 0 
2 3.1799999999999997158 -44.522999999999996135 -17.513999999999999346 0.2750000000000000222 0.78459999999999996412 0.55569999999999997176 -0.95460000000000000409 0.29160000000000002585 0.060600000000000001088 -0.11450000000000000455 -0.54710000000000003073 0.82920000000000004814 0 0 0 0.99999743999672319195 -4.8427623974879458455e-05 -0.0002454756284184115905 9.6460246938530490768e-05 0 0 
2 -0.15900000000000000244 -31.080000000000001847 -75.450000000000002842 -0.011400000000000000411 0.35389999999999999236 -0.93520000000000003126 0.41839999999999999414 0.85119999999999995666 0.317000000000000004 0.90820000000000000728 -0.38769999999999998908 -0.15770000000000000684 0 0 0 1.0000046999889549149 0.001277463995933347243 0.00021812147483147141806 -0.00058429475382112169412 0 0 
2 3.1799999999999997158 -44.522999999999996135 -17.513999999999999346 0.2750000000000000222 0.78390000000000004121 0.55669999999999997264 -0.95460000000000000409 0.29149999999999998135 0.060999999999999998668 -0.11450000000000000455 -0.54820000000000002061 0.82850000000000001421 0 0 0 1.0000016199986876408 0.00064784395049364445519 6.6724891905752387373e-06 7.227488291480198889e-06 0 0 
2 -0.15900000000000000244 -31.080000000000001847 -75.450000000000002842 -0.011400000000000000411 0.35149999999999997913 -0.93610000000000004317 0.41730000000000000426 0.85250000000000003553 0.31500000000000000222 0.90869999999999995222 -0.38700000000000001066 -0.15629999999999999449 0 0 0 1.0000046999889549149 -0.001277463995933347243 -0.00021812147483147141806 0.00058429475382112169412 0 0 
2 3.1799999999999997158 -44.522999999999996135 -17.513999999999999346 0.27570000000000000062 0.78500000000000003109 0.55479999999999995985 -0.95430000000000003713 0.29280000000000000471 0.059900000000000001854 -0.11550000000000000544 -0.54590000000000005187 0.82979999999999998206 0 0 0 0.9999990587495570793 -0.0012799862047875795734 -0.00019980518806672603995 -0.00059655306150584023507 0 0 
2 -0.15900000000000000244 -31.080000000000001847 -75.450000000000002842 -0.011400000000000000411 0.35139999999999999014 -0.93610000000000004317 0.4161000000000000254 0.85299999999999998046 0.31519999999999998019 0.90929999999999999716 -0.38590000000000002078 -0.15590000000000001079 0 0 0 1.0000038349926463344 -1.5869939138908204581e-05 -0.00022967911918226292995 0.00061613763711669371215 0 0 
2 3.1799999999999997158 -44.522999999999996135 -17.513999999999999346 0.27539999999999997815 0.78449999999999997513 0.55559999999999998277 -0.9545000000000000151 0.29180000000000000382 0.061100000000000001532 -0.11419999999999999596 -0.54720000000000001972 0.82920000000000004814 0 0 0 0.99999527248882524866 0.00068073821819750754761 0.00043890707493809781852 0.00049258482870028548906 0 0 
2 -0.15900000000000000244 -31.080000000000001847 -75.450000000000002842 -0.011400000000000000411 0.35149999999999997913 -0.93610000000000004317 0.41730000000000000426 0.85250000000000003553 0.31500000000000000222 0.90869999999999995222 -0.38700000000000001066 -0.15629999999999999449 0 0 0 1.0000038349926463344 1.5869939138908204581e-05 0.00022967911918226292995 -0.00061613763711669371215 0 0 
2 3.1799999999999997158 -44.522999999999996135 -17.513999999999999346 0.2750000000000000222 0.78390000000000004121 0.55669999999999997264 -0.95460000000000000409 0.29149999999999998135 0.060999999999999998668 -0.11450000000000000455 -0.54820000000000002061 0.82850000000000001421 0 0 0 1.0000003387499427632 0.00059942479694487119189 -0.00023885991908620960236 0.00010353246492838310286 0 0 
2 -0.15900000000000000244 -31.080000000000001847 -75.450000000000002842 -0.012300000000000000169 0.35230000000000000204 -0.93579999999999996518 0.41730000000000000426 0.85229999999999994653 0.31540000000000001368 0.90869999999999995222 -0.3865999999999999992 -0.15740000000000001212 0 0 0 1.0000004499998986773 0.00043663730351326619696 0.00041963981116213336505 0.00014681243393441551653 0 0 
2 3.1799999999999997158 -44.522999999999996135 -17.513999999999999346 0.27570000000000000062 0.78429999999999999716 0.55579999999999996074 -0.95430000000000003713 0.29280000000000000471 0.060199999999999996569 -0.11550000000000000544 -0.54700000000000004174 0.82909999999999994813 0 0 0 1.0000052262363432476 -0.00064094915024824280787 -0.00021699636592570925608 -0.00061318679534089497087 0 0 
2 -0.15900000000000000244 -31.080000000000001847 -75.450000000000002842 -0.011400000000000000411 0.3527000000000000135 -0.9356999999999999762 0.41839999999999999414 0.85160000000000002363 0.31590000000000001412 0.90820000000000000728 -0.38790000000000002256 -0.15720000000000000639 0 0 0 1.0000078887188839083 0.00019363347247996145367 -0.00020143341094845397098 -0.0007315542289743315026 0 0 
2 3.1799999999999997158 -44.522999999999996135 -17.513999999999999346 0.27539999999999997815 0.78590000000000004299 0.55359999999999998099 -0.9545000000000000151 0.29189999999999999281 0.060400000000000002298 -0.11419999999999999596 -0.54510000000000002895 0.83060000000000000497 0 0 0 0.99999925499972242005 -0.0012244484122144101181 0.00046742534823201813653 0.0005213728884229506394 0 0 
2 -0.15900000000000000244 -31.080000000000001847 -75.450000000000002842 -0.011400000000000000411 0.35149999999999997913 -0.93610000000000004317 0.41839999999999999414 0.85199999999999997957 0.31480000000000002425 0.90820000000000000728 -0.38810000000000000053 -0.15670000000000000595 0 0 0 1.000010541194441549 -0.00063810077365568579951 3.949958362584648638e-07 -1.4999841882793677321e-07 0 0 
2 3.1799999999999997158 -44.522999999999996135 -17.513999999999999346 0.2750000000000000222 0.78390000000000004121 0.55669999999999997264 -0.95460000000000000409 0.29149999999999998135 0.060999999999999998668 -0.11450000000000000455 -0.54820000000000002061 0.82850000000000001421 0 0 0 0.99999773749744047535 0.0018655942209117003239 -0.0002493805642241549202 9.1260206476441322124e-05 0 0 
2 -0.15900000000000000244 -31.080000000000001847 -75.450000000000002842 -0.010500000000000000652 0.35060000000000002274 -0.93649999999999999911 0.41730000000000000426 0.85260000000000002451 0.31450000000000000178 0.90869999999999995222 -0.38740000000000002212 -0.15520000000000000462 0 0 0 0.99999781124760467321 -0.00047500853967609213456 -0.00062711637260245327655 0.00042798593675524995109 0 0 
2 3.1799999999999997158 -44.522999999999996135 -17.513999999999999346 0.27570000000000000062 0.78500000000000003109 0.55479999999999995985 -0.95430000000000003713 0.29280000000000000471 0.059900000000000001854 -0.11550000000000000544 -0.54590000000000005187 0.82979999999999998206 0 0 0 0.9999990587495570793 -0.0012799862047875795734 -0.00019980518806672603995 -0.00059655306150584023507 0 0 
2 -0.15900000000000000244 -31.080000000000001847 -75.450000000000002842 -0.011400000000000000411 0.35139999999999999014 -0.93610000000000004317 0.4161000000000000254 0.85299999999999998046 0.31519999999999998019 0.90929999999999999716 -0.38590000000000002078 -0.15590000000000001079 0 0 0 0.99999864624908374466 0.00046611063099768378559 0.00018012774384810014533 0.00077316854667763325066 0 0 
2 3.1799999999999997158 -44.522999999999996135 -17.513999999999999346 0.2750000000000000222 0.78390000000000004121 0.55669999999999997264 -0.95460000000000000409 0.29149999999999998135 0.060999999999999998668 -0.11450000000000000455 -0.54820000000000002061 0.82850000000000001421 0 0 0 0.9999990587495570793 0.0012799862047875795734 0.00019980518806672603995 0.00059655306150584023507 0 0 
2 -0.15900000000000000244 -31.080000000000001847 -75.450000000000002842 -0.009599999999999999159 0.3508999999999999897 -0.93640000000000001013 0.4161000000000000254 0.85289999999999999147 0.31540000000000001368 0.90929999999999999716 -0.3865999999999999992 -0.15420000000000000373 0 0 0 1.0000139924021063109 -0.00028412352442939493337 -0.00082934589545875499281 -0.00032623043525255090514 0 0 
2 3.1799999999999997158 -44.522999999999996135 -17.513999999999999346 0.2750000000000000222 0.78459999999999996412 0.55569999999999997176 -0.95460000000000000409 0.29160000000000002585 0.060600000000000001088 -0.11450000000000000455 -0.54710000000000003073 0.82920000000000004814 0 0 0 1.0000016199986876408 -0.00064784395049364445519 -6.6724891905752387373e-06 -7.227488291480198889e-06 0 0 
2 -0.15900000000000000244 -31.080000000000001847 -75.450000000000002842 -0.011400000000000000411 0.35020000000000001128 -0.9365999999999999881 0.4161000000000000254 0.85340000000000004743 0.31409999999999999032 0.90929999999999999716 -0.38609999999999999876 -0.15540000000000001035 0 0 0 1.0000191873159234301 -0.00036277053940707488545 0.00082890659550729042012 0.00032525375925335984735 0 0 
2 3.1799999999999997158 -44.522999999999996135 -17.513999999999999346 0.27570000000000000062 0.78429999999999999716 0.55579999999999996074 -0.95430000000000003713 0.29280000000000000471 0.060199999999999996569 -0.11550000000000000544 -0.54700000000000004174 0.82909999999999994813 0 0 0 1.0000023612472122014 6.8999837074368312854e-06 -0.00021070450247458638766 -0.00060581606951848560125 0 0 
2 -0.15900000000000000244 -31.080000000000001847 -75.450000000000002842 -0.011400000000000000411 0.35030000000000000027 -0.9365999999999999881 0.41839999999999999414 0.85240000000000004654 0.31369999999999997886 0.90820000000000000728 -0.38829999999999997851 -0.15620000000000000551 0 0 0 1.0000143148975420004 8.3498804723085950474e-06 0.00044680610401639738773 -0.0012012903036523834427 0 0 
2 3.3330000000000001847 -44.423999999999999488 -17.165999999999996817 0.28720000000000001084 0.77070000000000005169 0.56879999999999997229 -0.95060000000000000053 0.30240000000000000213 0.070199999999999998512 -0.1179000000000000048 -0.56079999999999996518 0.81950000000000000622 0.15300000000000046896 0.098999999999996646238 0.34800000000000252953 0.99994111451624989595 0.009199951743608863336 0.0023688144887870975046 -0.0056834621734194500434 0 0 
2 -0.15900000000000000244 -31.080000000000001847 -75.450000000000002842 -0.011400000000000000411 0.3527000000000000135 -0.9356999999999999762 0.41839999999999999414 0.85160000000000002363 0.31590000000000001412 0.90820000000000000728 -0.38790000000000002256 -0.15720000000000000639 0 0 0 1.0000151336354865528 0.0012850130530808660887 -5.0499235762760445436e-07 2.9999545997281006538e-07 0 0 
2 4.4880000000000004334 -44.207999999999998408 -16.481999999999999318 0.68030000000000001581 0.61660000000000003695 0.39629999999999998561 -0.71860000000000001652 0.45460000000000000409 0.52620000000000000107 0.14430000000000001159 -0.64270000000000004903 0.75239999999999995772 1.1550000000000002487 0.21600000000000108002 0.68399999999999749889 0.96352577158060492835 0.048432285234517084838 0.2412647168935147246 -0.10517623190686216372 0 0 
2 -0.15900000000000000244 -31.080000000000001847 -75.450000000000002842 -0.011400000000000000411 0.35030000000000000027 -0.9365999999999999881 0.41839999999999999414 0.85240000000000004654 0.31369999999999997886 0.90820000000000000728 -0.38829999999999997851 -0.15620000000000000551 0 0 0 1.0000151336354865528 -0.0012850130530808660887 5.0499235762760445436e-07 -2.9999545997281006538e-07 0 0 
2 6.1559999999999996945 -43.991999999999997328 -15.089999999999999858 0.81010000000000004228 0.55969999999999997531 -0.17480000000000001092 -0.33600000000000002087 0.68740000000000001101 0.64390000000000002789 0.48049999999999998268 -0.46289999999999997815 0.74490000000000000657 1.667999999999999261 0.21600000000000108002 1.39199999999999946 0.95485802216874104964 -0.1385140480881114633 0.25655686951615552793 -0.057061601028651577627 0 0 
2 -0.15900000000000000244 -31.080000000000001847 -75.450000000000002842 -0.011400000000000000411 0.35260000000000002451 -0.9356999999999999762 0.41730000000000000426 0.85209999999999996856 0.3160999999999999921 0.90869999999999995222 -0.38679999999999997717 -0.15679999999999999494 0 0 0 1.0000099037009584357 0.0012691374308424151728 -0.00021803534064318496016 0.00058558170057393518423 0 0 
2 12.602999999999999758 -39.131999999999997897 -8.5500000000000007105 0.81969999999999998419 0.46019999999999999796 -0.3411000000000000143 -0.18440000000000000835 0.77569999999999994511 0.6036000000000000254 0.54239999999999999325 -0.43180000000000001714 0.72070000000000000728 6.4470000000000000639 4.8599999999999994316 6.5399999999999991473 0.99529174868477632288 -0.051993174431901649502 0.069038400138251881932 -0.044273362617774508765 0 0 
2 -0.15900000000000000244 -31.080000000000001847 -75.450000000000002842 -0.010500000000000000652 0.3518000000000000016 -0.93600000000000005418 0.41730000000000000426 0.85219999999999995755 0.31559999999999999165 0.90869999999999995222 -0.38719999999999998863 -0.15570000000000000506 0 0 0 0.99999475748625799021 -0.00045005235940568787557 -0.00040911964481536028382 -0.00015749332566093284989 0 0 
2 17.372999999999997556 -30.963000000000000966 -0.91199999999999992184 0.82069999999999998508 0.43109999999999998321 -0.375 -0.16859999999999999987 0.8097999999999999643 0.56189999999999995506 0.54590000000000005187 -0.39789999999999997593 0.73729999999999995541 4.7699999999999977973 8.1689999999999969305 7.6380000000000007887 0.999590983852895687 -0.02752522075974336499 0.0057055186492551640889 -0.0057420761018435488229 0 0 
2 -0.15900000000000000244 -31.080000000000001847 -75.450000000000002842 -0.011400000000000000411 0.35030000000000000027 -0.9365999999999999881 0.41839999999999999414 0.85240000000000004654 0.31369999999999997886 0.90820000000000000728 -0.38829999999999997851 -0.15620000000000000551 0 0 0 0.99999769999735499404 -0.00081876438316025074333 0.00062708394229472668932 -0.00042869098599036933785 0 0 
2 20.120999999999998664 -22.911000000000001364 5.7900000000000009237 0.84389999999999998348 0.25150000000000000133 -0.47389999999999998792 -0.10549999999999999656 0.94379999999999997229 0.31319999999999997842 0.52600000000000002309 -0.2142999999999999905 0.82299999999999995381 2.7480000000000011084 8.0519999999999996021 6.7020000000000008455 0.98944400675328769701 -0.14051981623116543973 0.0011461992717722131133 -0.035065397600261644095 0 0 
2 -0.15900000000000000244 -31.080000000000001847 -75.450000000000002842 -0.011400000000000000411 0.35149999999999997913 -0.93610000000000004317 0.41730000000000000426 0.85250000000000003553 0.31500000000000000222 0.90869999999999995222 -0.38700000000000001066 -0.15629999999999999449 0 0 0 1.0000079987180101604 0.00065442226546083082442 -0.00021764075915293681256 0.00058514781956758832836 0 0 
2 22.169999999999998153 -16.176000000000001933 10.63200000000000145 0.85609999999999997211 0.14230000000000000981 -0.49680000000000001936 -0.025999999999999998807 0.97199999999999997513 0.23369999999999999107 0.51619999999999999218 -0.18720000000000000528 0.83579999999999998739 2.0489999999999994884 6.7349999999999994316 4.8420000000000005258 0.99831079329034599912 -0.041675375824470048403 0.0038208742464137853551 -0.040336867306901245944 0 0 
2 -0.15900000000000000244 -31.080000000000001847 -75.450000000000002842 -0.010500000000000000652 0.35060000000000002274 -0.93649999999999999911 0.41839999999999999414 0.85209999999999996856 0.31440000000000001279 0.90820000000000000728 -0.38850000000000001199 -0.15559999999999998832 0 0 0 1.0000017424984819492 -0.00046848418366699455919 -0.00020202714796800850107 -0.00074182620736896001147 0 0 
2 23.034000000000002473 -9.5850000000000008527 14.910000000000000142 0.85640000000000005009 0.044600000000000000755 -0.51429999999999997939 0.064500000000000001776 0.97919999999999995932 0.19229999999999999871 0.51219999999999998863 -0.19789999999999999258 0.8356999999999999984 0.8640000000000043201 6.59100000000000108 4.2779999999999986926 0.99874713391328440171 -0.021023657327284089869 0.0079135596304862106803 -0.044583106662377719465 0 0 
2 -0.15900000000000000244 -31.080000000000001847 -75.450000000000002842 -0.011400000000000000411 0.35260000000000002451 -0.9356999999999999762 0.41730000000000000426 0.85209999999999996856 0.3160999999999999921 0.90869999999999995222 -0.38679999999999997717 -0.15679999999999999494 0 0 0 1.0000037624929218882 0.0010831884245112144947 0.00020154174170062906968 0.00074250720632189359544 0 0 
2 21.746999999999999886 -1.3799999999999998934 20.538000000000000256 0.83870000000000000107 -0.10059999999999999498 -0.53520000000000000906 0.16739999999999999325 0.98280000000000000693 0.077499999999999999445 0.51819999999999999396 -0.15459999999999998743 0.84119999999999994778 -1.2870000000000025864 8.2050000000000018474 5.6280000000000001137 0.99700749871803873159 -0.056666374197429911219 0.01414012434021520194 -0.050331035688821239293 0 0 
2 -0.15900000000000000244 -31.080000000000001847 -75.450000000000002842 -0.011400000000000000411 0.3527000000000000135 -0.9356999999999999762 0.41839999999999999414 0.85160000000000002363 0.31590000000000001412 0.90820000000000000728 -0.38790000000000002256 -0.15720000000000000639 0 0 0 1.0000123949231829457 1.5859803418954410126e-05 0.00021825979468660750634 -0.00058501024884291118622 0 0 
2 19.664999999999999147 4.2210000000000000853 24.719999999999998863 0.85770000000000001794 -0.16780000000000000471 -0.48589999999999999858 0.1804000000000000048 0.98340000000000005187 -0.021100000000000000699 0.48139999999999999458 -0.069599999999999995204 0.87370000000000003215 -2.082000000000000739 5.6009999999999999787 4.1819999999999986073 0.99831290936259065028 -0.053691106763532905899 -0.02048486732787743389 -0.0072040238411741281191 0 0 
2 -0.15900000000000000244 -31.080000000000001847 -75.450000000000002842 -0.011400000000000000411 0.35149999999999997913 -0.93610000000000004317 0.41730000000000000426 0.85250000000000003553 0.31500000000000000222 0.90869999999999995222 -0.38700000000000001066 -0.15629999999999999449 0 0 0 1.000009699952955522 -0.00063056888351152899034 -0.00021786538671599454259 0.00058457682963226746155 0 0 
2 18.624000000000002331 7.5090000000000003411 26.850000000000001421 0.87729999999999996874 -0.18090000000000000524 -0.44450000000000000622 0.16389999999999999014 0.98350000000000004086 -0.076799999999999993272 0.45110000000000000098 -0.0054999999999999996808 0.89249999999999996003 -1.0409999999999968168 3.2880000000000002558 2.130000000000002558 0.99930967547602578271 -0.031371188800975537136 -0.017551971556409480535 0.0092679003589035083982 0 0 
2 -0.15900000000000000244 -31.080000000000001847 -75.450000000000002842 -0.009599999999999999159 0.3508999999999999897 -0.93640000000000001013 0.41720000000000001528 0.85240000000000004654 0.31519999999999998019 0.90869999999999995222 -0.38769999999999998908 -0.15459999999999998743 0 0 0 1.000001369999061529 -0.00030810457789702734056 -0.00083703635326098013367 -0.00030460708268856685581 0 0 
2 18.431999999999998607 9.1980000000000003979 27.833999999999996078 0.875 -0.21749999999999999889 -0.43249999999999999556 0.17239999999999999769 0.97479999999999999982 -0.14139999999999999791 0.45240000000000002434 0.049200000000000000677 0.89049999999999995826 -0.19200000000000372324 1.6890000000000000568 0.98399999999999465672 0.99945478512036756147 -0.032880554467546271868 0.00062342490053209889591 -0.0044095566559013785884 0 0 
2 -0.15900000000000000244 -31.080000000000001847 -75.450000000000002842 -0.011400000000000000411 0.3527000000000000135 -0.9356999999999999762 0.41839999999999999414 0.85160000000000002363 0.31590000000000001412 0.90820000000000000728 -0.38790000000000002256 -0.15720000000000000639 0 0 0 1.0000083299653057534 0.00093926467595785304368 0.0010545812153750649693 -0.00027947017202316560202 0 0 
2 18.521999999999998465 8.8559999999999998721 28.038000000000003809 0.87119999999999997442 -0.16800000000000001044 -0.46129999999999998783 0.11169999999999999374 0.98280000000000000693 -0.14699999999999999178 0.47810000000000002496 0.076499999999999998557 0.875 0.089999999999999857891 -0.3420000000000005258 0.2040000000000077307 0.99945889235125617844 -0.00043227890942428086026 0.016581464857461744589 0.028545856381227821541 0 0 
2 -0.15900000000000000244 -31.080000000000001847 -75.450000000000002842 -0.011400000000000000411 0.35149999999999997913 -0.93610000000000004317 0.41730000000000000426 0.85250000000000003553 0.31500000000000000222 0.90869999999999995222 -0.38700000000000001066 -0.15629999999999999449 0 0 0 1.000009699952955522 -0.00063056888351152899034 -0.00021786538671599454259 0.00058457682963226746155 0 0 
2 19.214999999999999858 6.0569999999999994955 27.473999999999996646 0.85850000000000004086 -0.14319999999999999396 -0.49249999999999999334 0.057500000000000002498 0.98109999999999997211 -0.18499999999999999778 0.50960000000000005294 0.13059999999999999387 0.85040000000000004476 0.69300000000000139266 -2.7990000000000003766 -0.56400000000000716227 0.99934310174233964563 -0.017544990273541356124 0.021157826039060946555 0.024017149323544609296 0 0 
2 -0.15900000000000000244 -31.080000000000001847 -75.450000000000002842 -0.011400000000000000411 0.35149999999999997913 -0.93610000000000004317 0.41839999999999999414 0.85199999999999997957 0.31480000000000002425 0.90820000000000000728 -0.38810000000000000053 -0.15670000000000000595 0 0 0 1.0000029987455036906 -7.5324774120110928467e-06 0.00021789684658280546094 -0.00058486574613647601423 0 0 
2 20.846999999999997755 1.8629999999999999893 25.90199999999999747 0.80769999999999997353 -0.10499999999999999611 -0.58020000000000004903 -0.037299999999999999822 0.97299999999999997602 -0.22789999999999999147 0.58840000000000003411 0.20569999999999999396 0.78200000000000002842 1.6319999999999978968 -4.1939999999999990621 -1.5719999999999991758 0.99756551915149915821 -0.021305274783432307656 0.055681144680346940368 0.036599688741301789063 0 0 
2 -0.15900000000000000244 -31.080000000000001847 -75.450000000000002842 -0.011400000000000000411 0.35260000000000002451 -0.9356999999999999762 0.4161000000000000254 0.85260000000000002451 0.31619999999999998108 0.90929999999999999716 -0.3856999999999999873 -0.15640000000000001124 0 0 0 1.0000066424779388008 0.00060846595827829545646 -0.00043751459381895387414 0.0012011645212911664909 0 0 
2 22.830000000000001847 -3.4590000000000000746 25.655999999999998806 0.69289999999999996039 -0.12260000000000000064 -0.71050000000000002043 -0.098100000000000006639 0.96030000000000004245 -0.26129999999999997673 0.71430000000000004601 0.25080000000000002292 0.65329999999999999183 1.9830000000000040927 -5.3220000000000000639 -0.24599999999999866418 0.99562869710550228053 -0.023518893205946547059 0.090054066099803375955 0.0085377711838886989615 0 0 
2 -0.15900000000000000244 -31.080000000000001847 -75.450000000000002842 -0.011400000000000000411 0.35260000000000002451 -0.9356999999999999762 0.4161000000000000254 0.85260000000000002451 0.31619999999999998108 0.90929999999999999716 -0.3856999999999999873 -0.15640000000000001124 0 0 0 1.0000114449345067769 0 0 0 0 0 
2 24.855000000000000426 -9.6570000000000000284 29.910000000000003695 0.49799999999999999822 -0.075399999999999994804 -0.86390000000000000124 -0.149499999999999994 0.97379999999999999893 -0.17119999999999999107 0.85419999999999995932 0.21440000000000000724 0.47370000000000000995 2.0249999999999985789 -6.1980000000000003979 4.2540000000000048885 0.99197336531783952829 0.030527397265648546082 0.12266506012589578622 -0.0010691390888909488386 0 0 
2 -0.15900000000000000244 -31.080000000000001847 -75.450000000000002842 -0.010500000000000000652 0.3518000000000000016 -0.93600000000000005418 0.41730000000000000426 0.85219999999999995755 0.31559999999999999165 0.90869999999999995222 -0.38719999999999998863 -0.15570000000000000506 0 0 0 0.99999649749386620989 -0.00043600402710677681976 -0.00018978066470794270246 -0.000773290208453709417 0 0 
2 24.300000000000000711 -16.509000000000000341 33.99000000000000199 0.36039999999999999813 -0.034299999999999997158 -0.9322000000000000286 -0.16569999999999998619 0.98109999999999997211 -0.1001999999999999974 0.91800000000000003819 0.19050000000000000266 0.34789999999999998703 -0.55499999999999971578 -6.8520000000000003126 4.0799999999999982947 0.99680910910765652133 0.023925237823468059606 0.076231847507919558993 -0.0023367387784860656381 0 0 
2 -0.15900000000000000244 -31.080000000000001847 -75.450000000000002842 -0.010500000000000000652 0.35060000000000002274 -0.93649999999999999911 0.4161000000000000254 0.85309999999999996945 0.31469999999999997975 0.90929999999999999716 -0.38640000000000002123 -0.15479999999999999316 0 0 0 0.99999779374756625483 -0.00064351141974862717185 -0.00022991300724613724922 0.00059252380725708969807 0 0 
2 23.56799999999999784 -19.778999999999999915 33 0.35280000000000000249 -0.025499999999999998362 -0.93530000000000002025 -0.20250000000000001332 0.97389999999999998792 -0.10290000000000000535 0.91349999999999997868 0.22570000000000001172 0.33839999999999997859 -0.73200000000000287059 -3.2699999999999995737 -0.99000000000000198952 0.99982332939374840564 -0.0022795402277540157722 0.0046501665477431319493 0.018348044060067635747 0 0 
2 -0.15900000000000000244 -31.080000000000001847 -75.450000000000002842 -0.011400000000000000411 0.35030000000000000027 -0.9365999999999999881 0.41730000000000000426 0.85289999999999999147 0.31390000000000001235 0.90869999999999995222 -0.38719999999999998863 -0.15579999999999999405 0 0 0 1.0000131824131119895 -0.00016824528212118651906 0.00063861658149240636308 -0.00043687674091030771154 0 0 
2 23.742000000000000881 -21.632999999999999119 30.444000000000002615 0.3875000000000000111 -0.12540000000000001146 -0.91330000000000000071 -0.26090000000000002078 0.93530000000000002025 -0.23910000000000000697 0.88419999999999998597 0.33100000000000001643 0.32969999999999999307 0.17400000000000304112 -1.8539999999999992042 -2.5559999999999973852 0.99705007146080681935 -0.06725131156327868176 -0.015985987520814853163 0.033382714121101560167 0 0 
2 -0.15900000000000000244 -31.080000000000001847 -75.450000000000002842 -0.010500000000000000652 0.34939999999999998836 -0.93689999999999995506 0.41730000000000000426 0.85299999999999998046 0.3134000000000000119 0.90869999999999995222 -0.38760000000000000009 -0.15470000000000000417 0 0 0 0.99999637249342065992 -0.00047352921773035911834 -0.00040932148481637696535 -0.0001566905683960548789 0 0 
