2 -25.589999999999999858 0.76200000000000001066 0.59399999999999941735 -0.97489999999999998881 0.014800000000000000655 0.22200000000000000289 0.03230000000000000232 -0.97780000000000000249 0.20719999999999999529 0.2200999999999999901 0.20919999999999999707 0.95279999999999998028 0.053999999999998493649 0 0.04199999999999892708 1.0000008137531559704 -0.00026980880406053876124 -0.0010559531611378464386 0.00026825047149688937111 0 0 -1.5660000000000000586 -12.056999999999998607 -6.3600000000000003197 -0.99980000000000002203 0.018499999999999999084 -0.00050000000000000001041 0.01760000000000000106 0.95699999999999996181 0.28960000000000002407 0.0058999999999999998626 0.28949999999999997957 -0.9572000000000000508 0.12900000000000000355 0 0.0059999999999993391953 0.99998424256426632351 9.1916971797829604665e-06 -0.0015106252355350496125 0.0032758734192633266399 0 0 
2 -25.407000000000000028 1.1370000000000000107 0.77400000000000002132 -0.97760000000000002451 0.03289999999999999869 0.20780000000000001248 0.01460000000000000013 -0.97470000000000001084 0.22309999999999999276 0.2097999999999999865 0.22109999999999999098 0.95240000000000002434 0.18299999999999982947 0.375 0.18000000000000060396 0.99991151952931034419 0.0079603746894774656678 0.0070882015059595456646 0.0075103138659503637306 0 0 -1.3890000000000000124 -11.942999999999999616 -6 -0.99880000000000002114 0.016699999999999999567 0.046399999999999996803 0.029299999999999999656 0.95779999999999998472 0.28589999999999998748 -0.039600000000000003253 0.28689999999999998836 -0.95709999999999995079 0.17700000000000004619 0.11399999999999899103 0.36000000000000031974 0.9997065424389321997 0.0013415024156125747966 -0.023479739950041378371 -0.0009389491754413449489 0 0 
2 -25.434000000000001052 1.1370000000000000107 0.75600000000000022737 -0.97750000000000003553 0.033599999999999997924 0.20810000000000000719 0.013700000000000000372 -0.9749999999999999778 0.22179999999999999716 0.21029999999999998694 0.21970000000000000639 0.95260000000000000231 -0.027000000000001023182 0 -0.017999999999999793943 0.99999186516985827389 -0.00064419535101220624755 -0.0001416204528260540951 0.00049329560371515310431 0 0 -1.4939999999999999947 -11.942999999999999616 -6.0060000000000002274 -0.99870000000000003215 0.015299999999999999364 0.048800000000000003098 0.028600000000000000422 0.95779999999999998472 0.28589999999999998748 -0.042400000000000000189 0.28689999999999998836 -0.95699999999999996181 -0.10499999999999998224 0 -0.0060000000000002273737 0.99998141259381956303 -3.360942608241745933e-05 -0.0012223471649039940358 -0.00071790150783351748976 0 0 
2 -25.434000000000001052 1.1370000000000000107 0.75600000000000022737 -0.9786000000000000254 0.037900000000000003131 0.20219999999999999085 0.0088000000000000005301 -0.97430000000000005489 0.22500000000000000555 0.20549999999999998823 0.22189999999999998614 0.95320000000000004725 0 0 0 0.99999189605245109025 0.0015830421427228478625 0.00295649459643015141 0.0018542985744199370641 0 0 -1.5449999999999999289 -11.933999999999999275 -5.9759999999999999787 -0.99870000000000003215 0.014999999999999999445 0.049599999999999998257 0.028600000000000000422 0.9579999999999999627 0.28549999999999997602 -0.043200000000000002287 0.28649999999999997691 -0.95709999999999995079 -0.050999999999999934275 0.0090000000000003410605 0.03000000000000024869 0.99999823203905480185 0.00020623374578077795574 -0.0003929841936849174191 -0.00013799822953410500938 0 0 
2 -25.434000000000001052 1.1370000000000000107 0.75600000000000022737 -0.9786000000000000254 0.038199999999999997846 0.20210000000000000187 0.0088000000000000005301 -0.97399999999999997691 0.22620000000000001217 0.20549999999999998823 0.22309999999999999276 0.95289999999999996927 0 0 0 0.99999288618346615642 0.00062781659111892389093 1.159769361745003874e-05 1.1098958050301737733e-05 0 0 -1.5689999999999999503 -11.933999999999999275 -5.9759999999999999787 -0.99860000000000004317 0.01490000000000000005 0.050000000000000002776 0.028600000000000000422 0.95760000000000000675 0.28670000000000001039 -0.043599999999999999867 0.28780000000000000027 -0.95669999999999999485 -0.024000000000000021316 0 0 0.9999839361216974476 -0.00065837999206508866779 -0.00019255697382046811617 -3.6339182378000450151e-05 0 0 
2 -25.487999999999999545 1.1370000000000000107 0.71400000000000041211 -0.97880000000000000338 0.036200000000000003009 0.20169999999999999041 0.010500000000000000652 -0.97409999999999996589 0.22570000000000001172 0.20460000000000000409 0.22300000000000000377 0.95309999999999994724 -0.053999999999998493649 0 -0.041999999999999815259 0.99999571665980191426 -0.0002596201880001073551 0.00023540020307113296424 -0.00095002863615726619324 0 0 -1.5959999999999998632 -11.933999999999999275 -5.9759999999999999787 -0.99870000000000003215 0.012999999999999999403 0.050200000000000001565 0.026800000000000000905 0.9579999999999999627 0.28549999999999997602 -0.044400000000000001965 0.28649999999999997691 -0.95699999999999996181 -0.026999999999999912959 0 0 0.99998627509453197337 0.00062395055550046383923 -0.00011631670249796989991 -0.00098020990775828532177 0 0 
2 -25.515000000000000568 1.1370000000000000107 0.69600000000000061817 -0.97870000000000001439 0.03889999999999999708 0.20160000000000000142 0.0079000000000000007716 -0.97399999999999997691 0.22620000000000001217 0.20519999999999999352 0.22300000000000000377 0.95299999999999995826 -0.027000000000001023182 0 -0.017999999999999793943 0.99999563973870209121 0.00027002591584098504423 1.9361619080683740258e-05 0.0013279549134239013002 0 0 -1.5959999999999998632 -11.933999999999999275 -5.9759999999999999787 -0.99860000000000004317 0.015699999999999998679 0.051299999999999998379 0.029700000000000000705 0.95830000000000004068 0.28420000000000000817 -0.04469999999999999668 0.28539999999999998703 -0.95740000000000002878 0 0 0 0.99999513101435222318 0.00065492659311277580912 -0.0005589504140771476854 0.0013332160990856265544 0 0 
2 -25.542000000000001592 1.1370000000000000107 0.67199999999999970868 -0.9786000000000000254 0.036100000000000000144 0.20260000000000000231 0.010399999999999999523 -0.97460000000000002185 0.22389999999999998792 0.20549999999999998823 0.22120000000000000773 0.95330000000000003624 -0.027000000000001023182 0 -0.024000000000000909495 0.99999965395019874137 -0.0011904092553001682873 -0.00045170874925624639401 -0.001182624882386627916 0 0 -1.5959999999999998632 -11.933999999999999275 -5.9759999999999999787 -0.99860000000000004317 0.015699999999999998679 0.051299999999999998379 0.029700000000000000705 0.95830000000000004068 0.28420000000000000817 -0.04469999999999999668 0.28539999999999998703 -0.95740000000000002878 0 0 0 0.99999639043378230063 1.4955611178708490338e-08 -1.6330310676066180225e-08 1.9540817115040184036e-08 0 0 
2 -25.538999999999997925 1.1490000000000000213 0.64799999999999968736 -0.9786000000000000254 0.034299999999999997158 0.20289999999999999702 0.012099999999999999645 -0.97470000000000001084 0.22339999999999998748 0.20539999999999999925 0.22109999999999999098 0.95340000000000002522 0.0030000000000036664005 0.012000000000000010658 -0.024000000000000021316 1.0000076201934855469 -0.00025063266936607199193 -0.00014087178663767951524 -0.0008546476503929751993 0 0 -1.5689999999999999503 -11.933999999999999275 -5.9759999999999999787 -0.99860000000000004317 0.01490000000000000005 0.050000000000000002776 0.028600000000000000422 0.9579999999999999627 0.28549999999999997602 -0.043599999999999999867 0.28649999999999997691 -0.95709999999999995079 0.026999999999999912959 0 0 0.99998984191398609944 -0.00062258685983821349282 0.00067226438099383305311 -0.00037024445869692136244 0 0 
2 -25.538999999999997925 1.1490000000000000213 0.64799999999999968736 -0.9786000000000000254 0.036100000000000000144 0.20260000000000000231 0.010399999999999999523 -0.97460000000000002185 0.22389999999999998792 0.20549999999999998823 0.22120000000000000773 0.95330000000000003624 0 0 0 1.0000007571996207822 0.00025066105952854193101 0.0001408816958179657272 0.00085470428456739977637 0 0 -1.5449999999999999289 -11.933999999999999275 -5.9759999999999999787 -0.99860000000000004317 0.014099999999999999686 0.050400000000000000355 0.027900000000000001188 0.95830000000000004068 0.28429999999999999716 -0.044299999999999999101 0.28529999999999999805 -0.95740000000000002878 0.024000000000000021316 0 0 0.99997866982494965082 0.00060593207521465492372 -0.00022268893863750739335 -0.00043273805333435408013 0 0 
2 -25.538999999999997925 1.1490000000000000213 0.64799999999999968736 -0.97809999999999996945 0.035700000000000002565 0.20519999999999999352 0.011199999999999999886 -0.97479999999999999982 0.22279999999999999805 0.20799999999999999045 0.22029999999999999583 0.95299999999999995826 0 0 0 1.0000022454125723215 -0.00052083435254326635681 -0.0013202923178239046008 -0.00010326168220248902493 0 0 -1.5449999999999999289 -11.933999999999999275 -5.9759999999999999787 -0.99860000000000004317 0.013199999999999999928 0.051200000000000002454 0.027199999999999998485 0.95830000000000004068 0.28429999999999999716 -0.045400000000000002853 0.28529999999999999805 -0.95740000000000002878 0 0 0 0.99998607551176021957 -1.4133675395432420156e-05 -0.00041325930064772082532 -0.00047087216927466291798 0 0 
2 -25.538999999999997925 1.1490000000000000213 0.64799999999999968736 -0.97819999999999995843 0.034700000000000001676 0.20449999999999998734 0.012099999999999999645 -0.97479999999999999982 0.22289999999999998703 0.20710000000000000631 0.22050000000000000155 0.95320000000000004725 0 0 0 1.0000030450871528753 1.5950585741512874276e-05 0.00035126111218266898055 -0.00052471790666483409619 0 0 -1.5449999999999999289 -11.933999999999999275 -5.9759999999999999787 -0.99870000000000003215 0.013299999999999999323 0.049399999999999999467 0.026800000000000000905 0.95840000000000002967 0.28429999999999999716 -0.043599999999999999867 0.28529999999999999805 -0.95750000000000001776 0 0 0 0.99999977104962023411 2.1432609595888190036e-05 0.0009109926608007653517 5.6469607661675024564e-05 0 0 
2 -25.538999999999997925 1.1490000000000000213 0.64799999999999968736 -0.97789999999999999147 0.035000000000000003331 0.2061999999999999944 0.01200000000000000025 -0.97489999999999998881 0.2222999999999999976 0.20880000000000001337 0.21990000000000001212 0.95289999999999996927 0 0 0 0.99999836355873428229 -0.00027762896200685262911 -0.00084794987550014121105 0.00022541099676406090957 0 0 -1.5449999999999999289 -11.933999999999999275 -5.9759999999999999787 -0.99870000000000003215 0.014200000000000000816 0.048599999999999997369 0.027500000000000000139 0.9579999999999999627 0.28549999999999997602 -0.042500000000000003053 0.28649999999999997691 -0.95709999999999995079 0 0 0 0.99998274032714817849 -0.00061792674309442169496 0.00041697246735244281567 0.00048660933347674810347 0 0 
2 -25.548000000000001819 1.179000000000000048 0.69600000000000061817 -0.97809999999999996945 0.033899999999999999578 0.20549999999999998823 0.013299999999999999323 -0.97440000000000004388 0.22420000000000001039 0.20790000000000000147 0.22209999999999999187 0.95260000000000000231 -0.0090000000000038937742 0.030000000000000026645 0.048000000000000930811 0.99999544320576705392 0.00098088068629869685534 0.0003136268126584284611 -0.00075333484332802777995 0 0 -1.5449999999999999289 -11.933999999999999275 -5.9759999999999999787 -0.99860000000000004317 0.014099999999999999686 0.050400000000000000355 0.027900000000000001188 0.9579999999999999627 0.28549999999999997602 -0.044299999999999999101 0.28649999999999997691 -0.95699999999999996181 0 0 0 0.99998038418816204143 -1.4779882388402754639e-05 -0.00091092675131765657968 -5.77132821090777377e-05 0 0 
2 -25.553999999999998494 1.2090000000000000746 0.73799999999999954525 -0.97750000000000003553 0.033200000000000000344 0.20819999999999999618 0.014500000000000000736 -0.97450000000000003286 0.22379999999999999893 0.21040000000000000369 0.22179999999999999716 0.95209999999999994635 -0.00599999999999667466 0.030000000000000026645 0.04199999999999892708 0.99998935767998486934 -0.00020556820276043503656 -0.0013810095352774786909 -0.0003036819547067308076 0 0 -1.5449999999999999289 -11.933999999999999275 -5.9759999999999999787 -0.99870000000000003215 0.012300000000000000169 0.050299999999999997491 0.026100000000000001671 0.9579999999999999627 0.28560000000000002052 -0.04469999999999999668 0.28649999999999997691 -0.95699999999999996181 0 0 0 0.99998898722604490086 -4.6276487753526080935e-05 5.963043929930255207e-05 -0.00090947015838291562009 0 0 
2 -25.577999999999999403 1.2810000000000001386 0.85199999999999942446 -0.9777000000000000135 0.031199999999999998568 0.20780000000000001248 0.016600000000000000172 -0.97440000000000004388 0.22420000000000001039 0.20949999999999999178 0.22270000000000000906 0.95209999999999994635 -0.024000000000000909495 0.072000000000000063949 0.11399999999999987921 1.0000002043986204736 0.00021644287209497738178 0.00020631048524347335438 -0.0010996499750079069459 0 0 -1.5449999999999999289 -11.933999999999999275 -5.9759999999999999787 -0.99870000000000003215 0.012300000000000000169 0.050299999999999997491 0.026100000000000001671 0.95840000000000002967 0.28429999999999999716 -0.04469999999999999668 0.28529999999999999805 -0.95740000000000002878 0 0 0 0.99999576904882914175 0.00065564398018155356854 -4.0447706696787368369e-06 -1.6036321689419541666e-05 0 0 
2 -25.602000000000000313 1.3709999999999999964 0.98399999999999998579 -0.97799999999999998046 0.031800000000000001876 0.20599999999999998868 0.016199999999999999123 -0.97370000000000000995 0.22730000000000000204 0.20780000000000001248 0.22570000000000001172 0.95179999999999997939 -0.024000000000000909495 0.089999999999999857891 0.13200000000000056133 0.99999718049642893902 0.0015703861693878353595 0.00087973858664708293447 -1.2875330687822963057e-05 0 0 -1.5449999999999999289 -11.933999999999999275 -5.9759999999999999787 -0.99870000000000003215 0.013199999999999999928 0.049399999999999999467 0.026800000000000000905 0.9579999999999999627 0.28549999999999997602 -0.043599999999999999867 0.28649999999999997691 -0.95709999999999995079 0 0 0 0.99998946489950690797 -0.00061046189499136288992 0.00044269942491853618658 0.00048687306563259481664 0 0 
2 -25.734000000000001762 1.4429999999999998384 1.0080000000000000071 -0.97780000000000000249 0.028500000000000001027 0.20760000000000000675 0.019800000000000001626 -0.97360000000000002096 0.22739999999999999103 0.20860000000000000764 0.22639999999999999014 0.95140000000000002345 -0.13200000000000144951 0.071999999999999841904 0.024000000000000021316 0.99999333250676669671 3.6469193255798997228e-05 -0.00081681622652678977873 -0.001673241770319960171 0 0 -1.5449999999999999289 -11.933999999999999275 -5.9759999999999999787 -0.99870000000000003215 0.012300000000000000169 0.050299999999999997491 0.026100000000000001671 0.95840000000000002967 0.28429999999999999716 -0.04469999999999999668 0.28529999999999999805 -0.95740000000000002878 0 0 0 0.99999558126979393169 0.00061045993387307592032 -0.00044269147565600768489 -0.00048687556139471283804 0 0 
2 -25.755000000000002558 1.518000000000000016 1.1219999999999998863 -0.97719999999999995755 0.027699999999999998929 0.21029999999999998694 0.021700000000000000538 -0.97309999999999996501 0.22919999999999998708 0.21099999999999999312 0.22850000000000000866 0.95040000000000002256 -0.021000000000000795808 0.075000000000000177636 0.11399999999999987921 0.99998704960334028335 0.00096186739158013727802 -0.0014132159837926575822 -0.00062988514352834334888 0 0 -1.5449999999999999289 -11.933999999999999275 -5.9759999999999999787 -0.99870000000000003215 0.012300000000000000169 0.050299999999999997491 0.026100000000000001671 0.95840000000000002967 0.28429999999999999716 -0.04469999999999999668 0.28529999999999999805 -0.95740000000000002878 0 0 0 0.99999598411002665888 1.0122104461381365608e-08 -4.8504749520087018535e-09 6.5778533891482686582e-09 0 0 
2 -25.859999999999999432 1.6950000000000000622 1.3439999999999994174 -0.97750000000000003553 0.024500000000000000944 0.20930000000000001381 0.025299999999999999573 -0.9724000000000000421 0.23189999999999999503 0.20919999999999999707 0.23200000000000001177 0.94999999999999995559 -0.10499999999999687361 0.17700000000000004619 0.22199999999999953104 0.99999493446647647055 0.0013901281840764587432 0.00047504668088419122396 -0.0019509894472937625541 0 0 -1.5449999999999999289 -11.933999999999999275 -5.9759999999999999787 -0.99860000000000004317 0.012200000000000000774 0.052100000000000000477 0.026499999999999999251 0.95840000000000002967 0.28429999999999999716 -0.046399999999999996803 0.28529999999999999805 -0.95730000000000003979 0 0 0 0.99999350057571578798 -1.3912881606263135658e-05 -0.00088707863714373980622 -5.0051435116905653366e-05 0 0 
2 -26.03399999999999892 1.9170000000000000373 1.5840000000000005187 -0.97750000000000003553 0.022399999999999999772 0.20990000000000000324 0.028400000000000001632 -0.97140000000000004121 0.23589999999999999858 0.20910000000000000808 0.23660000000000000475 0.94879999999999997673 -0.17399999999999948841 0.22199999999999997513 0.24000000000000110134 0.99999967264718114812 0.002078840638959304505 -0.00034009573620397099769 -0.0015195775533724726648 0 0 -1.5449999999999999289 -11.933999999999999275 -5.9759999999999999787 -0.99850000000000005418 0.011199999999999999886 0.052900000000000002576 0.025800000000000000017 0.95840000000000002967 0.28439999999999998614 -0.047500000000000000555 0.28529999999999999805 -0.95730000000000003979 0 0 0 0.99999271397788058735 -3.940653062705762853e-05 -0.0004138703235030578311 -0.00049549234851714108255 0 0 
2 -26.291999999999998039 2.2440000000000002167 1.9320000000000003837 -0.97760000000000002451 0.014300000000000000211 0.20990000000000000324 0.037600000000000001477 -0.96970000000000000639 0.24160000000000000919 0.20699999999999998956 0.24410000000000001141 0.9474000000000000199 -0.25799999999999911893 0.32700000000000017941 0.347999999999999865 0.99998778545966982012 0.0029213939446157857587 -7.1989846071894380121e-05 -0.0047425133715203252049 0 0 -1.5449999999999999289 -11.933999999999999275 -5.9759999999999999787 -0.99850000000000005418 0.01200000000000000025 0.053900000000000003464 0.0269000000000000003 0.9579999999999999627 0.28560000000000002052 -0.048199999999999999789 0.28660000000000002141 -0.95679999999999998384 0 0 0 0.99998963023737308387 -0.00065492907400420484042 -0.00049355832101507385052 0.00043131904328813939825 0 0 
2 -26.625 2.652000000000000135 2.3399999999999998579 -0.97809999999999996945 0.0094000000000000003691 0.20780000000000001248 0.043900000000000001521 -0.96709999999999995968 0.25069999999999997842 0.20330000000000000848 0.25440000000000001501 0.94550000000000000711 -0.3330000000000019611 0.40799999999999991829 0.4079999999999994742 0.99998335562544349298 0.0046688920375414612665 0.0010227447205151034369 -0.0035098033726322650297 0 0 -1.5449999999999999289 -11.933999999999999275 -5.9759999999999999787 -0.99850000000000005418 0.011199999999999999886 0.052900000000000002576 0.025800000000000000017 0.95840000000000002967 0.28439999999999998614 -0.047500000000000000555 0.28529999999999999805 -0.95730000000000003979 0 0 0 0.99999249387551214507 0.00065492927263052856234 0.00049353012458316241652 -0.00043133870662713004202 0 0 
2 -26.853000000000001535 3.0749999999999997335 2.83799999999999919 -0.97640000000000004565 -0.0012999999999999999403 0.21599999999999999756 0.057900000000000000078 -0.96489999999999997993 0.25600000000000000533 0.20810000000000000719 0.2625000000000000111 0.94220000000000003748 -0.22800000000000153477 0.42299999999999959854 0.49799999999999933209 0.99996001664229383632 0.0029686264992765825678 -0.0042151874655048608004 -0.0061280680463438839956 0 0 -1.5449999999999999289 -11.933999999999999275 -5.9759999999999999787 -0.99870000000000003215 0.012300000000000000169 0.050299999999999997491 0.026100000000000001671 0.95840000000000002967 0.28429999999999999716 -0.04469999999999999668 0.28529999999999999805 -0.95740000000000002878 0 0 0 0.99999498759658311808 5.2895852414032643713e-05 0.0013009558405442881585 0.00054560385174820058909 0 0 
2 -27.198000000000000398 3.5369999999999999218 3.2820000000000000284 -0.97619999999999995666 -0.0086000000000000000056 0.21690000000000000946 0.067100000000000006861 -0.96230000000000004423 0.26369999999999998996 0.20649999999999998912 0.27189999999999997504 0.93989999999999995772 -0.34499999999999886313 0.46200000000000018829 0.44400000000000083844 0.99998848688798380735 0.0039952850914091557477 -0.00045072214452101464757 -0.0046331633146652105928 0 0 -1.5449999999999999289 -11.933999999999999275 -5.9759999999999999787 -0.99860000000000004317 0.012200000000000000774 0.052100000000000000477 0.026499999999999999251 0.95840000000000002967 0.28429999999999999716 -0.046399999999999996803 0.28529999999999999805 -0.95730000000000003979 0 0 0 0.99999350056372005024 -1.3910405191124034982e-05 -0.00088705726848402127131 -5.0063256446558627901e-05 0 0 
2 -27.333000000000001961 3.7199999999999997513 3.4619999999999997442 -0.97560000000000002274 -0.010200000000000000733 0.21950000000000000067 0.070000000000000006661 -0.96130000000000004334 0.26660000000000000364 0.20830000000000001292 0.27539999999999997815 0.93850000000000000089 -0.13500000000000156319 0.18299999999999982947 0.17999999999999971578 1.0000068647756379381 0.0015999169477397385229 -0.0013047149805453172548 -0.0011642554746755112444 0 0 -1.518000000000000016 -11.933999999999999275 -5.9699999999999997513 -0.99870000000000003215 0.013299999999999999323 0.049000000000000001887 0.026800000000000000905 0.9579999999999999627 0.28549999999999997602 -0.043200000000000002287 0.28649999999999997691 -0.95709999999999995079 0.026999999999999912959 0 0.0060000000000002273737 0.99998388922612968521 -0.00059364161946187708838 0.0015253089564926684482 0.00059096726900399504552 0 0 
2 -27.521999999999998465 3.8129999999999997229 3.4440000000000008384 -0.9749999999999999778 -0.016400000000000001382 0.22150000000000000244 0.076499999999999998557 -0.96099999999999996536 0.26569999999999999174 0.2084999999999999909 0.27600000000000002309 0.93830000000000002292 -0.18899999999999650413 0.092999999999999971578 -0.017999999999998905764 0.9999925184171468695 -0.0003769245635733840848 -0.0010269060461483602627 -0.0030983916822953207551 0 0 -1.5210000000000001297 -11.913000000000000256 -5.9100000000000001421 -0.99870000000000003215 0.015199999999999999969 0.049200000000000000677 0.028600000000000000422 0.95850000000000001865 0.28349999999999997424 -0.042799999999999997768 0.28449999999999997513 -0.95769999999999999574 -0.0030000000000001136868 0.020999999999999019451 0.059999999999999609201 0.99998231533172776686 0.0010588299248443229332 -8.9575614963054731249e-05 0.00090917424010331364826 0 0 
2 -27.725999999999999091 3.8429999999999999716 3.3239999999999998437 -0.97419999999999995488 -0.022100000000000001588 0.22459999999999999409 0.082199999999999995293 -0.96169999999999999929 0.26150000000000001021 0.21019999999999999796 0.2731999999999999984 0.93869999999999997886 -0.20400000000000062528 0.03000000000000024869 -0.12000000000000099476 0.99999165573537762697 -0.0020428886754352529494 -0.0016368134755195150234 -0.0024855831513269895441 0 0 -1.5210000000000001297 -11.883000000000000895 -5.8140000000000000568 -0.99860000000000004317 0.014200000000000000816 0.050000000000000002776 0.027900000000000001188 0.95850000000000001865 0.28360000000000001874 -0.043900000000000001521 0.28460000000000001963 -0.95760000000000000675 0 0.029999999999999360512 0.096000000000000085265 0.99997234136821500083 -7.0294423271917354603e-05 -0.00041504456443636276704 -0.00049416168773484261349 0 0 
2 -27.999000000000002331 3.9360000000000003872 3.2400000000000002132 -0.97209999999999996412 -0.030700000000000001593 0.23239999999999999547 0.09210000000000000131 -0.96169999999999999929 0.25809999999999999609 0.21560000000000001386 0.2722999999999999865 0.93779999999999996696 -0.27300000000000324007 0.093000000000000415668 -0.083999999999999630518 0.99998131784185184667 -0.0014068965529478820713 -0.0040492359312030426141 -0.0040703090187655544679 0 0 -1.5480000000000000426 -11.840999999999999304 -5.6879999999999997229 -0.99860000000000004317 0.013199999999999999928 0.051299999999999998379 0.02709999999999999909 0.9588999999999999746 0.28239999999999998437 -0.045400000000000002853 0.28339999999999998526 -0.95789999999999997371 -0.026999999999999912959 0.042000000000001591616 0.12600000000000033396 0.99998294893124095584 0.00060740820348687213706 -0.0006320461618862238673 -0.00056408957783842157436 0 0 
2 -28.229999999999996874 4.2119999999999997442 3.2699999999999995737 -0.96889999999999998348 -0.044200000000000003175 0.2432999999999999885 0.10730000000000000648 -0.9616000000000000103 0.25269999999999998019 0.22279999999999999805 0.27100000000000001865 0.93649999999999999911 -0.23099999999999454303 0.27599999999999935696 0.029999999999999360512 0.99996454930838574171 -0.002208920547236576 -0.005698238173856497342 -0.0064025058485633135411 0 0 -1.5480000000000000426 -11.831999999999998963 -5.6580000000000003624 -0.99870000000000003215 0.012500000000000000694 0.048500000000000001443 0.025700000000000000622 0.95920000000000005258 0.28170000000000000595 -0.042999999999999996558 0.28260000000000001785 -0.95830000000000004068 0 0.0090000000000003410605 0.029999999999999360512 0.99998930722528522885 0.00040919216288930274896 0.0013736232057140096603 -0.0003518234700069544944 0 0 
2 -28.548000000000001819 4.7339999999999999858 3.5340000000000006963 -0.96719999999999994866 -0.057399999999999999634 0.24740000000000000879 0.12270000000000000351 -0.95860000000000000764 0.25700000000000000622 0.22250000000000000333 0.27889999999999998126 0.93420000000000003038 -0.31800000000000494538 0.52200000000000024158 0.26400000000000112266 0.99996724377997792121 0.0024709629118387535333 -0.0020121543809470837129 -0.0074594967841210427575 0 0 -1.6020000000000000906 -11.820000000000000284 -5.6280000000000001137 -0.99870000000000003215 0.013100000000000000533 0.050299999999999997491 0.02670000000000000151 0.95930000000000004157 0.28120000000000000551 -0.044499999999999997891 0.28220000000000000639 -0.95830000000000004068 -0.054000000000000047962 0.011999999999998678391 0.03000000000000024869 0.99999377548178625119 0.0002244210661168621597 -0.00088234350284970605293 0.00027868533829513835462 0 0 
2 -28.731000000000001648 5.1120000000000000995 3.9299999999999997158 -0.96919999999999995044 -0.055100000000000003142 0.23999999999999999112 0.12120000000000000218 -0.95509999999999994902 0.27029999999999998472 0.2142999999999999905 0.2911000000000000254 0.93240000000000000657 -0.18299999999999982947 0.37800000000000011369 0.39599999999999901945 0.99996853153335518716 0.0064230949388091361854 0.004232384365008472725 -0.00041314586048545216823 0 0 -1.6530000000000000249 -11.820000000000000284 -5.6280000000000001137 -0.99870000000000003215 0.01200000000000000025 0.050099999999999998701 0.025700000000000000622 0.9588999999999999746 0.28249999999999997335 -0.04469999999999999668 0.28339999999999998526 -0.9579999999999999627 -0.050999999999999934275 0 0 0.99999307039677198805 -0.00066169344988766204494 7.7651566774591986573e-05 -0.00051251229047346127162 0 0 
2 -28.929000000000002046 5.4390000000000000568 4.0860000000000002984 -0.96699999999999997069 -0.063700000000000006617 0.24679999999999999161 0.13180000000000000049 -0.95379999999999998117 0.26989999999999997327 0.21820000000000000506 0.29349999999999998312 0.93069999999999997176 -0.1980000000000003979 0.32699999999999995737 0.15600000000000058265 0.99998044208781966535 0.00025320070755489436929 -0.003508267801767934839 -0.0045294413872375427488 0 0 -1.6530000000000000249 -11.820000000000000284 -5.6280000000000001137 -0.99860000000000004317 0.012900000000000000008 0.050999999999999996725 0.02670000000000000151 0.95960000000000000853 0.28000000000000002665 -0.045400000000000002853 0.28100000000000002753 -0.95860000000000000764 0 0 0 0.99997750323901968272 0.0012745953742525001958 -0.0004735904447662733145 0.00038379772202866017971 0 0 
2 -29.105999999999998096 5.6579999999999994742 4.1519999999999992468 -0.96470000000000000195 -0.073499999999999995892 0.25309999999999999165 0.14319999999999999396 -0.95240000000000002434 0.26910000000000000586 0.22120000000000000773 0.29589999999999999636 0.92930000000000001492 -0.17699999999999604938 0.21899999999999941735 0.065999999999998948397 0.9999921739534503029 6.0656356457309256738e-05 -0.0032349047957247805893 -0.0050810725093315698211 0 0 -1.6530000000000000249 -11.820000000000000284 -5.6280000000000001137 -0.99860000000000004317 0.013700000000000000372 0.051999999999999997613 0.027799999999999998324 0.95920000000000005258 0.28120000000000000551 -0.045999999999999999223 0.28229999999999999538 -0.95820000000000005169 0 0 0 0.99998499528009565651 -0.00064846358013432800222 -0.00046699775713126591425 0.00043893008903406476214 0 0 
2 -29.187000000000001165 5.8890000000000002345 4.2179999999999999716 -0.96489999999999997993 -0.074999999999999997224 0.2518000000000000238 0.14490000000000000102 -0.95130000000000003446 0.27200000000000001954 0.21909999999999998921 0.29889999999999999902 0.92879999999999995897 -0.081000000000003069545 0.23100000000000076028 0.066000000000000724754 0.99999892831846060037 0.0013797405519195068014 0.00077581280949457951356 -0.0011234043754417123804 0 0 -1.6530000000000000249 -11.820000000000000284 -5.6280000000000001137 -0.99850000000000005418 0.015400000000000000494 0.052200000000000003342 0.02960000000000000131 0.95879999999999998561 0.28239999999999998437 -0.045699999999999997569 0.28349999999999997424 -0.95789999999999997371 0 0 0 0.99998230338552784868 -0.00060316667486678922014 -0.00010104938439616661808 0.00089414446196725094838 0 0 
2 -29.306999999999998607 6.1590000000000006963 4.0139999999999993463 -0.96319999999999994511 -0.084099999999999994205 0.25519999999999998241 0.15449999999999999845 -0.95040000000000002256 0.27010000000000000675 0.21990000000000001212 0.29959999999999997744 0.92840000000000000302 -0.11999999999999744205 0.27000000000000046185 -0.20400000000000062528 0.99999198157241564466 -0.00070726529714458042427 -0.0018564307865710728742 -0.0045213824677899222548 0 0 -1.6530000000000000249 -11.820000000000000284 -5.6280000000000001137 -0.99839999999999995417 0.015299999999999999364 0.053999999999999999389 0.02999999999999999889 0.95879999999999998561 0.28239999999999998437 -0.047399999999999997691 0.28360000000000001874 -0.95779999999999998472 0 0 0 0.99998472265270110793 -3.9293039768353850525e-05 -0.00088710878680343518022 -4.7985568693033794885e-05 0 0 
2 -29.364000000000000767 6.4230000000000000426 3.8100000000000004974 -0.96099999999999996536 -0.093499999999999999778 0.26029999999999997584 0.16480000000000000204 -0.94950000000000001066 0.26719999999999999307 0.22209999999999999187 0.29959999999999997744 0.92779999999999995808 -0.05700000000000216005 0.2639999999999993463 -0.20399999999999884892 0.99998573530490020289 -0.0010760220331480115086 -0.0027196002412454073002 -0.0046269496348671198052 0 0 -1.6530000000000000249 -11.820000000000000284 -5.6280000000000001137 -0.99839999999999995417 0.015400000000000000494 0.053999999999999999389 0.02999999999999999889 0.95920000000000005258 0.28120000000000000551 -0.047399999999999997691 0.28229999999999999538 -0.95809999999999995168 0 0 0 0.99998072252913228208 0.00064975953934036866869 -5.4724047421671610553e-06 6.544341531737538008e-06 0 0 
2 -29.352000000000000313 6.6179999999999994387 3.7560000000000002274 -0.96020000000000005347 -0.095899999999999999134 0.26229999999999997762 0.16789999999999999369 -0.94879999999999997673 0.26769999999999999352 0.2232000000000000095 0.30109999999999997877 0.92710000000000003517 0.012000000000000454747 0.19499999999999939604 -0.054000000000000270006 1.0000007524446499207 0.00045652247154367753572 -0.0010129542980459836643 -0.001360735091134585191 0 0 -1.6799999999999999378 -11.790000000000000924 -5.5380000000000002558 -0.99839999999999995417 0.015400000000000000494 0.053999999999999999389 0.029899999999999999495 0.95950000000000001954 0.28000000000000002665 -0.047500000000000000555 0.28120000000000000551 -0.95850000000000001865 -0.026999999999999912959 0.029999999999999360512 0.089999999999999857891 0.99998403075227448866 0.00060058793422886069552 -2.1176960896139605735e-05 -4.6341384355033872803e-05 0 0 
2 -29.393999999999998352 6.8129999999999997229 3.6539999999999999147 -0.96060000000000000941 -0.097400000000000000466 0.26029999999999997584 0.16930000000000000604 -0.94779999999999997584 0.27029999999999998472 0.22040000000000001257 0.30370000000000002549 0.92689999999999994618 -0.041999999999998038902 0.19500000000000028422 -0.10200000000000031264 0.99999705696952545519 0.0011549687145899253504 0.0011595726640030756035 -0.0010803429928504489684 0 0 -1.7339999999999999858 -11.747999999999999332 -5.4119999999999999218 -0.99850000000000005418 0.013400000000000000452 0.053199999999999997291 0.027799999999999998324 0.95999999999999996447 0.27850000000000002531 -0.047399999999999997691 0.2795000000000000262 -0.95899999999999996358 -0.054000000000000047962 0.042000000000001591616 0.12600000000000033396 0.99998662073653776794 0.00081341563975442755189 0.00036671095245174525771 -0.0010202344336087869683 0 0 
2 -29.38200000000000145 6.930000000000000604 3.5939999999999994174 -0.96140000000000003233 -0.099500000000000005107 0.25659999999999999476 0.17080000000000000737 -0.94679999999999997495 0.27289999999999997593 0.21579999999999999183 0.30620000000000002771 0.92720000000000002416 0.011999999999996902034 0.11700000000000088107 -0.06000000000000049738 1.0000042698160789278 0.0010134434190564685016 0.0020318358173874685388 -0.0013695928834613244843 0 0 -1.7580000000000000071 -11.738999999999998991 -5.3819999999999996732 -0.99829999999999996518 0.015800000000000001543 0.05650000000000000161 0.030999999999999999778 0.96009999999999995346 0.27800000000000002487 -0.049899999999999999911 0.27929999999999999272 -0.9588999999999999746 -0.024000000000000021316 0.0090000000000003410605 0.03000000000000024869 0.99999009373280300927 0.00018880134368147775091 -0.0016531716419980703112 0.0011899835104403496365 0 0 
2 -29.38200000000000145 7.0050000000000007816 3.5999999999999996447 -0.96140000000000003233 -0.10100000000000000644 0.25609999999999999432 0.17239999999999999769 -0.94620000000000004103 0.27389999999999997682 0.21470000000000000195 0.30749999999999999556 0.92700000000000004619 0 0.075000000000000177636 0.0060000000000002273737 1.0000045719154713186 0.00048559409955641123736 0.00029789025462775018185 -0.00091913368506665405009 0 0 -1.8120000000000000551 -11.738999999999998991 -5.3819999999999996732 -0.99839999999999995417 0.013899999999999999162 0.055399999999999997857 0.028799999999999999212 0.96009999999999995346 0.27810000000000001386 -0.049299999999999996603 0.27920000000000000373 -0.95899999999999996358 -0.054000000000000047962 0 0 0.99999284681940636688 -1.5546456892307316307e-05 0.00057465665294672088354 -0.00096193992409164769206 0 0 
2 -29.412000000000002586 7.0529999999999999361 3.58799999999999919 -0.96040000000000003144 -0.10359999999999999765 0.25850000000000000755 0.17540000000000000036 -0.94599999999999995204 0.27250000000000001998 0.21629999999999999227 0.3070999999999999841 0.92679999999999995719 -0.030000000000001136868 0.047999999999999154454 -0.012000000000000454747 0.99999209013751055863 -0.00050068109724725647081 -0.0012881723187704108638 -0.0012238900997753520902 0 0 -1.8359999999999998543 -11.738999999999998991 -5.3879999999999999005 -0.99839999999999995417 0.014800000000000000655 0.054899999999999997413 0.029499999999999998446 0.96009999999999995346 0.27800000000000002487 -0.048599999999999997369 0.27920000000000000373 -0.95899999999999996358 -0.023999999999999799272 0 -0.0060000000000002273737 0.9999863065464558165 3.8202392332640297686e-05 0.00024320778444499434475 0.00044148145445783103756 0 0 
2 -29.588999999999998636 7.1310000000000002274 3.4920000000000008811 -0.95820000000000005169 -0.11079999999999999571 0.26390000000000002345 0.18329999999999999072 -0.94569999999999998508 0.26840000000000002744 0.21990000000000001212 0.30559999999999998277 0.92640000000000000124 -0.17699999999999604938 0.078000000000000291323 -0.095999999999998308908 0.99998890174894172755 -0.0015915040154241034964 -0.00301257307675096642 -0.0033099331039605313018 0 0 -1.8359999999999998543 -11.738999999999998991 -5.3879999999999999005 -0.99839999999999995417 0.019400000000000000577 0.052600000000000000921 0.033399999999999999134 0.95969999999999999751 0.27920000000000000373 -0.044999999999999998335 0.28050000000000002709 -0.95879999999999998561 0 0 0 0.99998676246417461666 -0.00056984427620352642776 0.0011725022070117208789 0.0023542352742659325426 0 0 
2 -29.588999999999998636 7.1909999999999998366 3.4800000000000004263 -0.95850000000000001865 -0.10939999999999999725 0.263400000000000023 0.18210000000000001186 -0.94559999999999999609 0.26960000000000000631 0.21959999999999998965 0.3063000000000000167 0.92630000000000001226 0 0.059999999999999609201 -0.012000000000000454747 1.0000080911404667372 0.00053861630476685759192 0.00033901477482953045568 0.00056143599455645877561 0 0 -1.8359999999999998543 -11.738999999999998991 -5.3879999999999999005 -0.9981999999999999762 0.013799999999999999767 0.057599999999999998423 0.029200000000000000261 0.96050000000000002043 0.2767999999999999905 -0.051499999999999997169 0.27800000000000002487 -0.95920000000000005258 0 0 0 0.99997624076514768365 0.0011610702078063968139 -0.002530983611480272337 -0.0028949784646322054144 0 0 
2 -29.637000000000000455 7.2030000000000002913 3.4079999999999994742 -0.95850000000000001865 -0.11350000000000000366 0.2615999999999999992 0.18540000000000000924 -0.94499999999999995115 0.26929999999999998384 0.21659999999999998699 0.30659999999999998366 0.92689999999999994618 -0.048000000000001818989 0.012000000000000454747 -0.072000000000000952127 0.99999794969742950013 -0.00032620694064457302986 0.00092285421624523360402 -0.0020360770330326571909 0 0 -1.8359999999999998543 -11.738999999999998991 -5.3879999999999999005 -0.99829999999999996518 0.014699999999999999525 0.0567000000000000004 0.029899999999999999495 0.96009999999999995346 0.27800000000000002487 -0.050400000000000000355 0.27929999999999999272 -0.9588999999999999746 0 0 0 0.99999003247758855295 -0.00063231837417454051301 0.00044611289401292079579 0.00048828790749245586534 0 0 
2 -29.748000000000001108 7.2030000000000002913 3.3120000000000011653 -0.9572000000000000508 -0.11769999999999999907 0.26450000000000001288 0.18970000000000000751 -0.94510000000000005116 0.26590000000000002522 0.21870000000000000551 0.30470000000000002638 0.92700000000000004619 -0.1110000000000006537 0 -0.095999999999998308908 0.99999180198301718114 -0.0014502716994701982806 -0.001708218657025266287 -0.0017907735769778429513 0 0 -1.8359999999999998543 -11.738999999999998991 -5.3879999999999999005 -0.9981999999999999762 0.013700000000000000372 0.057599999999999998423 0.029200000000000000261 0.96009999999999995346 0.27810000000000001386 -0.051499999999999997169 0.27929999999999999272 -0.95879999999999998561 0 0 0 0.99997831713478091409 -4.8473749505023002099e-05 -0.0004415649449363709335 -0.00049401418308841875144 0 0 
