2 15.297000000000000597 -44.810999999999999943 -24.294000000000000483 0.23319999999999999063 -0.34939999999999998836 0.90749999999999997335 -0.95299999999999995826 0.10349999999999999478 0.2847999999999999976 -0.19339999999999998859 -0.93120000000000002771 -0.30880000000000001892 0 0 0 0.99998913994102955893 -0.0012759363567440892145 1.5920172894019047851e-05 5.9950651067553457034e-06 0 0 
2 -0.14999999999999999445 -30.791999999999998039 -75.420000000000001705 0.010899999999999999967 0.39850000000000002087 -0.91710000000000002629 0.43800000000000000044 0.82259999999999999787 0.36259999999999997788 0.89890000000000003233 -0.40570000000000000506 -0.1655999999999999972 0 0 0 1.0000030062454812185 0 0 0 0 0 
2 15.297000000000000597 -44.810999999999999943 -24.294000000000000483 0.23269999999999999019 -0.35289999999999999147 0.90629999999999999449 -0.95309999999999994724 0.10280000000000000249 0.2847999999999999976 -0.19370000000000001106 -0.93000000000000004885 -0.31240000000000001101 0 0 0 1.0000047487387246914 0.0018794335750609964496 -0.00020149654314555908363 -0.00020622152070789133167 0 0 
2 -0.14999999999999999445 -30.791999999999998039 -75.420000000000001705 0.01170000000000000033 0.39879999999999998783 -0.9170000000000000373 0.43919999999999997931 0.82179999999999997495 0.36299999999999998934 0.89829999999999998739 -0.40699999999999997291 -0.16550000000000000822 0 0 0 1.0000055849844040612 0.00016956155300137227236 -0.00011634435021861538884 -0.00076625572047374238081 0 0 
2 15.297000000000000597 -44.810999999999999943 -24.294000000000000483 0.23269999999999999019 -0.35289999999999999147 0.90629999999999999449 -0.95309999999999994724 0.10280000000000000249 0.2847999999999999976 -0.19370000000000001106 -0.93000000000000004885 -0.31240000000000001101 0 0 0 1.0000199160516753949 0 0 0 0 0 
2 -0.14999999999999999445 -30.791999999999998039 -75.420000000000001705 0.01170000000000000033 0.4000000000000000222 -0.91649999999999998135 0.43919999999999997931 0.82130000000000003002 0.36409999999999997922 0.89829999999999998739 -0.40679999999999999494 -0.16600000000000000866 0 0 0 1.0000100199498003217 0.00065546343228930733279 -9.9549002524051339908e-06 -6.474935121467026299e-06 0 0 
2 15.297000000000000597 -44.810999999999999943 -24.294000000000000483 0.23269999999999999019 -0.35170000000000001261 0.90669999999999995044 -0.95309999999999994724 0.10320000000000000007 0.28460000000000001963 -0.19370000000000001106 -0.9304000000000000048 -0.31119999999999997664 0 0 0 1.000009956200436978 -0.00065103351817979342522 -1.2814872412552367329e-05 -6.1299389690989814872e-06 0 0 
2 -0.14999999999999999445 -30.791999999999998039 -75.420000000000001705 0.010899999999999999967 0.40079999999999998961 -0.9161000000000000254 0.44030000000000002469 0.82059999999999999609 0.3643000000000000127 0.89780000000000004245 -0.40729999999999999538 -0.16759999999999999898 0 0 0 1.0000047912385219284 0.00047005024787713652838 0.00064036443186126857166 -0.00038351316249696313634 0 0 
2 15.297000000000000597 -44.810999999999999943 -24.294000000000000483 0.23269999999999999019 -0.35289999999999999147 0.90629999999999999449 -0.95309999999999994724 0.10280000000000000249 0.2847999999999999976 -0.19370000000000001106 -0.93000000000000004885 -0.31240000000000001101 0 0 0 1.000009956200436978 0.00065103351817979342522 1.2814872412552367329e-05 6.1299389690989814872e-06 0 0 
2 -0.14999999999999999445 -30.791999999999998039 -75.420000000000001705 0.01170000000000000033 0.4000000000000000222 -0.91649999999999998135 0.43919999999999997931 0.82130000000000003002 0.36409999999999997922 0.89829999999999998739 -0.40679999999999999494 -0.16600000000000000866 0 0 0 1.0000047912385219284 -0.00047005024787713652838 -0.00064036443186126857166 0.00038351316249696313634 0 0 
2 15.297000000000000597 -44.810999999999999943 -24.294000000000000483 0.23269999999999999019 -0.35039999999999998925 0.90720000000000000639 -0.95330000000000003624 0.10230000000000000204 0.28399999999999997469 -0.19229999999999999871 -0.93100000000000004974 -0.31019999999999997575 0 0 0 0.9999969587453754194 -0.0012204037115584281774 -0.0002600232907970392404 0.00064364195747908757844 0 0 
2 -0.14999999999999999445 -30.791999999999998039 -75.420000000000001705 0.01170000000000000033 0.4000000000000000222 -0.91649999999999998135 0.43919999999999997931 0.82130000000000003002 0.36409999999999997922 0.89829999999999998739 -0.40679999999999999494 -0.16600000000000000866 0 0 0 1.0000116761818333977 0 0 0 0 0 
2 15.297000000000000597 -44.810999999999999943 -24.294000000000000483 0.23269999999999999019 -0.35149999999999997913 0.90680000000000005045 -0.95330000000000003624 0.10190000000000000446 0.28420000000000000817 -0.19229999999999999871 -0.93059999999999998277 -0.31140000000000001013 0 0 0 0.99998075981490763819 0.00062836708989911268641 1.3245254841155008758e-05 1.2107732955020152963e-05 0 0 
2 -0.14999999999999999445 -30.791999999999998039 -75.420000000000001705 0.011799999999999999725 0.39879999999999998783 -0.9170000000000000373 0.43800000000000000044 0.82230000000000003091 0.36330000000000001181 0.89890000000000003233 -0.40589999999999998304 -0.16500000000000000777 0 0 0 1.0000103336966073009 -0.0006445783391229895987 -0.0002923119793366852205 0.00060581123973045558368 0 0 
2 15.297000000000000597 -44.810999999999999943 -24.294000000000000483 0.23319999999999999063 -0.35080000000000000071 0.90700000000000002842 -0.9526999999999999913 0.10440000000000000668 0.28539999999999998703 -0.19480000000000000093 -0.93059999999999998277 -0.30980000000000001981 0 0 0 0.99999318872680331705 -0.00069556473768143825629 0.00070188478072899778554 -0.0011080700473678132927 0 0 
2 -0.14999999999999999445 -30.791999999999998039 -75.420000000000001705 0.01170000000000000033 0.40110000000000001208 -0.91590000000000004743 0.43919999999999997931 0.82089999999999996305 0.3650999999999999801 0.89829999999999998739 -0.40649999999999997247 -0.1665000000000000091 0 0 0 0.999995782491106322 0.001261602820821140997 0.00029340873745395499184 -0.00057895744175817957702 0 0 
2 15.297000000000000597 -44.810999999999999943 -24.294000000000000483 0.23269999999999999019 -0.35170000000000001261 0.90669999999999995044 -0.95309999999999994724 0.10320000000000000007 0.28460000000000001963 -0.19370000000000001106 -0.9304000000000000048 -0.31119999999999997664 0 0 0 1.0000011187493742515 0.00063632428811258008681 -0.00046833947604549492402 0.00044610450092087092786 0 0 
2 -0.14999999999999999445 -30.791999999999998039 -75.420000000000001705 0.011799999999999999725 0.4000000000000000222 -0.91649999999999998135 0.43800000000000000044 0.82179999999999997495 0.3643000000000000127 0.89890000000000003233 -0.40570000000000000506 -0.16550000000000000822 0 0 0 0.99999327872741228251 -0.00062669421218262142195 -0.00029238446519568451597 0.00057248384781999339666 0 0 
2 15.297000000000000597 -44.810999999999999943 -24.294000000000000483 0.23319999999999999063 -0.35060000000000002274 0.90700000000000002842 -0.95299999999999995826 0.10320000000000000007 0.28489999999999998659 -0.19339999999999998859 -0.93079999999999996074 -0.30999999999999999778 0 0 0 0.99999194246753808635 -0.00057822465906395110417 0.00020925418607237601231 0.00019452656740413944809 0 0 
2 -0.14999999999999999445 -30.791999999999998039 -75.420000000000001705 0.010899999999999999967 0.40079999999999998961 -0.9161000000000000254 0.43919999999999997931 0.82110000000000005205 0.36449999999999999067 0.89829999999999998739 -0.40629999999999999449 -0.16709999999999999853 0 0 0 0.99999550373989187779 0.00046559959345685199153 0.00067681054311624698309 -0.00042652191775346980952 0 0 
2 15.297000000000000597 -44.810999999999999943 -24.294000000000000483 0.23319999999999999063 -0.35189999999999999059 0.90649999999999997247 -0.9526999999999999913 0.10399999999999999523 0.28549999999999997602 -0.19480000000000000093 -0.93020000000000002682 -0.31099999999999999867 0 0 0 0.999982901103813826 0.00057630985426235703441 0.00025362183665345115324 -0.00062893075402166247461 0 0 
2 -0.14999999999999999445 -30.791999999999998039 -75.420000000000001705 0.01170000000000000033 0.39879999999999998783 -0.9170000000000000373 0.43919999999999997931 0.82179999999999997495 0.36299999999999998934 0.89829999999999998739 -0.40699999999999997291 -0.16550000000000000822 0 0 0 0.99999780374758828749 -0.0011116949415626935747 -0.00037538832444750352274 -0.00016595286447438942451 0 0 
2 15.297000000000000597 -44.810999999999999943 -24.294000000000000483 0.23269999999999999019 -0.35170000000000001261 0.90669999999999995044 -0.95309999999999994724 0.10320000000000000007 0.28460000000000001963 -0.19370000000000001106 -0.9304000000000000048 -0.31119999999999997664 0 0 0 0.99999136621272877168 1.7400150229335094335e-06 -0.00046314899872991591211 0.00043416124845585784935 0 0 
2 -0.14999999999999999445 -30.791999999999998039 -75.420000000000001705 0.01170000000000000033 0.4000000000000000222 -0.91649999999999998135 0.43919999999999997931 0.82130000000000003002 0.36409999999999997922 0.89829999999999998739 -0.40679999999999999494 -0.16600000000000000866 0 0 0 1.0000100199498003217 0.00065546343228930733279 -9.9549002524051339908e-06 -6.474935121467026299e-06 0 0 
2 15.297000000000000597 -44.810999999999999943 -24.294000000000000483 0.23219999999999998974 -0.35030000000000000027 0.90739999999999998437 -0.95340000000000002522 0.10269999999999999962 0.28370000000000000773 -0.19250000000000000444 -0.93100000000000004974 -0.31019999999999997575 0 0 0 1.0000027649961773513 -0.0006458157143220252458 -0.00043478629781756639215 0.00047253369344614704539 0 0 
2 -0.14999999999999999445 -30.791999999999998039 -75.420000000000001705 0.011799999999999999725 0.4000000000000000222 -0.91649999999999998135 0.43800000000000000044 0.82179999999999997495 0.3643000000000000127 0.89890000000000003233 -0.40570000000000000506 -0.16550000000000000822 0 0 0 1.0000074387223327754 -9.6474282354509749399e-06 -0.00029128783319068267139 0.00059933804169071298873 0 0 
2 15.297000000000000597 -44.810999999999999943 -24.294000000000000483 0.23269999999999999019 -0.35170000000000001261 0.90669999999999995044 -0.95309999999999994724 0.10320000000000000007 0.28460000000000001963 -0.19370000000000001106 -0.9304000000000000048 -0.31119999999999997664 0 0 0 1.0000027649961773513 0.0006458157143220252458 0.00043478629781756639215 -0.00047253369344614704539 0 0 
2 -0.14999999999999999445 -30.791999999999998039 -75.420000000000001705 0.010899999999999999967 0.40079999999999998961 -0.9161000000000000254 0.43919999999999997931 0.82110000000000005205 0.36449999999999999067 0.89829999999999998739 -0.40629999999999999449 -0.16709999999999999853 0 0 0 0.99999550373989187779 0.00046559959345685199153 0.00067681054311624698309 -0.00042652191775346980952 0 0 
2 15.297000000000000597 -44.810999999999999943 -24.294000000000000483 0.23269999999999999019 -0.35039999999999998925 0.90720000000000000639 -0.95330000000000003624 0.10230000000000000204 0.28399999999999997469 -0.19229999999999999871 -0.93100000000000004974 -0.31019999999999997575 0 0 0 0.99998779367550283403 -0.00056937194993879661729 -0.00024678051228302968221 0.00064993793335332437824 0 0 
2 -0.14999999999999999445 -30.791999999999998039 -75.420000000000001705 0.011799999999999999725 0.4000000000000000222 -0.91649999999999998135 0.43800000000000000044 0.82179999999999997495 0.3643000000000000127 0.89890000000000003233 -0.40570000000000000506 -0.16550000000000000822 0 0 0 0.99999550373989187779 -0.00046559959345685199153 -0.00067681054311624698309 0.00042652191775346980952 0 0 
2 15.297000000000000597 -44.810999999999999943 -24.294000000000000483 0.23269999999999999019 -0.35049999999999997824 0.90720000000000000639 -0.95309999999999994724 0.10349999999999999478 0.28449999999999997513 -0.19370000000000001106 -0.93079999999999996074 -0.30999999999999999778 0 0 0 0.99999223996989095031 -8.0773126801874698907e-05 0.0002515494520313192226 -0.00063239240738413387243 0 0 
2 -0.13800000000000001155 -30.774000000000000909 -75.43200000000000216 0.012099999999999999645 0.41260000000000002229 -0.910800000000000054 0.44030000000000002469 0.81559999999999999165 0.37530000000000002247 0.89780000000000004245 -0.40560000000000001608 -0.17180000000000000826 0.011999999999999982903 0.017999999999997129407 -0.012000000000000454747 0.99997268587696941378 0.0069248941474107199301 0.00038071039877066181496 -0.0012333936890669573022 0 0 
2 15.297000000000000597 -44.810999999999999943 -24.294000000000000483 0.23269999999999999019 -0.35170000000000001261 0.90669999999999995044 -0.95309999999999994724 0.10320000000000000007 0.28460000000000001963 -0.19370000000000001106 -0.9304000000000000048 -0.31119999999999997664 0 0 0 1.0000044874899312042 0.00065013458252760180506 -5.1949766875713754459e-06 -1.769742058300013889e-05 0 0 
2 0.07199999999999999456 -30.653999999999999915 -72.551999999999992497 0.040099999999999996758 0.47710000000000002407 -0.87790000000000001368 0.34170000000000000373 0.81910000000000005027 0.46079999999999998739 0.93889999999999995683 -0.31850000000000000533 -0.13020000000000001017 0.21000000000000001998 0.12000000000000099476 2.8800000000000096634 0.99785658789226827636 0.034782605958750441311 -0.036317889203445918866 0.041603022421977518819 0 0 
2 15.297000000000000597 -44.810999999999999943 -24.294000000000000483 0.23319999999999999063 -0.35170000000000001261 0.90659999999999996145 -0.95299999999999995826 0.10280000000000000249 0.28499999999999997558 -0.19339999999999998859 -0.9304000000000000048 -0.31119999999999997664 0 0 0 0.99999352372902894359 4.7572808094405421696e-05 0.00019824128386426213507 0.00020647383718052392016 0 0 
2 0.20999999999999999223 -30.500999999999997669 -74.04600000000000648 0.051700000000000002898 0.37119999999999997442 -0.92710000000000003517 0.40089999999999997859 0.84250000000000002665 0.3598000000000000087 0.91469999999999995755 -0.3901999999999999913 -0.10520000000000000184 0.13800000000000001155 0.15300000000000224532 -1.4940000000000139835 0.99783972535673282067 -0.056936145210784237791 0.0083326708575642786242 -0.031393498578943530852 0 0 
2 15.297000000000000597 -44.810999999999999943 -24.294000000000000483 0.23369999999999999107 -0.35080000000000000071 0.90680000000000005045 -0.95260000000000000231 0.10399999999999999523 0.2857000000000000095 -0.1945999999999999952 -0.93069999999999997176 -0.30990000000000000879 0 0 0 0.99999042245413527485 -0.00061480588833159204899 0.00045315934015436459825 -0.00046436694749574036018 0 0 
2 0.25500000000000000444 -30.569999999999996732 -74.987999999999999545 0.050200000000000001565 0.33369999999999999662 -0.94130000000000002558 0.45300000000000001377 0.83240000000000002878 0.31929999999999997273 0.89010000000000000231 -0.44250000000000000444 -0.10939999999999999725 0.045000000000000012212 -0.068999999999999062084 -0.9419999999999930651 0.99940978832508942098 -0.018607902601360908068 0.010890547728415488071 -0.026706517498423780477 0 0 
2 15.297000000000000597 -44.810999999999999943 -24.294000000000000483 0.23319999999999999063 -0.35060000000000002274 0.90700000000000002842 -0.95299999999999995826 0.10320000000000000007 0.28489999999999998659 -0.19339999999999998859 -0.93079999999999996074 -0.30999999999999999778 0 0 0 0.99998920619174680446 -1.1020118949051335889e-05 -0.00044196477048298712974 0.00045283488781295064664 0 0 
2 0.23100000000000001088 -30.203999999999997073 -75.048000000000001819 0.050799999999999997935 0.30320000000000002505 -0.95160000000000000142 0.48830000000000001181 0.82359999999999999876 0.28849999999999997868 0.87119999999999997442 -0.47930000000000000382 -0.10620000000000000273 -0.023999999999999993561 0.36599999999999965894 -0.060000000000002273737 0.99968936675349306942 -0.015108883321477242431 0.0061007225872633207009 -0.019061013484500396314 0 0 
2 15.297000000000000597 -44.810999999999999943 -24.294000000000000483 0.23319999999999999063 -0.35060000000000002274 0.90700000000000002842 -0.95299999999999995826 0.10320000000000000007 0.28489999999999998659 -0.19339999999999998859 -0.93079999999999996074 -0.30999999999999999778 0 0 0 0.99998388112009084505 0 0 0 0 0 
2 0.64499999999999990674 -29.030999999999998806 -71.987999999999999545 0.12289999999999999536 0.087300000000000002598 -0.98860000000000003428 0.49509999999999998455 0.85789999999999999591 0.13730000000000000537 0.86009999999999997566 -0.50629999999999997229 0.062199999999999998346 0.41399999999999992362 1.1729999999999982663 3.0600000000000022737 0.99332551688759118669 -0.10939873752613706037 -0.034346560538282097652 -0.012715584957060299329 0 0 
2 15.297000000000000597 -44.810999999999999943 -24.294000000000000483 0.23269999999999999019 -0.35049999999999997824 0.90720000000000000639 -0.95309999999999994724 0.10349999999999999478 0.28449999999999997513 -0.19370000000000001106 -0.93079999999999996074 -0.30999999999999999778 0 0 0 0.99999638874347940298 -7.1892759623200667486e-05 -0.00020420823744833363988 -0.00017670063811133342527 0 0 
2 1.3620000000000000995 -24.053999999999998494 -58.326000000000000512 0.32690000000000002389 -0.14960000000000001075 -0.9331000000000000405 0.54749999999999998668 0.8347999999999999865 0.058000000000000002942 0.77029999999999998472 -0.52990000000000003766 0.35480000000000000426 0.71700000000000019273 4.9770000000000003126 13.661999999999999034 0.98712665347461869825 -0.11165980790005490542 -0.10618957013371256581 -0.042821019826800622854 0 0 
2 15.297000000000000597 -44.810999999999999943 -24.294000000000000483 0.23269999999999999019 -0.35170000000000001261 0.90669999999999995044 -0.95309999999999994724 0.10320000000000000007 0.28460000000000001963 -0.19370000000000001106 -0.9304000000000000048 -0.31119999999999997664 0 0 0 1.0000044874899312042 0.00065013458252760180506 -5.1949766875713754459e-06 -1.769742058300013889e-05 0 0 
2 2.5620000000000002771 -13.380000000000000782 -37.566000000000002501 0.52259999999999995346 -0.19700000000000000844 -0.8295000000000000151 0.58320000000000005169 0.79230000000000000426 0.17919999999999999818 0.62190000000000000835 -0.57740000000000002434 0.52900000000000002576 1.2000000000000001776 10.673999999999997712 20.75999999999999801 0.9922356398557754531 -0.0079467816749115467723 -0.11781462769971831617 -0.038931241177362706229 0 0 
2 15.297000000000000597 -44.810999999999999943 -24.294000000000000483 0.23269999999999999019 -0.35049999999999997824 0.90720000000000000639 -0.95309999999999994724 0.10349999999999999478 0.28449999999999997513 -0.19370000000000001106 -0.93079999999999996074 -0.30999999999999999778 0 0 0 1.0000044874899312042 -0.00065013458252760180506 5.1949766875713754459e-06 1.769742058300013889e-05 0 0 
2 4.9859999999999997655 1.5029999999999998916 -16.542000000000001592 0.69599999999999995204 -0.14799999999999999267 -0.70260000000000000231 0.48409999999999997478 0.81940000000000001723 0.30690000000000000613 0.53029999999999999361 -0.55379999999999995897 0.64190000000000002611 2.4239999999999994884 14.883000000000000895 21.024000000000000909 0.99390005911057277554 0.0086260509006028732171 -0.10590992176235421163 0.029146755988649325486 0 0 
2 15.297000000000000597 -44.810999999999999943 -24.294000000000000483 0.23369999999999999107 -0.34960000000000002185 0.90729999999999999538 -0.95260000000000000231 0.10440000000000000668 0.28560000000000002052 -0.1945999999999999952 -0.93110000000000003872 -0.30869999999999997442 0 0 0 1.0000074887219594366 -0.00057418820006423210676 0.00065134512225748343942 -0.00028230288591218953651 0 0 
2 7.0440000000000004832 11.663999999999999702 -1.4219999999999997087 0.83199999999999996181 0.08590000000000000413 -0.54810000000000003162 0.27629999999999999005 0.79249999999999998224 0.5436999999999999611 0.48099999999999998312 -0.60380000000000000338 0.63560000000000005382 2.0580000000000007176 10.160999999999999588 15.120000000000000995 0.98728125425331558773 0.096058141579650563324 -0.10376958901897019583 0.072510768528814675826 0 0 
2 15.297000000000000597 -44.810999999999999943 -24.294000000000000483 0.23219999999999998974 -0.35030000000000000027 0.90739999999999998437 -0.95340000000000002522 0.10269999999999999962 0.28370000000000000773 -0.19250000000000000444 -0.93100000000000004974 -0.31019999999999997575 0 0 0 1.0000053524856753473 0.0005787044024929728506 -0.0010907216619279369498 0.00073769605149245941807 0 0 
2 6.2279999999999997584 9.917999999999999261 -0.45000000000000017764 0.85240000000000004654 0.096100000000000004863 -0.51410000000000000142 0.24849999999999999867 0.79039999999999999147 0.55989999999999995328 0.46010000000000000897 -0.60499999999999998224 0.64990000000000003322 -0.81600000000000072475 -1.7460000000000004405 0.97199999999999953104 0.99979794458680493197 0.003655706155217707063 -0.019809627642498554151 0.0037479297895022505721 0 0 
2 15.297000000000000597 -44.810999999999999943 -24.294000000000000483 0.23269999999999999019 -0.35289999999999999147 0.90629999999999999449 -0.95309999999999994724 0.10280000000000000249 0.2847999999999999976 -0.19370000000000001106 -0.93000000000000004885 -0.31240000000000001101 0 0 0 1.0000118774294632917 0.0012968770964337582134 0.00044792217983590274606 -0.00046609946393649559536 0 0 
2 0.80999999999999994227 10.112999999999999545 0.31200000000000027711 0.87509999999999998899 0.10960000000000000298 -0.47129999999999999671 0.23599999999999998757 0.75370000000000003659 0.61339999999999994529 0.42239999999999999769 -0.64810000000000000941 0.63370000000000004103 -5.4180000000000001492 0.19500000000000028422 0.76200000000000045475 0.99935787383699536957 0.027942905370608828869 -0.021387208285994063067 -0.0081434366137064246455 0 0 
2 15.297000000000000597 -44.810999999999999943 -24.294000000000000483 0.23269999999999999019 -0.35170000000000001261 0.90669999999999995044 -0.95309999999999994724 0.10320000000000000007 0.28460000000000001963 -0.19370000000000001106 -0.9304000000000000048 -0.31119999999999997664 0 0 0 1.000009956200436978 -0.00065103351817979342522 -1.2814872412552367329e-05 -6.1299389690989814872e-06 0 0 
2 -2.8080000000000002736 10.323000000000000398 0.084000000000000518696 0.94520000000000004015 0.16589999999999999192 -0.28129999999999999449 0.092399999999999996025 0.69010000000000004672 0.71779999999999999361 0.31319999999999997842 -0.70440000000000002611 0.63690000000000002167 -3.6180000000000003268 0.21000000000000085265 -0.22799999999999975842 0.99405205975341148772 0.049962197163315721915 -0.096217669448545969924 0.010123526631488827254 0 0 
2 15.297000000000000597 -44.810999999999999943 -24.294000000000000483 0.23319999999999999063 -0.35060000000000002274 0.90700000000000002842 -0.95299999999999995826 0.10320000000000000007 0.28489999999999998659 -0.19339999999999998859 -0.93079999999999996074 -0.30999999999999999778 0 0 0 0.99999194246753808635 -0.00057822465906395110417 0.00020925418607237601231 0.00019452656740413944809 0 0 
2 -2.4390000000000000568 11.150999999999999801 -0.81000000000000049738 0.98089999999999999414 0.19359999999999999432 -0.017700000000000000455 -0.090700000000000002842 0.53629999999999999893 0.839199999999999946 0.17199999999999998623 -0.82150000000000000799 0.54359999999999997211 0.36900000000000021672 0.82799999999999940314 -0.89400000000000101608 0.98831870871698057623 0.097640704510465997634 -0.11700486541443651245 -0.00094387568683284293111 0 0 
2 15.297000000000000597 -44.810999999999999943 -24.294000000000000483 0.23269999999999999019 -0.35289999999999999147 0.90629999999999999449 -0.95309999999999994724 0.10280000000000000249 0.2847999999999999976 -0.19370000000000001106 -0.93000000000000004885 -0.31240000000000001101 0 0 0 1.0000011049993893231 0.001229268641658878532 -0.00019630228308608181653 -0.00018852479168022915788 0 0 
2 1.820999999999999952 12.323999999999999844 -2.8380000000000000782 0.95679999999999998384 0.20740000000000000102 0.20369999999999999218 -0.27119999999999999662 0.3849000000000000199 0.88219999999999998419 0.10449999999999999567 -0.89939999999999997726 0.42449999999999998845 4.2599999999999997868 1.1730000000000000426 -2.0279999999999995808 0.99171864961792466353 0.084048578225399808717 -0.095926397609494479246 0.015096585110875989852 0 0 
2 15.297000000000000597 -44.810999999999999943 -24.294000000000000483 0.23269999999999999019 -0.35039999999999998925 0.90720000000000000639 -0.95330000000000003624 0.10230000000000000204 0.28399999999999997469 -0.19229999999999999871 -0.93100000000000004974 -0.31019999999999997575 0 0 0 0.9999969587453754194 -0.0012204037115584281774 -0.0002600232907970392404 0.00064364195747908757844 0 0 
2 5.1390000000000002345 14.874000000000000554 -2.5620000000000002771 0.94310000000000004938 0.21720000000000000417 0.25190000000000001279 -0.31650000000000000355 0.35280000000000000249 0.88060000000000004938 0.10240000000000000491 -0.91010000000000002007 0.40139999999999997904 3.3180000000000005045 2.5500000000000007105 0.27599999999999980105 0.99960608116397531298 0.015261384246718596308 -0.021954530803219459573 0.0088416378877052784896 0 0 
2 15.297000000000000597 -44.810999999999999943 -24.294000000000000483 0.23319999999999999063 -0.35060000000000002274 0.90700000000000002842 -0.95299999999999995826 0.10320000000000000007 0.28489999999999998659 -0.19339999999999998859 -0.93079999999999996074 -0.30999999999999999778 0 0 0 0.99997971979435662515 -9.0426833874514192508e-06 0.00045575674284048116238 -0.00045564924066030898335 0 0 
2 7.0289999999999999147 17.352000000000000313 -1.2000000000000001776 0.94050000000000000266 0.22930000000000000382 0.25069999999999997842 -0.3231999999999999873 0.3768000000000000238 0.86809999999999998277 0.10459999999999999853 -0.89749999999999996447 0.42849999999999999201 1.8899999999999996803 2.4779999999999997584 1.3620000000000000995 0.99989289801458236528 -0.014645163526090446485 -0.0028181643309950796077 0.0025093812597150821041 0 0 
2 15.297000000000000597 -44.810999999999999943 -24.294000000000000483 0.23219999999999998974 -0.3527000000000000135 0.90649999999999997247 -0.95340000000000002522 0.10190000000000000446 0.2838999999999999857 -0.19250000000000000444 -0.93020000000000002682 -0.31259999999999998899 0 0 0 0.99999452623501894344 0.001238319278268705699 -0.00065980361160990219378 0.00029038658950794870315 0 0 
2 7.5600000000000004974 17.86500000000000199 0.041999999999999815259 0.94120000000000003659 0.2464000000000000079 0.23100000000000001088 -0.32679999999999997939 0.49170000000000002593 0.80710000000000003961 0.085300000000000000822 -0.83520000000000005347 0.54330000000000000515 0.53100000000000058265 0.51300000000000167688 1.2419999999999999929 0.99780585285916223448 -0.065459182077196254035 -0.0061172095578612981429 -0.0076824389013500620632 0 0 
2 15.297000000000000597 -44.810999999999999943 -24.294000000000000483 0.23219999999999998974 -0.35130000000000000115 0.90700000000000002842 -0.95369999999999999218 0.10100000000000000644 0.28329999999999999627 -0.19120000000000000884 -0.93079999999999996074 -0.3115999999999999881 0 0 0 1.0000045649895803468 -0.00059220729657987131525 -0.0002467963733771198309 0.00063461460299093965659 0 0 
2 8.0009999999999994458 18.911999999999999034 4.2600000000000015632 0.94779999999999997584 0.29339999999999999414 0.12509999999999998899 -0.29889999999999999902 0.6804000000000000048 0.66920000000000001705 0.11119999999999999329 -0.67159999999999997478 0.73250000000000003997 0.4409999999999989484 1.0469999999999970441 4.2180000000000017479 0.99171299653680045072 -0.12704272348953207783 0.019305676205574991838 0.00070870554530836618254 0 0 
2 15.297000000000000597 -44.810999999999999943 -24.294000000000000483 0.23319999999999999063 -0.35310000000000002496 0.90610000000000001652 -0.9526999999999999913 0.10370000000000000051 0.28560000000000002052 -0.19480000000000000093 -0.92979999999999995985 -0.31219999999999997753 0 0 0 0.9999981324982561981 0.00057156106739130266032 0.0011499596475516434772 -0.0015711854341915352726 0 0 
2 9.0030000000000001137 20.618999999999999773 10.223999999999996646 0.96020000000000005347 0.25819999999999998508 0.10639999999999999458 -0.26919999999999999485 0.7543999999999999595 0.59870000000000000995 0.074300000000000004929 -0.60350000000000003642 0.79390000000000005009 1.0020000000000006679 1.707000000000000739 5.963999999999995083 0.99858102700782380712 -0.047490274917498971619 -0.0039503654618996590989 -0.024168424341403905997 0 0 
2 15.297000000000000597 -44.810999999999999943 -24.294000000000000483 0.23319999999999999063 -0.35060000000000002274 0.90700000000000002842 -0.95299999999999995826 0.10320000000000000007 0.28489999999999998659 -0.19339999999999998859 -0.93079999999999996074 -0.30999999999999999778 0 0 0 0.99998979244790298093 -0.0012176599293271671461 -0.00024274497783200965043 0.00064675160175067282486 0 0 
2 10.668000000000001037 21.836999999999999744 11.11799999999999855 0.96440000000000003499 0.25569999999999998286 0.066699999999999995404 -0.23949999999999999067 0.73899999999999999023 0.62970000000000003748 0.1117999999999999966 -0.62329999999999996518 0.77400000000000002132 1.6650000000000009237 1.2179999999999999716 0.89400000000000190425 0.99963227989096070658 0.012592307944850543791 0.023994630808257175897 -0.00014626128321501764189 0 0 
2 15.297000000000000597 -44.810999999999999943 -24.294000000000000483 0.23269999999999999019 -0.34920000000000001039 0.90769999999999995133 -0.95330000000000003624 0.10259999999999999676 0.2838999999999999857 -0.19229999999999999871 -0.93140000000000000568 -0.30899999999999999689 0 0 0 0.999984166124644136 -0.00064108015078319423394 -0.0004507096364802027277 0.0004734724969045066463 0 0 
2 12.719999999999998863 21.848999999999996646 10.530000000000001137 0.97319999999999995399 0.22620000000000001217 -0.041899999999999999745 -0.13869999999999998996 0.7224000000000000421 0.67740000000000000213 0.18349999999999999645 -0.65339999999999998082 0.73440000000000005276 2.0519999999999978257 0.011999999999996902034 -0.58799999999999741362 0.99792720676410062719 0.017005756917910761633 0.060160147045867376492 -0.015003606874844258728 0 0 
2 15.297000000000000597 -44.810999999999999943 -24.294000000000000483 0.23319999999999999063 -0.35060000000000002274 0.90700000000000002842 -0.95299999999999995826 0.10320000000000000007 0.28489999999999998659 -0.19339999999999998859 -0.93079999999999996074 -0.30999999999999999778 0 0 0 0.999984166124644136 0.00064108015078319423394 0.0004507096364802027277 -0.0004734724969045066463 0 0 
2 14.597999999999998977 21.669000000000000483 9.9840000000000017621 0.96989999999999998437 0.20139999999999999569 -0.13689999999999999392 -0.064199999999999993183 0.7534999999999999476 0.65429999999999999272 0.23489999999999999769 -0.62580000000000002292 0.7438000000000000167 1.8780000000000001137 -0.17999999999999616307 -0.54599999999999937472 0.99873718014300438828 -0.021700929364516740455 0.044025060720883767151 -0.010731529488534062231 0 0 
2 15.297000000000000597 -44.810999999999999943 -24.294000000000000483 0.23319999999999999063 -0.35170000000000001261 0.90659999999999996145 -0.95299999999999995826 0.10280000000000000249 0.28499999999999997558 -0.19339999999999998859 -0.9304000000000000048 -0.31119999999999997664 0 0 0 0.9999850998889933118 0.00062580432455388885094 -1.0875162041115155319e-05 1.1830176270944001637e-05 0 0 
2 16.167000000000001592 21.036000000000001364 9.3540000000000009805 0.96489999999999997993 0.20990000000000000324 -0.15790000000000001257 -0.070499999999999993228 0.78600000000000003197 0.6141999999999999682 0.25300000000000000266 -0.58150000000000001688 0.7731999999999999984 1.5690000000000026148 -0.63299999999999911893 -0.6300000000000007816 0.99960412164016210212 -0.026484162006616889656 0.0052302230321155393847 0.0084145186258324199124 0 0 
2 15.297000000000000597 -44.810999999999999943 -24.294000000000000483 0.23269999999999999019 -0.35039999999999998925 0.90720000000000000639 -0.95330000000000003624 0.10230000000000000204 0.28399999999999997469 -0.19229999999999999871 -0.93100000000000004974 -0.31019999999999997575 0 0 0 0.99998095481864057721 -0.00061676674643456664594 -0.0004451684783144257908 0.00044354094731778511427 0 0 
2 16.478999999999999204 19.923000000000001819 9.6719999999999988205 0.96489999999999997993 0.21090000000000000413 -0.15650000000000000022 -0.081299999999999997269 0.80649999999999999467 0.5856999999999999984 0.24970000000000000528 -0.55240000000000000213 0.79530000000000000693 0.31199999999999761258 -1.1129999999999995453 0.31799999999999783995 0.99983867698744288699 -0.01747572173607707044 -0.0045348140698671388429 0.0033634926087603620425 0 0 
2 15.297000000000000597 -44.810999999999999943 -24.294000000000000483 0.23269999999999999019 -0.35149999999999997913 0.90680000000000005045 -0.95330000000000003624 0.10190000000000000446 0.28420000000000000817 -0.19229999999999999871 -0.93059999999999998277 -0.31140000000000001013 0 0 0 0.99998075981490763819 0.00062836708989911268641 1.3245254841155008758e-05 1.2107732955020152963e-05 0 0 
2 16.437000000000001165 19.274999999999998579 9.5760000000000005116 0.97189999999999998614 0.17919999999999999818 -0.15240000000000000768 -0.073099999999999998312 0.84599999999999997424 0.52810000000000001386 0.22359999999999999321 -0.50219999999999997975 0.83540000000000003144 -0.041999999999998038902 -0.64800000000000324007 -0.095999999999998308908 0.99932755015560337242 -0.033963141008886664485 -0.0089315134948598443737 -0.010950108398688832012 0 0 
2 15.297000000000000597 -44.810999999999999943 -24.294000000000000483 0.23219999999999998974 -0.34899999999999997691 0.90790000000000004032 -0.95369999999999999218 0.1018000000000000016 0.2831000000000000183 -0.19120000000000000884 -0.93159999999999998366 -0.30919999999999997486 0 0 0 0.99999780124758275157 -0.0012740128012387462886 -0.00044779098458151152902 0.00043951346638129246353 0 0 
2 16.403999999999999915 18.902999999999998693 9.2940000000000004832 0.97189999999999998614 0.17599999999999998979 -0.15640000000000001124 -0.084299999999999999933 0.8802999999999999714 0.46679999999999999272 0.21990000000000001212 -0.44050000000000000266 0.87039999999999995151 -0.033000000000001250555 -0.37199999999999988631 -0.28200000000000002842 0.99936208153001282462 -0.035097211659562664587 -0.0043590632269443051888 0.0039514632113660085738 0 0 
2 15.297000000000000597 -44.810999999999999943 -24.294000000000000483 0.23369999999999999107 -0.35080000000000000071 0.90680000000000005045 -0.95260000000000000231 0.10399999999999999523 0.2857000000000000095 -0.1945999999999999952 -0.93069999999999997176 -0.30990000000000000879 0 0 0 1.0000012837491760731 0.000647594168651534287 0.0013314332907736002153 -0.0013610232527875225188 0 0 
2 16.170000000000001705 18.88499999999999801 9.3900000000000005684 0.97389999999999998792 0.13819999999999998952 -0.17979999999999998761 -0.069000000000000005773 0.93600000000000005418 0.34510000000000001785 0.21599999999999999756 -0.32369999999999998774 0.92120000000000001883 -0.23399999999999820943 -0.018000000000000682121 0.096000000000000085265 0.99771592149268617522 -0.066953855362014161323 0.0011894442841250084646 -0.0078397942054464226508 0 0 
2 15.297000000000000597 -44.810999999999999943 -24.294000000000000483 0.23269999999999999019 -0.35170000000000001261 0.90669999999999995044 -0.95309999999999994724 0.10320000000000000007 0.28460000000000001963 -0.19370000000000001106 -0.9304000000000000048 -0.31119999999999997664 0 0 0 0.99999727124627690866 0.00056706154737131678114 -0.000651509277808336759 0.0002580507041568085567 0 0 
2 16.112999999999999545 18.88499999999999801 9.4140000000000014779 0.97840000000000004743 0.10960000000000000298 -0.17549999999999998934 -0.05650000000000000161 0.95750000000000001776 0.2829999999999999738 0.1990999999999999992 -0.26690000000000002611 0.94289999999999996039 -0.05700000000000216005 0 0.024000000000000909495 0.99941830456521052461 -0.032379264870557034062 -0.0063095452336580119465 -0.008720240023812119573 0 0 
2 15.297000000000000597 -44.810999999999999943 -24.294000000000000483 0.23319999999999999063 -0.35060000000000002274 0.90700000000000002842 -0.95299999999999995826 0.10320000000000000007 0.28489999999999998659 -0.19339999999999998859 -0.93079999999999996074 -0.30999999999999999778 0 0 0 0.99999194246753808635 -0.00057822465906395110417 0.00020925418607237601231 0.00019452656740413944809 0 0 
2 16.06799999999999784 18.945000000000000284 9.2819999999999982521 0.98019999999999996021 0.095100000000000003975 -0.17369999999999999329 -0.048199999999999999789 0.96540000000000003588 0.2561999999999999833 0.19209999999999999298 -0.24269999999999999907 0.95089999999999996749 -0.045000000000001705303 0.060000000000002273737 -0.13200000000000322586 0.99989508699663087743 -0.013800835387089465528 -0.0023591025005285861001 -0.0049574601020283860786 0 0 
2 15.297000000000000597 -44.810999999999999943 -24.294000000000000483 0.23319999999999999063 -0.35189999999999999059 0.90649999999999997247 -0.9526999999999999913 0.10399999999999999523 0.28549999999999997602 -0.19480000000000000093 -0.93020000000000002682 -0.31099999999999999867 0 0 0 0.999982901103813826 0.00057630985426235703441 0.00025362183665345115324 -0.00062893075402166247461 0 0 
2 16.062000000000001165 18.987000000000001876 9.2400000000000002132 0.98050000000000003819 0.10280000000000000249 -0.16750000000000000999 -0.05999999999999999778 0.96819999999999994955 0.2429000000000000048 0.18709999999999998854 -0.2280999999999999972 0.95550000000000001599 -0.00599999999999667466 0.042000000000001591616 -0.041999999999998038902 0.99995838913426793315 -0.0066576845320171374604 -0.0038580930385914116894 0.005091944380213919534 0 0 
2 15.297000000000000597 -44.810999999999999943 -24.294000000000000483 0.23269999999999999019 -0.35170000000000001261 0.90669999999999995044 -0.95309999999999994724 0.10320000000000000007 0.28460000000000001963 -0.19370000000000001106 -0.9304000000000000048 -0.31119999999999997664 0 0 0 0.99999136621272877168 1.7400150229335094335e-06 -0.00046314899872991591211 0.00043416124845585784935 0 0 
2 15.96600000000000108 19.022999999999999687 9.1919999999999983942 0.98089999999999999414 0.085999999999999993117 -0.1746000000000000052 -0.043900000000000001521 0.97170000000000000817 0.23189999999999999503 0.18959999999999999076 -0.21979999999999999538 0.95689999999999997282 -0.096000000000000085265 0.035999999999997811528 -0.048000000000001818989 0.99994370966569912085 -0.005823882828311336031 0.0030681852091711298187 -0.0075475148521341687419 0 0 
2 15.297000000000000597 -44.810999999999999943 -24.294000000000000483 0.23319999999999999063 -0.35060000000000002274 0.90700000000000002842 -0.95299999999999995826 0.10320000000000000007 0.28489999999999998659 -0.19339999999999998859 -0.93079999999999996074 -0.30999999999999999778 0 0 0 0.99999194246753808635 -0.00057822465906395110417 0.00020925418607237601231 0.00019452656740413944809 0 0 
2 15.554999999999999716 19.044000000000000483 9.3119999999999993889 0.98429999999999995275 0.064199999999999993183 -0.16470000000000001306 -0.032399999999999998246 0.98140000000000005009 0.18900000000000000133 0.17380000000000001004 -0.18069999999999999951 0.96809999999999996056 -0.41100000000000136424 0.021000000000000795808 0.12000000000000099476 0.99971255368730860269 -0.021697934491262536177 -0.006692811323936590992 -0.0073360787287802013343 0 0 
2 15.297000000000000597 -44.810999999999999943 -24.294000000000000483 0.23269999999999999019 -0.35170000000000001261 0.90669999999999995044 -0.95309999999999994724 0.10320000000000000007 0.28460000000000001963 -0.19370000000000001106 -0.9304000000000000048 -0.31119999999999997664 0 0 0 0.99999194246753808635 0.00057822465906395110417 -0.00020925418607237601231 -0.00019452656740413944809 0 0 
