2 15.297000000000000597 -44.810999999999999943 -24.294000000000000483 0.23269999999999999019 -0.35289999999999999147 0.90629999999999999449 -0.95309999999999994724 0.10280000000000000249 0.2847999999999999976 -0.19370000000000001106 -0.93000000000000004885 -0.31240000000000001101 0 0 0 1.0000014899988900474 0.00066422901029951364211 -0.00088312618414296132404 0.00089510116630024335899 0 0 
2 20.064000000000000057 -0.30899999999999999689 -11.693999999999999062 0.99919999999999997708 -0.026999999999999999695 0.030099999999999998285 0.021799999999999999933 0.98640000000000005453 0.16309999999999999498 -0.034099999999999998368 -0.16229999999999999982 0.98619999999999996554 0 0 0 1.0000051749866096795 0.00088403542512851510278 -0.0010706269595198204553 0.00065645910283293343671 0 0 
2 15.297000000000000597 -44.810999999999999943 -24.294000000000000483 0.23319999999999999063 -0.35310000000000002496 0.90610000000000001652 -0.9526999999999999913 0.10370000000000000051 0.28560000000000002052 -0.19480000000000000093 -0.92979999999999995985 -0.31219999999999997753 0 0 0 1.0000085887131169304 -1.1439901745967266122e-05 0.00043961372428383938644 -0.00045768106910859768059 0 0 
2 18.539999999999999147 -0.2670000000000000151 -13.926000000000000156 0.99850000000000005418 -0.046199999999999998013 0.028400000000000001632 0.040099999999999996758 0.98129999999999995008 0.1884000000000000119 -0.036600000000000000588 -0.18699999999999999956 0.98170000000000001705 -1.5240000000000009095 0.041999999999999981792 -2.2320000000000010942 0.99988882882048446543 0.012876691516984206318 0.00037299396617917134848 -0.0092333564831311165655 0 0 
2 15.297000000000000597 -44.810999999999999943 -24.294000000000000483 0.23269999999999999019 -0.35289999999999999147 0.90629999999999999449 -0.95309999999999994724 0.10280000000000000249 0.2847999999999999976 -0.19370000000000001106 -0.93000000000000004885 -0.31240000000000001101 0 0 0 1.0000085887131169304 1.1439901745967266122e-05 -0.00043961372428383938644 0.00045768106910859768059 0 0 
2 18.539999999999999147 -0.2670000000000000151 -13.926000000000000156 0.99860000000000004317 -0.045100000000000001199 0.027799999999999998324 0.039100000000000002809 0.98150000000000003908 0.18720000000000000528 -0.03579999999999999849 -0.18579999999999999294 0.98189999999999999503 0 0 0 0.99999296122522784991 -0.00060855428347654429589 0.00031358720726972329424 0.00054949636778117011415 0 0 
2 15.297000000000000597 -44.810999999999999943 -24.294000000000000483 0.23319999999999999063 -0.35310000000000002496 0.90610000000000001652 -0.9526999999999999913 0.10370000000000000051 0.28560000000000002052 -0.19480000000000000093 -0.92979999999999995985 -0.31219999999999997753 0 0 0 1.0000085887131169304 -1.1439901745967266122e-05 0.00043961372428383938644 -0.00045768106910859768059 0 0 
2 18.539999999999999147 -0.2670000000000000151 -13.926000000000000156 0.99850000000000005418 -0.045600000000000001643 0.029499999999999998446 0.039199999999999998734 0.98129999999999995008 0.18870000000000000662 -0.037499999999999998612 -0.18720000000000000528 0.98160000000000002807 0 0 0 0.99999242122128106924 0.00071933545168421019964 -0.00085508148047332751401 -0.00021888165885565905662 0 0 
2 15.297000000000000597 -44.810999999999999943 -24.294000000000000483 0.23319999999999999063 -0.35080000000000000071 0.90700000000000002842 -0.9526999999999999913 0.10440000000000000668 0.28539999999999998703 -0.19480000000000000093 -0.93059999999999998277 -0.30980000000000001981 0 0 0 0.99999933874978141901 -0.0012759408437161650057 1.6775011092474670816e-05 6.3275041840706162016e-06 0 0 
2 18.539999999999999147 -0.2670000000000000151 -13.926000000000000156 0.99870000000000003215 -0.045199999999999997125 0.025000000000000001388 0.039699999999999999178 0.98160000000000002807 0.18670000000000000484 -0.033000000000000001554 -0.18540000000000000924 0.982099999999999973 0 0 0 1.0000006149998108551 -0.00092157193323343762018 0.0022769610996693544561 0.00017613239167861419795 0 0 
2 15.297000000000000597 -44.810999999999999943 -24.294000000000000483 0.23269999999999999019 -0.35289999999999999147 0.90629999999999999449 -0.95309999999999994724 0.10280000000000000249 0.2847999999999999976 -0.19370000000000001106 -0.93000000000000004885 -0.31240000000000001101 0 0 0 1.0000102436975333298 0.0012874118121427764478 -0.00045582033071439045317 0.00045193037056197836454 0 0 
2 18.539999999999999147 -0.2670000000000000151 -13.926000000000000156 0.99850000000000005418 -0.046199999999999998013 0.028400000000000001632 0.040099999999999996758 0.98129999999999995008 0.1884000000000000119 -0.036600000000000000588 -0.18699999999999999956 0.98170000000000001705 0 0 0 1.0000019612480768316 0.0008103909106223778757 -0.0017355340961870918768 -0.00050673150617380909554 0 0 
2 15.297000000000000597 -44.810999999999999943 -24.294000000000000483 0.23319999999999999063 -0.35080000000000000071 0.90700000000000002842 -0.9526999999999999913 0.10440000000000000668 0.28539999999999998703 -0.19480000000000000093 -0.93059999999999998277 -0.30980000000000001981 0 0 0 1.0000102436975333298 -0.0012874118121427764478 0.00045582033071439045317 -0.00045193037056197836454 0 0 
2 18.539999999999999147 -0.2670000000000000151 -13.926000000000000156 0.99850000000000005418 -0.046800000000000001321 0.027300000000000001349 0.040899999999999998856 0.98129999999999995008 0.18820000000000000617 -0.0355999999999999997 -0.18679999999999999383 0.98170000000000001705 0 0 0 0.9999944799847647614 -8.1185448144915073874e-05 0.00055970058955578081989 -0.00030111666216856253046 0 0 
2 15.297000000000000597 -44.810999999999999943 -24.294000000000000483 0.23319999999999999063 -0.35189999999999999059 0.90649999999999997247 -0.9526999999999999913 0.10399999999999999523 0.28549999999999997602 -0.19480000000000000093 -0.93020000000000002682 -0.31099999999999999867 0 0 0 0.99999247622169640248 0.00063458977451277028946 -5.4725411741909146392e-06 1.166008772791867798e-05 0 0 
2 18.539999999999999147 -0.2670000000000000151 -13.926000000000000156 0.99870000000000003215 -0.043999999999999997446 0.027199999999999998485 0.038100000000000001921 0.98160000000000002807 0.18709999999999998854 -0.034900000000000000466 -0.18590000000000000968 0.98199999999999998401 0 0 0 1.0000020324979346231 -0.00053680390894715818498 8.0302336785665183612e-05 0.001415944622095479874 0 0 
2 15.297000000000000597 -44.810999999999999943 -24.294000000000000483 0.23319999999999999063 -0.35310000000000002496 0.90610000000000001652 -0.9526999999999999913 0.10370000000000000051 0.28560000000000002052 -0.19480000000000000093 -0.92979999999999995985 -0.31219999999999997753 0 0 0 0.99998998369983693735 0.00064131892364285804017 -1.1302613210357098354e-05 -1.7987680170014524518e-05 0 0 
2 18.545999999999999375 -0.27899999999999997025 -13.902000000000001023 0.99850000000000005418 -0.045600000000000001643 0.029499999999999998446 0.039199999999999998734 0.98129999999999995008 0.18870000000000000662 -0.037499999999999998612 -0.18720000000000000528 0.98160000000000002807 0.0060000000000002273737 -0.011999999999999955147 0.023999999999999133138 1.0000118186801594256 0.00072998387255409421127 -0.0011811760400581691657 -0.00078396073461881933021 0 0 
2 15.297000000000000597 -44.810999999999999943 -24.294000000000000483 0.23319999999999999063 -0.35189999999999999059 0.90649999999999997247 -0.9526999999999999913 0.10399999999999999523 0.28549999999999997602 -0.19480000000000000093 -0.93020000000000002682 -0.31099999999999999867 0 0 0 0.99998998369983693735 -0.00064131892364285804017 1.1302613210357098354e-05 1.7987680170014524518e-05 0 0 
2 18.545999999999999375 -0.27899999999999997025 -13.902000000000001023 0.99850000000000005418 -0.046199999999999998013 0.028400000000000001632 0.040099999999999996758 0.98129999999999995008 0.1884000000000000119 -0.036600000000000000588 -0.18699999999999999956 0.98170000000000001705 0 0 0 1.0000043849903859083 -0.00011039201593207202332 0.00054178012429936101262 -0.00033032105154536515502 0 0 
2 15.297000000000000597 -44.810999999999999943 -24.294000000000000483 0.23269999999999999019 -0.35170000000000001261 0.90669999999999995044 -0.95309999999999994724 0.10320000000000000007 0.28460000000000001963 -0.19370000000000001106 -0.9304000000000000048 -0.31119999999999997664 0 0 0 0.99999136621272877168 1.7400150229335094335e-06 -0.00046314899872991591211 0.00043416124845585784935 0 0 
2 18.512999999999998124 -0.30299999999999999156 -13.937999999999998835 0.99870000000000003215 -0.042500000000000003053 0.029000000000000001471 0.036299999999999998934 0.98150000000000003908 0.18809999999999998943 -0.036400000000000001799 -0.18679999999999999383 0.98170000000000001705 -0.033000000000001250555 -0.024000000000000021316 -0.035999999999997811528 1.0000034249941347486 -0.00016530193384185884378 -0.00027524155729928052481 0.0018676761032202990331 0 0 
2 15.297000000000000597 -44.810999999999999943 -24.294000000000000483 0.23269999999999999019 -0.35289999999999999147 0.90629999999999999449 -0.95309999999999994724 0.10280000000000000249 0.2847999999999999976 -0.19370000000000001106 -0.93000000000000004885 -0.31240000000000001101 0 0 0 1.000009956200436978 0.00065103351817979342522 1.2814872412552367329e-05 6.1299389690989814872e-06 0 0 
2 18.515999999999998238 -0.3420000000000000262 -13.913999999999999702 0.99860000000000004317 -0.042200000000000001399 0.031800000000000001876 0.035499999999999996836 0.98150000000000003908 0.18820000000000000617 -0.039199999999999998734 -0.18679999999999999383 0.98160000000000002807 0.0030000000000001136868 -0.039000000000000034639 0.023999999999999133138 1.0000008349996514223 -2.7174977308963207877e-06 -0.0014264413089220022088 0.00013937988361784612364 0 0 
2 15.297000000000000597 -44.810999999999999943 -24.294000000000000483 0.23269999999999999019 -0.35289999999999999147 0.90629999999999999449 -0.95309999999999994724 0.10280000000000000249 0.2847999999999999976 -0.19370000000000001106 -0.93000000000000004885 -0.31240000000000001101 0 0 0 1.0000199160516753949 0 0 0 0 0 
2 18.515999999999998238 -0.36600000000000004752 -13.913999999999999702 0.99860000000000004317 -0.042099999999999998535 0.031899999999999997802 0.03540000000000000091 0.98180000000000000604 0.18649999999999999911 -0.039199999999999998734 -0.18509999999999998677 0.98189999999999999503 0 -0.024000000000000021316 0 0.99999150746393850042 -0.00086429984009755544527 -1.1642598875189744245e-05 3.5505301530055047613e-05 0 0 
2 15.297000000000000597 -44.810999999999999943 -24.294000000000000483 0.23319999999999999063 -0.35080000000000000071 0.90700000000000002842 -0.9526999999999999913 0.10440000000000000668 0.28539999999999998703 -0.19480000000000000093 -0.93059999999999998277 -0.30980000000000001981 0 0 0 1.0000102436975333298 -0.0012874118121427764478 0.00045582033071439045317 -0.00045193037056197836454 0 0 
2 18.515999999999998238 -0.36600000000000004752 -13.913999999999999702 0.99860000000000004317 -0.042700000000000001843 0.030700000000000001593 0.036200000000000003009 0.98160000000000002807 0.18759999999999998899 -0.038199999999999997846 -0.1862000000000000044 0.98180000000000000604 0 0 0 0.99999689999519492112 0.00057138677130173722192 0.00057164177209223857035 -0.00029086590168569433209 0 0 
2 15.297000000000000597 -44.810999999999999943 -24.294000000000000483 0.23319999999999999063 -0.35189999999999999059 0.90649999999999997247 -0.9526999999999999913 0.10399999999999999523 0.28549999999999997602 -0.19480000000000000093 -0.93020000000000002682 -0.31099999999999999867 0 0 0 0.99999247622169640248 0.00063458977451277028946 -5.4725411741909146392e-06 1.166008772791867798e-05 0 0 
2 18.515999999999998238 -0.36600000000000004752 -13.913999999999999702 0.99850000000000005418 -0.043799999999999998657 0.031399999999999997358 0.037199999999999996958 0.98150000000000003908 0.18759999999999998899 -0.038999999999999999944 -0.18609999999999998765 0.98170000000000001705 0 0 0 0.99998647740856982935 -1.4230192429082153828e-05 -0.0003259419075792477599 -0.00056019007522150698983 0 0 
2 15.297000000000000597 -44.810999999999999943 -24.294000000000000483 0.23319999999999999063 -0.35189999999999999059 0.90649999999999997247 -0.9526999999999999913 0.10399999999999999523 0.28549999999999997602 -0.19480000000000000093 -0.93020000000000002682 -0.31099999999999999867 0 0 0 0.99998271485061185349 0 0 0 0 0 
2 18.515999999999998238 -0.36600000000000004752 -13.913999999999999702 0.99860000000000004317 -0.042099999999999998535 0.031800000000000001876 0.03540000000000000091 0.98160000000000002807 0.18779999999999999472 -0.039199999999999998734 -0.18640000000000001013 0.98170000000000001705 0 0 0 0.99998573614827124256 0.00010028893050643897646 -0.00023443334392245703825 0.00086169479108673483619 0 0 
2 15.297000000000000597 -44.810999999999999943 -24.294000000000000483 0.23369999999999999107 -0.35210000000000002407 0.90629999999999999449 -0.95240000000000002434 0.10489999999999999325 0.28629999999999999893 -0.19589999999999999081 -0.93000000000000004885 -0.31080000000000002069 0 0 0 0.99998370361721400368 -1.1477687044763288746e-05 0.00043219704324845640685 -0.00045538242108623505199 0 0 
2 18.515999999999998238 -0.36600000000000004752 -13.913999999999999702 0.99850000000000005418 -0.043799999999999998657 0.031399999999999997358 0.037199999999999996958 0.98150000000000003908 0.18759999999999998899 -0.038999999999999999944 -0.18609999999999998765 0.98170000000000001705 0 0 0 0.99998573614827124256 -0.00010028893050643897646 0.00023443334392245703825 -0.00086169479108673483619 0 0 
2 15.297000000000000597 -44.810999999999999943 -24.294000000000000483 0.23319999999999999063 -0.35310000000000002496 0.90610000000000001652 -0.9526999999999999913 0.10370000000000000051 0.28560000000000002052 -0.19480000000000000093 -0.92979999999999995985 -0.31219999999999997753 0 0 0 0.99999096870921788671 0.00065275839525087025507 -0.00044378400794241275101 0.00043710894765799603772 0 0 
2 18.515999999999998238 -0.36600000000000004752 -13.913999999999999702 0.99850000000000005418 -0.043799999999999998657 0.031399999999999997358 0.037199999999999996958 0.98150000000000003908 0.18759999999999998899 -0.038999999999999999944 -0.18609999999999998765 0.98170000000000001705 0 0 0 0.99996444936807626913 0 0 0 0 0 
2 15.297000000000000597 -44.810999999999999943 -24.294000000000000483 0.23319999999999999063 -0.35189999999999999059 0.90649999999999997247 -0.9526999999999999913 0.10399999999999999523 0.28549999999999997602 -0.19480000000000000093 -0.93020000000000002682 -0.31099999999999999867 0 0 0 0.99998998369983693735 -0.00064131892364285804017 1.1302613210357098354e-05 1.7987680170014524518e-05 0 0 
2 18.515999999999998238 -0.36600000000000004752 -13.913999999999999702 0.99860000000000004317 -0.042700000000000001843 0.030700000000000001593 0.036200000000000003009 0.98160000000000002807 0.18759999999999998899 -0.038199999999999997846 -0.1862000000000000044 0.98180000000000000604 0 0 0 0.99998647740856982935 1.4230192429082153828e-05 0.0003259419075792477599 0.00056019007522150698983 0 0 
2 15.297000000000000597 -44.810999999999999943 -24.294000000000000483 0.23269999999999999019 -0.35170000000000001261 0.90669999999999995044 -0.95309999999999994724 0.10320000000000000007 0.28460000000000001963 -0.19370000000000001106 -0.9304000000000000048 -0.31119999999999997664 0 0 0 0.99999136621272877168 1.7400150229335094335e-06 -0.00046314899872991591211 0.00043416124845585784935 0 0 
2 18.491999999999997328 -0.36600000000000004752 -13.896000000000000796 0.99860000000000004317 -0.042599999999999998979 0.030399999999999999939 0.036200000000000003009 0.98180000000000000604 0.18629999999999999338 -0.037800000000000000266 -0.18499999999999999778 0.98199999999999998401 -0.024000000000000909495 0 0.017999999999998905764 0.99999600249201003876 -0.00062981751770056499783 0.00018675074653760082044 3.3935135655977139747e-05 0 0 
2 15.297000000000000597 -44.810999999999999943 -24.294000000000000483 0.23319999999999999063 -0.35310000000000002496 0.90610000000000001652 -0.9526999999999999913 0.10370000000000000051 0.28560000000000002052 -0.19480000000000000093 -0.92979999999999995985 -0.31219999999999997753 0 0 0 0.99999863374906661218 0.00063960587386212351766 0.00045213311772729651485 -0.00045185561734815992731 0 0 
2 18.491999999999997328 -0.36600000000000004752 -13.896000000000000796 0.99860000000000004317 -0.043099999999999999423 0.032099999999999996592 0.036400000000000001799 0.98150000000000003908 0.18779999999999999472 -0.039600000000000003253 -0.18640000000000001013 0.98170000000000001705 0 0 0 0.9999957074907871446 0.00072542061387466708587 -0.0008734037490936377322 -0.00024665105875194094165 0 0 
2 15.297000000000000597 -44.810999999999999943 -24.294000000000000483 0.23269999999999999019 -0.35289999999999999147 0.90629999999999999449 -0.95309999999999994724 0.10280000000000000249 0.2847999999999999976 -0.19370000000000001106 -0.93000000000000004885 -0.31240000000000001101 0 0 0 1.0000085887131169304 1.1439901745967266122e-05 -0.00043961372428383938644 0.00045768106910859768059 0 0 
2 18.467999999999999972 -0.36600000000000004752 -13.884000000000000341 0.99860000000000004317 -0.042500000000000003053 0.02999999999999999889 0.036200000000000003009 0.98180000000000000604 0.18629999999999999338 -0.037400000000000002687 -0.18499999999999999778 0.98199999999999998401 -0.023999999999997356781 0 0.012000000000000454747 0.99999158371458307659 -0.00072191607585173382059 0.0010714390175365785113 0.00029025744288948087703 0 0 
2 15.297000000000000597 -44.810999999999999943 -24.294000000000000483 0.23269999999999999019 -0.35399999999999998135 0.90580000000000004956 -0.95309999999999994724 0.10240000000000000491 0.28489999999999998659 -0.19370000000000001106 -0.92959999999999998188 -0.31359999999999998987 0 0 0 1.0000105761940720761 0.00063462828804805647247 -5.194945057266264261e-06 1.1947373642255709983e-05 0 0 
2 18.359999999999999432 -0.40499999999999997113 -13.902000000000001023 0.99870000000000003215 -0.041500000000000002165 0.029899999999999999495 0.035200000000000002121 0.98170000000000001705 0.18699999999999999956 -0.037100000000000001033 -0.18570000000000000395 0.98189999999999999503 -0.10800000000000054001 -0.038999999999999923617 -0.018000000000000682121 0.99998447612950469576 0.00034651537925988048442 4.5520706657557025946e-05 0.00051568550543500330571 0 0 
2 15.297000000000000597 -44.810999999999999943 -24.294000000000000483 0.23319999999999999063 -0.35189999999999999059 0.90649999999999997247 -0.9526999999999999913 0.10399999999999999523 0.28549999999999997602 -0.19480000000000000093 -0.93020000000000002682 -0.31099999999999999867 0 0 0 0.99999114246077203116 -0.0012873864030755462033 0.00045610653998156446736 -0.00045165150052088240667 0 0 
2 18.162000000000002586 -0.6420000000000000151 -13.992000000000000881 0.99880000000000002114 -0.041500000000000002165 0.025399999999999998967 0.036299999999999998934 0.9829999999999999849 0.17990000000000000435 -0.03250000000000000111 -0.17879999999999998672 0.98329999999999995186 -0.19799999999999684519 -0.23700000000000004396 -0.089999999999999857891 0.99997807600966936992 -0.0035154545727920614995 0.0023804121881337951538 -0.00010793486636296581102 0 0 
2 15.297000000000000597 -44.810999999999999943 -24.294000000000000483 0.23269999999999999019 -0.35289999999999999147 0.90629999999999999449 -0.95309999999999994724 0.10280000000000000249 0.2847999999999999976 -0.19370000000000001106 -0.93000000000000004885 -0.31240000000000001101 0 0 0 1.0000009037495916075 0.00065278941004186534416 -0.00045062959274367274647 0.00043998710236183154968 0 0 
2 17.817000000000000171 -1.0500000000000000444 -14.178000000000000824 0.99890000000000001013 -0.040399999999999998412 0.021799999999999999933 0.03579999999999999849 0.98260000000000002895 0.18240000000000000657 -0.028799999999999999212 -0.18140000000000000568 0.9829999999999999849 -0.34500000000000241585 -0.40800000000000002931 -0.18599999999999994316 0.99998686991380036915 0.0013153022700321834269 0.0017615181288848753231 0.00058147513481864368783 0 0 
2 15.297000000000000597 -44.810999999999999943 -24.294000000000000483 0.23269999999999999019 -0.35289999999999999147 0.90629999999999999449 -0.95309999999999994724 0.10280000000000000249 0.2847999999999999976 -0.19370000000000001106 -0.93000000000000004885 -0.31240000000000001101 0 0 0 1.0000199160516753949 0 0 0 0 0 
2 17.336999999999999744 -1.508999999999999897 -14.231999999999999318 0.99919999999999997708 -0.037199999999999996958 0.016199999999999999123 0.033500000000000001998 0.98170000000000001705 0.18759999999999998899 -0.022900000000000000216 -0.18690000000000001057 0.982099999999999973 -0.48000000000000042633 -0.45899999999999985256 -0.053999999999998493649 0.99999504498772395777 0.0027499936262521695353 0.0026921333395537455635 0.0016662632563548892151 0 0 
2 15.297000000000000597 -44.810999999999999943 -24.294000000000000483 0.23219999999999998974 -0.35149999999999997913 0.90690000000000003944 -0.95340000000000002522 0.10230000000000000204 0.28379999999999999671 -0.19250000000000000444 -0.93059999999999998277 -0.31140000000000001013 0 0 0 1.0000069487258576029 -0.00063959555562582829681 -0.00045311935139786022834 0.00047223171859124768923 0 0 
2 16.826999999999998181 -2.0009999999999998899 -14.321999999999999176 0.99890000000000001013 -0.045100000000000001199 0.010800000000000000572 0.042099999999999998535 0.98019999999999996021 0.19339999999999998859 -0.019300000000000001182 -0.19279999999999999916 0.98109999999999997211 -0.51000000000000156319 -0.49199999999999999289 -0.089999999999999857891 0.99999033620330546324 0.0030713821812129696483 0.0025806599389729873752 -0.0038974776644317694722 0 0 
2 15.297000000000000597 -44.810999999999999943 -24.294000000000000483 0.23269999999999999019 -0.35289999999999999147 0.90629999999999999449 -0.95309999999999994724 0.10280000000000000249 0.2847999999999999976 -0.19370000000000001106 -0.93000000000000004885 -0.31240000000000001101 0 0 0 1.0000069487258576029 0.00063959555562582829681 0.00045311935139786022834 -0.00047223171859124768923 0 0 
2 16.338000000000000966 -2.525999999999999801 -14.46600000000000108 0.9981999999999999762 -0.057599999999999998423 0.014800000000000000655 0.0538000000000000006 0.98040000000000004921 0.18940000000000001279 -0.025399999999999998967 -0.18820000000000000617 0.98180000000000000604 -0.48899999999999721467 -0.52499999999999991118 -0.14400000000000190425 0.99997021955656262282 -0.0021632894237183196429 -0.0018858511614838451963 -0.0063108379395523011082 0 0 
2 15.297000000000000597 -44.810999999999999943 -24.294000000000000483 0.23269999999999999019 -0.35289999999999999147 0.90629999999999999449 -0.95309999999999994724 0.10280000000000000249 0.2847999999999999976 -0.19370000000000001106 -0.93000000000000004885 -0.31240000000000001101 0 0 0 1.0000199160516753949 0 0 0 0 0 
2 16.004999999999999005 -2.9489999999999998437 -14.646000000000000796 0.99790000000000000924 -0.063399999999999998024 0.012099999999999999645 0.060199999999999996569 0.98180000000000000604 0.18029999999999998805 -0.023300000000000001266 -0.17919999999999999818 0.98350000000000004086 -0.3330000000000019611 -0.42300000000000004263 -0.17999999999999971578 0.99997456967664932748 -0.0045255100851848010027 0.0016243913087962316266 -0.0029599402722382222967 0 0 
2 15.297000000000000597 -44.810999999999999943 -24.294000000000000483 0.23269999999999999019 -0.35170000000000001261 0.90669999999999995044 -0.95309999999999994724 0.10320000000000000007 0.28460000000000001963 -0.19370000000000001106 -0.9304000000000000048 -0.31119999999999997664 0 0 0 1.000009956200436978 -0.00065103351817979342522 -1.2814872412552367329e-05 -6.1299389690989814872e-06 0 0 
2 15.968999999999999417 -3.2399999999999997691 -14.897999999999999687 0.99750000000000005329 -0.069699999999999998068 0.010600000000000000047 0.066699999999999995404 0.982099999999999973 0.17599999999999998979 -0.022700000000000001427 -0.17480000000000001092 0.98429999999999995275 -0.035999999999999587885 -0.29099999999999992539 -0.25199999999999889155 0.99997981604630403751 -0.0021438582715360763979 0.000882907820570567165 -0.003167756437849261926 0 0 
2 15.297000000000000597 -44.810999999999999943 -24.294000000000000483 0.23319999999999999063 -0.35310000000000002496 0.90610000000000001652 -0.9526999999999999913 0.10370000000000000051 0.28560000000000002052 -0.19480000000000000093 -0.92979999999999995985 -0.31219999999999997753 0 0 0 0.99999863374906661218 0.00063960587386212351766 0.00045213311772729651485 -0.00045185561734815992731 0 0 
2 15.971999999999999531 -3.3269999999999999574 -14.879999999999999005 0.99580000000000001847 -0.091499999999999998002 0.003299999999999999982 0.08959999999999999909 0.98089999999999999414 0.17280000000000000915 -0.018999999999999999528 -0.17180000000000000826 0.98489999999999999769 0.0030000000000001136868 -0.087000000000000188294 0.018000000000000682121 0.99991912797985815775 -0.0013124586411816675097 0.0037910815924269039394 -0.010964751741623698228 0 0 
2 15.297000000000000597 -44.810999999999999943 -24.294000000000000483 0.23269999999999999019 -0.35289999999999999147 0.90629999999999999449 -0.95309999999999994724 0.10280000000000000249 0.2847999999999999976 -0.19370000000000001106 -0.93000000000000004885 -0.31240000000000001101 0 0 0 1.0000085887131169304 1.1439901745967266122e-05 -0.00043961372428383938644 0.00045768106910859768059 0 0 
2 15.971999999999999531 -3.3269999999999999574 -14.879999999999999005 0.99490000000000000657 -0.10059999999999999498 -0.0033999999999999998106 0.099699999999999996958 0.98040000000000004921 0.17019999999999999019 -0.013799999999999999767 -0.16960000000000000075 0.98540000000000005365 0 0 0 0.99998163483136037755 -0.0010184037031557551661 0.0034445907604902111475 -0.0045611987671845552819 0 0 
2 15.297000000000000597 -44.810999999999999943 -24.294000000000000483 0.23319999999999999063 -0.35189999999999999059 0.90649999999999997247 -0.9526999999999999913 0.10399999999999999523 0.28549999999999997602 -0.19480000000000000093 -0.93020000000000002682 -0.31099999999999999867 0 0 0 1.0000009037495916075 -0.00065278941004186534416 0.00045062959274367274647 -0.00043998710236183154968 0 0 
2 15.971999999999999531 -3.3269999999999999574 -14.879999999999999005 0.99390000000000000568 -0.10910000000000000253 -0.01460000000000000013 0.11000000000000000056 0.97960000000000002629 0.16800000000000001044 -0.0040000000000000000833 -0.16859999999999999987 0.98570000000000002061 0 0 0 0.99997189835514876943 -0.00048980876443193040442 0.0056950950415382509823 -0.0042718325455210655328 0 0 
2 15.297000000000000597 -44.810999999999999943 -24.294000000000000483 0.23369999999999999107 -0.35330000000000000293 0.90590000000000003855 -0.95240000000000002434 0.10459999999999999853 0.28649999999999997691 -0.19589999999999999081 -0.92969999999999997087 -0.31199999999999999956 0 0 0 1.000006168730973366 0.00062465614666427948017 0.00044470225675139932837 -0.00046848961001362570593 0 0 
2 15.942000000000000171 -3.2519999999999997797 -14.916000000000000369 0.99319999999999997176 -0.11319999999999999507 -0.028299999999999998768 0.1163000000000000006 0.97960000000000002629 0.16370000000000001217 0.0091999999999999998446 -0.16589999999999999192 0.98609999999999997655 -0.029999999999999360512 0.075000000000000177636 -0.036000000000001364242 0.99996853075484326556 -0.0013766183211394332139 0.0070429441361356450585 -0.0020270937911114647427 0 0 
2 15.297000000000000597 -44.810999999999999943 -24.294000000000000483 0.23319999999999999063 -0.35310000000000002496 0.90610000000000001652 -0.9526999999999999913 0.10370000000000000051 0.28560000000000002052 -0.19480000000000000093 -0.92979999999999995985 -0.31219999999999997753 0 0 0 1.0000138424041939977 1.6652269492560556747e-05 -0.0004562886838675851253 0.00045021626792443760054 0 0 
2 15.957000000000000739 -2.7599999999999997868 -14.814000000000000057 0.99170000000000002593 -0.12410000000000000198 -0.0326999999999999999 0.12709999999999999076 0.98499999999999998668 0.11640000000000000346 0.017700000000000000455 -0.11959999999999999798 0.99270000000000002682 0.015000000000000568434 0.49199999999999999289 0.10200000000000031264 0.99969724541983218113 -0.023452305292842898915 0.0050021669289485037879 -0.0047792544411718465916 0 0 
2 15.297000000000000597 -44.810999999999999943 -24.294000000000000483 0.23319999999999999063 -0.35189999999999999059 0.90649999999999997247 -0.9526999999999999913 0.10399999999999999523 0.28549999999999997602 -0.19480000000000000093 -0.93020000000000002682 -0.31099999999999999867 0 0 0 0.99998998369983693735 -0.00064131892364285804017 1.1302613210357098354e-05 1.7987680170014524518e-05 0 0 
2 15.993000000000000327 -1.8329999999999999627 -14.17199999999999882 0.98819999999999996732 -0.14740000000000000324 -0.041700000000000000955 0.14860000000000000986 0.9885000000000000453 0.026499999999999999251 0.037299999999999999822 -0.032399999999999998246 0.99880000000000002114 0.035999999999999587885 0.92699999999999982414 0.64200000000000123634 0.99891716873822933298 -0.044021895784958367526 0.010590865620382963405 -0.010107447159761284369 0 0 
2 15.297000000000000597 -44.810999999999999943 -24.294000000000000483 0.23319999999999999063 -0.35189999999999999059 0.90649999999999997247 -0.9526999999999999913 0.10399999999999999523 0.28549999999999997602 -0.19480000000000000093 -0.93020000000000002682 -0.31099999999999999867 0 0 0 0.99998271485061185349 0 0 0 0 0 
2 16.173000000000001819 -0.50100000000000000089 -13.038000000000000256 0.98899999999999999023 -0.14549999999999999045 -0.024600000000000000339 0.14619999999999999662 0.98890000000000000124 0.026800000000000000905 0.020400000000000001465 -0.030099999999999998285 0.99929999999999996607 0.18000000000000149214 1.3319999999999998508 1.1339999999999985647 0.99995031001545275906 -0.0011172555164093444808 -0.0084849541172389696814 0.00099144176472597614347 0 0 
2 15.297000000000000597 -44.810999999999999943 -24.294000000000000483 0.23269999999999999019 -0.35289999999999999147 0.90629999999999999449 -0.95309999999999994724 0.10280000000000000249 0.2847999999999999976 -0.19370000000000001106 -0.93000000000000004885 -0.31240000000000001101 0 0 0 1.0000009037495916075 0.00065278941004186534416 -0.00045062959274367274647 0.00043998710236183154968 0 0 
2 16.173000000000001819 0.1710000000000000131 -13.038000000000000256 0.98860000000000003428 -0.14849999999999999312 -0.024699999999999999734 0.14940000000000000502 0.98809999999999997833 0.037699999999999997402 0.018800000000000000738 -0.040899999999999998856 0.99899999999999999911 0 0.67200000000000004174 0 0.99997997604952071349 0.0053857753444987912367 -0.00074797497741390804767 -0.0016438129156284132879 0 0 
2 15.297000000000000597 -44.810999999999999943 -24.294000000000000483 0.23269999999999999019 -0.35289999999999999147 0.90629999999999999449 -0.95309999999999994724 0.10280000000000000249 0.2847999999999999976 -0.19370000000000001106 -0.93000000000000004885 -0.31240000000000001101 0 0 0 1.0000199160516753949 0 0 0 0 0 
2 16.146000000000000796 0.4829999999999999849 -13.056000000000000938 0.99039999999999994706 -0.13489999999999999214 -0.028299999999999998768 0.13600000000000000977 0.98990000000000000213 0.039800000000000002043 0.022700000000000001427 -0.043299999999999998213 0.99880000000000002114 -0.027000000000001023182 0.31199999999999994404 -0.018000000000000682121 0.99997238461869542014 0.0013208989771289188307 0.0016489055351550879844 0.0068342162294870965888 1 0 
2 15.297000000000000597 -44.810999999999999943 -24.294000000000000483 0.23269999999999999019 -0.35170000000000001261 0.90669999999999995044 -0.95309999999999994724 0.10320000000000000007 0.28460000000000001963 -0.19370000000000001106 -0.9304000000000000048 -0.31119999999999997664 0 0 0 1.000009956200436978 -0.00065103351817979342522 -1.2814872412552367329e-05 -6.1299389690989814872e-06 0 0 
2 16.160999999999997812 0.4079999999999999738 -12.948000000000000398 0.98909999999999997922 -0.13700000000000001066 -0.053499999999999998945 0.13900000000000001243 0.98970000000000002416 0.034299999999999997158 0.048300000000000002653 -0.041300000000000003375 0.99799999999999999822 0.014999999999997015721 -0.075000000000000011102 0.10800000000000054001 0.99990752822448536463 -0.0010149438536601969232 0.012863617021505520388 -0.0010246522514129744515 0 0 
2 15.297000000000000597 -44.810999999999999943 -24.294000000000000483 0.23269999999999999019 -0.35170000000000001261 0.90669999999999995044 -0.95309999999999994724 0.10320000000000000007 0.28460000000000001963 -0.19370000000000001106 -0.9304000000000000048 -0.31119999999999997664 0 0 0 1.0000004212499111755 0 0 0 0 0 
2 16.100999999999999091 0.28499999999999997558 -12.791999999999999815 0.98689999999999999947 -0.14660000000000000808 -0.067400000000000001577 0.14890000000000000457 0.98839999999999994529 0.029200000000000000261 0.062399999999999997136 -0.038800000000000001155 0.9972999999999999643 -0.059999999999998721023 -0.12299999999999999822 0.15600000000000058265 0.99995909791350967577 -0.001519629656023621482 0.0072553642595364628912 -0.0047682975333181278413 0 0 
2 15.297000000000000597 -44.810999999999999943 -24.294000000000000483 0.23269999999999999019 -0.35170000000000001261 0.90669999999999995044 -0.95309999999999994724 0.10320000000000000007 0.28460000000000001963 -0.19370000000000001106 -0.9304000000000000048 -0.31119999999999997664 0 0 0 1.0000004212499111755 0 0 0 0 0 
2 16.107000000000002871 0.084000000000000005218 -12.557999999999999829 0.98909999999999997922 -0.13739999999999999436 -0.052600000000000000921 0.13910000000000000142 0.98980000000000001315 0.031699999999999999012 0.047699999999999999345 -0.038600000000000002365 0.99809999999999998721 0.0060000000000037800874 -0.20099999999999995648 0.23399999999999998579 0.99995826287900635432 0.00016251178277393906802 -0.0075310743253603285377 0.0046849205350952289467 0 0 
2 15.297000000000000597 -44.810999999999999943 -24.294000000000000483 0.23319999999999999063 -0.35189999999999999059 0.90649999999999997247 -0.9526999999999999913 0.10399999999999999523 0.28549999999999997602 -0.19480000000000000093 -0.93020000000000002682 -0.31099999999999999867 0 0 0 0.99999136621272877168 -1.7400150229335094335e-06 0.00046314899872991591211 -0.00043416124845585784935 0 0 
2 16.133999999999996788 -0.026999999999999999695 -12.365999999999999659 0.99039999999999994706 -0.1298999999999999877 -0.047100000000000002975 0.13139999999999998903 0.99080000000000001403 0.031600000000000003086 0.042599999999999998979 -0.037499999999999998612 0.99839999999999995417 0.026999999999993917754 -0.11100000000000000144 0.19200000000000017053 0.99998577739885874394 -0.00040034819399268023292 -0.0027108460552821987861 0.0038033140930193681632 0 0 
2 15.297000000000000597 -44.810999999999999943 -24.294000000000000483 0.23369999999999999107 -0.35330000000000000293 0.90590000000000003855 -0.95240000000000002434 0.10459999999999999853 0.28649999999999997691 -0.19589999999999999081 -0.92969999999999997087 -0.31199999999999999956 0 0 0 1.000006168730973366 0.00062465614666427948017 0.00044470225675139932837 -0.00046848961001362570593 0 0 
2 16.137000000000000455 -0.038999999999999999944 -12.336000000000000298 0.98980000000000001315 -0.13420000000000001372 -0.048700000000000000233 0.13580000000000000404 0.99019999999999996909 0.03230000000000000232 0.043900000000000001521 -0.038600000000000002365 0.99829999999999996518 0.0030000000000036664005 -0.01200000000000000025 0.029999999999999360512 0.99999994874999864614 0.00045495502331644724001 0.00074053503795242219421 -0.002193282612405742394 0 0 
2 15.297000000000000597 -44.810999999999999943 -24.294000000000000483 0.23319999999999999063 -0.35189999999999999059 0.90649999999999997247 -0.9526999999999999913 0.10399999999999999523 0.28549999999999997602 -0.19480000000000000093 -0.93020000000000002682 -0.31099999999999999867 0 0 0 1.000006168730973366 -0.00062465614666427948017 -0.00044470225675139932837 0.00046848961001362570593 0 0 
2 16.137000000000000455 -0.038999999999999999944 -12.336000000000000298 0.99050000000000004707 -0.13029999999999999916 -0.043799999999999998657 0.13180000000000000049 0.99070000000000002505 0.033599999999999997924 0.038999999999999999944 -0.039100000000000002809 0.99850000000000005418 0 0 0 1.000001873748244563 0.00032372189342666870572 -0.0025225702733383797288 0.0019429388594217320875 0 0 
2 15.297000000000000597 -44.810999999999999943 -24.294000000000000483 0.23319999999999999063 -0.35080000000000000071 0.90700000000000002842 -0.9526999999999999913 0.10440000000000000668 0.28539999999999998703 -0.19480000000000000093 -0.93059999999999998277 -0.30980000000000001981 0 0 0 0.99999247622169640248 -0.00063458977451277028946 5.4725411741909146392e-06 -1.166008772791867798e-05 0 0 
2 16.077000000000001734 -0.23999999999999999112 -12.780000000000001137 0.98980000000000001315 -0.13270000000000001239 -0.051999999999999997613 0.1343999999999999917 0.99050000000000004707 0.030599999999999998729 0.047500000000000000555 -0.037199999999999996958 0.9981999999999999762 -0.059999999999998721023 -0.20099999999999998423 -0.44400000000000083844 1.0000006824997671462 -0.00097186433670281538628 0.0042836145764340504902 -0.0011660342041819305153 0 0 
2 15.297000000000000597 -44.810999999999999943 -24.294000000000000483 0.23319999999999999063 -0.35310000000000002496 0.90610000000000001652 -0.9526999999999999913 0.10370000000000000051 0.28560000000000002052 -0.19480000000000000093 -0.92979999999999995985 -0.31219999999999997753 0 0 0 0.99999933874978141901 0.0012759408437161650057 -1.6775011092474670816e-05 -6.3275041840706162016e-06 0 0 
2 16.131000000000000227 -0.37800000000000000266 -12.774000000000000909 0.9929000000000000048 -0.11479999999999999927 -0.032099999999999996592 0.11609999999999999487 0.99239999999999994884 0.041500000000000002165 0.02709999999999999909 -0.044900000000000002409 0.99860000000000004317 0.053999999999998493649 -0.13800000000000001155 0.0060000000000002273737 0.99991019221728105748 0.0041752849730856541818 -0.010567309026592986917 0.0088472120484973174048 1 0 
2 15.297000000000000597 -44.810999999999999943 -24.294000000000000483 0.23269999999999999019 -0.35170000000000001261 0.90669999999999995044 -0.95309999999999994724 0.10320000000000000007 0.28460000000000001963 -0.19370000000000001106 -0.9304000000000000048 -0.31119999999999997664 0 0 0 0.99999863374906661218 -0.00063960587386212351766 -0.00045213311772729651485 0.00045185561734815992731 0 0 
2 16.176000000000001933 -0.75300000000000000266 -12.629999999999999005 0.99570000000000002949 -0.091800000000000006595 -0.0082000000000000006911 0.09210000000000000131 0.99429999999999996163 0.053300000000000000155 0.0032000000000000001533 -0.053900000000000003464 0.99850000000000005418 0.045000000000001705303 -0.375 0.14400000000000190425 0.99983616157848576034 0.0046552477084363082585 -0.012514550364177626576 0.01147170950677765637 0 0 
2 15.297000000000000597 -44.810999999999999943 -24.294000000000000483 0.23269999999999999019 -0.35289999999999999147 0.90629999999999999449 -0.95309999999999994724 0.10280000000000000249 0.2847999999999999976 -0.19370000000000001106 -0.93000000000000004885 -0.31240000000000001101 0 0 0 1.000009956200436978 0.00065103351817979342522 1.2814872412552367329e-05 6.1299389690989814872e-06 0 0 
2 16.202999999999999403 -1.0680000000000000604 -12.623999999999998778 0.9965000000000000524 -0.08340000000000000191 -0.0022000000000000001325 0.083299999999999999045 0.99390000000000000568 0.07159999999999999698 -0.0037999999999999999924 -0.071499999999999994116 0.99739999999999995328 0.026999999999997470468 -0.31500000000000005773 0.0060000000000002273737 0.99991971927750278315 0.0088427048987381011436 -0.0037806060097819427744 0.0041795105341253706646 0 0 
