1 25 1 25 0.99954794330111429446 -0.0088673678380629880613 0.028527307562824583825 -0.011163480593877742053 -0.99668252232161735904 0.080289615226050992103 0.027706601082474472536 -0.080552526256126896764 -0.99633260531313994068 -1.6226611808065964867e-11 0.99997168894238963599 8.2560498319839137338e-05 -0.99999418498309289305 -3.1250197946063661505e-05 -1.3110083452668720402e-05 -7.2162058463149047495e-12 -0.00010167167761826467753 0.99996944103902030143 -29.233528997525471738 7.8609480541912395424 0.065934705831349249561 0 3 -26.234885167622127966 7.8274576124096064689 0.14905450907877265676 0.08168620265854578677 2 -24.431288630179128774 8.4054952041448967037 -0.0023134947085269984973 0.13614367109757632979 4 -21.153899643228722738 10.731645603219311269 -0.50103394437115367221 0.24505860797563738807 4 -18.510963377634769955 13.763308382281206121 -0.88004979073338773787 0.35397354485369841859 4 -15.914666051301948002 16.840511084407275177 -0.90936256385339908626 0.46288848173175950462 4 -12.877981941813759548 19.406955964631904976 -0.50022672250512967285 0.57180341860982053515 4 -9.3017404582268294888 20.937002038637491097 0.32861796523068098619 0.68071835548788162118 4 -5.4872299311059338223 21.061235889117849496 1.4516649104702405992 0.78963329236594270721 4 -1.9401004184156918075 19.699516959383970516 2.6734048741099769586 0.89854822924400368223 4 0.83199107244380798853 17.042727308803819142 3.7851436062012218109 1.0074631661220647683 4 2.4071024304189014842 13.468448309476629632 4.5909493376089089978 1.1163781030001258543 4 2.5202245564467280481 9.5133809054342446387 4.9236811976618275466 1.2252930398781869403 4 1.205110606155025188 5.7758220611774842013 4.6981376592126995462 1.3342079767562480264 4 -1.1611467719198385051 2.6428867365011750046 3.9571630028520603517 1.4431229136343091124 4 -4.0204357138601540811 0.034408018338057309859 2.8527972766413522976 1.5520378505123699764 4 -6.8406353939529704888 -2.5400661486822166957 1.5957136015650952299 1.6609527873904310624 4 -9.1681127232164119079 -5.562432822263621901 0.43434495713368320713 1.7698677242684921485 4 -10.662308249131740467 -9.1465374755114332572 -0.39142356461195199069 1.8787826611465532345 4 -11.228085607063063023 -13.073866380843963242 -0.75478584597359821284 1.9876975980246143205 4 -11.074125180540393742 -17.075537376501593201 -0.70467673867762348205 2.0966125349026754066 4 -10.582252888423456127 -21.044900530423785057 -0.41599031576731687609 2.2055274717807362705 4 -10.120300248384420883 -25.011600859756796922 -0.097237412475633416831 2.3144424086587975786 2 -9.99999999995130473 -27.000017445050723097 2.166748742096117507e-11 2.3688998770978280106 3 -10 -30 0 2.4505860797563738807 3 -3.0721180766135964824 2 1 0 0 0 1 0 0 0 1 1 0 0 0 1 0 0 0 1 25 -1 -1.2246063538223772582e-16 0 1.2246063538223772582e-16 -1 0 0 0 1 6.1230317691118862911e-17 -1 0 1 6.1230317691118862911e-17 0 0 0 1 6.1230317691118862911e-17 -1 0 1 6.1230317691118862911e-17 0 0 0 1 6.1230317691118862911e-17 -1 0 1 6.1230317691118862911e-17 0 0 0 1 6.1230317691118862911e-17 -1 0 1 6.1230317691118862911e-17 0 0 0 1 6.1230317691118862911e-17 -1 0 1 6.1230317691118862911e-17 0 0 0 1 6.1230317691118862911e-17 -1 0 1 6.1230317691118862911e-17 0 0 0 1 6.1230317691118862911e-17 -1 0 1 6.1230317691118862911e-17 0 0 0 1 6.1230317691118862911e-17 -1 0 1 6.1230317691118862911e-17 0 0 0 1 6.1230317691118862911e-17 -1 0 1 6.1230317691118862911e-17 0 0 0 1 6.1230317691118862911e-17 -1 0 1 6.1230317691118862911e-17 0 0 0 1 6.1230317691118862911e-17 -1 0 1 6.1230317691118862911e-17 0 0 0 1 6.1230317691118862911e-17 -1 0 1 6.1230317691118862911e-17 0 0 0 1 6.1230317691118862911e-17 -1 0 1 6.1230317691118862911e-17 0 0 0 1 6.1230317691118862911e-17 -1 0 1 6.1230317691118862911e-17 0 0 0 1 6.1230317691118862911e-17 -1 0 1 6.1230317691118862911e-17 0 0 0 1 6.1230317691118862911e-17 -1 0 1 6.1230317691118862911e-17 0 0 0 1 6.1230317691118862911e-17 -1 0 1 6.1230317691118862911e-17 0 0 0 1 6.1230317691118862911e-17 -1 0 1 6.1230317691118862911e-17 0 0 0 1 6.1230317691118862911e-17 -1 0 1 6.1230317691118862911e-17 0 0 0 1 6.1230317691118862911e-17 -1 0 1 6.1230317691118862911e-17 0 0 0 1 6.1230317691118862911e-17 -1 0 1 6.1230317691118862911e-17 0 0 0 1 6.1230317691118862911e-17 -1 0 1 6.1230317691118862911e-17 0 0 0 1 6.1230317691118862911e-17 -1 0 1 6.1230317691118862911e-17 0 0 0 1 1 0 0 0 1 0 0 0 1 2 0 24 
1 25 1 25 -0.98574619780421668391 -0.10015649967347714511 -0.1349347479926548965 0.074441896532105492068 -0.98012692036219895009 0.18397038852216399119 -0.15070417232191599122 0.17128909934513728008 0.97361962281537994812 2.0494065580118584347e-11 1.0000100244336638244 6.4316275170839265485e-05 -0.99997445467371781636 4.760123648314345217e-05 2.2020566637752984039e-05 4.1138564124674430424e-12 -9.3628546018131864059e-05 0.99999382767020661422 29.5990855284415737 8.9463706013042791909 -1.5493411752899135525 0 3 26.641846935028922871 9.1696962909005961251 -2.0014536922556613874 -0.02735136038326965377 2 24.814219939507349721 9.6054676887240812988 -1.7187847023318170159 -0.045585600638782752814 4 21.410245227794941769 11.283670512152580656 -0.41484947186645571016 -0.08205408114980895784 4 18.654249228932318516 14.022380957128934398 0.37355524131169914881 -0.11852256166083516287 4 16.112801847477179251 17.162160478125283447 0.46338937178758426993 -0.15499104217186138177 4 13.102451616208723451 19.776895163343592543 0.20130513737275371189 -0.19145952268288757292 4 9.4565782757386873669 21.150601494262549096 -0.39920458145137599493 -0.22792800319391379182 4 5.6284355287471106166 20.958862166390677118 -1.3905824022538437745 -0.26439648370494001073 4 2.1872165218258508013 19.333192538381648973 -2.6294134373310655839 -0.30086496421596620188 4 -0.51245108153671869999 16.611911087409435339 -3.8458756622414926873 -0.33733344472699239303 4 -2.2023847060694197175 13.091288096501553895 -4.72839802870270276 -0.37380192523801858417 4 -2.554969133851059393 9.1568163458905083019 -4.9908074151769277194 -0.41027040574904483083 4 -1.4106028430130654883 5.4202228745340663707 -4.5251045251851316209 -0.44673888626007102198 4 0.96396047524605399381 2.398280743167266138 -3.4979223165567141507 -0.48320736677109721313 4 3.9761110021172130224 0.021336721707287970712 -2.2466852788268729668 -0.51967584728212345979 4 6.9847367216064100148 -2.3821811397566206026 -1.0853777455461912638 -0.55614432779314959543 4 9.4057394405378182967 -5.4036519247351071371 -0.22446462763504324012 -0.59261280830417584209 4 10.822364813640513503 -9.0688135393338988877 0.23698728964491655447 -0.62908128881520208875 4 11.205677242263723414 -13.039968438636895698 0.34245065038106181632 -0.66554976932622822439 4 10.923544606178223759 -17.041888906406239101 0.24766659328214898905 -0.70201824983725447105 4 10.446913256298547168 -21.019644964723880776 0.11098409841529527364 -0.73848673034828060668 4 10.088232681312520711 -25.003969973562540474 0.019588132021384214998 -0.77495521085930685334 2 9.999999999938511408 -27.00007663597884644 -1.232709367375409579e-11 -0.79318945111481997667 3 10 -30 0 -0.82054081149808966167 3 0.23343544312462766177 2 1 0 0 0 1 0 0 0 1 1 0 0 0 1 0 0 0 1 25 -1 -1.2246063538223772582e-16 0 1.2246063538223772582e-16 -1 0 0 0 1 6.1230317691118862911e-17 -1 0 1 6.1230317691118862911e-17 0 0 0 1 6.1230317691118862911e-17 -1 0 1 6.1230317691118862911e-17 0 0 0 1 6.1230317691118862911e-17 -1 0 1 6.1230317691118862911e-17 0 0 0 1 6.1230317691118862911e-17 -1 0 1 6.1230317691118862911e-17 0 0 0 1 6.1230317691118862911e-17 -1 0 1 6.1230317691118862911e-17 0 0 0 1 6.1230317691118862911e-17 -1 0 1 6.1230317691118862911e-17 0 0 0 1 6.1230317691118862911e-17 -1 0 1 6.1230317691118862911e-17 0 0 0 1 6.1230317691118862911e-17 -1 0 1 6.1230317691118862911e-17 0 0 0 1 6.1230317691118862911e-17 -1 0 1 6.1230317691118862911e-17 0 0 0 1 6.1230317691118862911e-17 -1 0 1 6.1230317691118862911e-17 0 0 0 1 6.1230317691118862911e-17 -1 0 1 6.1230317691118862911e-17 0 0 0 1 6.1230317691118862911e-17 -1 0 1 6.1230317691118862911e-17 0 0 0 1 6.1230317691118862911e-17 -1 0 1 6.1230317691118862911e-17 0 0 0 1 6.1230317691118862911e-17 -1 0 1 6.1230317691118862911e-17 0 0 0 1 6.1230317691118862911e-17 -1 0 1 6.1230317691118862911e-17 0 0 0 1 6.1230317691118862911e-17 -1 0 1 6.1230317691118862911e-17 0 0 0 1 6.1230317691118862911e-17 -1 0 1 6.1230317691118862911e-17 0 0 0 1 6.1230317691118862911e-17 -1 0 1 6.1230317691118862911e-17 0 0 0 1 6.1230317691118862911e-17 -1 0 1 6.1230317691118862911e-17 0 0 0 1 6.1230317691118862911e-17 -1 0 1 6.1230317691118862911e-17 0 0 0 1 6.1230317691118862911e-17 -1 0 1 6.1230317691118862911e-17 0 0 0 1 6.1230317691118862911e-17 -1 0 1 6.1230317691118862911e-17 0 0 0 1 6.1230317691118862911e-17 -1 0 1 6.1230317691118862911e-17 0 0 0 1 1 0 0 0 1 0 0 0 1 2 0 24 
3 41.428039902092173463 8.0530678429190150069 0.25910889257307795353 0.98574619780421668391 0.10015649967347702021 -0.1349347479926548965 -0.074441896532105367168 0.98012692036219895009 0.18397038852216399119 0.15070417232191596346 -0.17128909934513730784 0.97361962281537994812 2 0 
3 -41.228104317138843271 7.9949098213177736127 -0.26654450715834426822 -0.99954794330111429446 0.0088673678380631112267 0.028527307562824583825 0.011163480593877863484 0.99668252232161735904 0.080289615226050992103 -0.027706601082474462128 0.080552526256126896764 -0.99633260531313994068 0 0 
4 -29.233528997525471738 7.8609480541912395424 0.065934705831349249561 -0.99954794330111429446 0.0088673678380631112267 0.028527307562824583825 0.011163480593877863484 0.99668252232161735904 0.080289615226050992103 -0.027706601082474462128 0.080552526256126896764 -0.99633260531313994068 0 0 0 0 1 
4 -10 -30 0 -1.6226611808065964867e-11 0.99997168894238963599 8.2560498319839137338e-05 -0.99999418498309289305 -3.1250197946063661505e-05 -1.3110083452668720402e-05 -7.2162058463149047495e-12 -0.00010167167761826467753 0.99996944103902030143 0 24 1 0 -1 
4 29.5990855284415737 8.9463706013042791909 -1.5493411752899135525 0.98574619780421668391 0.10015649967347702021 -0.1349347479926548965 -0.074441896532105367168 0.98012692036219895009 0.18397038852216399119 0.15070417232191596346 -0.17128909934513730784 0.97361962281537994812 0 0 0 1 0 
4 10 -30 0 2.0494065580118584347e-11 1.0000100244336638244 6.4316275170839265485e-05 -0.99997445467371781636 4.760123648314345217e-05 2.2020566637752984039e-05 4.1138564124674430424e-12 -9.3628546018131864059e-05 0.99999382767020661422 0 24 1 1 -1 
4 30 -28.399999999999998579 0 6.1230317691118862911e-17 -1 -6.1230317691118862911e-17 0 6.1230317691118862911e-17 -1 1 6.1230317691118862911e-17 3.749151804555343599e-33 0 -1 -1 -1 -1 
4 35 -28.399999999999998579 0 6.1230317691118862911e-17 -1 -6.1230317691118862911e-17 0 6.1230317691118862911e-17 -1 1 6.1230317691118862911e-17 3.749151804555343599e-33 0 -1 -1 -1 -1 
5 0 -30 0 0 1 0 100 1 1 1 ../utils/textures/checkerBoardSquare32.bmp 
6 0 0 0 150 ../utils/textures/checkerBoardRect16.bmp 
0 
