1 25 1 25 0.98980000000000001315 0.010700000000000120873 -0.14189999999999999836 -0.023999999999999882538 -0.97019999999999995133 -0.24090000000000000302 -0.14030000000000003579 0.24189999999999997615 -0.96009999999999995346 -2.6509960646217195454e-11 0.99995811502051246134 -0.0014253135410154105234 -0.99998206483916507459 6.2911101795514381562e-05 -3.1010567597945576032e-05 -1.1456448059344886981e-11 0.0013799444975512997758 0.99997919854347705471 -29.084212482527085797 7.8254478674324623455 -1.644940057438748271 0 3 -26.114812482527085535 7.7534478674324622816 -2.0658400574387485449 -0.10357160525133216056 2 -24.284796110899474542 8.2525786626026444992 -1.9567124160234614649 -0.17261934208555360093 4 -20.935601242698094637 10.381442440369522018 -1.2322739998513421167 -0.31071481575399650943 4 -18.331302927241576839 13.336294378111823278 -0.35031657854639530747 -0.44881028942243939017 4 -15.893678042711687937 16.471852429293512898 0.35096727204093697283 -0.58690576309088227092 4 -13.019476870856275141 19.210457160762345552 0.89125412729001096679 -0.72500123675932515166 4 -9.4893132451527222315 20.959869773029282669 1.4489431058302120192 -0.8630967104277680324 4 -5.5954924733607027676 21.257004206308227623 2.1625359561754136095 -1.0011921840962108021 4 -1.9291967662089128943 19.960501864268316297 3.0031725446879038444 -1.1392876577646537939 4 0.92560954947136742099 17.281544448787620638 3.7648501580265771871 -1.2773831314330965636 4 2.567654486988857343 13.671572549527905238 4.1636189514937056444 -1.4154786051015395554 4 2.8177350479571652286 9.7050460696917006942 3.9974087731712435456 -1.5535740787699823251 4 1.7417839202394442832 5.940367728873286346 3.2747483999052438008 -1.6916695524384253169 4 -0.36304449235397612261 2.7060258007999293817 2.2203940585953012565 -1.8297650261068680866 4 -3.0755462006029365973 -0.05929963897209677981 1.1543905229408644164 -1.9678604997753110784 4 -5.9586513814774191289 -2.7354020413595017125 0.34435448455358630415 -2.1059559734437538481 4 -8.5672339792921619051 -5.735467981623598277 -0.076031111302646683936 -2.2440514471121968398 4 -10.47014786016440091 -9.2316751525649625165 -0.12851227281304358763 -2.3821469207806398316 4 -11.399957997828439105 -13.100066465988902564 0.031219962572970487436 -2.5202423944490823793 4 -11.403897953048298675 -17.093473651554823789 0.19205876584560938047 -2.658337868117525371 4 -10.831719801032035022 -21.061770768303905044 0.20244509513939032419 -2.7964333417859683628 4 -10.180853494567665862 -25.017342563577631864 0.063849958358735692254 -2.9345288154544113546 2 -9.9999999999204653989 -27.000053805482504998 3.4368403188273566819e-11 -3.0035765522886324064 3 -10 -30 0 -3.1071481575399646502 3 2.8845156054631777565 2 1 0 0 0 1 0 0 0 1 1 0 0 0 1 0 0 0 1 25 -1 -1.2246063538223772582e-16 0 1.2246063538223772582e-16 -1 0 0 0 1 6.1230317691118862911e-17 -1 0 1 6.1230317691118862911e-17 0 0 0 1 6.1230317691118862911e-17 -1 0 1 6.1230317691118862911e-17 0 0 0 1 6.1230317691118862911e-17 -1 0 1 6.1230317691118862911e-17 0 0 0 1 6.1230317691118862911e-17 -1 0 1 6.1230317691118862911e-17 0 0 0 1 6.1230317691118862911e-17 -1 0 1 6.1230317691118862911e-17 0 0 0 1 6.1230317691118862911e-17 -1 0 1 6.1230317691118862911e-17 0 0 0 1 6.1230317691118862911e-17 -1 0 1 6.1230317691118862911e-17 0 0 0 1 6.1230317691118862911e-17 -1 0 1 6.1230317691118862911e-17 0 0 0 1 6.1230317691118862911e-17 -1 0 1 6.1230317691118862911e-17 0 0 0 1 6.1230317691118862911e-17 -1 0 1 6.1230317691118862911e-17 0 0 0 1 6.1230317691118862911e-17 -1 0 1 6.1230317691118862911e-17 0 0 0 1 6.1230317691118862911e-17 -1 0 1 6.1230317691118862911e-17 0 0 0 1 6.1230317691118862911e-17 -1 0 1 6.1230317691118862911e-17 0 0 0 1 6.1230317691118862911e-17 -1 0 1 6.1230317691118862911e-17 0 0 0 1 6.1230317691118862911e-17 -1 0 1 6.1230317691118862911e-17 0 0 0 1 6.1230317691118862911e-17 -1 0 1 6.1230317691118862911e-17 0 0 0 1 6.1230317691118862911e-17 -1 0 1 6.1230317691118862911e-17 0 0 0 1 6.1230317691118862911e-17 -1 0 1 6.1230317691118862911e-17 0 0 0 1 6.1230317691118862911e-17 -1 0 1 6.1230317691118862911e-17 0 0 0 1 6.1230317691118862911e-17 -1 0 1 6.1230317691118862911e-17 0 0 0 1 6.1230317691118862911e-17 -1 0 1 6.1230317691118862911e-17 0 0 0 1 6.1230317691118862911e-17 -1 0 1 6.1230317691118862911e-17 0 0 0 1 6.1230317691118862911e-17 -1 0 1 6.1230317691118862911e-17 0 0 0 1 1 0 0 0 1 0 0 0 1 2 0 24 
1 37 1 37 -1 -1.2246063538223772582e-16 0 1.2246063538223772582e-16 -1 0 0 0 1 -4.0680099592634319824e-11 0.19371291413996663544 0.98105825866530571577 -1.000000000000000222 7.3185881920173803264e-12 -4.2910284080818595555e-11 -1.5492682269177218264e-11 -0.98105825866530660395 0.19371291413996674646 23.485281374238571317 -19.633436854000503757 2.2478449177604207243 0 3 20.485281374238571317 -19.633436854000503757 2.2478449177604207243 -0.0039534333675737103053 2 18.494082383914850709 -19.602183166289417926 2.5921131062809914525 -0.0065890556126228516653 4 14.783557454607402448 -19.556770454118179714 3.9914735967286043561 -0.011860300102721132651 4 12.159172912612145723 -19.888371977221893872 6.8572452465524902365 -0.017131544592819413636 4 10.916340830237203363 -20.596821454864368661 10.534142857664836157 -0.022402789082917692887 4 10.746217471028383983 -21.548804192579154915 14.481445121781842289 -0.027674033573015975607 4 10.495112973472576101 -22.533931886627449614 18.404232898441243549 -0.032945278063114258327 4 9.1156561685223866931 -23.41595664427540413 22.028251483539502686 -0.038216522553212534108 4 6.2662785382516714705 -24.080013383159162288 24.643270211719240592 -0.043487767043310816828 4 2.4551469325402468513 -24.428011865933751068 25.499123460857926915 -0.048759011533409099548 4 -1.326004948927060223 -24.380080143943011706 24.350208623568374122 -0.054030256023507382268 4 -4.1815399554322851827 -23.862032442346901462 21.624758831778184032 -0.059301500513605658049 4 -5.7293613553292361829 -22.808725948209353618 18.097182011129369528 -0.064572745003703940769 4 -6.0923218829655256812 -21.230991626503183056 14.439797030675606493 -0.06984398949380221655 4 -5.6671281710501206774 -19.286821807449726407 10.951504558378326593 -0.075115233983900506209 4 -4.923308968532140284 -17.310833866022615979 7.5224870603292766091 -0.080386478473998781991 4 -4.2863571027627775933 -15.79237976404317223 3.8749765192708198747 -0.08565772296409707165 4 -4.0572732778111069152 -15.210176976384136793 -0.03734657073152280321 -0.090928967454195347431 4 -4.3408320707734144861 -15.763862554008985839 -3.9508813959432367291 -0.096200211944293623212 4 -5.018773522009386312 -17.256911334712267347 -7.6023665138224254534 -0.10147145643439191287 4 -5.7755028768719061105 -19.221220239853661127 -11.036164786481839073 -0.10674270092449018865 4 -6.1645493564329312264 -21.184502365570835991 -14.52017427355377599 -0.11201394541458846443 4 -5.691196269207388525 -22.81596190775389843 -18.140542277741708688 -0.11728518990468675409 4 -3.9672039319584939676 -23.926975447437200728 -21.555999700013313003 -0.12255643439478502987 4 -0.95351439560832262909 -24.446797627720965096 -24.082724968068028204 -0.12782767888488330565 4 2.8799654062403576837 -24.388837156996135747 -25.041451599198630618 -0.13309892337498158144 4 6.6868518329053641125 -23.817503674914469514 -24.150925467489326337 -0.13837016786507988497 4 9.6378145448572141163 -22.845002879834769516 -21.683809856168061003 -0.14364141235517816075 4 11.311113614782801307 -21.649255360749563692 -18.259204938472894497 -0.14891265684527643653 4 11.804205685707117368 -20.508995198181885655 -14.432189128893080365 -0.15418390133537471232 4 11.528850904295206092 -19.841729373215621024 -10.461618469863227077 -0.1594551458254729881 4 10.949793210083321071 -20.201102288978059818 -6.5142814763147978141 -0.16472639031557129163 4 10.39910555435422701 -21.968950146402129064 -3.0155513279518508796 -0.16999763480566956741 4 10.084917545007550999 -25.149964002147555675 -0.61229791990130377766 -0.1752688792957678432 2 10.000000000121994859 -27 4.6460747758153164503e-11 -0.17790450154081699496 3 10 -30 0 -0.18185793490839069486 3 0 2 1 0 0 0 1 0 0 0 1 1 0 0 0 1 0 0 0 1 37 -1 -1.2246063538223772582e-16 0 1.2246063538223772582e-16 -1 0 0 0 1 6.1230317691118862911e-17 -1 0 1 6.1230317691118862911e-17 0 0 0 1 6.1230317691118862911e-17 -1 0 1 6.1230317691118862911e-17 0 0 0 1 6.1230317691118862911e-17 -1 0 1 6.1230317691118862911e-17 0 0 0 1 6.1230317691118862911e-17 -1 0 1 6.1230317691118862911e-17 0 0 0 1 6.1230317691118862911e-17 -1 0 1 6.1230317691118862911e-17 0 0 0 1 6.1230317691118862911e-17 -1 0 1 6.1230317691118862911e-17 0 0 0 1 6.1230317691118862911e-17 -1 0 1 6.1230317691118862911e-17 0 0 0 1 6.1230317691118862911e-17 -1 0 1 6.1230317691118862911e-17 0 0 0 1 6.1230317691118862911e-17 -1 0 1 6.1230317691118862911e-17 0 0 0 1 6.1230317691118862911e-17 -1 0 1 6.1230317691118862911e-17 0 0 0 1 6.1230317691118862911e-17 -1 0 1 6.1230317691118862911e-17 0 0 0 1 6.1230317691118862911e-17 -1 0 1 6.1230317691118862911e-17 0 0 0 1 6.1230317691118862911e-17 -1 0 1 6.1230317691118862911e-17 0 0 0 1 6.1230317691118862911e-17 -1 0 1 6.1230317691118862911e-17 0 0 0 1 6.1230317691118862911e-17 -1 0 1 6.1230317691118862911e-17 0 0 0 1 6.1230317691118862911e-17 -1 0 1 6.1230317691118862911e-17 0 0 0 1 6.1230317691118862911e-17 -1 0 1 6.1230317691118862911e-17 0 0 0 1 6.1230317691118862911e-17 -1 0 1 6.1230317691118862911e-17 0 0 0 1 6.1230317691118862911e-17 -1 0 1 6.1230317691118862911e-17 0 0 0 1 6.1230317691118862911e-17 -1 0 1 6.1230317691118862911e-17 0 0 0 1 6.1230317691118862911e-17 -1 0 1 6.1230317691118862911e-17 0 0 0 1 6.1230317691118862911e-17 -1 0 1 6.1230317691118862911e-17 0 0 0 1 6.1230317691118862911e-17 -1 0 1 6.1230317691118862911e-17 0 0 0 1 6.1230317691118862911e-17 -1 0 1 6.1230317691118862911e-17 0 0 0 1 6.1230317691118862911e-17 -1 0 1 6.1230317691118862911e-17 0 0 0 1 6.1230317691118862911e-17 -1 0 1 6.1230317691118862911e-17 0 0 0 1 6.1230317691118862911e-17 -1 0 1 6.1230317691118862911e-17 0 0 0 1 6.1230317691118862911e-17 -1 0 1 6.1230317691118862911e-17 0 0 0 1 6.1230317691118862911e-17 -1 0 1 6.1230317691118862911e-17 0 0 0 1 6.1230317691118862911e-17 -1 0 1 6.1230317691118862911e-17 0 0 0 1 6.1230317691118862911e-17 -1 0 1 6.1230317691118862911e-17 0 0 0 1 6.1230317691118862911e-17 -1 0 1 6.1230317691118862911e-17 0 0 0 1 6.1230317691118862911e-17 -1 0 1 6.1230317691118862911e-17 0 0 0 1 6.1230317691118862911e-17 -1 0 1 6.1230317691118862911e-17 0 0 0 1 6.1230317691118862911e-17 -1 0 1 6.1230317691118862911e-17 0 0 0 1 1 0 0 0 1 0 0 0 1 2 0 36 
3 30.001988917097044407 -28.386381216783455272 11.52956633481258919 0.036200000000000003009 -0.64870000000000005436 -0.76019999999999998685 -0.018499999999999999084 0.76009999999999999787 -0.64949999999999996625 0.99919999999999997708 0.037499999999999998612 0.015499999999999999889 4 0 
3 -40.961812482527086843 8.1134478674324626013 0.038659942561251964266 -0.98980000000000001315 -0.010699999999999999442 -0.14189999999999999836 0.0240000000000000005 0.97019999999999995133 -0.24090000000000000302 0.14030000000000000804 -0.24190000000000000391 -0.96009999999999995346 0 0 
4 -29.084212482527085797 7.8254478674324623455 -1.644940057438748271 -0.98980000000000001315 -0.010699999999999999442 -0.14189999999999999836 0.0240000000000000005 0.97019999999999995133 -0.24090000000000000302 0.14030000000000000804 -0.24190000000000000391 -0.96009999999999995346 0 0 0 0 1 
4 -10 -30 0 -2.6509960646217195454e-11 0.99995811502051246134 -0.0014253135410154105234 -0.99998206483916507459 6.2911101795514381562e-05 -3.1010567597945576032e-05 -1.1456448059344886981e-11 0.0013799444975512997758 0.99997919854347705471 0 24 1 0 -1 
4 23.485281374238571317 -19.633436854000503757 2.2478449177604207243 1 0 0 0 1 0 0 0 1 0 0 0 1 -1 
4 10 -30 0 -4.0680099592634319824e-11 0.19371291413996663544 0.98105825866530571577 -1.000000000000000222 7.3185881920173803264e-12 -4.2910284080818595555e-11 -1.5492682269177218264e-11 -0.98105825866530660395 0.19371291413996674646 0 36 1 1 -1 
4 29.567588917097044288 -28.164381216783453965 -0.46083366518741009088 0.036200000000000003009 -0.64870000000000005436 -0.76019999999999998685 -0.018499999999999999084 0.76009999999999999787 -0.64949999999999996625 0.99919999999999997708 0.037499999999999998612 0.015499999999999999889 0 -1 -1 -1 0 
4 35 -28.399999999999998579 0 6.1230317691118862911e-17 -1 -6.1230317691118862911e-17 0 6.1230317691118862911e-17 -1 1 6.1230317691118862911e-17 3.749151804555343599e-33 0 -1 -1 -1 -1 
5 0 -30 0 0 1 0 100 1 1 1 ../utils/textures/checkerBoardSquare32.bmp 
6 0 0 0 150 ../utils/textures/checkerBoardRect16.bmp 
0 
