1 25 1 25 -0.99709999999999998632 0.018899999999999878703 -0.073400000000000006906 -0.019099999999999877492 -0.99980000000000002203 0.0016000000000000000767 -0.073300000000000004041 0.0029999999999999909552 0.9972999999999999643 -2.8000635695542972003e-11 0.9997739344038776288 -0.020448456902520839584 -0.99997305463697350181 -3.1090865971235551646e-05 -5.4491478582284666162e-05 -1.0864507158270517786e-11 0.02045309560797664572 0.99978961168887181543 11.247788917097039985 0.22941878321655070905 7.9919663348126057656 0 3 8.2564889170970410248 0.17211878321655108004 7.7720663348126057812 -0.042954780597432844214 2 6.4498022296626169592 0.46218898071142855422 7.2604321158413025472 -0.07159130099572140471 4 3.1032095716715133449 1.810151898289728889 5.4353420756321719765 -0.1288643417922985257 4 0.66558753998995234813 3.7866228186027739433 2.94268772054379113 -0.18613738258887566057 4 -0.7318065401871038933 6.0445529183020738628 -0.040531803652463734011 -0.24341042338545279544 4 -1.1365392852695583858 8.1728524879816308868 -3.4034237346466524876 -0.30068346418202990256 4 -0.79091545491061387985 9.7575524835775269139 -7.0673581498222137753 -0.35795650497860703743 4 -0.088756073561262097127 10.446028697629282433 -10.947891070810756631 -0.4152295457751841723 4 0.48785948788223659767 9.9942646197810258712 -14.863318922743406603 -0.47250258657176130717 4 0.48070111465703208031 8.3432265890177319534 -18.455180615457248194 -0.52977562736833838652 4 -0.38801893809124871071 5.6971386857737771336 -21.230562578732651957 -0.58704866816491552139 4 -2.0977652184874693297 2.4953578245859797669 -22.7505524001952395 -0.64432170896149265626 4 -4.3495615050399871748 -0.76041563241425291775 -22.828540887114748159 -0.70159474975806979113 4 -6.7193153982072457708 -3.7141830071714130312 -21.580213735680711551 -0.758867790554646926 4 -8.8303540453296118784 -6.2537277719964308176 -19.313324726754700578 -0.81614083135122406087 4 -10.441820737336289682 -8.4687380874523423557 -16.381486560753636184 -0.87341387214780119574 4 -11.451066386136405484 -10.552082378375917671 -13.104369967170136135 -0.93068691294437833061 4 -11.863595771057399375 -12.719610085707412139 -9.756185650743361748 -0.98795995374095546548 4 -11.765746315530737576 -15.16213906374532705 -6.5811137511716735204 -1.0452329945375324893 4 -11.307069277144158548 -18.01432175030272731 -3.8081214879057467826 -1.1025060353341096242 4 -10.689378568855483209 -21.331651799396073699 -1.656824052336718367 -1.1597790761306867591 4 -10.14868298737995822 -25.07079267854540916 -0.30861964579507999984 -1.2170521169272638939 2 -9.9999999999159889796 -26.99986098322094108 3.259115515041371013e-11 -1.2456886373255524614 3 -10 -30 0 -1.2886434179229853125 3 8.0924798978198495547 2 1 0 0 0 1 0 0 0 1 1 0 0 0 1 0 0 0 1 25 -1 -1.2246063538223772582e-16 0 1.2246063538223772582e-16 -1 0 0 0 1 6.1230317691118862911e-17 -1 0 1 6.1230317691118862911e-17 0 0 0 1 6.1230317691118862911e-17 -1 0 1 6.1230317691118862911e-17 0 0 0 1 6.1230317691118862911e-17 -1 0 1 6.1230317691118862911e-17 0 0 0 1 6.1230317691118862911e-17 -1 0 1 6.1230317691118862911e-17 0 0 0 1 6.1230317691118862911e-17 -1 0 1 6.1230317691118862911e-17 0 0 0 1 6.1230317691118862911e-17 -1 0 1 6.1230317691118862911e-17 0 0 0 1 6.1230317691118862911e-17 -1 0 1 6.1230317691118862911e-17 0 0 0 1 6.1230317691118862911e-17 -1 0 1 6.1230317691118862911e-17 0 0 0 1 6.1230317691118862911e-17 -1 0 1 6.1230317691118862911e-17 0 0 0 1 6.1230317691118862911e-17 -1 0 1 6.1230317691118862911e-17 0 0 0 1 6.1230317691118862911e-17 -1 0 1 6.1230317691118862911e-17 0 0 0 1 6.1230317691118862911e-17 -1 0 1 6.1230317691118862911e-17 0 0 0 1 6.1230317691118862911e-17 -1 0 1 6.1230317691118862911e-17 0 0 0 1 6.1230317691118862911e-17 -1 0 1 6.1230317691118862911e-17 0 0 0 1 6.1230317691118862911e-17 -1 0 1 6.1230317691118862911e-17 0 0 0 1 6.1230317691118862911e-17 -1 0 1 6.1230317691118862911e-17 0 0 0 1 6.1230317691118862911e-17 -1 0 1 6.1230317691118862911e-17 0 0 0 1 6.1230317691118862911e-17 -1 0 1 6.1230317691118862911e-17 0 0 0 1 6.1230317691118862911e-17 -1 0 1 6.1230317691118862911e-17 0 0 0 1 6.1230317691118862911e-17 -1 0 1 6.1230317691118862911e-17 0 0 0 1 6.1230317691118862911e-17 -1 0 1 6.1230317691118862911e-17 0 0 0 1 6.1230317691118862911e-17 -1 0 1 6.1230317691118862911e-17 0 0 0 1 6.1230317691118862911e-17 -1 0 1 6.1230317691118862911e-17 0 0 0 1 1 0 0 0 1 0 0 0 1 2 0 24 
1 37 1 37 -1 -1.2246063538223772582e-16 0 1.2246063538223772582e-16 -1 0 0 0 1 -5.3584111265793731708e-11 0.1937129141451363612 0.98105825866428497672 -1.000000000000000222 9.6288235728650987448e-12 -5.6519623996447742463e-11 -2.0395367633792224712e-11 -0.98105825866428597593 0.19371291414513655549 23.485281374238571317 -19.633436854000503757 2.2478449177604207243 0 3 20.485281374238571317 -19.633436854000503757 2.2478449177604207243 -0.003953433367354441258 2 18.494082383914850709 -19.602183166289417926 2.5921131062809914525 -0.0065890556122574026748 4 14.783557454607402448 -19.556770454118179714 3.9914735967286043561 -0.011860300102063323774 4 12.159172912612145723 -19.888371977221893872 6.8572452465524902365 -0.017131544591869246608 4 10.916340830237203363 -20.596821454864368661 10.534142857664836157 -0.022402789081675169441 4 10.746217471028383983 -21.548804192579154915 14.481445121781842289 -0.027674033571481088806 4 10.495112973472576101 -22.533931886627449614 18.404232898441243549 -0.032945278061287011639 4 9.1156561685223866931 -23.41595664427540413 22.028251483539502686 -0.038216522551092931004 4 6.2662785382516714705 -24.080013383159162288 24.643270211719240592 -0.043487767040898857307 4 2.4551469325402468513 -24.428011865933751068 25.499123460857926915 -0.048759011530704776671 4 -1.326004948927060223 -24.380080143943011706 24.350208623568374122 -0.054030256020510702974 4 -4.1815399554322851827 -23.862032442346901462 21.624758831778184032 -0.059301500510316622339 4 -5.7293613553292361829 -22.808725948209353618 18.097182011129369528 -0.064572745000122541703 4 -6.0923218829655256812 -21.230991626503183056 14.439797030675606493 -0.069843989489928468006 4 -5.6671281710501206774 -19.286821807449726407 10.951504558378326593 -0.07511523397973439431 4 -4.923308968532140284 -17.310833866022615979 7.5224870603292766091 -0.080386478469540306735 4 -4.2863571027627775933 -15.79237976404317223 3.8749765192708198747 -0.085657722959346233038 4 -4.0572732778111069152 -15.210176976384136793 -0.03734657073152280321 -0.090928967449152159341 4 -4.3408320707734144861 -15.763862554008985839 -3.9508813959432367291 -0.096200211938958071767 4 -5.018773522009386312 -17.256911334712267347 -7.6023665138224254534 -0.10147145642876399807 4 -5.7755028768719061105 -19.221220239853661127 -11.036164786481839073 -0.10674270091856992437 4 -6.1645493564329312264 -21.184502365570835991 -14.52017427355377599 -0.1120139454083758368 4 -5.691196269207388525 -22.81596190775389843 -18.140542277741708688 -0.1172851898981817631 4 -3.9672039319584939676 -23.926975447437200728 -21.555999700013313003 -0.12255643438798768941 4 -0.95351439560832262909 -24.446797627720965096 -24.082724968068028204 -0.12782767887779361571 4 2.8799654062403576837 -24.388837156996135747 -25.041451599198630618 -0.13309892336759954201 4 6.6868518329053641125 -23.817503674914469514 -24.150925467489326337 -0.13837016785740544056 4 9.6378145448572141163 -22.845002879834769516 -21.683809856168061003 -0.14364141234721136686 4 11.311113614782801307 -21.649255360749563692 -18.259204938472894497 -0.14891265683701729317 4 11.804205685707117368 -20.508995198181885655 -14.432189128893080365 -0.15418390132682321947 4 11.528850904295206092 -19.841729373215621024 -10.461618469863227077 -0.15945514581662914577 4 10.949793210083321071 -20.201102288978059818 -6.5142814763147978141 -0.16472639030643507208 4 10.39910555435422701 -21.968950146402129064 -3.0155513279518508796 -0.16999763479624097062 4 10.084917545007550999 -25.149964002147555675 -0.61229791990130377766 -0.17526887928604689693 2 10.000000000160707003 -27 6.117079299838357864e-11 -0.17790450153094986008 3 10 -30 0 -0.18185793489830429093 3 0 2 1 0 0 0 1 0 0 0 1 1 0 0 0 1 0 0 0 1 37 -1 -1.2246063538223772582e-16 0 1.2246063538223772582e-16 -1 0 0 0 1 6.1230317691118862911e-17 -1 0 1 6.1230317691118862911e-17 0 0 0 1 6.1230317691118862911e-17 -1 0 1 6.1230317691118862911e-17 0 0 0 1 6.1230317691118862911e-17 -1 0 1 6.1230317691118862911e-17 0 0 0 1 6.1230317691118862911e-17 -1 0 1 6.1230317691118862911e-17 0 0 0 1 6.1230317691118862911e-17 -1 0 1 6.1230317691118862911e-17 0 0 0 1 6.1230317691118862911e-17 -1 0 1 6.1230317691118862911e-17 0 0 0 1 6.1230317691118862911e-17 -1 0 1 6.1230317691118862911e-17 0 0 0 1 6.1230317691118862911e-17 -1 0 1 6.1230317691118862911e-17 0 0 0 1 6.1230317691118862911e-17 -1 0 1 6.1230317691118862911e-17 0 0 0 1 6.1230317691118862911e-17 -1 0 1 6.1230317691118862911e-17 0 0 0 1 6.1230317691118862911e-17 -1 0 1 6.1230317691118862911e-17 0 0 0 1 6.1230317691118862911e-17 -1 0 1 6.1230317691118862911e-17 0 0 0 1 6.1230317691118862911e-17 -1 0 1 6.1230317691118862911e-17 0 0 0 1 6.1230317691118862911e-17 -1 0 1 6.1230317691118862911e-17 0 0 0 1 6.1230317691118862911e-17 -1 0 1 6.1230317691118862911e-17 0 0 0 1 6.1230317691118862911e-17 -1 0 1 6.1230317691118862911e-17 0 0 0 1 6.1230317691118862911e-17 -1 0 1 6.1230317691118862911e-17 0 0 0 1 6.1230317691118862911e-17 -1 0 1 6.1230317691118862911e-17 0 0 0 1 6.1230317691118862911e-17 -1 0 1 6.1230317691118862911e-17 0 0 0 1 6.1230317691118862911e-17 -1 0 1 6.1230317691118862911e-17 0 0 0 1 6.1230317691118862911e-17 -1 0 1 6.1230317691118862911e-17 0 0 0 1 6.1230317691118862911e-17 -1 0 1 6.1230317691118862911e-17 0 0 0 1 6.1230317691118862911e-17 -1 0 1 6.1230317691118862911e-17 0 0 0 1 6.1230317691118862911e-17 -1 0 1 6.1230317691118862911e-17 0 0 0 1 6.1230317691118862911e-17 -1 0 1 6.1230317691118862911e-17 0 0 0 1 6.1230317691118862911e-17 -1 0 1 6.1230317691118862911e-17 0 0 0 1 6.1230317691118862911e-17 -1 0 1 6.1230317691118862911e-17 0 0 0 1 6.1230317691118862911e-17 -1 0 1 6.1230317691118862911e-17 0 0 0 1 6.1230317691118862911e-17 -1 0 1 6.1230317691118862911e-17 0 0 0 1 6.1230317691118862911e-17 -1 0 1 6.1230317691118862911e-17 0 0 0 1 6.1230317691118862911e-17 -1 0 1 6.1230317691118862911e-17 0 0 0 1 6.1230317691118862911e-17 -1 0 1 6.1230317691118862911e-17 0 0 0 1 6.1230317691118862911e-17 -1 0 1 6.1230317691118862911e-17 0 0 0 1 6.1230317691118862911e-17 -1 0 1 6.1230317691118862911e-17 0 0 0 1 6.1230317691118862911e-17 -1 0 1 6.1230317691118862911e-17 0 0 0 1 1 0 0 0 1 0 0 0 1 2 0 36 
3 23.212988917097039376 0.45861878321655069612 8.8715663348126057031 0.99709999999999998632 -0.018900000000000000133 -0.073400000000000006906 0.019099999999999998923 0.99980000000000002203 0.0016000000000000000767 0.073300000000000004041 -0.0030000000000000000625 0.9972999999999999643 0 0 
3 -15.788812482527081471 -6.4575521325675708795 10.35265994256123534 -0.99970000000000003304 -0.020099999999999999811 -0.016400000000000001382 0.025899999999999999412 -0.78710000000000002185 -0.61629999999999995897 -0.00050000000000000001041 -0.61650000000000004796 0.78739999999999998881 4 0 
4 11.247788917097039985 0.22941878321655070905 7.9919663348126057656 0.99709999999999998632 -0.018900000000000000133 -0.073400000000000006906 0.019099999999999998923 0.99980000000000002203 0.0016000000000000000767 0.073300000000000004041 -0.0030000000000000000625 0.9972999999999999643 0 0 0 0 0 
4 -10 -30 0 -2.8000635695542972003e-11 0.9997739344038776288 -0.020448456902520839584 -0.99997305463697350181 -3.1090865971235551646e-05 -5.4491478582284666162e-05 -1.0864507158270517786e-11 0.02045309560797664572 0.99978961168887181543 0 24 1 0 -1 
4 23.485281374238571317 -19.633436854000503757 2.2478449177604207243 1 0 0 0 1 0 0 0 1 0 0 0 1 -1 
4 10 -30 0 -5.3584111265793731708e-11 0.1937129141451363612 0.98105825866428497672 -1.000000000000000222 9.6288235728650987448e-12 -5.6519623996447742463e-11 -2.0395367633792224712e-11 -0.98105825866428597593 0.19371291414513655549 0 36 1 1 -1 
4 -3.7924124825270801864 -6.7683521325675712887 10.358659942561235567 -0.99970000000000003304 -0.020099999999999999811 -0.016400000000000001382 0.025899999999999999412 -0.78710000000000002185 -0.61629999999999995897 -0.00050000000000000001041 -0.61650000000000004796 0.78739999999999998881 0 -1 -1 -1 1 
4 35 -28.399999999999998579 0 6.1230317691118862911e-17 -1 -6.1230317691118862911e-17 0 6.1230317691118862911e-17 -1 1 6.1230317691118862911e-17 3.749151804555343599e-33 0 -1 -1 -1 -1 
5 0 -30 0 0 1 0 100 1 1 1 ../utils/textures/checkerBoardSquare32.bmp 
6 0 0 0 150 ../utils/textures/checkerBoardRect16.bmp 
0 
