1 1 25 1 25 0.95669999999999999485 -0.29109999999999991438 0.0086999999999999994005 -0.017499999999999998196 -0.027600000000000003003 0.99950000000000005507 -0.29069999999999990292 -0.9563000000000000389 -0.031500000000000000222 -3.5662053604413713723e-14 1.0000052016348706108 0.00051110181348269778656 -1.0000438140401648468 1.5959300723166286126e-05 1.090952143124246978e-05 -5.7850084387454519931e-13 -0.00050640744665959164239 1.0000339637511914681 -29.189999999999997726 11.243999999999999773 11.765999999999998238 0 3 -26.319899999999996965 11.191499999999999559 10.893899999999998585 0.05293084084188429822 2 -24.469477540484291467 11.640786050686216413 10.248833323374739734 0.088218068069807170639 4 -20.958829785847843397 13.263718788081934719 9.11399859585993255 0.1587925225256529016 4 -17.733569655413184307 15.358358730510994761 7.9803353206733635972 0.22936697698149863256 4 -14.600114647437688831 17.534261315159724859 6.7481753313852568255 0.29994143143734436352 4 -11.364085424727374374 19.470753750330228371 5.3855314145187884733 0.37051588589319006672 4 -7.868051834626730745 20.830182398405653998 3.9661286159883277769 0.44109034034903582544 4 -4.0992729661144258202 21.181779688088344216 2.6809786256355168099 0.51166479480488158416 4 -0.36879790054121247556 20.152528744564925489 1.7811119048990919911 0.58223924926072723185 4 2.715466014678019846 17.691747228619135512 1.4442577425588567497 0.65281370371657299057 4 4.553331343836057421 14.1822883015433856 1.6530169416974338503 0.72338815817241874928 4 4.8864631653296859426 10.247549734154834056 2.1916655108295146626 0.793962612628264508 4 3.877828520037130744 6.4195704917032978543 2.7669785320311817145 0.86453706708411015569 4 1.9294385793266861651 2.9392633768218558998 3.1465921545852877372 0.93511152153995591441 4 -0.53465874940702262652 -0.22032313603870146146 3.217373936537792467 1.0056859759958016731 4 -3.1644838150737775173 -3.2324714338027700222 2.971495775509220838 1.0762604304516474318 4 -5.6800083554455875756 -6.3069588102692177856 2.4729369382540644651 1.1468348849074931906 4 -7.841382658607138012 -9.6101468575960939944 1.8301202091280917017 1.2174093393633389493 4 -9.4461774000542302332 -13.209234959221740624 1.1718544897943188321 1.2879837938191844859 4 -10.362667752536021126 -17.055808229914301677 0.61629272470743567958 1.3585582482750302447 4 -10.575768659620525369 -21.026339368509098904 0.23714382006201589759 1.4291327027308760034 4 -10.183112113026734136 -25.009808060173376987 0.040411645004443996765 1.4997071571867217621 2 -9.999999999999900524 -26.999909161375278188 1.730270333615490626e-12 1.5349943844146445304 3 -10 -30 0 1.587925225256529016 3 -1.5046952245432185791 2 1 0 0 0 1 0 0 0 1 1 0 0 0 1 0 0 0 1 25 -1 -1.2246467991473532072e-16 0 1.2246467991473532072e-16 -1 0 0 0 1 6.1232339957367660359e-17 -1 0 1 6.1232339957367660359e-17 0 0 0 1 6.1232339957367660359e-17 -1 0 1 6.1232339957367660359e-17 0 0 0 1 6.1232339957367660359e-17 -1 0 1 6.1232339957367660359e-17 0 0 0 1 6.1232339957367660359e-17 -1 0 1 6.1232339957367660359e-17 0 0 0 1 6.1232339957367660359e-17 -1 0 1 6.1232339957367660359e-17 0 0 0 1 6.1232339957367660359e-17 -1 0 1 6.1232339957367660359e-17 0 0 0 1 6.1232339957367660359e-17 -1 0 1 6.1232339957367660359e-17 0 0 0 1 6.1232339957367660359e-17 -1 0 1 6.1232339957367660359e-17 0 0 0 1 6.1232339957367660359e-17 -1 0 1 6.1232339957367660359e-17 0 0 0 1 6.1232339957367660359e-17 -1 0 1 6.1232339957367660359e-17 0 0 0 1 6.1232339957367660359e-17 -1 0 1 6.1232339957367660359e-17 0 0 0 1 6.1232339957367660359e-17 -1 0 1 6.1232339957367660359e-17 0 0 0 1 6.1232339957367660359e-17 -1 0 1 6.1232339957367660359e-17 0 0 0 1 6.1232339957367660359e-17 -1 0 1 6.1232339957367660359e-17 0 0 0 1 6.1232339957367660359e-17 -1 0 1 6.1232339957367660359e-17 0 0 0 1 6.1232339957367660359e-17 -1 0 1 6.1232339957367660359e-17 0 0 0 1 6.1232339957367660359e-17 -1 0 1 6.1232339957367660359e-17 0 0 0 1 6.1232339957367660359e-17 -1 0 1 6.1232339957367660359e-17 0 0 0 1 6.1232339957367660359e-17 -1 0 1 6.1232339957367660359e-17 0 0 0 1 6.1232339957367660359e-17 -1 0 1 6.1232339957367660359e-17 0 0 0 1 6.1232339957367660359e-17 -1 0 1 6.1232339957367660359e-17 0 0 0 1 6.1232339957367660359e-17 -1 0 1 6.1232339957367660359e-17 0 0 0 1 6.1232339957367660359e-17 -1 0 1 6.1232339957367660359e-17 0 0 0 1 1 0 0 0 1 0 0 0 1 2 0 24 
1 37 1 37 -0.99419999999999997264 0.028599999999999878991 -0.1034000000000000058 -0.017999999999999877209 -0.99460000000000003961 -0.10209999999999999631 -0.10579999999999999127 -0.099700000000000010836 0.98939999999999994618 4.365483908994119405e-13 0.18879038976332207511 0.98202131170961515227 -0.99997563970328773308 -1.6940411420650478073e-05 4.0440985357881056265e-05 -1.1915461133578291934e-12 -0.98201089527868001827 0.18884509978459290691 22.041000000000000369 -11.940000000000001279 -11.603999999999999204 0 3 19.058399999999998897 -11.994000000000001549 -11.921399999999998442 0.017628263107287510392 2 17.133570153203056208 -11.922577051058921072 -11.558728253392759555 0.029380438512145855279 4 13.645190430173860463 -11.602238602331498285 -9.6201692864352956747 0.052884789321862538114 4 11.114755348740663621 -11.275413032017908677 -6.5473831073943733472 0.07638914013157921401 4 9.5212016376600434597 -11.132900088685476092 -2.8772000191759143917 0.099893490941295903784 4 8.5127548349288488794 -11.299144276135248077 1.0015694358181823631 0.12339784175101257968 4 7.7014089260767715217 -11.923741313040000733 4.8757191043040677414 0.14690219256072925558 4 6.7133366209555829229 -13.153759827003460359 8.5571188241010904818 0.17040654337044594535 4 5.2320896476623905968 -15.074468314679755565 11.737180885018956289 0.19391089418016263513 4 3.106186671070482852 -17.611475341695875585 13.966500723565403064 0.2174152449898793249 4 0.43896616950053202189 -20.452436882346589186 14.788442970200895488 0.24091959579959598692 4 -2.418332818432495479 -23.102513861324357691 13.980330028149248633 0.26442394660931267669 4 -5.0238479293715361251 -25.082202045632808307 11.706669968111485858 0.28792829741902936647 4 -7.0623205345866510996 -26.130275654132834262 8.4365539026374847253 0.31143264822874605624 4 -8.4690909871241562001 -26.262178718069030481 4.6931303713579097803 0.33493699903846274601 4 -9.4045718641606317334 -25.677048232310724529 0.8423076514366369949 0.35844134984817943579 4 -10.155051366498950571 -24.632027020603000977 -2.9520043881470972025 0.38194570065789607005 4 -10.796076289828864248 -23.240333461040211915 -6.6492936659212098505 0.40545005146761275983 4 -11.151695857212237328 -21.47592779729313861 -10.222947932937936244 0.4289544022773294496 4 -11.042814861717610952 -19.335891256038440389 -13.602068440261149362 0.45245875308704613937 4 -10.29922241629511781 -16.859338599215195842 -16.65495558810441068 0.47596310389676282915 4 -8.7888586278389215778 -14.152389981970943111 -19.182405531536890209 0.49946745470647951892 4 -6.4669745146919126455 -11.410457496909092612 -20.934616605053651739 0.52297180551619615319 4 -3.432320826130183633 -8.9179640138173450481 -21.666167250823342272 0.54647615632591284296 4 0.043453870621012490039 -7.004883053613327526 -21.224781301363048414 0.56998050713562953273 4 3.5523863927274756946 -5.9607277050797078388 -19.636388919651626139 0.59348485794534622251 4 6.6594279146408723591 -5.9433387367848728999 -17.130500058814419617 0.61698920875506291228 4 9.0367278842941303196 -6.9368956423380225829 -14.077547730737913767 0.64049355956477960206 4 10.544877119750031724 -8.7901198969993785681 -10.873655600646417341 0.66399791037449629183 4 11.236307922046462338 -11.298537375802416349 -7.8358659031740440781 0.6875022611842129816 4 11.325448443507509566 -14.259562405841890609 -5.1407173009433870803 0.71100661199392967138 4 11.036217729594296699 -17.565081199428000502 -2.9048898017395710092 0.73451096280364636115 4 10.557982994639122154 -21.172680509605029897 -1.2439610205059954406 0.75801531361336305093 4 10.119196687452200578 -25.024159129858560391 -0.23455217572818859439 0.7815196644230797407 2 9.9999999999986997068 -27.000078691032044276 3.5717016538736427445e-12 0.79327183982793803008 3 10 -30 0 0.81090010293522551965 3 -0.23485413352638589979 2 1 0 0 0 1 0 0 0 1 1 0 0 0 1 0 0 0 1 37 -1 -1.2246467991473532072e-16 0 1.2246467991473532072e-16 -1 0 0 0 1 6.1232339957367660359e-17 -1 0 1 6.1232339957367660359e-17 0 0 0 1 6.1232339957367660359e-17 -1 0 1 6.1232339957367660359e-17 0 0 0 1 6.1232339957367660359e-17 -1 0 1 6.1232339957367660359e-17 0 0 0 1 6.1232339957367660359e-17 -1 0 1 6.1232339957367660359e-17 0 0 0 1 6.1232339957367660359e-17 -1 0 1 6.1232339957367660359e-17 0 0 0 1 6.1232339957367660359e-17 -1 0 1 6.1232339957367660359e-17 0 0 0 1 6.1232339957367660359e-17 -1 0 1 6.1232339957367660359e-17 0 0 0 1 6.1232339957367660359e-17 -1 0 1 6.1232339957367660359e-17 0 0 0 1 6.1232339957367660359e-17 -1 0 1 6.1232339957367660359e-17 0 0 0 1 6.1232339957367660359e-17 -1 0 1 6.1232339957367660359e-17 0 0 0 1 6.1232339957367660359e-17 -1 0 1 6.1232339957367660359e-17 0 0 0 1 6.1232339957367660359e-17 -1 0 1 6.1232339957367660359e-17 0 0 0 1 6.1232339957367660359e-17 -1 0 1 6.1232339957367660359e-17 0 0 0 1 6.1232339957367660359e-17 -1 0 1 6.1232339957367660359e-17 0 0 0 1 6.1232339957367660359e-17 -1 0 1 6.1232339957367660359e-17 0 0 0 1 6.1232339957367660359e-17 -1 0 1 6.1232339957367660359e-17 0 0 0 1 6.1232339957367660359e-17 -1 0 1 6.1232339957367660359e-17 0 0 0 1 6.1232339957367660359e-17 -1 0 1 6.1232339957367660359e-17 0 0 0 1 6.1232339957367660359e-17 -1 0 1 6.1232339957367660359e-17 0 0 0 1 6.1232339957367660359e-17 -1 0 1 6.1232339957367660359e-17 0 0 0 1 6.1232339957367660359e-17 -1 0 1 6.1232339957367660359e-17 0 0 0 1 6.1232339957367660359e-17 -1 0 1 6.1232339957367660359e-17 0 0 0 1 6.1232339957367660359e-17 -1 0 1 6.1232339957367660359e-17 0 0 0 1 6.1232339957367660359e-17 -1 0 1 6.1232339957367660359e-17 0 0 0 1 6.1232339957367660359e-17 -1 0 1 6.1232339957367660359e-17 0 0 0 1 6.1232339957367660359e-17 -1 0 1 6.1232339957367660359e-17 0 0 0 1 6.1232339957367660359e-17 -1 0 1 6.1232339957367660359e-17 0 0 0 1 6.1232339957367660359e-17 -1 0 1 6.1232339957367660359e-17 0 0 0 1 6.1232339957367660359e-17 -1 0 1 6.1232339957367660359e-17 0 0 0 1 6.1232339957367660359e-17 -1 0 1 6.1232339957367660359e-17 0 0 0 1 6.1232339957367660359e-17 -1 0 1 6.1232339957367660359e-17 0 0 0 1 6.1232339957367660359e-17 -1 0 1 6.1232339957367660359e-17 0 0 0 1 6.1232339957367660359e-17 -1 0 1 6.1232339957367660359e-17 0 0 0 1 6.1232339957367660359e-17 -1 0 1 6.1232339957367660359e-17 0 0 0 1 6.1232339957367660359e-17 -1 0 1 6.1232339957367660359e-17 0 0 0 1 1 0 0 0 1 0 0 0 1 2 0 36 
4 0 -30 0 0 1 0 1 1 1 ../utils/textures/checkerBoardSquare32.bmp 
5 0 0 0 150 ../utils/textures/checkerBoardRect16.bmp 
3 -29.189999999999997726 11.243999999999999773 11.765999999999998238 -0.95669999999999999485 0.2911000000000000254 0.0086999999999999994005 0.017500000000000001665 0.027599999999999999534 0.99950000000000005507 0.29070000000000001394 0.9563000000000000389 -0.031500000000000000222 0 0 0 
3 -10 -30 0 -3.5662053604413713723e-14 1.0000052016348706108 0.00051110181348269778656 -1.0000438140401648468 1.5959300723166286126e-05 1.090952143124246978e-05 -5.7850084387454519931e-13 -0.00050640744665959164239 1.0000339637511914681 24 0 0 
3 22.041000000000000369 -11.940000000000001279 -11.603999999999999204 0.99419999999999997264 -0.028600000000000000422 -0.1034000000000000058 0.01799999999999999864 0.99460000000000003961 -0.10209999999999999631 0.10580000000000000515 0.099699999999999996958 0.98939999999999994618 0 1 0 
3 10 -30 0 4.365483908994119405e-13 0.18879038976332207511 0.98202131170961515227 -0.99997563970328773308 -1.6940411420650478073e-05 4.0440985357881056265e-05 -1.1915461133578291934e-12 -0.98201089527868001827 0.18884509978459290691 36 1 0 
3 30 -28.399999999999998579 0 6.1232339957367660359e-17 -1 -6.1232339957367660359e-17 0 6.1232339957367660359e-17 -1 1 6.1232339957367660359e-17 3.7493994566546440196e-33 -1 -1 0 
3 35 -28.399999999999998579 0 6.1232339957367660359e-17 -1 -6.1232339957367660359e-17 0 6.1232339957367660359e-17 -1 1 6.1232339957367660359e-17 3.7493994566546440196e-33 -1 -1 0 
0 
1 1 25 1 25 0.93249999999999999556 -0.35829999999999989635 0.045299999999999999989 -0.054899999999999997413 -0.016700000000000006506 0.99839999999999995417 -0.35699999999999987299 -0.93349999999999999645 -0.035299999999999998046 -3.2367072688256996346e-14 1.0000398835814343634 0.00055568098567376073005 -1.0000096299536318512 -6.1579407025281793328e-05 -3.2189690598877942324e-05 -5.8409872007328690311e-13 -0.00050739965196360675703 1.0000502138305182864 -33.378000000000000114 13.392000000000001236 10.794000000000000483 0 3 -30.580500000000000682 13.22730000000000139 9.7230000000000007532 0.053740859812424247866 2 -28.679000619584655851 13.407922847275282052 9.1874577159638395329 0.089568099687373753381 4 -24.83918589280254352 14.288856727895684173 8.4264417974376399911 0.16122257943727275054 4 -21.06855893812355518 15.460054339044338789 7.7576952575912399013 0.23287705918717174769 4 -17.350975848911893706 16.698011905029563451 6.9530272923510203498 0.30453153893707074484 4 -13.671594923987358428 17.90930244580411923 5.9511950968755922275 0.37618601868696971424 4 -9.9810519895485843023 18.975289073274538509 4.8098866569331129028 0.44784049843686873915 4 -6.1903853618646076384 19.59340334818086049 3.6468975545957871276 0.51949497818676770855 4 -2.3329517196115752142 19.253762611536650695 2.6359225952630978007 0.59114945793666673346 4 1.1803300981877193898 17.509047979076100887 1.9932957568280753602 0.66280393768656575837 4 3.6322296309179358254 14.402348133932166618 1.8583687228769745214 0.73445841743646467226 4 4.4885180254166812119 10.53367682155722207 2.1605832850255701771 0.80611289718636369717 4 3.7751029004211624773 6.6298291281655838958 2.6409952229347801733 0.87776737693626272208 4 1.9556408382764010057 3.0782458937842651636 3.0180563820040071654 0.94942185668616174699 4 -0.44732467924131036341 -0.12678929758038168241 3.1253051267972806748 1.0210763364360606609 4 -3.0410858993869576139 -3.171122441343366738 2.9265648845956429014 1.0927308161859596858 4 -5.5388972045606239547 -6.2656522208651672656 2.4734253490185444946 1.1643852959358587107 4 -7.6957050154798807284 -9.579260466338558544 1.8654358697793265165 1.2360397756857577356 4 -9.2868734730803410571 -13.187223873967317544 1.2221452402255723602 1.3076942554356567605 4 -10.168040062042180693 -17.04222758029878193 0.65924358801718541123 1.3793487351855557854 4 -10.362362538740557127 -21.013410160604305332 0.25900944874165254816 1.4510032149354545883 4 -10.135994760444694052 -25.004766889133531294 0.049770098874784229892 1.5226576946853536132 2 -9.9999999999998934186 -26.99986855787950546 1.7355025316236356989e-12 1.5584849345603031257 3 -10 -30 0 1.6122257943727273943 3 -1.4255440396169625217 2 1 0 0 0 1 0 0 0 1 1 0 0 0 1 0 0 0 1 25 -1 -1.2246467991473532072e-16 0 1.2246467991473532072e-16 -1 0 0 0 1 6.1232339957367660359e-17 -1 0 1 6.1232339957367660359e-17 0 0 0 1 6.1232339957367660359e-17 -1 0 1 6.1232339957367660359e-17 0 0 0 1 6.1232339957367660359e-17 -1 0 1 6.1232339957367660359e-17 0 0 0 1 6.1232339957367660359e-17 -1 0 1 6.1232339957367660359e-17 0 0 0 1 6.1232339957367660359e-17 -1 0 1 6.1232339957367660359e-17 0 0 0 1 6.1232339957367660359e-17 -1 0 1 6.1232339957367660359e-17 0 0 0 1 6.1232339957367660359e-17 -1 0 1 6.1232339957367660359e-17 0 0 0 1 6.1232339957367660359e-17 -1 0 1 6.1232339957367660359e-17 0 0 0 1 6.1232339957367660359e-17 -1 0 1 6.1232339957367660359e-17 0 0 0 1 6.1232339957367660359e-17 -1 0 1 6.1232339957367660359e-17 0 0 0 1 6.1232339957367660359e-17 -1 0 1 6.1232339957367660359e-17 0 0 0 1 6.1232339957367660359e-17 -1 0 1 6.1232339957367660359e-17 0 0 0 1 6.1232339957367660359e-17 -1 0 1 6.1232339957367660359e-17 0 0 0 1 6.1232339957367660359e-17 -1 0 1 6.1232339957367660359e-17 0 0 0 1 6.1232339957367660359e-17 -1 0 1 6.1232339957367660359e-17 0 0 0 1 6.1232339957367660359e-17 -1 0 1 6.1232339957367660359e-17 0 0 0 1 6.1232339957367660359e-17 -1 0 1 6.1232339957367660359e-17 0 0 0 1 6.1232339957367660359e-17 -1 0 1 6.1232339957367660359e-17 0 0 0 1 6.1232339957367660359e-17 -1 0 1 6.1232339957367660359e-17 0 0 0 1 6.1232339957367660359e-17 -1 0 1 6.1232339957367660359e-17 0 0 0 1 6.1232339957367660359e-17 -1 0 1 6.1232339957367660359e-17 0 0 0 1 6.1232339957367660359e-17 -1 0 1 6.1232339957367660359e-17 0 0 0 1 6.1232339957367660359e-17 -1 0 1 6.1232339957367660359e-17 0 0 0 1 1 0 0 0 1 0 0 0 1 2 0 24 
1 37 1 37 -0.99299999999999999378 0.064399999999999874012 -0.099400000000000002243 -0.044599999999999882794 -0.98070000000000001616 -0.19050000000000000266 -0.10969999999999997808 -0.18470000000000000306 0.97660000000000002363 4.3723149205231700774e-13 0.18884324094491833357 0.98197598140720332438 -1.0000361243475159867 -5.1608134439205595077e-05 -6.7477562212257940761e-05 -1.1894566606793000991e-12 -0.98202452499213088721 0.1887891347142063303 22.670999999999999375 -8.6310000000000002274 -14.855999999999999872 0 3 19.692000000000000171 -8.7647999999999992582 -15.185100000000000264 0.012725624982083866971 2 17.770606681271306826 -8.8678682637050254556 -14.811966930589747449 0.021209374970139780597 4 14.277817514757598971 -9.1039716086749589152 -12.842765064579346301 0.038176874946251604381 4 11.728705321832945785 -9.402000878162834141 -9.7827648611426525349 0.055144374922363424696 4 10.095908514016347368 -9.8038296606021013702 -6.1466355367975928914 0.07211187489847524501 4 9.1104962322005604847 -10.383685662111291848 -2.3050624332947347028 0.089079374874587072264 4 8.3961519819691456945 -11.249242456024790116 1.5427424960992976999 0.10604687485069889952 4 7.5679853359298610016 -12.535026300773532526 5.2461993033279323839 0.12301437482681072677 4 6.2867859427200762923 -14.355316494532507576 8.5728952139621661388 0.13998187480292254015 4 4.3354722231345856898 -16.714105648221760703 11.139015971247737014 0.1569493747790343674 4 1.726125196025187547 -19.410680986539261994 12.479186105623734093 0.17391687475514619465 4 -1.2516165161573080677 -22.040076023382557224 12.262565838577156541 0.19088437473125802191 4 -4.1384540374254461526 -24.142527437314740268 10.504273064114237002 0.20785187470736984916 4 -6.5329338163433225972 -25.413040000680798158 7.5766625691730142833 0.22481937468348167641 4 -8.2771642827000331266 -25.811069903104431944 3.9992724955357723537 0.24178687465959347591 4 -9.4826719370303429457 -25.508152058738776446 0.18925654225099133865 0.25875437463570533092 4 -10.409071399900241772 -24.698870471964205819 -3.6247739880378100352 0.27572187461181713042 4 -11.126324058377313975 -23.443666284970806402 -7.356598357119279008 0.29268937458792898543 4 -11.481199415082917525 -21.730658783142946078 -10.955006520944085224 0.30965687456404078493 4 -11.316192781518392252 -19.574134198572558319 -14.321012384711684362 0.32662437454015258442 4 -10.485955729294973438 -17.034461931591518891 -17.298192644571127374 0.34359187451626443943 4 -8.8889821527536785339 -14.242227484916236691 -19.674088984407113401 0.36055937449237623893 4 -6.5141000890501166154 -11.416176093273813663 -21.206343729619270277 0.37752687446848809394 4 -3.4859033825854948141 -8.8553754552042729387 -21.682372295553747676 0.39449437444459989344 4 -0.078426515911511118784 -6.8902153533984629163 -20.999938524980084509 0.41146187442071174845 4 3.3296102362153581211 -5.8001562514462277065 -19.230413272991768281 0.42842937439682354794 4 6.3525506904772530703 -5.7354897224883911733 -16.62240515776672467 0.44539687437293534744 4 8.7041491437268732057 -6.6870455010391696149 -13.535620741399670308 0.46236437434904720245 4 10.2599708718265763 -8.5188380860064309985 -10.340286166086576358 0.47933187432515900195 4 11.054392358422740372 -11.038592163173067462 -7.336282477678614633 0.49629937430127085696 4 11.230048272084824035 -14.066031431587363798 -4.725651588076136278 0.51326687427738271197 4 10.984271952308287013 -17.465028920506433963 -2.6276886678344024695 0.53023437425349451146 4 10.537271555847528504 -21.139582176587879303 -1.1085484171939532505 0.54720187422960631096 4 10.11565522967825892 -25.019638531039944951 -0.20708619228132618684 0.56416937420571811046 2 9.999999999998690825 -27.000073080890135913 3.5746383400734877821e-12 0.57265312419377401021 3 10 -30 0 0.58537874917585785983 3 -0.32823493805806003287 2 1 0 0 0 1 0 0 0 1 1 0 0 0 1 0 0 0 1 37 -1 -1.2246467991473532072e-16 0 1.2246467991473532072e-16 -1 0 0 0 1 6.1232339957367660359e-17 -1 0 1 6.1232339957367660359e-17 0 0 0 1 6.1232339957367660359e-17 -1 0 1 6.1232339957367660359e-17 0 0 0 1 6.1232339957367660359e-17 -1 0 1 6.1232339957367660359e-17 0 0 0 1 6.1232339957367660359e-17 -1 0 1 6.1232339957367660359e-17 0 0 0 1 6.1232339957367660359e-17 -1 0 1 6.1232339957367660359e-17 0 0 0 1 6.1232339957367660359e-17 -1 0 1 6.1232339957367660359e-17 0 0 0 1 6.1232339957367660359e-17 -1 0 1 6.1232339957367660359e-17 0 0 0 1 6.1232339957367660359e-17 -1 0 1 6.1232339957367660359e-17 0 0 0 1 6.1232339957367660359e-17 -1 0 1 6.1232339957367660359e-17 0 0 0 1 6.1232339957367660359e-17 -1 0 1 6.1232339957367660359e-17 0 0 0 1 6.1232339957367660359e-17 -1 0 1 6.1232339957367660359e-17 0 0 0 1 6.1232339957367660359e-17 -1 0 1 6.1232339957367660359e-17 0 0 0 1 6.1232339957367660359e-17 -1 0 1 6.1232339957367660359e-17 0 0 0 1 6.1232339957367660359e-17 -1 0 1 6.1232339957367660359e-17 0 0 0 1 6.1232339957367660359e-17 -1 0 1 6.1232339957367660359e-17 0 0 0 1 6.1232339957367660359e-17 -1 0 1 6.1232339957367660359e-17 0 0 0 1 6.1232339957367660359e-17 -1 0 1 6.1232339957367660359e-17 0 0 0 1 6.1232339957367660359e-17 -1 0 1 6.1232339957367660359e-17 0 0 0 1 6.1232339957367660359e-17 -1 0 1 6.1232339957367660359e-17 0 0 0 1 6.1232339957367660359e-17 -1 0 1 6.1232339957367660359e-17 0 0 0 1 6.1232339957367660359e-17 -1 0 1 6.1232339957367660359e-17 0 0 0 1 6.1232339957367660359e-17 -1 0 1 6.1232339957367660359e-17 0 0 0 1 6.1232339957367660359e-17 -1 0 1 6.1232339957367660359e-17 0 0 0 1 6.1232339957367660359e-17 -1 0 1 6.1232339957367660359e-17 0 0 0 1 6.1232339957367660359e-17 -1 0 1 6.1232339957367660359e-17 0 0 0 1 6.1232339957367660359e-17 -1 0 1 6.1232339957367660359e-17 0 0 0 1 6.1232339957367660359e-17 -1 0 1 6.1232339957367660359e-17 0 0 0 1 6.1232339957367660359e-17 -1 0 1 6.1232339957367660359e-17 0 0 0 1 6.1232339957367660359e-17 -1 0 1 6.1232339957367660359e-17 0 0 0 1 6.1232339957367660359e-17 -1 0 1 6.1232339957367660359e-17 0 0 0 1 6.1232339957367660359e-17 -1 0 1 6.1232339957367660359e-17 0 0 0 1 6.1232339957367660359e-17 -1 0 1 6.1232339957367660359e-17 0 0 0 1 6.1232339957367660359e-17 -1 0 1 6.1232339957367660359e-17 0 0 0 1 6.1232339957367660359e-17 -1 0 1 6.1232339957367660359e-17 0 0 0 1 6.1232339957367660359e-17 -1 0 1 6.1232339957367660359e-17 0 0 0 1 1 0 0 0 1 0 0 0 1 2 0 36 
4 0 -30 0 0 1 0 1 1 1 ../utils/textures/checkerBoardSquare32.bmp 
5 0 0 0 150 ../utils/textures/checkerBoardRect16.bmp 
3 -33.378000000000000114 13.392000000000001236 10.794000000000000483 -0.93249999999999999556 0.35830000000000000737 0.045299999999999999989 0.054899999999999997413 0.016699999999999999567 0.99839999999999995417 0.35699999999999998401 0.93349999999999999645 -0.035299999999999998046 0 0 0 
3 -10 -30 0 -3.2367072688256996346e-14 1.0000398835814343634 0.00055568098567376073005 -1.0000096299536318512 -6.1579407025281793328e-05 -3.2189690598877942324e-05 -5.8409872007328690311e-13 -0.00050739965196360675703 1.0000502138305182864 24 0 0 
3 22.670999999999999375 -8.6310000000000002274 -14.855999999999999872 0.99299999999999999378 -0.064399999999999998912 -0.099400000000000002243 0.044600000000000000755 0.98070000000000001616 -0.19050000000000000266 0.10970000000000000584 0.18470000000000000306 0.97660000000000002363 0 1 0 
3 10 -30 0 4.3723149205231700774e-13 0.18884324094491833357 0.98197598140720332438 -1.0000361243475159867 -5.1608134439205595077e-05 -6.7477562212257940761e-05 -1.1894566606793000991e-12 -0.98202452499213088721 0.1887891347142063303 36 1 0 
3 30 -28.399999999999998579 0 6.1232339957367660359e-17 -1 -6.1232339957367660359e-17 0 6.1232339957367660359e-17 -1 1 6.1232339957367660359e-17 3.7493994566546440196e-33 -1 -1 0 
3 35 -28.399999999999998579 0 6.1232339957367660359e-17 -1 -6.1232339957367660359e-17 0 6.1232339957367660359e-17 -1 1 6.1232339957367660359e-17 3.7493994566546440196e-33 -1 -1 0 
0 
1 1 25 1 25 0.93269999999999997353 -0.35759999999999986242 0.046399999999999996803 -0.055599999999999996647 -0.015500000000000006828 0.99829999999999996518 -0.35629999999999989457 -0.93369999999999997442 -0.034299999999999997158 -4.0064612661631081491e-14 0.99995669821922128495 0.00050885494307538470249 -0.99998516989003383149 -5.5900829412123925722e-06 7.1101048585703008852e-06 -5.8502783315606540144e-13 -0.00054923152094422250658 0.99996603993140309452 -33.365999999999999659 13.349999999999999645 10.889999999999997016 0 3 -30.567900000000001626 13.183199999999999363 9.8210999999999977206 0.053742859278471152851 2 -28.672269736879055557 13.340339659811808914 9.2495830841802337829 0.089571432130785264003 4 -24.849012461395385998 14.172802207850050848 8.3687034785141101167 0.16122857783541347243 4 -21.102985829727959555 15.374161449700443072 7.6281558441324888165 0.23288572354004166698 4 -17.417562844466630168 16.714557813875106973 6.8298666183234244542 0.30454286924466988928 4 -13.758574163549427638 18.027279158432804707 5.878082216771836066 0.37620001494929811159 4 -10.059543756704911743 19.121818182986803691 4.7900217066514034769 0.44785716065392627838 4 -6.2475696422749189551 19.684017433069133318 3.6726693011974127501 0.5195143063585545562 4 -2.388967987167899043 19.260192135522956391 2.7032664526459866394 0.59117145206318266748 4 1.1103604914604610077 17.477639448519425969 2.0793579592578987913 0.66282859776781088978 4 3.5805333724161800824 14.386639885045664045 1.9193214701664174093 0.73448574347243911209 4 4.5048965451570142093 10.533816373785725773 2.1648678699488561605 0.80614288917706733439 4 3.8634867112568209713 6.6168283096234672414 2.5966789646995196428 0.8778000348816955567 4 2.0710619693053731183 3.0509387378996288831 2.9607803221438384611 0.949457180586323779 4 -0.34836796028338146147 -0.14373838073304909257 3.0868294657417814086 1.0211143262909518903 4 -2.9747651123192304645 -3.1642363258245995716 2.9192939632398982042 1.0927714719955801126 4 -5.4945873079208578105 -6.2449764736550568145 2.4913530289961274278 1.1644286177002083349 4 -7.6460107826570604672 -9.5624349620766064817 1.8939915414133152716 1.2360857634048365572 4 -9.2102426233243264164 -13.180585808160143912 1.2483053401589094822 1.3077429091094647795 4 -10.071248838476300591 -17.037909060195644884 0.67699861002372141439 1.3794000548140930018 4 -10.286027393326662605 -21.008859948600484557 0.2680503540684549546 1.4510572005187212241 4 -10.104940079577486856 -25.003113569408053962 0.050647238722113178955 1.5227143462233494464 2 -9.9999999999999023004 -26.999971110139103558 1.7522961602198608103e-12 1.5585429190756634465 3 -10 -30 0 1.6122857783541346688 3 -1.4255440396169625217 2 1 0 0 0 1 0 0 0 1 1 0 0 0 1 0 0 0 1 25 -1 -1.2246467991473532072e-16 0 1.2246467991473532072e-16 -1 0 0 0 1 6.1232339957367660359e-17 -1 0 1 6.1232339957367660359e-17 0 0 0 1 6.1232339957367660359e-17 -1 0 1 6.1232339957367660359e-17 0 0 0 1 6.1232339957367660359e-17 -1 0 1 6.1232339957367660359e-17 0 0 0 1 6.1232339957367660359e-17 -1 0 1 6.1232339957367660359e-17 0 0 0 1 6.1232339957367660359e-17 -1 0 1 6.1232339957367660359e-17 0 0 0 1 6.1232339957367660359e-17 -1 0 1 6.1232339957367660359e-17 0 0 0 1 6.1232339957367660359e-17 -1 0 1 6.1232339957367660359e-17 0 0 0 1 6.1232339957367660359e-17 -1 0 1 6.1232339957367660359e-17 0 0 0 1 6.1232339957367660359e-17 -1 0 1 6.1232339957367660359e-17 0 0 0 1 6.1232339957367660359e-17 -1 0 1 6.1232339957367660359e-17 0 0 0 1 6.1232339957367660359e-17 -1 0 1 6.1232339957367660359e-17 0 0 0 1 6.1232339957367660359e-17 -1 0 1 6.1232339957367660359e-17 0 0 0 1 6.1232339957367660359e-17 -1 0 1 6.1232339957367660359e-17 0 0 0 1 6.1232339957367660359e-17 -1 0 1 6.1232339957367660359e-17 0 0 0 1 6.1232339957367660359e-17 -1 0 1 6.1232339957367660359e-17 0 0 0 1 6.1232339957367660359e-17 -1 0 1 6.1232339957367660359e-17 0 0 0 1 6.1232339957367660359e-17 -1 0 1 6.1232339957367660359e-17 0 0 0 1 6.1232339957367660359e-17 -1 0 1 6.1232339957367660359e-17 0 0 0 1 6.1232339957367660359e-17 -1 0 1 6.1232339957367660359e-17 0 0 0 1 6.1232339957367660359e-17 -1 0 1 6.1232339957367660359e-17 0 0 0 1 6.1232339957367660359e-17 -1 0 1 6.1232339957367660359e-17 0 0 0 1 6.1232339957367660359e-17 -1 0 1 6.1232339957367660359e-17 0 0 0 1 6.1232339957367660359e-17 -1 0 1 6.1232339957367660359e-17 0 0 0 1 1 0 0 0 1 0 0 0 1 2 0 24 
1 37 1 37 -0.99280000000000001581 0.062999999999999875544 -0.10219999999999999918 -0.042999999999999878597 -0.98140000000000005009 -0.18709999999999998854 -0.11209999999999997744 -0.18140000000000000568 0.97699999999999997957 4.3677786368407311099e-13 0.1887519650783819336 0.98200670535476375367 -1.0000336244346990089 1.1259622652946570497e-05 1.2239588654626829174e-05 -1.1902569896791193722e-12 -0.98203544516085095051 0.18879375119021707397 22.670999999999999375 -8.6310000000000002274 -14.855999999999999872 0 3 19.692599999999998772 -8.7599999999999997868 -15.192299999999999471 0.012634646161519502011 2 17.772670829810159887 -8.8674056698997727466 -14.812910098209966847 0.021057743602532503352 4 14.279190821974253822 -9.1039883346075889392 -12.842443099888587454 0.037903938484558502564 4 11.729515973782564942 -9.4019118535765020539 -9.7833861181417844932 0.054750133366584505246 4 10.096184273914103002 -9.8037453472284230571 -6.1471937882043485857 0.071596328248610507927 4 9.1105090513891600068 -10.383610404950369244 -2.3052256578775134344 0.088442523130636510609 4 8.3960371822514634488 -11.249298467497045095 1.5429979530447719416 0.10528871801266251329 4 7.5676522553129119686 -12.53536127838059322 5.2467024176749008646 0.12213491289468851597 4 6.286082172904801979 -14.355986876871870805 8.5732081790183976011 0.13898110777671451865 4 4.3345376186202191349 -16.714824624191830793 11.13859097315125446 0.15582730265874053521 4 1.7255212107072119831 -19.410890703284852776 12.477963616899648613 0.17267349754076652402 4 -1.2514074718309440293 -22.039518075421117516 12.261288876731775588 0.18951969242279254058 4 -4.1376072508200758548 -24.14160016376583684 10.503789217684827761 0.20636588730481852938 4 -6.5320706923582063652 -25.412353026385449795 7.5770470756181689254 0.22321208218684454594 4 -8.2766796376527000945 -25.810850373585889628 3.999936277048473432 0.24005827706887053474 4 -9.4821188645976270948 -25.508172323236777856 0.18951219431139132432 0.2569044719508965513 4 -10.408660651095924976 -24.698860832020496758 -3.6248934223653708209 0.27375066683292254011 4 -11.126337406073416147 -23.443593878013064824 -7.3567441271456370799 0.29059686171494852891 4 -11.481167918206539369 -21.730519378948713438 -10.955198837063834461 0.30744305659697457322 4 -11.316061190907719336 -19.57391293939988941 -14.321208791072987054 0.32428925147900056203 4 -10.485671198246325986 -17.034175802931880384 -17.298310198352915279 0.34113544636102655083 4 -8.8885398409190372604 -14.241957999579399896 -19.674012628427828275 0.35798164124305253964 4 -6.5135994918851256585 -11.416063463169351166 -21.205992798687326228 0.37482783612507858395 4 -3.485545264776918728 -8.8555414929280367176 -21.681796085395614426 0.39167403100710457275 4 -0.07840166068117022935 -6.8906523349872053075 -20.999342984585663174 0.40852022588913056156 4 3.3292700279708729028 -5.8006947964479174118 -19.230046792670624001 0.42536642077115655036 4 6.3520062774274288486 -5.735907325310763305 -16.62238476147440025 0.44221261565318259468 4 8.7036302328273027484 -6.6872169096627498419 -13.535867936049404747 0.45905881053520858348 4 10.259632089303257985 -8.5187813469143449652 -10.340613398891816743 0.47590500541723457228 4 11.054231217733359927 -11.038437130118266438 -7.3365484376156890889 0.49275120029926056109 4 11.229986033247531196 -14.065891642121947314 -4.7258186966726576372 0.50959739518128654989 4 10.984255176652123254 -17.46495432885016541 -2.6277640778875608341 0.5264435900633125387 4 10.537274979300613964 -21.139594004776878222 -1.1085931018599932685 0.54328978494533863852 4 10.11563364026994627 -25.019919040704703406 -0.20705475586200394744 0.56013597982736462733 2 9.9999999999986890487 -26.999891626957452928 3.5683699820379002974e-12 0.56855907726837762173 3 10 -30 0 0.58119372342989705782 3 -0.32823493805806003287 2 1 0 0 0 1 0 0 0 1 1 0 0 0 1 0 0 0 1 37 -1 -1.2246467991473532072e-16 0 1.2246467991473532072e-16 -1 0 0 0 1 6.1232339957367660359e-17 -1 0 1 6.1232339957367660359e-17 0 0 0 1 6.1232339957367660359e-17 -1 0 1 6.1232339957367660359e-17 0 0 0 1 6.1232339957367660359e-17 -1 0 1 6.1232339957367660359e-17 0 0 0 1 6.1232339957367660359e-17 -1 0 1 6.1232339957367660359e-17 0 0 0 1 6.1232339957367660359e-17 -1 0 1 6.1232339957367660359e-17 0 0 0 1 6.1232339957367660359e-17 -1 0 1 6.1232339957367660359e-17 0 0 0 1 6.1232339957367660359e-17 -1 0 1 6.1232339957367660359e-17 0 0 0 1 6.1232339957367660359e-17 -1 0 1 6.1232339957367660359e-17 0 0 0 1 6.1232339957367660359e-17 -1 0 1 6.1232339957367660359e-17 0 0 0 1 6.1232339957367660359e-17 -1 0 1 6.1232339957367660359e-17 0 0 0 1 6.1232339957367660359e-17 -1 0 1 6.1232339957367660359e-17 0 0 0 1 6.1232339957367660359e-17 -1 0 1 6.1232339957367660359e-17 0 0 0 1 6.1232339957367660359e-17 -1 0 1 6.1232339957367660359e-17 0 0 0 1 6.1232339957367660359e-17 -1 0 1 6.1232339957367660359e-17 0 0 0 1 6.1232339957367660359e-17 -1 0 1 6.1232339957367660359e-17 0 0 0 1 6.1232339957367660359e-17 -1 0 1 6.1232339957367660359e-17 0 0 0 1 6.1232339957367660359e-17 -1 0 1 6.1232339957367660359e-17 0 0 0 1 6.1232339957367660359e-17 -1 0 1 6.1232339957367660359e-17 0 0 0 1 6.1232339957367660359e-17 -1 0 1 6.1232339957367660359e-17 0 0 0 1 6.1232339957367660359e-17 -1 0 1 6.1232339957367660359e-17 0 0 0 1 6.1232339957367660359e-17 -1 0 1 6.1232339957367660359e-17 0 0 0 1 6.1232339957367660359e-17 -1 0 1 6.1232339957367660359e-17 0 0 0 1 6.1232339957367660359e-17 -1 0 1 6.1232339957367660359e-17 0 0 0 1 6.1232339957367660359e-17 -1 0 1 6.1232339957367660359e-17 0 0 0 1 6.1232339957367660359e-17 -1 0 1 6.1232339957367660359e-17 0 0 0 1 6.1232339957367660359e-17 -1 0 1 6.1232339957367660359e-17 0 0 0 1 6.1232339957367660359e-17 -1 0 1 6.1232339957367660359e-17 0 0 0 1 6.1232339957367660359e-17 -1 0 1 6.1232339957367660359e-17 0 0 0 1 6.1232339957367660359e-17 -1 0 1 6.1232339957367660359e-17 0 0 0 1 6.1232339957367660359e-17 -1 0 1 6.1232339957367660359e-17 0 0 0 1 6.1232339957367660359e-17 -1 0 1 6.1232339957367660359e-17 0 0 0 1 6.1232339957367660359e-17 -1 0 1 6.1232339957367660359e-17 0 0 0 1 6.1232339957367660359e-17 -1 0 1 6.1232339957367660359e-17 0 0 0 1 6.1232339957367660359e-17 -1 0 1 6.1232339957367660359e-17 0 0 0 1 6.1232339957367660359e-17 -1 0 1 6.1232339957367660359e-17 0 0 0 1 1 0 0 0 1 0 0 0 1 2 0 36 
4 0 -30 0 0 1 0 1 1 1 ../utils/textures/checkerBoardSquare32.bmp 
5 0 0 0 150 ../utils/textures/checkerBoardRect16.bmp 
3 -33.365999999999999659 13.349999999999999645 10.889999999999997016 -0.93269999999999997353 0.35759999999999997344 0.046399999999999996803 0.055599999999999996647 0.015499999999999999889 0.99829999999999996518 0.3563000000000000056 0.93369999999999997442 -0.034299999999999997158 0 0 0 
3 -10 -30 0 -4.0064612661631081491e-14 0.99995669821922128495 0.00050885494307538470249 -0.99998516989003383149 -5.5900829412123925722e-06 7.1101048585703008852e-06 -5.8502783315606540144e-13 -0.00054923152094422250658 0.99996603993140309452 24 0 0 
3 22.670999999999999375 -8.6310000000000002274 -14.855999999999999872 0.99280000000000001581 -0.063000000000000000444 -0.10219999999999999918 0.042999999999999996558 0.98140000000000005009 -0.18709999999999998854 0.1121000000000000052 0.18140000000000000568 0.97699999999999997957 0 1 0 
3 10 -30 0 4.3677786368407311099e-13 0.1887519650783819336 0.98200670535476375367 -1.0000336244346990089 1.1259622652946570497e-05 1.2239588654626829174e-05 -1.1902569896791193722e-12 -0.98203544516085095051 0.18879375119021707397 36 1 0 
3 30 -28.399999999999998579 0 6.1232339957367660359e-17 -1 -6.1232339957367660359e-17 0 6.1232339957367660359e-17 -1 1 6.1232339957367660359e-17 3.7493994566546440196e-33 -1 -1 0 
3 35 -28.399999999999998579 0 6.1232339957367660359e-17 -1 -6.1232339957367660359e-17 0 6.1232339957367660359e-17 -1 1 6.1232339957367660359e-17 3.7493994566546440196e-33 -1 -1 0 
0 
