-1.049104271   1.077105376   0.5368251398   0.9940432724   -0.1089230413   0.00370725235   0.1089016071   0.991358436   -0.07313611449   0.00429099213   0.07310418831   0.9973150781   

-2.484709384   -0.2567452467   0.6275060602   0.9747960702   0.1677619168   0.1470665181   -0.1876078931   0.9731383622   0.1334354018   -0.1207306917   -0.1576631449   0.980084911   

-3.20047583   7.283084664   1.690626887   0.9932366979   -0.03047358951   0.1120367002   0.03489931867   0.9986774062   -0.03775547387   -0.1107379763   0.04141012669   0.9929865568   

-7.120601575   -0.8890177683   5.135354292   0.9916126869   0.000358585803   0.1292445377   0.0001005758378   0.9999937075   -0.003546113682   -0.129244996   0.003529370194   0.9916064111   

-10.41654182   5.167463004   7.560551837   0.9810677773   -0.03567814637   0.1903499045   0.04840465629   0.9968621685   -0.06263230989   -0.1875180138   0.07066036276   0.9797163404   

-1.688109753   -1.883143762   1.81186723   0.9951203599   -0.00411265789   0.09858273375   0.003435382054   0.9999693256   0.007038890936   -0.09860865833   -0.006665874327   0.9951039637   

0.7938824626   1.839391356   0.01512160685   0.9999704987   -0.00630036204   0.004393999333   0.006381960845   0.9998026972   -0.01881056454   -0.004274619018   0.01883805193   0.9998134103   

-0.6307706225   0.01718124151   3.310460148   0.9968031291   -0.003929451728   0.07980025797   0.003187369476   0.9999505085   0.009424498183   -0.07983334165   -0.009140016373   0.9967663205   

-0.6190474429   0.1109196935   2.040985016   0.9986231234   -0.007403279016   0.05193311873   0.008335444281   0.9998076079   -0.01775577401   -0.05179167626   0.01816421211   0.9984927059   

-2.89155352   2.664679375   8.294686358   0.9994089852   -0.005443838362   0.03394178709   0.005947550931   0.9998734175   -0.01475722451   -0.03385715471   0.01495037328   0.999314855   

-5.414204705   3.483287728   5.149073494   0.9995580028   -0.0006043914932   0.02972261214   1.113756527e-05   0.9998008631   0.01995579969   -0.02972875439   -0.01994664824   0.9993589607   

-6.110903806   3.760219509   7.191520361   0.9982728237   -0.009523434027   0.05797131775   0.01273780947   0.9983866905   -0.05533321253   -0.05735082988   0.05597606992   0.9967836084   

-0.4752198883   -0.3852153713   0.5461784786   0.9999986361   0.0016314157   0.0002572585848   -0.001638735086   0.9994985279   0.03162289194   -0.0002055394944   -0.03162327039   0.9994998382   

-3.569222047   4.634502722   2.127068545   0.9997964866   -0.004152824901   0.01974182132   0.005071026784   0.9988965396   -0.04669033939   -0.0195261402   0.04678094858   0.9987143098   

-3.566909706   5.980918465   6.510995304   0.9993579154   -0.006315898491   0.0352684897   0.008170604629   0.9985772678   -0.05269422553   -0.03488550071   0.05294855627   0.9979877014   

0.3244202165   2.10861992   1.75620443   0.999962541   0.001778626164   -0.008470724571   -0.002063515203   0.9994284097   -0.03374308605   0.008405866451   0.03375930153   0.9993946423   

-11.21495724   6.786540723   17.20270672   0.998556527   -0.009385652239   0.05288451553   0.01792015344   0.986413344   -0.1633021213   -0.05063329489   0.1640140977   0.9851576753   

-1.809200353   1.318012195   0.620811014   0.9999235084   -0.00221373622   0.01216867505   0.002830339726   0.998700252   -0.05089003575   -0.01204020172   0.05092058458   0.9986301255   

-6.639412037   4.545649019   3.542869868   0.9970091717   -0.03084453414   0.07086131711   0.03347080782   0.9987846729   -0.03617847574   -0.0696592892   0.03844205766   0.996829871   

-2.940612694   2.07179562   10.36113049   0.9991875112   0.009282995155   0.03921917197   -0.002354682608   0.9848961593   -0.1731300402   -0.04023397717   0.1728970253   0.9841178007   

-4.276413211   1.743193589   9.138683059   0.9990183091   -0.001036630775   0.04428705744   0.007345070566   0.9897645121   -0.1425210883   -0.04368601605   0.1427064682   0.9888004834   

-12.47079659   -0.4823079102   -12.8324651   0.9897539093   -0.1426773449   0.005511293338   0.1318609243   0.9281638784   0.3480294694   -0.05477130403   -0.3437368036   0.9374673936   

1.462974552   2.432329423   1.901997431   0.9820923879   0.09933801461   -0.1600827925   -0.1139510527   0.9898580279   -0.08483066801   0.1500323271   0.101553156   0.9834517056   

-2.884239201   7.326344178   -5.733034326   0.8829298105   0.2239297324   -0.4126626039   -0.2922911922   0.9499968427   -0.1098720062   0.3674245619   0.2176269141   0.9042332208   

0.7716378845   -0.4721647785   -1.215881991   0.9950169112   0.05154875674   -0.08534677547   -0.05495605784   0.997762922   -0.03806551277   0.08319361821   0.04256615126   0.9956238972   

2.525661758   1.18123009   -1.800072111   0.9966800472   0.02681400071   -0.07687582708   -0.03163623157   0.9975614439   -0.06221185113   0.07502021244   0.06443737219   0.995097881   

-1.220826272   -0.7826247421   -1.543630267   0.9935983753   0.07597537615   -0.08360628513   -0.0775878568   0.9968538149   -0.01620482119   0.08211207689   0.02258791649   0.9963670974   

2.736382552   -0.4965438755   -0.8748725317   0.9927155314   0.06769116578   -0.09966834922   -0.07172522448   0.9967207517   -0.03745978267   0.0968058156   0.04433564278   0.9943153347   

11.69461236   -10.52999087   -0.5324161285   0.9526668123   0.2626410099   -0.1531197067   -0.2585724899   0.9648831975   0.04626751113   0.1598943781   -0.004484978536   0.98712394   

10.33973645   -14.93973376   -6.398781996   0.8515159662   0.4910221536   -0.1838961769   -0.4727869006   0.8706798689   0.1356064619   0.2267004762   -0.02852736388   0.973546652   

23.17811679   -40.83379885   22.17573056   0.8791154674   -0.4503967749   0.1558805318   0.4607445357   0.8867955789   -0.03616730737   -0.1219445278   0.1036163426   0.9871135627   

-6.302338988   -2.503004223   -2.521389325   0.9688461942   0.1029260038   0.2252627125   -0.1277486409   0.9869021412   0.0985111594   -0.2121728934   -0.1242191672   0.9693050406   

-1.595216153   1.642359035   -2.177092049   0.9956239865   -0.01437591557   0.09233748224   0.01317051287   0.9998200849   0.01365047613   -0.09251710743   -0.01237460946   0.9956341968   

-0.3699443385   -6.441499705   -1.730828889   0.9961244777   0.05786223463   0.06624188013   -0.06148677659   0.9966432691   0.05405155363   -0.06289198029   -0.05791507532   0.9963385182   

1.820643926   -2.696051162   -3.48490015   0.9998583043   -0.01168154344   0.01212076369   0.01177017894   0.9999043199   -0.00726731467   -0.01203471052   0.00740894848   0.9999001316   

-3.330057519   -1.019141382   -3.697740423   0.9979861425   -0.03136879362   0.05513309469   0.03225947207   0.9993618045   -0.01533982276   -0.05461671726   0.01708749507   0.998361173   

-0.2636802462   -1.716934901   -0.6321566193   0.9985700545   0.04804380393   0.02344438526   -0.04912323565   0.9976447923   0.04787249874   -0.02108919192   -0.04895570773   0.9985782817   

-0.6701902203   -3.239560894   -0.5488743327   0.9960835292   0.07290967064   0.05001782399   -0.0765138242   0.9942895625   0.07439019184   -0.04430843594   -0.07792589982   0.9959740542   

1.544482931   -1.832469225   -0.5931202534   0.9989061613   0.01671613887   -0.04366980158   -0.01594962031   0.9997135869   0.01784247053   0.04395555119   -0.01712643699   0.9988866776   

3.527503009   2.306155392   -5.509849973   0.9955213044   -0.08793877915   0.03470019639   0.09059201654   0.9923193864   -0.08423373385   -0.02702626587   0.08700003736   0.9958416413   

6.041168389   7.566807309   -7.907927561   0.983537492   -0.1517495127   0.09811262513   0.1646717607   0.9762442395   -0.1408204389   -0.07441245212   0.1546585601   0.9851616704   

5.148454498   8.744062506   -9.386202875   0.9936606097   -0.09851850301   0.05415438333   0.1033260834   0.9901363589   -0.09462405267   -0.04429800391   0.0996197542   0.9940390291   

0.5412685817   4.227996817   -0.3364898429   0.9999261811   -0.009980534959   0.006929738235   0.01003574545   0.9999178091   -0.007978652752   -0.006849537451   0.008047608866   0.9999441584   

3.270423268   37.75378834   -11.19830348   0.9722546579   -0.1857810905   0.1421487479   0.2069835961   0.9663481943   -0.1527382018   -0.1089893162   0.1779228872   0.9779901713   

2.758574963   3.137843196   0.3937715629   0.9996275337   -0.02685145554   -0.004877818357   0.02645909   0.9973450283   -0.06784401974   0.006686578568   0.0676896875   0.997684016   

3.09993565   1.758830519   -3.011830106   0.9998878691   0.01495362044   -0.000799088454   -0.01492486447   0.999484342   0.02843059098   0.001223816664   -0.02841547674   0.9995954496   

4.271521852   1.961765453   -3.371334248   0.999712882   0.001709833842   -0.0239004176   -0.002794844054   0.998963264   -0.04543771691   0.02379794823   0.04549146887   0.9986812224   

3.774002881   0.7628567664   -3.073543792   0.9982583647   0.0494354585   -0.03219274356   -0.04872603658   0.9985596031   0.0224609073   0.03325673848   -0.02085316379   0.9992292704   

8.277964226   -1.460219646   -7.385544847   0.9790575706   0.1684221017   -0.1143690041   -0.1615354937   0.9845837215   0.06709083166   0.1239054385   -0.04721113311   0.9911702937   

-2.345663295   1.21882811   1.447200322   0.9923456235   -0.1068433945   0.06192457169   0.1101958161   0.9924683637   -0.05351101923   -0.0557408794   0.05992525445   0.9966453322   

4.241463872   -1.866571224   -2.927104176   0.9827184748   0.1647402576   -0.0844099924   -0.1574585172   0.9837111775   0.0867129443   0.0973201658   -0.07192334013   0.9926509046   

0.7786040819   -2.555015753   0.9334266718   0.99993325   -0.01053839083   0.004736870665   0.01056770474   0.9999248979   -0.006206621689   -0.004671107111   0.006256265247   0.9999695195   

-1.749146848   -12.564377   4.209152429   0.9975583582   0.06357544639   0.02890475161   -0.06581276921   0.9942480785   0.08449519367   -0.02336667409   -0.08619118842   0.996004557   

