-1.852229993 76.9 59.47969818 33.43090057 60.9314003 125.8395135 42.10000162 57.14239127 0.504589948 0.1530371125 0.8496873699 0.8839077566 0.1208749375 -0.4517702151 0.504589948 -0.1530371125 -0.8496873699 0 0.1530371125 0.9844340594 -0.08642467792 0 0.8496873699 -0.08642467792 0.5201558886 0 0 0 0 1 1 0 0 59.47969818 0 1 0 33.43090057 0 0 1 60.9314003 0 0 0 1 0.504589948 0.1530371125 0.8496873699 -0 -0.1530371125 0.9844340594 -0.08642467792 -0 -0.8496873699 -0.08642467792 0.5201558886 -0 0 0 0 1 32 2.03623395 0.926760446 0.03125 2.169986286 0.9216442646 0.03125 2.302274643 0.9132408454 0.03125 2.430530757 0.9021564329 0.03125 2.557191598 0.8889712429 0.03125 2.680608347 0.8746199022 0.03125 2.796313976 0.8599260105 0.03125 2.902415691 0.8461497814 0.03125 2.985162531 0.834242443 0.03125 3.042882482 0.8255226673 0.03125 3.059896616 0.8207620872 0.03125 3.035535086 0.8208450337 0.03125 2.963975031 0.8259773418 0.03125 2.846067066 0.8361850039 0.03125 2.691960477 0.8509244336 0.03125 2.48929268 0.8619285256 0.03125 1.334430192 0.4002359704 0.03125 1.115295348 0.4050390378 0.03125 0.9216524033 0.4172104653 0.03125 0.7401088106 0.4289724424 0.03125 0.5849303858 0.4400144852 0.03125 0.4571783999 0.4500364467 0.03125 0.3658682354 0.4588889528 0.03125 0.3116694331 0.4664673901 0.03125 0.2957680609 0.4727716251 0.03125 0.3184382492 0.477870114 0.03125 0.3720134856 0.4818731046 0.03125 0.4564735018 0.484964621 0.03125 0.5559551753 0.4873096641 0.03125 0.6703110872 0.4891426818 0.03125 0.7755455694 0.4906253489 0.03125 0.8716831092 0.4919312216 0.03125 1 3 1 1 1 1 500 0.0004
-1.82624356 76.9 59.47969818 33.43090057 60.9314003 127.5874344 41.23302888 55.55853215 0.5953305865 0.1138159427 0.7953787928 0.895844972 0.129698239 -0.4250178266 0.5953305865 -0.1138159427 -0.7953787928 0 0.1138159427 0.9918800097 -0.05674484515 0 0.7953787928 -0.05674484515 0.6034505767 0 0 0 0 1 1 0 0 59.47969818 0 1 0 33.43090057 0 0 1 60.9314003 0 0 0 1 0.5953305865 0.1138159427 0.7953787928 -0 -0.1138159427 0.9918800097 -0.05674484515 -0 -0.7953787928 -0.05674484515 0.6034505767 -0 0 0 0 1 32 2.026978285 0.9283474104 0.03125 2.153499304 0.9257290146 0.03125 2.271387027 0.9220643983 0.03125 2.37893247 0.9178148791 0.03125 2.477247725 0.9133979788 0.03125 2.565478768 0.9092027271 0.03125 2.641465651 0.9056073939 0.03125 2.704455832 0.9029787882 0.03125 2.746245787 0.9016359244 0.03125 2.766344333 0.9019043111 0.03125 2.754787437 0.9039599692 0.03125 2.71168164 0.9079609253 0.03125 2.635005644 0.9138200452 0.03125 2.525680175 0.9214147993 0.03125 2.392873977 0.9303532515 0.03125 2.223791046 0.9330014429 0.03125 1.104369474 0.4625234909 0.03125 0.9226590355 0.4605219338 0.03125 0.7637976277 0.4654679372 0.03125 0.614109001 0.4700844934 0.03125 0.4881032531 0.4742532482 0.03125 0.3864267253 0.4779145026 0.03125 0.3175368968 0.4810147993 0.03125 0.2818446339 0.483555234 0.03125 0.2804414357 0.4855525905 0.03125 0.3134732634 0.4870808567 0.03125 0.3741303647 0.4882134025 0.03125 0.4623561007 0.4890818734 0.03125 0.5631009718 0.4897941678 0.03125 0.6762451865 0.4904869824 0.03125 0.7795269243 0.4912641972 0.03125 0.8729940911 0.4921760925 0.03125 1 3 1 1 1 1 500 0.0004
-1.841638551 76.9 59.47969818 33.43090057 60.9314003 129.7294703 41.84324388 53.99304758 0.6945215448 0.1524654244 0.7031316507 0.9100663041 0.1169197985 -0.3976293285 0.6945215448 -0.1524654244 -0.7031316507 0 0.1524654244 0.9862818471 -0.0632646223 0 0.7031316507 -0.0632646223 0.7082396977 0 0 0 0 1 1 0 0 59.47969818 0 1 0 33.43090057 0 0 1 60.9314003 0 0 0 1 0.6945215448 0.1524654244 0.7031316507 -0 -0.1524654244 0.9862818471 -0.0632646223 -0 -0.7031316507 -0.0632646223 0.7082396977 -0 0 0 0 1 32 2.012292957 0.9275423382 0.03125 2.112059994 0.9241377905 0.03125 2.198485902 0.9191273754 0.03125 2.270737227 0.9131582582 0.03125 2.329523088 0.9067032292 0.03125 2.374179579 0.9004387957 0.03125 2.405237589 0.8947874629 0.03125 2.422184957 0.8903910619 0.03125 2.420913206 0.8875838096 0.03125 2.401159419 0.8868769221 0.03125 2.357513356 0.8884173586 0.03125 2.290206628 0.8924295232 0.03125 2.199619254 0.89878295 0.03125 2.086628582 0.9072903149 0.03125 1.960112302 0.9175218922 0.03125 1.806913134 0.9216351967 0.03125 0.7133997837 0.4525072393 0.03125 0.5654262871 0.451053398 0.03125 0.4444849264 0.4568094543 0.03125 0.3365261265 0.462318451 0.03125 0.2517604126 0.4674628066 0.03125 0.1906233214 0.4721163158 0.03125 0.1596228922 0.4762179303 0.03125 0.1590025213 0.479721147 0.03125 0.1885498847 0.4826244655 0.03125 0.2482946173 0.4849642976 0.03125 0.3307133394 0.4867982193 0.03125 0.435666001 0.4882288137 0.03125 0.5487614268 0.489357772 0.03125 0.6698012758 0.4903167185 0.03125 0.7778219461 0.4912187852 0.03125 0.8726962861 0.4921381673 0.03125 1 3 1 1 1 1 500 0.0004
-1.986813292 76.9 59.47969818 33.43090057 60.9314003 129.6109965 40.70473293 55.46730832 0.7099365715 0.2179091916 0.6697056433 0.9382442576 0.07789370406 -0.3370909134 0.7099365715 -0.2179091916 -0.6697056433 0 0.2179091916 0.9722303058 -0.08534527991 0 0.6697056433 -0.08534527991 0.7377062658 0 0 0 0 1 1 0 0 59.47969818 0 1 0 33.43090057 0 0 1 60.9314003 0 0 0 1 0.7099365715 0.2179091916 0.6697056433 -0 -0.2179091916 0.9722303058 -0.08534527991 -0 -0.6697056433 -0.08534527991 0.7377062658 -0 0 0 0 1 32 1.986535898 0.9371442669 0.03125 1.987509332 0.9361175488 0.03125 1.987855168 0.9356927687 0.03125 1.987586746 0.9358589728 0.03125 1.98674747 0.9366053624 0.03125 1.985369362 0.9379022468 0.03125 1.983516858 0.9397260719 0.03125 1.98123711 0.9420316433 0.03125 1.978593725 0.944784702 0.03125 1.975645527 0.9479269657 0.03125 1.972457693 0.951416185 0.03125 1.969096868 0.9551846175 0.03125 1.965643766 0.9591852382 0.03125 1.962166836 0.9633465571 0.03125 1.958757808 0.9676204626 0.03125 1.955423371 0.9719102225 0.03125 0.9530642775 0.4752280294 0.03125 0.9512682178 0.4773145576 0.03125 0.9497963335 0.4793896834 0.03125 0.948608076 0.4814085741 0.03125 0.9477068014 0.4833631433 0.03125 0.9471032109 0.485242216 0.03125 0.9467730208 0.4870407277 0.03125 0.9467214571 0.4887527916 0.03125 0.9468945819 0.490376328 0.03125 0.9472924767 0.4919108686 0.03125 0.9478274895 0.4933570285 0.03125 0.948495088 0.4947194642 0.03125 0.9491721031 0.4960012884 0.03125 0.9498505722 0.4972112636 0.03125 0.9503756386 0.4983547964 0.03125 0.9507376291 0.4994440008 0.03125 1 3 1 1 1 1 500 0.0004
-1.854637052 76.9 59.47969818 33.43090057 60.9314003 126.4391144 43.04187344 57.40037622 0.521270643 0.1730864115 0.8356542412 0.8871535931 0.1270278286 -0.4436467435 0.521270643 -0.1730864115 -0.8356542412 0 0.1730864115 0.9803066562 -0.0950786729 0 0.8356542412 -0.0950786729 0.5409639868 0 0 0 0 1 1 0 0 59.47969818 0 1 0 33.43090057 0 0 1 60.9314003 0 0 0 1 0.521270643 0.1730864115 0.8356542412 -0 -0.1730864115 0.9803066562 -0.0950786729 -0 -0.8356542412 -0.0950786729 0.5409639868 -0 0 0 0 1 32 2.035269608 0.926701673 0.03125 2.16757734 0.9212053983 0.03125 2.296691824 0.9121680225 0.03125 2.420182088 0.9003115625 0.03125 2.539243296 0.8862793073 0.03125 2.652219877 0.8711442591 0.03125 2.755106689 0.8557768015 0.03125 2.846127711 0.8415201997 0.03125 2.913708782 0.8293242497 0.03125 2.956361094 0.8205384731 0.03125 2.960610666 0.8158879975 0.03125 2.92592144 0.8162491018 0.03125 2.847414057 0.8217767109 0.03125 2.72599131 0.8324498462 0.03125 2.572057459 0.8476963241 0.03125 2.373295327 0.8592649227 0.03125 1.224255861 0.3977335941 0.03125 1.013393262 0.4027669345 0.03125 0.8287570816 0.4151503514 0.03125 0.6569729352 0.427139485 0.03125 0.5123381389 0.4384268124 0.03125 0.3958431871 0.4486982508 0.03125 0.3154944016 0.4577977636 0.03125 0.271915343 0.4656116431 0.03125 0.2654504082 0.4721316562 0.03125 0.2963437571 0.4774175956 0.03125 0.3572609498 0.4815745072 0.03125 0.4481531723 0.4847925937 0.03125 0.5526205031 0.4872323473 0.03125 0.6704911811 0.4891315569 0.03125 0.7776697752 0.4906577175 0.03125 0.874149054 0.4919839534 0.03125 1 3 1 1 1 1 500 0.0004
-1.987663905 76.9 59.47969818 33.33089828 60.83139801 118.4117898 42.24854295 63.28817529 0.1593310929 0.2360001723 0.9586018577 0.8509364775 0.07811531014 -0.519427675 0.1593310929 -0.2360001723 -0.9586018577 0 0.2360001723 0.9519584339 -0.195138563 0 0.9586018577 -0.195138563 0.207372659 0 0 0 0 1 1 0 0 59.47969818 0 1 0 33.33089828 0 0 1 60.83139801 0 0 0 1 0.1593310929 0.2360001723 0.9586018577 -0 -0.2360001723 0.9519584339 -0.195138563 -0 -0.9586018577 -0.195138563 0.207372659 -0 0 0 0 1 32 2.168603433 0.9335768976 0.03125 2.360015911 0.9251313385 0.03125 2.542325772 0.9149635171 0.03125 2.714229753 0.9037839185 0.03125 2.873328396 0.8922732335 0.03125 3.018485815 0.8811214281 0.03125 3.146846551 0.8709493302 0.03125 3.257537047 0.8623756248 0.03125 3.347640056 0.8558996993 0.03125 3.416652447 0.8519948342 0.03125 3.462352964 0.8509873153 0.03125 3.484702651 0.8531200125 0.03125 3.483112683 0.8584932572 0.03125 3.45804964 0.8670714961 0.03125 3.411240042 0.8787060492 0.03125 3.342743868 0.8926396993 0.03125 2.26365387 0.4062505893 0.03125 2.172026348 0.4144734542 0.03125 2.074587072 0.4232531342 0.03125 1.971046327 0.4319940534 0.03125 1.864956109 0.4405650627 0.03125 1.756922026 0.4488274404 0.03125 1.650382886 0.4566655588 0.03125 1.545917892 0.4639779495 0.03125 1.446570765 0.4706763384 0.03125 1.352858198 0.4767109652 0.03125 1.267239337 0.4820280723 0.03125 1.190139015 0.4866392409 0.03125 1.123401832 0.4905313336 0.03125 1.067344362 0.4937835049 0.03125 1.02323204 0.4964260204 0.03125 0.9912635177 0.4986088084 0.03125 1 3 1 1 1 1 500 0.0004
-1.391211401 76.9 59.47969818 33.33089828 60.83139801 106.8207132 42.34424047 69.50510308 0.07897798571 0.08048802516 0.9936217367 0.8128909152 0.0638927039 -0.5789007535 0.07897798571 -0.08048802516 -0.9936217367 0 0.08048802516 0.9939958718 -0.07412074426 0 0.9936217367 -0.07412074426 0.08498211395 0 0 0 0 1 1 0 0 59.47969818 0 1 0 33.33089828 0 0 1 60.83139801 0 0 0 1 0.07897798571 0.08048802516 0.9936217367 -0 -0.08048802516 0.9939958718 -0.07412074426 -0 -0.9936217367 -0.07412074426 0.08498211395 -0 0 0 0 1 32 1.225932402 0.8735095302 0.03125 0.612376811 0.8086761243 0.03125 0.19404218 0.7187227447 0.03125 -0.02200036356 0.5989864543 0.03125 0.05640947587 0.4448020568 0.03125 0.4328841106 0.2560381204 0.03125 1.085539419 0.03584416311 0.03125 1.996076022 -0.2047177383 0.03125 3.03899622 -0.4526936291 0.03125 4.174199127 -0.6875138405 0.03125 5.220267537 -0.8912395024 0.03125 6.130811359 -1.042643326 0.03125 6.757684764 -1.127735977 0.03125 7.072985688 -1.135389901 0.03125 7.049103497 -1.062544343 0.03125 6.637582297 -0.9418056423 0.03125 5.213384462 -1.177207693 0.03125 4.386468801 -1.022123281 0.03125 3.532291842 -0.823060662 0.03125 2.618478936 -0.6195725568 0.03125 1.751491525 -0.4206190977 0.03125 0.947762057 -0.2365071239 0.03125 0.2828669842 -0.07216274872 0.03125 -0.23294345 0.0679070218 0.03125 -0.5741542519 0.1832396362 0.03125 -0.7355947183 0.274311959 0.03125 -0.7412904015 0.3434035089 0.03125 -0.5897686187 0.3935645482 0.03125 -0.3443742772 0.4278766795 0.03125 -0.006174808448 0.4500483791 0.03125 0.3270217952 0.4628241899 0.03125 0.6531865633 0.4694723724 0.03125 1 3 1 1 1 1 500 0.0004
-1.438685705 76.9 59.57970047 32.73089981 60.83139801 100.9180328 41.99206459 72.11874485 0.1526720241 0.182966398 0.9711923343 0.7993442935 0.01383360833 -0.6007140183 0.1526720241 -0.182966398 -0.9711923343 0 0.182966398 0.9709573043 -0.1541596911 0 0.9711923343 -0.1541596911 0.1817147197 0 0 0 0 1 1 0 0 59.57970047 0 1 0 32.73089981 0 0 1 60.83139801 0 0 0 1 0.1526720241 0.182966398 0.9711923343 -0 -0.182966398 0.9709573043 -0.1541596911 -0 -0.9711923343 -0.1541596911 0.1817147197 -0 0 0 0 1 32 -2.74682345 0.8872096131 0.03125 -2.417011553 0.8226303961 0.03125 -1.950167015 0.7384989133 0.03125 -1.369661305 0.6299221073 0.03125 -0.6244358472 0.491234538 0.03125 0.2760790474 0.3189022125 0.03125 1.305355768 0.1121089187 0.03125 2.444214282 -0.1237593281 0.03125 3.599814723 -0.3800580869 0.03125 4.742227969 -0.638972005 0.03125 5.746465904 -0.8820424944 0.03125 6.580753009 -1.083490665 0.03125 7.144674798 -1.222675566 0.03125 7.420868266 -1.279669942 0.03125 7.389546339 -1.244615947 0.03125 7.02046733 -1.137530735 0.03125 5.590328744 -1.399966679 0.03125 4.842440706 -1.224909354 0.03125 4.053303606 -1.004239118 0.03125 3.207103209 -0.7736859881 0.03125 2.391809134 -0.5450192666 0.03125 1.625716802 -0.3317868565 0.03125 0.9733054114 -0.1407784123 0.03125 0.4454660062 0.02181100322 0.03125 0.06811127181 0.1551030603 0.03125 -0.1539441672 0.2594830494 0.03125 -0.2357956151 0.3378932009 0.03125 -0.1761956215 0.3941936157 0.03125 -0.02811369972 0.4323369885 0.03125 0.2080073427 0.4567984133 0.03125 0.4488116245 0.4708003153 0.03125 0.6948821547 0.4779968601 0.03125 1 3 1 1 1 1 500 0.0004
-1.28161283 76.9 58.87969971 33.53089905 60.9314003 80.71575667 41.74841621 95.08629713 0.1642946644 -0.2360326526 0.9577556318 0.6422124301 0.2624517002 -0.7201960147 0.1642946644 0.2360326526 -0.9577556318 0 -0.2360326526 0.9521500744 0.1941618468 0 0.9577556318 0.1941618468 0.21214459 0 0 0 0 1 1 0 0 58.87969971 0 1 0 33.53089905 0 0 1 60.9314003 0 0 0 1 0.1642946644 -0.2360326526 0.9577556318 -0 0.2360326526 0.9521500744 0.1941618468 -0 -0.9577556318 0.1941618468 0.21214459 -0 0 0 0 1 32 -2.911198091 0.825349622 0.03125 -3.909887409 0.9549102038 0.03125 -4.498079305 1.190014002 0.03125 -4.555961009 1.49417339 0.03125 -4.05333369 1.812582617 0.03125 -3.050591285 2.056924193 0.03125 -1.705077465 2.168570609 0.03125 -0.1246135177 2.111492289 0.03125 1.494361012 1.894807744 0.03125 3.053858521 1.558077478 0.03125 4.405439415 1.153695872 0.03125 5.479213467 0.7366816818 0.03125 6.22789907 0.3542587925 0.03125 6.624933813 0.03718967221 0.03125 6.719239164 -0.1938261183 0.03125 6.416882989 -0.3976721808 0.03125 5.563437718 -0.7046783357 0.03125 5.013421709 -0.7557452032 0.03125 4.582678444 -0.6955520164 0.03125 4.194023732 -0.6011774264 0.03125 3.860324314 -0.4838681545 0.03125 3.613358955 -0.3558754292 0.03125 3.431532799 -0.2237165824 0.03125 3.332448111 -0.09567396193 0.03125 3.269439195 0.02231425555 0.03125 3.244223088 0.1253390431 0.03125 3.204556744 0.2099245583 0.03125 3.140458597 0.2758382085 0.03125 3.0208883 0.3238461319 0.03125 2.835775669 0.3580133749 0.03125 2.636788465 0.3816827653 0.03125 2.421603543 0.396374082 0.03125 1 3 1 1 1 1 500 0.0004
-1.159522516 76.9 58.97969818 32.93090057 60.9314003 82.75739622 43.25355019 92.65107799 0.1202510691 -0.2017767007 0.9720215242 0.6088914036 0.4631936127 -0.6439743285 0.1202510691 0.2017767007 -0.9720215242 0 -0.2017767007 0.963656507 0.1750779817 0 0.9720215242 0.1750779817 0.1565945622 0 0 0 0 1 1 0 0 58.97969818 0 1 0 32.93090057 0 0 1 60.9314003 0 0 0 1 0.1202510691 -0.2017767007 0.9720215242 -0 0.2017767007 0.963656507 0.1750779817 -0 -0.9720215242 0.1750779817 0.1565945622 -0 0 0 0 1 32 -1.913865881 0.7817320282 0.03125 -2.956465798 0.814743053 0.03125 -3.694284432 0.8754321782 0.03125 -3.946940744 0.9545758985 0.03125 -3.644933152 1.03494839 0.03125 -2.809548901 1.084428285 0.03125 -1.595506902 1.081234192 0.03125 -0.08769457506 1.014734082 0.03125 1.504212816 0.8954007764 0.03125 3.080533384 0.748351524 0.03125 4.476321828 0.6032066778 0.03125 5.604753717 0.4835942276 0.03125 6.398015072 0.4049119372 0.03125 6.816471174 0.3649149364 0.03125 6.90826784 0.3524755037 0.03125 6.579666454 0.2893093876 0.03125 5.745328872 0.05910123248 0.03125 5.161644629 -0.009980964736 0.03125 4.697195626 -0.01723809485 0.03125 4.277718747 -0.01802041163 0.03125 3.910118502 -0.01100689188 0.03125 3.626177054 0.00818340013 0.03125 3.39427757 0.04021261502 0.03125 3.227855902 0.0831830378 0.03125 3.073321688 0.132867439 0.03125 2.929406006 0.1844815122 0.03125 2.750406395 0.2339128471 0.03125 2.529550521 0.2779268688 0.03125 2.269232025 0.315231493 0.03125 1.966846865 0.3454350127 0.03125 1.700080816 0.3693413085 0.03125 1.473626692 0.3855586587 0.03125 1 3 1 1 1 1 500 0.0004
-0.9684161786 76.9 58.97969818 32.93090057 60.9314003 82.56940776 46.45645175 89.05727058 0.07814295108 -0.2272375171 0.9706991244 0.4375745268 0.5515799575 -0.7101324412 0.07814295108 0.2272375171 -0.9706991244 0 -0.2272375171 0.9521057119 0.2045918481 0 0.9706991244 0.2045918481 0.1260372392 0 0 0 0 1 1 0 0 58.97969818 0 1 0 32.93090057 0 0 1 60.9314003 0 0 0 1 0.07814295108 -0.2272375171 0.9706991244 -0 0.2272375171 0.9521057119 0.2045918481 -0 -0.9706991244 0.2045918481 0.1260372392 -0 0 0 0 1 32 -0.8190873618 0.7680443158 0.03125 -2.084929629 0.7838776415 0.03125 -3.067044607 0.8239454937 0.03125 -3.537822811 0.8859619108 0.03125 -3.404604837 0.954262615 0.03125 -2.674654678 0.992797191 0.03125 -1.493643705 0.9739521468 0.03125 0.05478176977 0.8821141688 0.03125 1.738554037 0.7277008082 0.03125 3.446177801 0.5412427607 0.03125 4.96050593 0.3610225605 0.03125 6.175447552 0.2210468482 0.03125 6.987565935 0.1452460045 0.03125 7.347415882 0.1356193771 0.03125 7.325564777 0.1801934434 0.03125 6.834330119 0.1875888981 0.03125 5.879674297 0.05039144541 0.03125 5.157132095 0.04507202764 0.03125 4.584526181 0.09347413953 0.03125 4.088608795 0.1327375653 0.03125 3.661643523 0.164273079 0.03125 3.340619806 0.1932007241 0.03125 3.089883906 0.2230252684 0.03125 2.92721799 0.2544642322 0.03125 2.801122544 0.285410313 0.03125 2.710279035 0.3136259876 0.03125 2.604531297 0.3363893549 0.03125 2.470681577 0.3532753406 0.03125 2.292395283 0.3645636208 0.03125 2.057042252 0.3725921085 0.03125 1.826357927 0.3792833413 0.03125 1.593961736 0.3847372895 0.03125 1 3 1 1 1 1 500 0.0004
-0.9241623116 76.9 58.87969971 33.53089905 60.9314003 82.9789161 48.35208153 87.79076106 0.1336582026 -0.2555139125 0.9575218668 0.3638280218 0.6684238891 -0.6487207989 0.1336582026 0.2555139125 -0.9575218668 0 -0.2555139125 0.9424100145 0.2158147473 0 0.9575218668 0.2158147473 0.1912481882 0 0 0 0 1 1 0 0 58.87969971 0 1 0 33.53089905 0 0 1 60.9314003 0 0 0 1 0.1336582026 -0.2555139125 0.9575218668 -0 0.2555139125 0.9424100145 0.2158147473 -0 -0.9575218668 0.2158147473 0.1912481882 -0 0 0 0 1 32 -1.236293501 0.7787321153 0.03125 -2.333158344 0.8076360202 0.03125 -3.138937058 0.8633591537 0.03125 -3.457652599 0.9391024258 0.03125 -3.214912882 1.016871968 0.03125 -2.42289008 1.060955719 0.03125 -1.216025503 1.04344489 0.03125 0.3249076011 0.9478590939 0.03125 1.982598918 0.7815990064 0.03125 3.650298831 0.5728204011 0.03125 5.124963903 0.3599994371 0.03125 6.305934981 0.1853185619 0.03125 7.092806026 0.08336498703 0.03125 7.439509368 0.0718271448 0.03125 7.401772371 0.1471725125 0.03125 6.894459957 0.217506761 0.03125 5.906480524 0.1543951422 0.03125 5.159238184 0.2281074854 0.03125 4.559535357 0.3457891964 0.03125 4.035889746 0.4337491497 0.03125 3.58665032 0.4900960383 0.03125 3.24709232 0.5186843917 0.03125 2.975457323 0.5275182844 0.03125 2.786745834 0.523315799 0.03125 2.623591198 0.5100765054 0.03125 2.483728017 0.4920657007 0.03125 2.33269019 0.4701490534 0.03125 2.158874114 0.4475789807 0.03125 1.96839399 0.4256218915 0.03125 1.748971433 0.4079528445 0.03125 1.55024967 0.3963960413 0.03125 1.362647166 0.3913234587 0.03125 1 3 1 1 1 1 500 0.0004
-1.010814198 76.9 58.97969818 32.93090057 60.9314003 84.93430564 50.33057237 87.31455745 0.1667698357 -0.2658784614 0.9494716771 0.2678041073 0.8135076093 -0.5162231395 0.1667698357 0.2658784614 -0.9494716771 0 -0.2658784614 0.9394127667 0.2163614973 0 0.9494716771 0.2163614973 0.227357069 0 0 0 0 1 1 0 0 58.97969818 0 1 0 32.93090057 0 0 1 60.9314003 0 0 0 1 0.1667698357 -0.2658784614 0.9494716771 -0 0.2658784614 0.9394127667 0.2163614973 -0 -0.9494716771 0.2163614973 0.227357069 -0 0 0 0 1 32 -0.558091927 0.7587621865 0.03125 -1.576029475 0.7748325915 0.03125 -2.441710233 0.7714119833 0.03125 -2.904976121 0.7415420697 0.03125 -2.849174371 0.6963153527 0.03125 -2.239243209 0.6601142726 0.03125 -1.192229587 0.6415244537 0.03125 0.2328832128 0.637114462 0.03125 1.82235951 0.6315746586 0.03125 3.459783892 0.611326692 0.03125 4.943422112 0.5749407243 0.03125 6.15007069 0.5464880491 0.03125 6.971004504 0.5560091134 0.03125 7.344729199 0.6441803721 0.03125 7.323430165 0.8163790434 0.03125 6.811657176 0.9862406017 0.03125 5.876360312 1.052560344 0.03125 5.094154517 1.195227523 0.03125 4.465196949 1.352159121 0.03125 3.921027082 1.432423152 0.03125 3.471245066 1.431656385 0.03125 3.154811965 1.360551778 0.03125 2.922481513 1.240979254 0.03125 2.782813726 1.096087096 0.03125 2.654177249 0.9438001776 0.03125 2.526181195 0.8005754386 0.03125 2.348331765 0.6736817232 0.03125 2.107540668 0.5702379669 0.03125 1.834698392 0.4904402542 0.03125 1.522525442 0.4348372767 0.03125 1.258435743 0.4004970523 0.03125 1.0388742 0.3837228318 0.03125 1 3 1 1 1 1 500 0.0004
-1.098373658 76.9 58.87969971 33.53089905 60.9314003 79.6829869 48.22903637 83.29746723 0.144227562 -0.295615667 0.9443568117 0.3670937416 0.5783989672 -0.7284894094 0.144227562 0.295615667 -0.9443568117 0 -0.295615667 0.9236265359 0.2439782768 0 0.9443568117 0.2439782768 0.2206010261 0 0 0 0 1 1 0 0 58.87969971 0 1 0 33.53089905 0 0 1 60.9314003 0 0 0 1 0.144227562 -0.295615667 0.9443568117 -0 0.295615667 0.9236265359 0.2439782768 -0 -0.9443568117 0.2439782768 0.2206010261 -0 0 0 0 1 32 -1.759963277 0.6457698728 0.03125 -2.886555996 0.7472227063 0.03125 -3.78001214 0.9805180513 0.03125 -4.061568906 1.327523559 0.03125 -3.680003859 1.71634362 0.03125 -2.690982252 2.025134168 0.03125 -1.269331605 2.167206871 0.03125 0.4327434817 2.098771182 0.03125 2.229237255 1.840142138 0.03125 3.971548062 1.455895282 0.03125 5.519637922 1.026867113 0.03125 6.757957449 0.632420872 0.03125 7.597868053 0.3381975928 0.03125 7.995840847 0.1779525702 0.03125 7.954640938 0.148274034 0.03125 7.445069424 0.1649289703 0.03125 6.633077134 0.1927265057 0.03125 5.837583819 0.2727776289 0.03125 5.150816515 0.3944913557 0.03125 4.534754084 0.4912014887 0.03125 3.981059075 0.5504402626 0.03125 3.512715349 0.575198229 0.03125 3.126873568 0.5754611332 0.03125 2.818205137 0.5588480428 0.03125 2.548428097 0.5306645778 0.03125 2.298888843 0.4957885034 0.03125 2.054336625 0.4561153011 0.03125 1.804669329 0.4166370484 0.03125 1.579067569 0.3799624325 0.03125 1.380806134 0.3510617563 0.03125 1.242287677 0.3320179121 0.03125 1.173269857 0.3225627172 0.03125 1 3 1 1 1 1 500 0.0004
-1.029166082 76.9 58.97969818 32.93090057 60.9314003 80.07324431 47.52718669 80.04069451 0.1068581637 -0.1244111472 0.9864599329 0.4511437671 0.4564610428 -0.7668850095 0.1068581637 0.1244111472 -0.9864599329 0 -0.1244111472 0.9860161545 0.1108783546 0 0.9864599329 0.1108783546 0.1208420092 0 0 0 0 1 1 0 0 58.97969818 0 1 0 32.93090057 0 0 1 60.9314003 0 0 0 1 0.1068581637 -0.1244111472 0.9864599329 -0 0.1244111472 0.9860161545 0.1108783546 -0 -0.9864599329 0.1108783546 0.1208420092 -0 0 0 0 1 32 -2.570944836 0.807079068 0.03125 -3.523126036 0.8543834463 0.03125 -4.085444743 0.9361223395 0.03125 -4.144325968 1.030010935 0.03125 -3.63364462 1.10656764 0.03125 -2.588074883 1.121223632 0.03125 -1.138974671 1.049247032 0.03125 0.627489295 0.8849910167 0.03125 2.50038253 0.6504749069 0.03125 4.37271038 0.3876743611 0.03125 6.023770858 0.142722686 0.03125 7.344448179 -0.04334093189 0.03125 8.197103893 -0.1423018647 0.03125 8.532625479 -0.1496688076 0.03125 8.41735909 -0.07534402214 0.03125 7.789286872 -0.01465236504 0.03125 6.589959073 -0.1302312599 0.03125 5.705150046 -0.07463254905 0.03125 4.973276402 0.02607015382 0.03125 4.332930235 0.1075434993 0.03125 3.780617873 0.1729495945 0.03125 3.352056924 0.2264455326 0.03125 2.997199392 0.2727828248 0.03125 2.731845708 0.3140321519 0.03125 2.494732398 0.3492731977 0.03125 2.284900406 0.3780578637 0.03125 2.084220553 0.3980054979 0.03125 1.881904889 0.4096204955 0.03125 1.713684661 0.4132883871 0.03125 1.564857578 0.4122450785 0.03125 1.479194692 0.4095081686 0.03125 1.429094362 0.407528326 0.03125 1 3 1 1 1 1 500 0.0004
-1.040824999 76.9 58.87969971 33.53089905 60.9314003 75.35089896 48.40678673 82.9126225 0.1478790402 -0.1858940208 0.9713779916 0.4999299595 0.3948061965 -0.770842463 0.1478790402 0.1858940208 -0.9713779916 0 -0.1858940208 0.9698952714 0.1573104432 0 0.9713779916 0.1573104432 0.1779837688 0 0 0 0 1 1 0 0 58.87969971 0 1 0 33.53089905 0 0 1 60.9314003 0 0 0 1 0.1478790402 -0.1858940208 0.9713779916 -0 0.1858940208 0.9698952714 0.1573104432 -0 -0.9713779916 0.1573104432 0.1779837688 -0 0 0 0 1 32 -3.864212902 0.8047854884 0.03125 -4.851960289 1.013621786 0.03125 -5.241655173 1.374273946 0.03125 -5.002375404 1.791722671 0.03125 -4.155730718 2.167971788 0.03125 -2.813752302 2.37733291 0.03125 -1.128917343 2.36425908 0.03125 0.7738552138 2.121283581 0.03125 2.720828995 1.701416647 0.03125 4.603651773 1.192899836 0.03125 6.227739643 0.6855382215 0.03125 7.489632395 0.2490805312 0.03125 8.257566253 -0.06284732602 0.03125 8.488400805 -0.2428666934 0.03125 8.262245259 -0.2869849872 0.03125 7.504176763 -0.308946366 0.03125 6.328347672 -0.3958759331 0.03125 5.395096857 -0.335791889 0.03125 4.693004029 -0.1953543859 0.03125 4.138498884 -0.0669251279 0.03125 3.707150402 0.04302030739 0.03125 3.435736195 0.1321035105 0.03125 3.247147721 0.2039152935 0.03125 3.157217467 0.2614836202 0.03125 3.067214877 0.3060935906 0.03125 2.974912572 0.3397791235 0.03125 2.835385455 0.3620414491 0.03125 2.635802928 0.3752814516 0.03125 2.432022436 0.3808778285 0.03125 2.207243695 0.3828517567 0.03125 2.046307518 0.3843230367 0.03125 1.915001201 0.3856362118 0.03125 1 3 1 1 1 1 500 0.0004
-0.9362286057 76.9 59.07970047 32.73089981 60.83139801 60.96216157 59.12190435 76.22950108 -0.1390950785 0.177268109 0.9742836223 0.3345051298 0.5686383584 -0.7515029844 -0.1390950785 -0.177268109 -0.9742836223 0 0.177268109 0.9634988932 -0.2006138089 0 0.9742836223 -0.2006138089 -0.1025939718 0 0 0 0 1 1 0 0 59.07970047 0 1 0 32.73089981 0 0 1 60.83139801 0 0 0 1 -0.1390950785 0.177268109 0.9742836223 -0 -0.177268109 0.9634988932 -0.2006138089 -0 -0.9742836223 -0.2006138089 -0.1025939718 0 0 0 0 1 32 -2.833325616 0.7540122106 0.03125 -3.905737676 0.6984253972 0.03125 -4.640627832 0.6414188371 0.03125 -4.911238352 0.5997582966 0.03125 -4.517799655 0.5743569863 0.03125 -3.477023088 0.5591063639 0.03125 -1.951252006 0.5486964154 0.03125 -0.02891189377 0.5405361051 0.03125 2.027741521 0.5371612885 0.03125 4.1026374 0.5433211363 0.03125 5.988893245 0.5658009791 0.03125 7.564448121 0.6093676558 0.03125 8.668739383 0.6817517214 0.03125 9.238982512 0.7861014382 0.03125 9.280637367 0.920039401 0.03125 8.743372055 1.013490215 0.03125 7.484889853 0.8745390713 0.03125 6.501968812 0.9078837124 0.03125 5.602556986 0.9567430775 0.03125 4.74878364 0.9638756573 0.03125 3.975367488 0.9281030433 0.03125 3.324266947 0.8606069316 0.03125 2.772896591 0.7729957632 0.03125 2.341045589 0.6787326625 0.03125 1.980972079 0.5875932036 0.03125 1.694825265 0.5085319792 0.03125 1.469961939 0.446565664 0.03125 1.297096996 0.4047762809 0.03125 1.197138977 0.3828726398 0.03125 1.153274143 0.378268548 0.03125 1.172354312 0.3867515354 0.03125 1.219592199 0.4002971055 0.03125 1 3 1 1 1 1 500 0.0004
-0.9389050475 76.9 58.87969971 33.53089905 60.9314003 90.51912207 48.29876901 71.76513622 0.04279172754 -0.1579207475 0.9865241536 0.4936503647 0.3421593651 -0.7995225365 0.04279172754 0.1579207475 -0.9865241536 0 -0.1579207475 0.9760844262 0.1493995662 0 0.9865241536 0.1493995662 0.06670730131 0 0 0 0 1 1 0 0 58.87969971 0 1 0 33.53089905 0 0 1 60.9314003 0 0 0 1 0.04279172754 -0.1579207475 0.9865241536 -0 0.1579207475 0.9760844262 0.1493995662 -0 -0.9865241536 0.1493995662 0.06670730131 -0 0 0 0 1 32 0.2237639108 0.9022160676 0.03125 -0.4386380378 0.8862352074 0.03125 -0.8957823866 0.8424826986 0.03125 -1.122922649 0.7648494569 0.03125 -1.021121954 0.6487783804 0.03125 -0.5860923333 0.4949150739 0.03125 0.1576486785 0.3084456771 0.03125 1.19593299 0.1039159784 0.03125 2.408561902 -0.1001367758 0.03125 3.759128305 -0.2798792638 0.03125 5.073224904 -0.4153996982 0.03125 6.293170806 -0.4948888446 0.03125 7.252182391 -0.5175737037 0.03125 7.894777024 -0.4961825345 0.03125 8.156309518 -0.4444966664 0.03125 7.966718503 -0.4068692911 0.03125 6.728076585 -0.7384776145 0.03125 5.989645118 -0.7069841016 0.03125 5.185929685 -0.6321743626 0.03125 4.304050683 -0.5376311089 0.03125 3.439861782 -0.4215422782 0.03125 2.627497037 -0.2896232101 0.03125 1.922814583 -0.1498068608 0.03125 1.341392745 -0.01300441816 0.03125 0.8974731369 0.1122753927 0.03125 0.5940736656 0.219112733 0.03125 0.417941447 0.3042880852 0.03125 0.3667766528 0.3674883016 0.03125 0.4073552124 0.4106739112 0.03125 0.5361120646 0.4379989997 0.03125 0.6921502987 0.4536393136 0.03125 0.8731079316 0.4620730229 0.03125 1 3 1 1 1 1 500 0.0004
-1.585343938 76.9 59.47969818 33.13090134 60.53139877 103.1483511 49.19036671 63.05057748 0.1986148112 -0.03288352274 0.9795258193 0.53039506 0.3584853852 -0.7682247776 0.1986148112 0.03288352274 -0.9795258193 0 -0.03288352274 0.9990978536 0.026872903 0 0.9795258193 0.026872903 0.1995169576 0 0 0 0 1 1 0 0 59.47969818 0 1 0 33.13090134 0 0 1 60.53139877 0 0 0 1 0.1986148112 -0.03288352274 0.9795258193 -0 0.03288352274 0.9990978536 0.026872903 -0 -0.9795258193 0.026872903 0.1995169576 -0 0 0 0 1 32 1.316851204 0.8801628919 0.03125 0.8678218738 0.9249020544 0.03125 0.5046532177 0.9659100845 0.03125 0.2650592203 0.9925087276 0.03125 0.2595401954 1.001150806 0.03125 0.5011717325 0.9917356701 0.03125 1.015807069 0.9684402352 0.03125 1.793937459 0.9378176057 0.03125 2.739005727 0.9072219664 0.03125 3.814995664 0.8811639388 0.03125 4.847644741 0.8616068977 0.03125 5.783999771 0.843647819 0.03125 6.468196216 0.8206233977 0.03125 6.859251191 0.7855864239 0.03125 6.919826458 0.734299452 0.03125 6.570471635 0.6329598435 0.03125 5.3499829 0.2139947852 0.03125 4.583066924 0.1229889824 0.03125 3.83311816 0.08986493274 0.03125 3.051945343 0.0814701353 0.03125 2.314771557 0.09670403437 0.03125 1.643957509 0.1318312333 0.03125 1.076717361 0.1805545257 0.03125 0.624964375 0.2352027348 0.03125 0.2961267288 0.2894452562 0.03125 0.09392181405 0.3377751062 0.03125 0.004725245244 0.3772616586 0.03125 0.02666918011 0.4066192014 0.03125 0.1289728479 0.4264122695 0.03125 0.3060007105 0.438487042 0.03125 0.5033780165 0.4450402564 0.03125 0.7079475899 0.448319304 0.03125 1 3 1 1 1 1 500 0.0004
-1.754013415 76.9 59.17969894 32.73089981 60.83139801 114.758908 47.23878301 54.24717903 0.4652771168 0.05412407131 0.8835087942 0.4938875041 0.4362643018 -0.7521626102 0.4652771168 -0.05412407131 -0.8835087942 0 0.05412407131 0.9980007774 -0.03263484595 0 0.8835087942 -0.03263484595 0.4672763394 0 0 0 0 1 1 0 0 59.17969894 0 1 0 32.73089981 0 0 1 60.83139801 0 0 0 1 0.4652771168 0.05412407131 0.8835087942 -0 -0.05412407131 0.9980007774 -0.03263484595 -0 -0.8835087942 -0.03263484595 0.4672763394 -0 0 0 0 1 32 1.780473406 0.8810292579 0.03125 1.593155742 0.8921637453 0.03125 1.447612826 0.9114171508 0.03125 1.342747073 0.9349719342 0.03125 1.358062587 0.9602599105 0.03125 1.498699546 0.9827153048 0.03125 1.794886264 1.000504039 0.03125 2.24175856 1.01172709 0.03125 2.770828725 1.017049649 0.03125 3.366803314 1.017896087 0.03125 3.911804058 1.017004606 0.03125 4.388116721 1.017504092 0.03125 4.70354477 1.021885524 0.03125 4.848366856 1.031527918 0.03125 4.813048302 1.04603691 0.03125 4.535167648 1.030363923 0.03125 3.413405328 0.6480404748 0.03125 2.921423433 0.6220750293 0.03125 2.465540181 0.6248154941 0.03125 1.988238664 0.6230578888 0.03125 1.547202185 0.6165331384 0.03125 1.148609842 0.6056876221 0.03125 0.8291037258 0.5911066825 0.03125 0.5920373747 0.573960785 0.03125 0.4413815845 0.554981761 0.03125 0.3777634925 0.5357457931 0.03125 0.3777872776 0.5169412539 0.03125 0.4404025867 0.5001582098 0.03125 0.5311994306 0.4858939057 0.03125 0.6488868863 0.4752518268 0.03125 0.7582851095 0.4683523112 0.03125 0.8600634381 0.4650195323 0.03125 1 3 1 1 1 1 500 0.0004
-1.873952157 76.9 59.17969894 33.03089905 60.73139954 124.9053706 47.07464979 51.7022681 0.6691008133 0.1338605764 0.7310167219 0.5647637826 0.5483778338 -0.616703836 0.6691008133 -0.1338605764 -0.7310167219 0 0.1338605764 0.9892644867 -0.05862696787 0 0.7310167219 -0.05862696787 0.6798363265 0 0 0 0 1 1 0 0 59.17969894 0 1 0 33.03089905 0 0 1 60.73139954 0 0 0 1 0.6691008133 0.1338605764 0.7310167219 -0 -0.1338605764 0.9892644867 -0.05862696787 -0 -0.7310167219 -0.05862696787 0.6798363265 -0 0 0 0 1 32 2.008958625 0.8490224757 0.03125 2.250636718 0.8724821917 0.03125 2.366626015 0.9183502412 0.03125 2.351921998 0.9833980566 0.03125 2.291490191 1.065065703 0.03125 2.194414452 1.157034185 0.03125 2.143535703 1.255618547 0.03125 2.146391888 1.354735061 0.03125 2.192551307 1.451277571 0.03125 2.28545766 1.5402887 0.03125 2.364379177 1.619348034 0.03125 2.431250279 1.684506605 0.03125 2.445843052 1.733891228 0.03125 2.411471054 1.764364693 0.03125 2.342987465 1.773952465 0.03125 2.150923469 1.713652813 0.03125 1.350427274 1.337549523 0.03125 1.155122527 1.257821278 0.03125 1.076312932 1.214589939 0.03125 1.021095195 1.161732847 0.03125 1.003670781 1.099617384 0.03125 1.023548862 1.030203381 0.03125 1.075273656 0.9548476326 0.03125 1.156367943 0.8764603654 0.03125 1.241927816 0.7968183324 0.03125 1.32808118 0.7197363798 0.03125 1.381848862 0.6473410732 0.03125 1.399341365 0.5838051783 0.03125 1.362118598 0.5309171263 0.03125 1.2685779 0.4914010661 0.03125 1.149947974 0.4654228669 0.03125 1.010870557 0.4517032448 0.03125 1 3 1 1 1 1 500 0.0004
-8.390423076 76.9 58.67969894 33.43090057 60.9314003 134.7431027 41.03169618 55.93990563 0.9673824391 0.2026859655 0.1519526764 0.968823485 0.05476306218 -0.2416238025 0.9673824391 -0.2026859655 -0.1519526764 0 0.2026859655 0.9791186503 -0.01565464564 0 0.1519526764 -0.01565464564 0.9882637888 0 0 0 0 1 1 0 0 58.67969894 0 1 0 33.43090057 0 0 1 60.9314003 0 0 0 1 0.9673824391 0.2026859655 0.1519526764 -0 -0.2026859655 0.9791186503 -0.01565464564 -0 -0.1519526764 -0.01565464564 0.9882637888 -0 0 0 0 1 32 1.824052332 0.7320739023 0.03125 1.531235172 0.7436414422 0.03125 1.252472075 0.7628976969 0.03125 0.993739718 0.7870140193 0.03125 0.7649358753 0.8140937979 0.03125 0.5690987046 0.8422518666 0.03125 0.406783495 0.8703935487 0.03125 0.2802761355 0.8974840086 0.03125 0.187351101 0.9229287157 0.03125 0.1295532088 0.9461287665 0.03125 0.1026438117 0.9667479883 0.03125 0.1073925582 0.9844296498 0.03125 0.1380722364 0.9990264312 0.03125 0.1947096174 1.010399379 0.03125 0.2704649411 1.018587077 0.03125 0.3547920686 1.018738647 0.03125 -0.5094557563 0.532673102 0.03125 -0.4059119052 0.5221812787 0.03125 -0.293530764 0.516733937 0.03125 -0.1828030269 0.5115631153 0.03125 -0.07680056251 0.5068303349 0.03125 0.02396671833 0.5027027784 0.03125 0.1201609242 0.4992975128 0.03125 0.2113113896 0.4966881162 0.03125 0.2988023168 0.4948875426 0.03125 0.3821988007 0.4938358081 0.03125 0.4631612063 0.4934349379 0.03125 0.5413358434 0.4935088074 0.03125 0.6174607828 0.493889235 0.03125 0.6912959819 0.4943500621 0.03125 0.7570440444 0.4947438706 0.03125 0.8141644193 0.4949450735 0.03125 1 3 1 1 1 1 500 0.0004
-5.141197111 76.9 59.07970047 33.63090134 60.73139954 135.3604508 37.32158669 61.03424864 0.9949214274 0.03616415803 0.09393352396 0.9938781634 0.04424509961 -0.101235209 0.9949214274 -0.03616415803 -0.09393352396 0 0.03616415803 0.9993444121 -0.001702837394 0 0.09393352396 -0.001702837394 0.9955770153 0 0 0 0 1 1 0 0 59.07970047 0 1 0 33.63090134 0 0 1 60.73139954 0 0 0 1 0.9949214274 0.03616415803 0.09393352396 -0 -0.03616415803 0.9993444121 -0.001702837394 -0 -0.09393352396 -0.001702837394 0.9955770153 -0 0 0 0 1 32 1.565698889 0.8187853467 0.03125 1.054038662 0.8174790087 0.03125 0.5819425266 0.8210449866 0.03125 0.1604186161 0.828366104 0.03125 -0.192302944 0.8388887391 0.03125 -0.4723345682 0.8521324363 0.03125 -0.6822719284 0.8679315229 0.03125 -0.8194771214 0.8858858228 0.03125 -0.8943001732 0.9055720171 0.03125 -0.9055171065 0.9261009372 0.03125 -0.8666447189 0.9465072694 0.03125 -0.7779300943 0.9654163661 0.03125 -0.6540459031 0.9815715292 0.03125 -0.4964480764 0.9935759157 0.03125 -0.3197964866 1.000414305 0.03125 -0.1469421454 0.991063222 0.03125 -0.8926447976 0.5282358464 0.03125 -0.7277775034 0.5297731524 0.03125 -0.5498812178 0.5372485996 0.03125 -0.3805483202 0.54062887 0.03125 -0.2212276574 0.5404570106 0.03125 -0.07271393449 0.5374622764 0.03125 0.0704492343 0.5324273417 0.03125 0.2075401775 0.5261438971 0.03125 0.3450803857 0.5193302722 0.03125 0.4824242131 0.5125597835 0.03125 0.6222106583 0.5063267904 0.03125 0.7639299979 0.5009036598 0.03125 0.9037101773 0.4965369181 0.03125 1.041230652 0.4932338616 0.03125 1.160049196 0.4910618134 0.03125 1.259105673 0.4898420917 0.03125 1 3 1 1 1 1 500 0.0004
-1.951005482 76.9 59.07970047 33.53089905 60.9314003 128.4892228 38.8942433 62.86828124 0.7455329205 0.004950200323 0.6664504183 0.7412803258 0.50381919 -0.4434745792 0.7455329205 -0.004950200323 -0.6664504183 0 0.004950200323 0.9999859616 -0.001890003355 0 0.6664504183 -0.001890003355 0.7455469589 0 0 0 0 1 1 0 0 59.07970047 0 1 0 33.53089905 0 0 1 60.9314003 0 0 0 1 0.7455329205 0.004950200323 0.6664504183 -0 -0.004950200323 0.9999859616 -0.001890003355 -0 -0.6664504183 -0.001890003355 0.7455469589 -0 0 0 0 1 32 1.607517755 0.8152754376 0.03125 1.431859854 0.843061848 0.03125 1.243595571 0.8958705643 0.03125 1.063031166 0.9675896896 0.03125 0.9483502809 1.05405276 0.03125 0.9077738339 1.149523364 0.03125 0.9707190499 1.251869382 0.03125 1.141960632 1.357573126 0.03125 1.385320947 1.466050647 0.03125 1.701237942 1.574591844 0.03125 2.004177307 1.682412023 0.03125 2.29259332 1.785777048 0.03125 2.497784104 1.882368486 0.03125 2.619741994 1.966588729 0.03125 2.651388302 2.033538122 0.03125 2.472827561 2.014790168 0.03125 1.758021189 1.726350128 0.03125 1.471056864 1.65506202 0.03125 1.296394611 1.62638951 0.03125 1.113045799 1.577255347 0.03125 0.9855506265 1.506365613 0.03125 0.9137823193 1.415269319 0.03125 0.9153854009 1.305727559 0.03125 0.986363197 1.182906993 0.03125 1.089714418 1.050776158 0.03125 1.218502125 0.9178992366 0.03125 1.312706203 0.7896969816 0.03125 1.36551268 0.6759799969 0.03125 1.350558711 0.5809541106 0.03125 1.265588564 0.510278436 0.03125 1.151231648 0.4637859357 0.03125 1.016938847 0.4388292902 0.03125 1 3 1 1 1 1 500 0.0004
-1.757241064 76.9 59.07970047 33.53089905 60.9314003 128.6105857 35.49130457 62.81189547 0.6748016079 -0.06862918725 0.7348012144 0.8243654396 0.3179384555 -0.4683340266 0.6748016079 0.06862918725 -0.7348012144 0 -0.06862918725 0.9971877473 0.03011031868 0 0.7348012144 0.03011031868 0.6776138606 0 0 0 0 1 1 0 0 59.07970047 0 1 0 33.53089905 0 0 1 60.9314003 0 0 0 1 0.6748016079 -0.06862918725 0.7348012144 -0 0.06862918725 0.9971877473 0.03011031868 -0 -0.7348012144 0.03011031868 0.6776138606 -0 0 0 0 1 32 1.873088745 0.9272144626 0.03125 1.760787644 0.9295955918 0.03125 1.663942547 0.9346810046 0.03125 1.583630573 0.9416112947 0.03125 1.533927964 0.9497786629 0.03125 1.515681245 0.9582879967 0.03125 1.533445623 0.9667189274 0.03125 1.587256412 0.9744856735 0.03125 1.667658067 0.9814663206 0.03125 1.773883889 0.987425913 0.03125 1.887368839 0.9924942427 0.03125 2.006963118 0.9966580682 0.03125 2.114236563 1.000150086 0.03125 2.208165642 1.002997818 0.03125 2.279132114 1.005372551 0.03125 2.307675182 0.997769672 0.03125 1.387513959 0.5272607717 0.03125 1.367382573 0.5180057876 0.03125 1.347784455 0.5176848261 0.03125 1.309916652 0.5168278214 0.03125 1.265570897 0.5154123928 0.03125 1.214855891 0.5134557877 0.03125 1.168197123 0.5109719369 0.03125 1.125622851 0.5080743588 0.03125 1.091325764 0.5048313093 0.03125 1.065171821 0.5014750488 0.03125 1.043692872 0.4981342176 0.03125 1.026611874 0.4951443247 0.03125 1.009369207 0.4926561401 0.03125 0.991709112 0.490970096 0.03125 0.9753542701 0.490149785 0.03125 0.9604014647 0.4901694352 0.03125 1 3 1 1 1 1 500 0.0004
