-2.25106358 83.9 60.40769958 33.33289719 60.54160309 80.80210645 52.41218633 88.29427073 0.807965571 0.4799584251 0.3418062993 -0.104767232 0.01876688534 -0.9943196825 0.807965571 -0.4799584251 -0.3418062993 0 0.4799584251 0.8725860196 -0.0907389033 0 0.3418062993 -0.0907389033 0.9353795514 0 0 0 0 1 1 0 0 60.40769958 0 1 0 33.33289719 0 0 1 60.54160309 0 0 0 1 0.807965571 0.4799584251 0.3418062993 -0 -0.4799584251 0.8725860196 -0.0907389033 -0 -0.3418062993 -0.0907389033 0.9353795514 -0 0 0 0 1 32 -7.940930249 0.8458680948 0.03125 -6.904076249 0.6007136337 0.03125 -5.957210226 0.1845526565 0.03125 -5.117432191 -0.3249503266 0.03125 -4.3348971 -0.8673589443 0.03125 -3.58913281 -1.385490056 0.03125 -2.838364474 -1.84464384 0.03125 -2.075564495 -2.214125405 0.03125 -1.285351539 -2.478070448 0.03125 -0.471901129 -2.623513504 0.03125 0.3639564763 -2.642502991 0.03125 1.21584281 -2.530922293 0.03125 2.082645806 -2.284987181 0.03125 2.958948108 -1.909397166 0.03125 3.836329765 -1.410947789 0.03125 4.676704947 -0.8275308685 0.03125 4.642599625 -0.6756581971 0.03125 5.493649285 -0.1192486814 0.03125 6.304443475 0.4508622363 0.03125 7.027869612 0.9790691594 0.03125 7.610949089 1.423890133 0.03125 8.043722107 1.751244017 0.03125 8.308603893 1.934083053 0.03125 8.409648138 1.971074623 0.03125 8.369446312 1.869171723 0.03125 8.200518096 1.66842374 0.03125 7.944523641 1.403968107 0.03125 7.614499367 1.130504903 0.03125 7.261248697 0.8813643075 0.03125 6.897674465 0.6881839083 0.03125 6.573212224 0.5613582052 0.03125 6.307671424 0.4957237766 0.03125 1 3 1 1 1 1 500 0.0004
-2.023396521 83.9 60.40769958 33.63290024 60.54160309 85.14253752 51.90322452 88.25982137 0.7134393466 0.3155841026 0.6256284623 -0.2275992075 0.3392573952 -0.912744773 0.7134393466 -0.3155841026 -0.6256284623 0 0.3155841026 0.9418751962 -0.1152292885 0 0.6256284623 -0.1152292885 0.7715641504 0 0 0 0 1 1 0 0 60.40769958 0 1 0 33.63290024 0 0 1 60.54160309 0 0 0 1 0.7134393466 0.3155841026 0.6256284623 -0 -0.3155841026 0.9418751962 -0.1152292885 -0 -0.6256284623 -0.1152292885 0.7715641504 -0 0 0 0 1 32 -3.547378392 0.4440621282 0.03125 -4.463040716 0.3543896394 0.03125 -5.053255826 0.1871842866 0.03125 -5.234198366 -0.0269203914 0.03125 -4.959039001 -0.266440951 0.03125 -4.248918655 -0.5135558241 0.03125 -3.247409032 -0.7450642558 0.03125 -2.03061442 -0.9371136101 0.03125 -0.8102433839 -1.071033614 0.03125 0.3410078316 -1.136092701 0.03125 1.315038954 -1.129848782 0.03125 2.084606543 -1.053858969 0.03125 2.713034948 -0.9100936888 0.03125 3.211086968 -0.6960369601 0.03125 3.68923359 -0.4280802474 0.03125 4.017468462 -0.1928894008 0.03125 4.635651851 0.1718417073 0.03125 5.202091342 0.490886501 0.03125 6.049437208 0.9268341584 0.03125 6.959989729 1.389182058 0.03125 7.776692021 1.830605628 0.03125 8.422778349 2.201209266 0.03125 8.730686608 2.468621976 0.03125 8.688591894 2.59005448 0.03125 8.28719459 2.556031926 0.03125 7.60698253 2.366755564 0.03125 6.787956536 2.049853069 0.03125 5.912811708 1.657564478 0.03125 5.076141746 1.240511543 0.03125 4.315915157 0.8657039117 0.03125 3.750785938 0.5692362139 0.03125 3.391864346 0.4006139429 0.03125 1 3 1 1 1 1 500 0.0004
-1.960203951 83.9 60.40769958 33.63290024 60.54160309 86.32368808 56.43386442 91.99515156 0.7070998593 0.2494266169 0.6616616596 0.04860604139 0.4719770687 -0.8802699014 0.7070998593 -0.2494266169 -0.6616616596 0 0.2494266169 0.9635559473 -0.09667625968 0 0.6616616596 -0.09667625968 0.743543912 0 0 0 0 1 1 0 0 60.40769958 0 1 0 33.63290024 0 0 1 60.54160309 0 0 0 1 0.7070998593 0.2494266169 0.6616616596 -0 -0.2494266169 0.9635559473 -0.09667625968 -0 -0.6616616596 -0.09667625968 0.743543912 -0 0 0 0 1 32 -3.615757424 0.4803710334 0.03125 -4.439484335 0.4087099752 0.03125 -4.90227914 0.2802014647 0.03125 -4.973497308 0.1092277431 0.03125 -4.643697319 -0.08601888817 0.03125 -3.942517372 -0.2871133132 0.03125 -3.013896939 -0.4751437369 0.03125 -1.927526363 -0.6311954696 0.03125 -0.851745905 -0.7416053822 0.03125 0.1543899807 -0.798144445 0.03125 1.00847212 -0.7968245757 0.03125 1.693086971 -0.7348103673 0.03125 2.266954337 -0.608061442 0.03125 2.744479339 -0.4065289425 0.03125 3.218790322 -0.1413084047 0.03125 3.561064158 0.1113649265 0.03125 4.188865806 0.5244961946 0.03125 4.73312669 0.9193585373 0.03125 5.544285478 1.462399017 0.03125 6.418354935 2.064213888 0.03125 7.267477582 2.661466514 0.03125 8.039369147 3.164768216 0.03125 8.571740949 3.510806165 0.03125 8.829221573 3.61616391 0.03125 8.63447531 3.471154562 0.03125 7.999340987 3.09808746 0.03125 6.96980629 2.563029453 0.03125 5.644011559 1.973552619 0.03125 4.356520497 1.405389988 0.03125 3.225659048 0.9376839349 0.03125 2.505791432 0.5963106488 0.03125 2.240614342 0.4134272868 0.03125 1 3 1 1 1 1 500 0.0004
-1.771913319 83.9 60.50769806 33.63290024 60.54160309 88.26027897 56.01044866 94.75770951 0.5367332292 0.6415028964 0.5480798067 0.2307029245 -0.7538076332 -0.6152643438 0.5367332292 -0.6415028964 -0.5480798067 0 0.6415028964 0.7322072834 -0.2287936363 0 0.5480798067 -0.2287936363 0.8045259458 0 0 0 0 1 1 0 0 60.50769806 0 1 0 33.63290024 0 0 1 60.54160309 0 0 0 1 0.5367332292 0.6415028964 0.5480798067 -0 -0.6415028964 0.7322072834 -0.2287936363 -0 -0.5480798067 -0.2287936363 0.8045259458 -0 0 0 0 1 32 -5.265378817 0.9246424545 0.03125 -4.88204093 0.8738234363 0.03125 -4.452208832 0.8003325815 0.03125 -3.977813782 0.7050318057 0.03125 -3.449840599 0.5893383662 0.03125 -2.871067863 0.4552683526 0.03125 -2.241722719 0.3054181771 0.03125 -1.566223632 0.1432504595 0.03125 -0.8534841949 -0.02728835543 0.03125 -0.1096131843 -0.2013227138 0.03125 0.6501915998 -0.3736105778 0.03125 1.418529186 -0.5382674763 0.03125 2.176909095 -0.6892122616 0.03125 2.917340326 -0.8201654838 0.03125 3.620514071 -0.9250067982 0.03125 4.276474981 -0.9992594 0.03125 3.880162391 -1.529665933 0.03125 4.423973791 -1.535126429 0.03125 4.914064495 -1.516855857 0.03125 5.346498748 -1.475660065 0.03125 5.71337596 -1.411123093 0.03125 6.014368117 -1.324101284 0.03125 6.246569608 -1.2151758 0.03125 6.411112727 -1.086366466 0.03125 6.511448815 -0.9391321058 0.03125 6.550184896 -0.7763291246 0.03125 6.537863391 -0.5999822461 0.03125 6.478371674 -0.4131991785 0.03125 6.388383388 -0.2181021125 0.03125 6.272733479 -0.01732030022 0.03125 6.15177853 0.1874251877 0.03125 6.030893644 0.3945913399 0.03125 1 3 1 1 1 1 500 0.0004
-2.126549575 83.9 60.50769806 33.63290024 60.54160309 88.72954601 55.25705971 94.96741732 0.7749252984 0.3462010496 0.5288058387 0.2281459905 -0.7110081183 -0.665144242 0.7749252984 -0.3462010496 -0.5288058387 0 0.3462010496 0.9324731205 -0.103144136 0 0.5288058387 -0.103144136 0.842452178 0 0 0 0 1 1 0 0 60.50769806 0 1 0 33.63290024 0 0 1 60.54160309 0 0 0 1 0.7749252984 0.3462010496 0.5288058387 -0 -0.3462010496 0.9324731205 -0.103144136 -0 -0.5288058387 -0.103144136 0.842452178 -0 0 0 0 1 32 -6.489030435 0.9586863175 0.03125 -6.010034016 0.9945968652 0.03125 -5.480642222 1.003077977 0.03125 -4.903934533 0.985315871 0.03125 -4.271363457 0.9429718033 0.03125 -3.586908435 0.8781380142 0.03125 -2.852395831 0.7934620015 0.03125 -2.07348129 0.6921484542 0.03125 -1.261531129 0.5778737893 0.03125 -0.4237546086 0.4549417449 0.03125 0.4222598792 0.3278725856 0.03125 1.268359484 0.2017480495 0.03125 2.09404799 0.08158899671 0.03125 2.891139186 -0.02729713705 0.03125 3.638996173 -0.1199372275 0.03125 4.327950806 -0.1927556997 0.03125 3.952340144 -0.7300194244 0.03125 4.50558385 -0.7484011992 0.03125 4.995857193 -0.7506682172 0.03125 5.419997158 -0.7375302849 0.03125 5.77037805 -0.7085396625 0.03125 6.047525009 -0.6639419904 0.03125 6.249638229 -0.6038812246 0.03125 6.378483787 -0.5293996402 0.03125 6.43987483 -0.4412091383 0.03125 6.436733227 -0.3410245751 0.03125 6.383463018 -0.2300055787 0.03125 6.283985494 -0.1102032689 0.03125 6.158968601 0.01706695931 0.03125 6.013100301 0.149904941 0.03125 5.870193665 0.2871680021 0.03125 5.735350553 0.427588641 0.03125 1 3 1 1 1 1 500 0.0004
-2.637702537 83.9 60.50769806 33.63290024 60.54160309 83.95550894 53.0241952 94.62233861 0.4269514298 -0.04446990005 0.9031804385 0.2459648753 -0.6731701915 -0.6973830894 0.4269514298 0.04446990005 -0.9031804385 0 -0.04446990005 0.998614128 0.02814695931 0 0.9031804385 0.02814695931 0.4283373018 0 0 0 0 1 1 0 0 60.50769806 0 1 0 33.63290024 0 0 1 60.54160309 0 0 0 1 0.4269514298 -0.04446990005 0.9031804385 -0 0.04446990005 0.998614128 0.02814695931 -0 -0.9031804385 0.02814695931 0.4283373018 -0 0 0 0 1 32 -5.953891742 1.025169526 0.03125 -5.564401438 1.229300419 0.03125 -5.125097081 1.408270882 0.03125 -4.637769499 1.56071888 0.03125 -4.090890647 1.685619645 0.03125 -3.486369199 1.781117716 0.03125 -2.818272056 1.846470558 0.03125 -2.090234099 1.880371805 0.03125 -1.309579438 1.883130633 0.03125 -0.4827431481 1.855579562 0.03125 0.3730639649 1.799801182 0.03125 1.248967688 1.719161438 0.03125 2.121356159 1.617641459 0.03125 2.979882531 1.50091198 0.03125 3.797143374 1.374397471 0.03125 4.559285921 1.243500094 0.03125 4.250766649 0.6421374687 0.03125 4.854155475 0.5582894356 0.03125 5.381890312 0.4822369519 0.03125 5.828319723 0.4148551882 0.03125 6.180218623 0.3578591773 0.03125 6.437382795 0.3128417101 0.03125 6.595852893 0.2807017483 0.03125 6.65755704 0.2616440392 0.03125 6.632133417 0.2556093264 0.03125 6.523501515 0.261477745 0.03125 6.355185229 0.2784377392 0.03125 6.132795661 0.3045936379 0.03125 5.889542787 0.3387583106 0.03125 5.632341412 0.3789878741 0.03125 5.398791409 0.4241581242 0.03125 5.196442398 0.472811544 0.03125 1 3 1 1 1 1 500 0.0004
-4.485724173 83.9 60.50769806 33.63290024 60.54160309 77.48343279 50.26828997 91.18328545 -0.1456827907 0.6895218047 0.7094619125 0.2259640615 -0.5461531361 -0.8066331229 -0.1456827907 -0.6895218047 -0.7094619125 0 0.6895218047 0.4434850264 -0.5726086903 0 0.7094619125 -0.5726086903 0.4108321829 0 0 0 0 1 1 0 0 60.50769806 0 1 0 33.63290024 0 0 1 60.54160309 0 0 0 1 -0.1456827907 0.6895218047 0.7094619125 -0 -0.6895218047 0.4434850264 -0.5726086903 -0 -0.7094619125 -0.5726086903 0.4108321829 -0 0 0 0 1 32 -1.18420996 0.9922645651 0.03125 -1.271162806 1.262928732 0.03125 -1.313594243 1.532145211 0.03125 -1.307870346 1.794835966 0.03125 -1.228593859 2.046075116 0.03125 -1.071473417 2.278563555 0.03125 -0.819841903 2.4863492 0.03125 -0.4720512545 2.661924266 0.03125 -0.02531796667 2.79983086 0.03125 0.5174766331 2.894604356 0.03125 1.144120054 2.94297471 0.03125 1.846473301 2.943424148 0.03125 2.598950321 2.896170705 0.03125 3.388744715 2.804659838 0.03125 4.180637651 2.673100385 0.03125 4.954783735 2.507406254 0.03125 4.684878303 1.848863696 0.03125 5.335128215 1.692021377 0.03125 5.911220761 1.530365128 0.03125 6.402143407 1.367763374 0.03125 6.787818613 1.208481435 0.03125 7.064263948 1.057977904 0.03125 7.226182836 0.9198716339 0.03125 7.273121344 0.7979110511 0.03125 7.217446011 0.6943473616 0.03125 7.062525484 0.6105995795 0.03125 6.836301373 0.5472397476 0.03125 6.545667437 0.5033421625 0.03125 6.230821406 0.4779809991 0.03125 5.901326466 0.4684347476 0.03125 5.604662579 0.4728136175 0.03125 5.351585838 0.4873931925 0.03125 1 3 1 1 1 1 500 0.0004
-3.208774581 83.9 60.50769806 33.63290024 60.54160309 66.57928705 59.75309546 97.2544729 -0.2490860191 0.1809312156 0.9514305284 0.3537231215 -0.4738315058 -0.8064512741 -0.2490860191 -0.1809312156 -0.9514305284 0 0.1809312156 0.956404987 -0.2292452751 0 0.9514305284 -0.2292452751 -0.205491006 0 0 0 0 1 1 0 0 60.50769806 0 1 0 33.63290024 0 0 1 60.54160309 0 0 0 1 -0.2490860191 0.1809312156 0.9514305284 -0 -0.1809312156 0.956404987 -0.2292452751 -0 -0.9514305284 -0.2292452751 -0.205491006 0 0 0 0 1 32 -2.686852055 1.032736883 0.03125 -2.740035899 1.299749568 0.03125 -2.751891773 1.562279887 0.03125 -2.719772353 1.816426446 0.03125 -2.624649252 2.058213772 0.03125 -2.46322792 2.281857595 0.03125 -2.220569683 2.482341033 0.03125 -1.894895229 2.653350524 0.03125 -1.48007188 2.789903339 0.03125 -0.9773167852 2.886844197 0.03125 -0.3907685346 2.940538753 0.03125 0.2744665649 2.948619626 0.03125 1.00424791 2.910133451 0.03125 1.789374707 2.826695787 0.03125 2.606756249 2.700939111 0.03125 3.440765007 2.537522431 0.03125 3.265483886 1.876313026 0.03125 4.053325196 1.718462328 0.03125 4.807500162 1.551418886 0.03125 5.517561116 1.379802803 0.03125 6.158900666 1.208129151 0.03125 6.725165653 1.043022934 0.03125 7.196836658 0.8890655944 0.03125 7.570117312 0.7519071714 0.03125 7.837362536 0.635126195 0.03125 7.998674783 0.5418217134 0.03125 8.064605144 0.4736819917 0.03125 8.039894129 0.4304906383 0.03125 7.952944478 0.4118852314 0.03125 7.812704461 0.4148118921 0.03125 7.659036182 0.4374081079 0.03125 7.503563136 0.4750101272 0.03125 1 3 1 1 1 1 500 0.0004
-3.676558982 83.9 60.40769958 33.33289719 60.54160309 96.37379175 61.42811331 81.50192859 0.2234000675 0.5513668072 0.8037954054 0.5480804594 -0.5447450941 -0.6347130001 0.2234000675 -0.5513668072 -0.8037954054 0 0.5513668072 0.7515078149 -0.3622577095 0 0.8037954054 -0.3622577095 0.4718922526 0 0 0 0 1 1 0 0 60.40769958 0 1 0 33.33289719 0 0 1 60.54160309 0 0 0 1 0.2234000675 0.5513668072 0.8037954054 -0 -0.5513668072 0.7515078149 -0.3622577095 -0 -0.8037954054 -0.3622577095 0.4718922526 -0 0 0 0 1 32 -3.544835265 1.005065025 0.03125 -3.346210325 1.245034676 0.03125 -3.110245899 1.470542695 0.03125 -2.836827822 1.678428506 0.03125 -2.498478909 1.866125208 0.03125 -2.094620681 2.029785722 0.03125 -1.613458933 2.167092205 0.03125 -1.056698991 2.274894419 0.03125 -0.4313610841 2.351901765 0.03125 0.2576039013 2.396793219 0.03125 0.9877019485 2.409871138 0.03125 1.751132279 2.392234424 0.03125 2.515919221 2.346098837 0.03125 3.272779317 2.274836112 0.03125 3.985879358 2.182265334 0.03125 4.640828698 2.070598766 0.03125 4.224957344 1.478302182 0.03125 4.70573307 1.388917386 0.03125 5.100028528 1.298686387 0.03125 5.401132215 1.207113813 0.03125 5.594738654 1.115856176 0.03125 5.681285971 1.027078348 0.03125 5.661482677 0.9421934884 0.03125 5.537231598 0.8631189447 0.03125 5.327460798 0.7907731258 0.03125 5.035407261 0.7264826062 0.03125 4.695338971 0.6704771471 0.03125 4.311888114 0.6230945512 0.03125 3.928227095 0.5838439142 0.03125 3.550328542 0.5519951708 0.03125 3.225209053 0.5265757794 0.03125 2.959882789 0.5059978584 0.03125 1 3 1 1 1 1 500 0.0004
-3.108955779 83.9 60.40769958 33.33289719 60.54160309 99.62519918 62.70665459 77.69775836 0.6051107952 0.3600649862 0.7100662866 0.5651798199 -0.5901397142 -0.5764606568 0.6051107952 -0.3600649862 -0.7100662866 0 0.3600649862 0.9192287569 -0.1592849593 0 0.7100662866 -0.1592849593 0.6858820383 0 0 0 0 1 1 0 0 60.40769958 0 1 0 33.33289719 0 0 1 60.54160309 0 0 0 1 0.6051107952 0.3600649862 0.7100662866 -0 -0.3600649862 0.9192287569 -0.1592849593 -0 -0.7100662866 -0.1592849593 0.6858820383 -0 0 0 0 1 32 -4.618495116 0.9717258136 0.03125 -4.407966841 1.113381978 0.03125 -4.154558007 1.242704409 0.03125 -3.857876128 1.357295179 0.03125 -3.48283827 1.455351978 0.03125 -3.028623507 1.534335517 0.03125 -2.482065724 1.592897247 0.03125 -1.845060196 1.62941063 0.03125 -1.127944702 1.643744875 0.03125 -0.3364365414 1.636085113 0.03125 0.5009218491 1.607970796 0.03125 1.375032962 1.56181239 0.03125 2.246994308 1.500933073 0.03125 3.105890667 1.429568495 0.03125 3.909358193 1.35227911 0.03125 4.640075622 1.270646365 0.03125 4.292342745 0.716917792 0.03125 4.82722472 0.6637892113 0.03125 5.261070306 0.618134565 0.03125 5.585849719 0.5774384533 0.03125 5.784063665 0.5424831917 0.03125 5.856930689 0.5135377024 0.03125 5.803907359 0.4908011889 0.03125 5.628337783 0.4740536438 0.03125 5.350480196 0.4629961062 0.03125 4.975288854 0.457120334 0.03125 4.543563689 0.4557945311 0.03125 4.061508832 0.4583152742 0.03125 3.582892727 0.463872872 0.03125 3.114764535 0.4716781523 0.03125 2.714447703 0.4809986956 0.03125 2.389229772 0.4911724141 0.03125 1 3 1 1 1 1 500 0.0004
-2.862130662 83.9 60.40769958 33.33289719 60.54160309 107.831434 65.75863564 74.10477145 -0.1206002731 0.8702645039 0.4775932028 0.5518017094 -0.64267268 -0.5314947788 -0.1206002731 -0.8702645039 -0.4775932028 0 0.8702645039 0.1387758222 -0.4726319545 0 0.4775932028 -0.4726319545 0.7406239047 0 0 0 0 1 1 0 0 60.40769958 0 1 0 33.33289719 0 0 1 60.54160309 0 0 0 1 -0.1206002731 0.8702645039 0.4775932028 -0 -0.8702645039 0.1387758222 -0.4726319545 -0 -0.4775932028 -0.4726319545 0.7406239047 -0 0 0 0 1 32 1.884136807 0.9055627051 0.03125 1.934283428 0.8967032874 0.03125 1.984995681 0.8877375394 0.03125 2.03610997 0.8788317576 0.03125 2.090150455 0.8701642903 0.03125 2.146938996 0.8619079374 0.03125 2.206954619 0.8542740275 0.03125 2.269896812 0.8474702265 0.03125 2.334431809 0.8417303699 0.03125 2.400149124 0.8372964058 0.03125 2.464538718 0.8344243049 0.03125 2.527155079 0.8333528106 0.03125 2.585029809 0.8343128257 0.03125 2.637780887 0.8375013503 0.03125 2.682488788 0.8430902543 0.03125 2.718225543 0.8508378074 0.03125 1.747986697 0.3595581357 0.03125 1.769070585 0.3652456652 0.03125 1.782373583 0.3720404752 0.03125 1.787317392 0.3795342061 0.03125 1.782787974 0.3876917907 0.03125 1.768964719 0.3964114265 0.03125 1.745684023 0.4056323967 0.03125 1.713181616 0.4152337718 0.03125 1.672862387 0.4251340192 0.03125 1.625000464 0.4352044605 0.03125 1.573205091 0.4453634725 0.03125 1.517787728 0.4555063597 0.03125 1.463806907 0.4655678543 0.03125 1.411628004 0.4754985551 0.03125 1.366869214 0.4852648795 0.03125 1.329936364 0.4948846271 0.03125 1 3 1 1 1 1 500 0.0004
