1.463770063   -4.217244986   2.252159394   0.9918543517   -0.1016052617   0.07682002181   0.1072285867   0.9915502919   -0.07300718371   -0.06875300104   0.08064979524   0.9943684606   

3.071489836   -2.655895489   -2.917562226   0.9965565246   0.07452633753   0.03634443848   -0.07408191728   0.997161765   -0.01342698538   -0.03724194846   0.0106882842   0.999249117   

3.419425135   -3.23237947   -1.690933088   0.998714515   0.01653274781   0.04791644563   -0.01459880108   0.9990755759   -0.04043350833   -0.04854062751   0.03968200901   0.9980326376   

4.768068503   -1.503929788   0.0609749572   0.9957230138   0.01963618257   -0.09027790543   -0.01277449396   0.9970286362   0.07596519511   0.09150132337   -0.07448703845   0.9930152008   

4.989744126   0.009255044568   -0.3199498367   0.9994553562   0.01666077992   -0.02848524744   -0.01577654504   0.999395185   0.03098975345   0.0289843326   -0.03052347628   0.9991137202   

3.734591789   -2.936978952   -1.557876377   0.9932457185   0.1012901863   0.05659718112   -0.09960083617   0.9945153747   -0.03191931913   -0.05951988057   0.0260666005   0.9978867251   

4.315344446   -1.280396642   2.176783579   0.9849210298   0.1571084916   0.0724395393   -0.1530726744   0.9864945769   -0.05828555582   -0.08061836843   0.04631815565   0.9956682716   

2.540848317   -3.797920088   2.029751914   0.9969823002   0.07420256612   0.02280947713   -0.07368316138   0.9970204265   -0.02282675738   -0.02443531859   0.0210771987   0.9994791978   

1.883062563   -0.6576426943   4.584929822   0.998450791   -0.04866496079   -0.02697664911   0.04972833609   0.9979510622   0.04025878784   0.0249621833   -0.04153792244   0.998825055   

-1.503163676   -4.764952834   0.1890064802   0.9979272655   -0.03951978312   -0.05078739445   0.04349124868   0.9958750664   0.07963267817   0.04743083365   -0.08167642798   0.9955296465   

4.972110918   -0.3460599708   0.3979390912   0.9974705884   0.04280341768   -0.05674762312   -0.038102855   0.9959468705   0.08147394429   0.06000498092   -0.07910561669   0.9950586433   

0.2997824291   -4.635649147   -1.849564132   0.9989259605   0.04409515104   -0.01423176078   -0.04356139168   0.9984070777   0.03585683269   0.01579020314   -0.03519836573   0.9992555952   

4.653245338   -1.566158621   0.9457563097   0.9943379587   0.06820511265   0.08148672608   -0.05551668525   0.9872881964   -0.1489292276   -0.09060861757   0.1435621112   0.9854846517   

2.211777898   -4.004326889   -2.018267746   0.999705484   0.003970794889   -0.02394113643   -0.003088768681   0.9993191095   0.03676651796   0.02407082744   -0.03668174101   0.9990370589   

3.479943222   -3.378477279   -1.214860668   0.9989270213   0.02509021723   -0.03892669024   -0.02029623358   0.9926868045   0.1189998787   0.04162774455   -0.1180821291   0.9921309095   

-2.316660189   -4.164778671   1.512515848   0.9996930373   0.006567648331   0.02388926856   -0.002949384629   0.9889154673   -0.1484503274   -0.02459943672   0.1483343001   0.9886312776   

4.311805379   -2.38309   0.8539416992   0.9975201239   0.06874251677   -0.01510194981   -0.06820456525   0.9971040778   0.03363919318   0.01737065854   -0.03252575023   0.9993199367   

0.3154029603   -3.616816113   3.437900839   0.9960768361   -0.08230219098   -0.03251593482   0.08427464551   0.9943304851   0.06484343094   0.02699482881   -0.06732930841   0.9973655516   

3.420507718   -3.623713476   0.4108863557   0.992122647   0.1241612804   -0.01663218741   -0.1242654908   0.9922344092   -0.005381909   0.01583480394   0.007406320734   0.999847191   

1.292324038   -4.753634843   -0.8560691353   0.997934551   0.06422855169   -0.001151119295   -0.06398594356   0.9954344231   0.07082448911   0.005694818131   -0.07060454929   0.9974881286   

1.350612036   -4.03788889   -2.621316547   0.9932734748   0.1157899983   0.0006932546464   -0.1156099179   0.9920288461   -0.05013098324   -0.006492395072   0.0497136288   0.9987424112   

1.303900371   -0.6596273077   4.781708443   0.9999237332   0.008509876603   -0.008950411397   -0.008924171666   0.9988401751   -0.04731451917   0.008537389768   0.04739078565   0.9988399403   

3.306892914   -3.745780247   0.1832746473   0.9999486178   0.008423373593   -0.005639898845   -0.008277696018   0.9996437767   0.02537320309   0.005851617751   -0.02532521399   0.999662139   

4.393842432   -1.934530404   -1.397047171   0.9980836159   -0.06121370566   -0.009054162059   0.0618628619   0.9904850882   0.1229319994   0.00144288928   -0.1232565308   0.9923737933   

3.250865715   -3.460124549   1.568250684   0.9997352245   -0.02292093543   -0.002027720895   0.02297470752   0.9992089199   0.03246070303   0.001282087128   -0.03249869452   0.9994709556   

0.9014382018   -4.712410829   -1.40733555   0.9974657937   0.07114208175   -0.0008914192343   -0.0710742295   0.9969271377   0.03293533072   0.003231768017   -0.03278850887   0.9994570873   

0.4124413169   -4.121889099   2.799986145   0.9993621169   0.02727942472   -0.02304760824   -0.02303902523   0.9855913251   0.1675677272   0.02728667395   -0.1669298442   0.9855911244   

2.291464333   0.4657185933   4.419535881   0.9942859878   -0.09702836913   0.04450696544   0.09951903492   0.9933641328   -0.05765120501   -0.03861782073   0.06175107557   0.9973442077   

3.181203173   -2.008093635   3.293555272   0.9999159183   0.002971436196   -0.01262247358   -0.001885094673   0.9963603894   0.08521983809   0.012829758   -0.0851888781   0.9962822152   

4.989380002   -0.3250076707   -0.02138240593   0.99973081   0.02199072363   -0.007397000589   -0.02159811549   0.9985395385   0.04952081885   0.008475196195   -0.04934772707   0.9987456998   

-1.204977503   -3.949829307   2.819020692   0.9988316376   -0.04457010306   0.01867794689   0.04452477617   0.9990042554   0.002835832262   -0.01878574176   -0.002000887578   0.9998215303   

0.6930640419   -3.959661338   2.973338918   0.9999943398   -0.002955699527   -0.001607556684   0.00300841826   0.9994225509   0.03384544446   0.001506591437   -0.03385008909   0.999425786   

4.90329473   0.7141088101   0.6691407924   0.9908722106   0.1076722447   -0.08111072656   -0.1055599699   0.9939631029   0.02990723769   0.08384124887   -0.02107220488   0.9962562959   

2.414273393   3.844189512   2.096065595   0.9934275166   0.0913518211   -0.06896820983   -0.09414482711   0.9948180939   -0.03838895152   0.06510392241   0.04462964097   0.9968799699   

-3.521655327   3.317014649   1.263074653   0.9994111592   -0.02905230624   0.01825646143   0.02962355044   0.9990538789   -0.03184010456   -0.01731416014   0.03236217701   0.9993262277   

