-7.335325882   -3.860011209   8.12887448   0.9947135978   0.00207876034   0.1026671175   -0.01255866544   0.9947525781   0.1015361425   -0.1019173105   -0.1022887436   0.9895200224   

0.1985876438   -22.94762391   5.121620249   0.9926040727   0.1207517313   0.01249697062   -0.1194960408   0.9537276425   0.2759062888   0.02139745572   -0.2753590444   0.961103296   

-3.082855564   -4.703079641   2.079253901   0.9996216753   0.02502526913   0.01141237191   -0.02564985777   0.9979674435   0.05833580821   -0.009929306316   -0.05860646404   0.9982317823   

-0.3768338333   -4.732178988   2.455414401   0.9947606869   0.05255584354   -0.08768727992   -0.04132514699   0.9912571281   0.1253057791   0.09350619219   -0.1210255732   0.9882354996   

-5.934570244   9.418439593   3.087265149   0.9821001853   -0.03522914567   0.1850354918   0.06557306406   0.98485027   -0.1605307417   -0.1765768932   0.1697906153   0.9695317157   

2.567863769   9.419603411   -3.283796435   0.99651143   -0.03706397473   0.07477453892   0.04680792524   0.9899987322   -0.1330846659   -0.06909405205   0.1361204317   0.9882799401   

-5.848251401   9.311365701   0.6480048742   0.9955344643   -0.04157012885   0.08475290457   0.05417431926   0.9868462432   -0.1523142656   -0.07730636182   0.1562255317   0.9846914794   

-0.4560446413   14.98751154   -0.2673768057   0.9944272769   -0.05390654396   0.0906006369   0.07618568749   0.9614695072   -0.264144142   -0.07287065191   0.2695746116   0.960218411   

-1.330618385   0.7807009872   1.548919624   0.9996691002   -0.01459711163   0.02118052183   0.01527852935   0.9993590086   -0.03237496641   -0.0206943643   0.03268786077   0.9992513433   

-0.9432893151   -0.2535984861   1.431046236   0.9979543948   -0.03724267041   0.0519616149   0.03307845887   0.9963399839   0.07881910978   -0.05470686868   -0.07693906685   0.9955337958   

-0.9178266819   -0.8774056146   1.35164618   0.9977319   -0.02790424997   0.06125690629   0.03256895889   0.9965358183   -0.07652206009   -0.05890941055   0.07834357407   0.9951843878   

0.04313124085   0.2417555568   0.01985136164   0.999996269   0.002682893736   0.0005137922046   -0.002671199922   0.9997642432   -0.02154814673   -0.0005714824625   0.02154669389   0.9997676797   

1.78029829   -2.117682306   5.570184105   0.999756875   0.009512885551   -0.01989210418   -0.008770177747   0.9992732052   0.03709643435   0.02023054084   -0.03691295799   0.9991136866   

-4.079651303   -9.305171641   3.547170487   0.9993631994   0.01846090827   -0.03053507063   -0.01785903207   0.999643102   0.01986765307   0.03089094764   -0.01930967453   0.9993362226   

0.1436597016   -4.006284544   1.547617549   0.9999440488   -0.007721856241   0.007229951976   0.007411359994   0.9990888584   0.04203004635   -0.007547914442   -0.04197411094   0.9990901876   

-0.1634661635   -8.80202964   4.322130172   0.9948984156   0.05012139202   -0.08754992114   -0.04829639189   0.9985718332   0.02284190002   0.08856975307   -0.01849702484   0.9958982171   

1.838186191   -7.949504915   -1.284587495   0.9993054929   0.0226000647   -0.02962716662   -0.01930122335   0.994044237   0.1072544531   0.03187467182   -0.1066081235   0.9937900751   

0.3965467836   -9.480865574   4.611326212   0.9799553637   0.1279335018   -0.1527105242   -0.06660065343   0.9328328141   0.3541006832   0.1877547284   -0.3368322431   0.9226549745   

-1.07716256   -2.825278193   1.123764437   0.9991811658   -0.02539388364   0.0314983897   0.02833722013   0.9948984065   -0.09682025971   -0.02887905531   0.09763355677   0.9948033417   

0.5491016341   -1.489898307   1.10555926   0.9992882658   0.03595456173   -0.01141189398   -0.03398648107   0.9894000909   0.1411820784   0.01636706869   -0.1406937442   0.98991787   

-0.1612783059   0.6999624581   0.9356426911   0.9987872004   -0.02080749383   0.0446226011   0.02493758645   0.9952510624   -0.09409271777   -0.04245285751   0.09509138213   0.994562911   

-11.39713573   17.05303458   -1.911741703   0.9861605163   -0.0209165517   0.1644686413   0.03102177341   0.9977690459   -0.0591149788   -0.1628652378   0.06339896693   0.9846093059   

1.595321701   10.0296986   -8.685290784   0.9883798075   -0.02603089201   0.1497589691   0.01115249943   0.9949906923   0.09934356592   -0.151594782   -0.09651898774   0.9837190184   

-1.496099151   6.467175709   -0.9313976903   0.9989438952   0.003706936264   0.04579686543   -0.0018290408   0.9991583362   -0.04097894278   -0.0459102262   0.04085190039   0.9981099004   

-5.374427813   7.821109294   9.233614171   0.9984197527   0.05033086505   -0.02499603046   -0.05560189043   0.9492705181   -0.3095059178   0.008150294202   0.3104066484   0.9505689272   

-2.65059337   6.183843107   -3.125692593   0.9975661331   -0.03681085331   0.05921799667   0.03321197581   0.9976063774   0.0606504769   -0.06130884694   -0.05853611504   0.9964008975   

-3.107979351   7.067164789   -6.446744051   0.9980577138   -0.03622407438   0.05068151873   0.03255162628   0.9969093132   0.07149973986   -0.05311488993   -0.06971110105   0.9961521826   

-1.080535171   5.676987892   3.714555833   0.9985251492   0.05186140026   0.01605993478   -0.04763587375   0.9788217771   -0.1990948324   -0.0260451507   0.1980361682   0.9798486241   

-0.10030385   2.149425986   0.8756384188   0.9999621592   -0.005774246564   0.006506783874   0.005725802197   0.9999559343   0.007439403289   -0.006549454097   -0.007401865218   0.9999511573   

-0.4384916326   -1.707198371   2.102490911   0.9999241551   -0.006819825459   -0.01025544274   0.007213839471   0.9992175768   0.03888694798   0.009982216449   -0.03895797972   0.9991909883   

0.3785934575   -0.9719252445   -0.3566294008   0.9984996751   0.03130631456   -0.04492564335   -0.03296891129   0.998780254   -0.03675670021   0.04372012866   0.03818270277   0.9983138943   

0.4526288667   -1.270613988   -1.342877009   0.9997518414   -0.00749913781   -0.020976617   0.009113186269   0.9969164227   0.07793969422   0.02032745348   -0.07811151663   0.9967373704   

0.5730822941   -1.090267477   1.831067403   0.9946464776   0.04599183771   -0.09253721106   -0.05006769524   0.997853212   -0.04221603059   0.09039696046   0.046623151   0.9948138878   

7.418609489   -17.56066347   26.93640472   0.9831352011   0.0790316466   -0.1649217247   -0.1220983603   0.9550314902   -0.2701977852   0.1361512646   0.2857776261   0.9485747106   

13.15499629   -23.3844512   8.690108506   0.7868292097   0.5112691154   -0.3456930523   -0.3380548792   0.8256562116   0.4516754574   0.5163513275   -0.2385282202   0.8224874435   

-1.389996946   -10.43639934   -6.928650354   0.9838928072   0.1701691769   0.05474847262   -0.1776961892   0.9643956517   0.1958700877   -0.01946813732   -0.2024437654   0.9791003592   

0.1084653277   -7.219647106   -3.50685807   0.9977358027   0.05582206704   -0.03751219488   -0.05309028561   0.9961157658   0.07024815096   0.04128788572   -0.06809756215   0.9968239727   

0.3009051576   -4.996281718   -3.102703855   0.9988902504   0.04645964956   0.007731014248   -0.04678141608   0.9977226162   0.04859094904   -0.005455889297   -0.04889869305   0.9987888421   

-4.315186172   -2.668583243   -0.9816731867   0.999933506   -0.00997881745   0.005779854228   0.01005359863   0.9998642104   -0.01305702401   -0.005648775725   0.01311426414   0.9998980485   

1.946161627   -4.479382703   -5.283025056   0.9994771793   -0.02559680188   0.0197527686   0.0262807296   0.9990354243   -0.03517874743   -0.01883325213   0.03567947242   0.9991858105   

3.269834141   -1.937841063   -4.783957096   0.9991440808   -0.04101263989   0.005391579891   0.04122695657   0.9979617671   -0.04870985036   -0.003382871043   0.04889043709   0.9987984188   

10.32933786   2.240479678   -4.267812979   0.9995527248   0.02816449891   0.01005541053   -0.02846552066   0.9991087896   0.03116633825   -0.009168664744   -0.03143863082   0.9994636302   

-3.933467504   31.73302019   -14.7635894   0.9184558339   -0.168193205   0.3579803445   0.2873080934   0.9057435129   -0.311581046   -0.2718325601   0.3890240797   0.8802086825   

-1.769703229   6.003281616   3.102846844   0.999789538   0.004589532718   -0.01999539695   -0.004666195175   0.9999819347   -0.003789037646   0.01997764582   0.003881542622   0.9997928922   

-3.563166487   9.824143953   -2.865926072   0.9825596026   -0.0878558417   0.1638840395   0.1072848423   0.9877022403   -0.1137288314   -0.1518768907   0.1293276287   0.9799019209   

-2.163014786   8.100149921   -7.006012436   0.9928233868   -0.01443139518   0.1187158683   -0.01959998204   0.9596332884   0.2805704768   -0.1179727225   -0.2808837599   0.9524635164   

0.2865153955   7.095329966   -3.384820405   0.9824755145   0.01050198385   -0.1860955982   -0.0288190579   0.9949641835   -0.09599862183   0.1841502789   0.09967939519   0.9778306054   

4.159871856   4.129338658   -1.922022203   0.9996436353   0.00566789892   0.02608596213   -0.006895420967   0.9988611839   0.04721004541   -0.02578867325   -0.04737309511   0.9985443076   

14.22041235   1.173230979   -16.83090811   0.967103998   -0.01552034458   -0.2539074162   -0.03014219693   0.9841134965   -0.1749630648   0.2525892022   0.1768608068   0.9512722796   

4.953612854   -1.853423778   0.2656583211   0.9997819892   -0.02044588428   -0.004235553751   0.02026248689   0.999011336   -0.0395699663   0.005040409163   0.03947551677   0.9992078252   

5.538144256   -6.843130319   5.812531922   0.9862579235   0.1085477466   -0.1245499702   -0.09903293571   0.9918458732   0.0802137241   0.132241393   -0.06677687177   0.9889656533   

7.6553544   -7.181894828   -7.734178012   0.9937162898   -0.09712391711   -0.05563164649   0.08786856379   0.9848084308   -0.1497713932   0.06933289886   0.1439420003   0.9871543191   

3.161866423   -8.174825219   3.153546848   0.9642520469   0.2297512658   -0.1320316095   -0.2091988971   0.9658490913   0.1528769255   0.1626462772   -0.1197910212   0.9793856747   

-9.202948115   -6.305545825   2.194858093   0.960858421   0.04366872829   0.2735765649   -0.07505901112   0.991599279   0.1053423689   -0.2666781573   -0.1217534887   0.9560642491   

3.54496188   -2.475711476   -4.425051736   0.9978490851   -0.0605634074   0.02508539661   0.0624329948   0.994671582   -0.08204002191   -0.01998310786   0.08342971724   0.9963132829   

0.9098114941   0.1307866917   0.07047943852   0.9854314589   0.1170920341   -0.1233462415   -0.1013811771   0.9867392303   0.126757833   0.136552908   -0.1124061692   0.9842348076   

0.2285459294   -6.744370763   3.049943141   0.9955262896   0.0633504163   -0.07010086675   -0.05852165728   0.9959044712   0.06891661592   0.07417966294   -0.06450588404   0.9951564543   

0.08642100902   -0.5564979475   -0.1179158246   0.9997765552   0.01740767154   0.01199219441   -0.01759061137   0.9997278636   0.0153221795   -0.01172220742   -0.01552970587   0.9998106911   

-2.458121722   -2.912086419   2.971249995   0.9854747192   0.03353345481   0.1664784831   -0.0350276271   0.9993680542   0.006046291819   -0.1661705246   -0.01178981396   0.9860265499   

-3.67304912   -2.55318402   3.578855425   0.9696125961   -0.0809777231   0.23085498   0.1248653318   0.9752735247   -0.1823463765   -0.2103807557   0.2056311272   0.9557488044   

-3.456169478   -2.97084955   3.006151767   0.9795158195   0.1993900366   0.02814911576   -0.1898694594   0.8679583263   0.4589095033   0.06706972323   -0.4548537756   0.8880369897   

-2.120474236   1.590485364   -0.3122723933   0.9999921043   -0.003950719908   -0.0004279058372   0.003947021716   0.9999575684   -0.008323608854   0.0004607719277   0.00832185418   0.9999652666   

-1.561684587   4.221212153   -1.157958049   0.9974761274   -0.03074597731   0.06400047057   0.03978550967   0.9886102497   -0.1451443673   -0.05880891577   0.1473243328   0.9873383677   

-0.6837064182   1.883419583   0.9200968606   0.9972667407   -0.07362536525   -0.00619301395   0.07116538183   0.979707033   -0.1873756066   0.01986293679   0.1864227323   0.9822688169   

0.1657335032   1.463521051   -0.5641426891   0.9983779557   0.02470762928   0.05129318388   -0.02766339886   0.9979483998   0.05773844144   -0.04976137077   -0.05906373094   0.9970131803   

