-3.728552138   0.2517335378   2.578165742   0.9995309085   0.02711787283   0.0142332006   -0.02746119347   0.9993224146   0.02450703185   -0.01355897781   -0.02488639648   0.99959833   

-1.731047862   -0.1293201059   0.9926425698   0.9997566047   0.01935381513   0.01059061848   -0.01953953734   0.9996519831   0.01772340594   -0.01024391725   -0.01792602793   0.9997868371   

-3.887967435   0.9430317362   3.979259662   0.9995480365   -0.02494591934   -0.01677568891   0.02453204956   0.999400255   -0.02443990148   0.01737530359   0.0240173135   0.9995605372   

-5.101241094   1.567740588   -1.427024768   0.9976740303   0.008594320952   0.06762149722   -0.01107631672   0.9992753562   0.03641534888   -0.06725953052   -0.037079645   0.9970462655   

-4.432975844   0.7260955412   4.478868572   0.9992853351   0.01109074711   -0.03613605263   -0.01133270069   0.9999146713   -0.006497689713   0.03606090496   0.006902565111   0.9993257556   

-7.368799722   1.602922171   -1.470618235   0.9966261553   0.02481993069   0.07823220276   -0.02880296169   0.9983236381   0.05020261897   -0.07685503176   -0.05228656227   0.9956703368   

-6.19779576   3.156559463   1.286230531   0.9999439457   0.007676880365   -0.007291838384   -0.00764797118   0.9999628165   0.003984239841   0.007322153781   -0.003928248738   0.9999654769   

-4.572763483   0.3133736298   1.605941109   0.9998213822   -0.01587510945   0.01025595039   0.01597657023   0.9998234741   -0.009887865308   -0.010097169   0.01004995407   0.9998985177   

-8.692737642   1.716176107   1.616400325   0.9995805882   -0.02083172041   -0.02011683558   0.02031067187   0.9994616226   -0.02576706211   0.02064277736   0.02534766865   0.9994655429   

-5.35642857   1.852557062   5.849109277   0.9751876895   0.04557263267   -0.2166381901   -0.05598098595   0.9975417189   -0.04215030604   0.2141847321   0.05323207904   0.9753416049   

0.0624800663   -0.422812295   0.002784176701   0.998134757   -0.05205574448   0.03189367295   0.05252585528   0.9985202534   -0.01408325184   -0.03111336424   0.0157322256   0.999392043   

0.8238244181   -2.172259537   -0.1461207056   0.9955981322   -0.08502125153   0.03944294429   0.08616475182   0.9958801372   -0.0282557594   -0.03687810474   0.03152997279   0.9988222395   

-0.02586653401   -0.07832279917   -1.419492133   0.999957786   0.008055017782   -0.004420745749   -0.008044581658   0.9999648251   0.002373442198   0.004439708369   -0.002337778955   0.9999874118   

-6.669579741   5.835005769   10.49450554   0.9193402777   -0.0198312873   -0.3929633238   -0.06034188097   0.9798081095   -0.1906172235   0.3888088363   0.1989542373   0.8995804023   

1.336052132   0.07143639881   -1.696460523   0.9975502838   0.06954134108   0.007578462164   -0.06958261044   0.9975619807   0.005324938008   -0.007189682397   -0.005839222601   0.9999571051   

-5.870202242   3.415448143   -2.596648301   0.9999914614   0.004062723799   0.0007558732562   -0.004063071446   0.9999916404   0.0004589609429   -0.0007540023058   -0.000462028191   0.999999609   

0.5675622233   0.5358128664   -2.655781659   0.9971222752   0.07530663518   0.00872232593   -0.07535995627   0.9971386168   0.005954491959   -0.008248955259   -0.006594670671   0.999944231   

-2.210253924   -0.1714424198   -3.654043732   0.9965061982   0.04107318401   0.07272132037   -0.0429113667   0.998793042   0.0238971526   -0.07165201664   -0.02693423193   0.9970659635   

-0.02101441332   0.05114265781   -0.3338232751   0.999444867   -0.01595627445   0.02924645454   0.01577566599   0.9998551007   0.006395783582   -0.02934426963   -0.005930850774   0.999551769   

-1.07933199   1.492143077   -0.9474715791   0.9286473161   -0.3695628183   0.03221002212   0.3707630082   0.9274959222   -0.0478132402   -0.01220466837   0.05634392189   0.9983368212   

0.5917676576   0.5750748555   -0.8320028896   0.9543779104   -0.2980217788   0.01859632804   0.2985721037   0.9533043777   -0.04544735925   -0.004183658084   0.04892630054   0.9987936294   

0.968374852   0.4279616958   0.01629741663   0.9996982895   0.02294653404   -0.00876279578   -0.0230167638   0.9997030735   -0.007999591932   0.008576630965   0.008198869572   0.9999296075   

1.078125428   2.143592943   -0.9475802318   0.9934403445   -0.1121271787   0.02244499165   0.1118470629   0.9936354463   0.01337289298   -0.02380160405   -0.01077476501   0.9996586358   

-2.833485442   -2.964841666   -4.456842233   0.9991275076   -0.02359619571   0.03445929662   0.02152888848   0.9980152221   0.05917874148   -0.03578729574   -0.05838523813   0.9976524612   

-2.602663683   -2.540866316   1.865752228   0.9998616331   0.0126275972   -0.01082859378   -0.01279280045   0.9998007226   -0.01532512428   0.01063291639   0.01546153183   0.9998239256   

-3.423087662   -3.830715304   -1.251559195   0.9985457148   0.04968369721   -0.0209281065   -0.0500796972   0.9985674607   -0.01884277858   0.01996194726   0.01986344904   0.9996034034   

-1.406091138   -2.619229449   -1.24892104   0.999177218   0.03355456299   0.02278109636   -0.03459208434   0.9983056356   0.04678937499   -0.02117249985   -0.04753892314   0.99864497   

18.4866956   -21.86899772   0.8454475526   0.9946504165   -0.06404494714   0.08104809546   0.05488035476   0.992343277   0.1106479425   -0.08751397428   -0.1056080739   0.9905494632   

12.05361368   -4.604018513   -1.036306742   0.9992972619   -0.02811525481   0.0247894086   0.02748900257   0.9993031085   0.02525177317   -0.02548209311   -0.02455259167   0.9993737205   

4.820394739   2.076371707   4.262009177   0.9994027512   -0.03383951433   -0.00700200596   0.03349925214   0.9984676648   -0.04404682006   0.008481799539   0.04378595119   0.9990049297   

3.499879051   8.150230795   -6.659934516   0.995182478   -0.07131425796   0.06727638641   0.06454506144   0.9930985946   0.09792403428   -0.07379546464   -0.09310992459   0.9929173034   

6.254623568   1.820679564   -6.022690996   0.9941048595   -0.1012838769   0.03869243712   0.1028296937   0.9938823348   -0.0402983693   -0.03437415467   0.04403953621   0.9984382488   

4.510280819   -1.432663365   -1.290077208   0.9998773154   0.005019296322   -0.01483781979   -0.005775376506   0.9986634712   -0.05136064995   0.0145601943   0.05144004278   0.9985699388   

-2.49473477   20.89759198   -11.03311645   0.9550672176   0.2915397308   0.05339658517   -0.2864450676   0.861645933   0.4189457117   0.07613036953   -0.4154165036   0.9064399017   

-0.2884837883   -0.09248588602   0.6716586179   0.9995615017   0.02938272427   -0.003668756309   -0.02921980253   0.9988301077   0.03853075467   0.0047966028   -0.03840665867   0.9992506798   

-2.121588149   -2.303947493   -0.3506303519   0.9786618309   0.2054423736   -0.003801571669   -0.1970912652   0.9437901026   0.2653587675   0.05810382076   -0.2589472406   0.9641422471   

13.49779756   -0.07254963742   -16.75963356   0.928465749   0.3583127682   -0.09779219315   -0.290905645   0.8652416008   0.4083269254   0.2309226247   -0.3506692636   0.9075823979   

-1.787424068   -7.253037868   4.682881859   0.9992669775   0.03340194883   -0.01870341115   -0.0326318837   0.9986640642   0.04006553503   0.02001669155   -0.03942583855   0.9990219894   

6.164173904   21.03530952   -5.626847254   0.9650487995   -0.242813657   -0.09860194009   0.2244092354   0.9599702148   -0.1676236313   0.1353562325   0.1396377982   0.9809077304   

-0.05139716771   -2.307668409   0.0530621595   0.9825781673   -0.09181796339   0.1615846738   0.1050669053   0.9915996691   -0.07543899334   -0.1533006544   0.09110190943   0.9839712148   

0.8537289342   -0.9283762253   -0.1676721274   0.9999163337   -0.00480778009   0.01200878473   0.004852766253   0.9999813068   -0.003719778802   -0.01199067637   0.003777743407   0.999920973   

-3.093065748   1.304158393   2.839791545   0.9452384327   -0.2476084724   0.2126366614   0.2945951774   0.9277080727   -0.2292845683   -0.1404919456   0.279370321   0.9498495865   

-3.565600055   5.399823393   -2.53461498   0.9473287065   0.2931417979   -0.1289814256   -0.2475888693   0.9258007063   0.2856445415   0.2031454494   -0.2386649086   0.9496162318   

-10.55831457   9.405621361   -2.610488822   0.9920414397   0.006692294282   0.1257338263   -0.008994306789   0.9998020031   0.0177498442   -0.1255901443   -0.0187394696   0.9919052112   

0.5304743015   6.73550713   0.598916459   0.987079666   -0.0806987707   -0.1384248584   0.06557351923   0.9917048364   -0.1105514856   0.1461979706   0.1000461183   0.9841833811   

-8.354559804   3.924278338   7.683646738   0.997162888   -0.05914021107   -0.04656834032   0.05583765167   0.996033168   -0.06928264504   0.05048100179   0.06648581565   0.9965095608   

-6.497361363   4.93375641   1.814410571   0.9979880556   -0.001315095958   -0.06338857469   -0.0001183831412   0.9997444651   -0.02260509678   0.06340210457   0.02256712072   0.9977328792   

-3.706760845   0.3942978871   -2.563361527   0.9908865534   -0.04698805518   0.1262377157   0.04594233454   0.9988814832   0.0111841118   -0.1266220364   -0.005282530625   0.9919369712   

9.049904723   -22.72992165   1.522223761   0.7771222758   -0.3316689331   0.534861372   0.4263272695   0.902595002   -0.05972705879   -0.4629535913   0.2744412162   0.8428261927   

-15.62163059   -13.30559119   4.695323097   0.9035023612   -0.3314991702   0.2716464311   0.0925041625   0.7697200262   0.6316439354   -0.4184811385   -0.5455633615   0.7261089142   

-14.01439905   -4.220646654   -5.634425342   0.935203707   0.001253147636   -0.3541079723   -0.03513816086   0.9953867533   -0.0892777746   0.3523625066   0.09593560865   0.9309334149   

