-0.9452001257   -0.6704672662   1.145544561   0.9889893701   -0.1071585299   0.1020640743   0.1192074124   0.9855461898   -0.1203673572   -0.08769047046   0.1312088309   0.9874687965   

-9.889017081   3.634171131   6.220691033   0.9814771094   -0.08263582382   0.1728409798   0.09946634258   0.9908632906   -0.09108449921   -0.1637349394   0.1065892111   0.9807291215   

-11.31960557   30.2201073   7.969784959   0.9459908864   0.01883894869   -0.3236453875   -0.03542386027   0.998339285   -0.04542930929   0.3222520644   0.05444048155   0.9450872134   

1.567852056   -0.4961077718   -0.08475908807   0.9955942359   -0.02834972854   -0.08937790734   0.0246105264   0.9987863143   -0.0426640404   0.09047894461   0.04027643535   0.9950835992   

-1.028978183   1.463531705   -0.9482123268   0.994341243   -0.1037781009   -0.02270678888   0.1017627602   0.9918386083   -0.07681481424   0.03049316543   0.07406943236   0.9967867806   

4.15833692   -2.404758057   1.113464428   0.9757982766   0.08808253068   -0.2001479231   -0.09362154683   0.9954385287   -0.01836141618   0.1976176341   0.03665519643   0.9795936235   

0.9251309774   -0.02331180044   1.180435047   0.9985902944   -0.02013698834   -0.04911135983   0.01907180927   0.9995746744   -0.02206210396   0.04953473584   0.0210943604   0.9985496171   

-3.415714062   2.62458259   1.655868531   0.9966642783   0.07828396891   -0.02306375212   -0.07792573855   0.9968300745   0.01604312206   0.02424656102   -0.01419234675   0.9996052629   

-8.690528454   3.563410005   7.737321296   0.9844790717   0.163924153   0.06268835135   -0.1672588982   0.9845279112   0.05224225446   -0.0531546643   -0.06191659075   0.9966648973   

-1.526248956   0.08226862304   1.520604618   0.9964235229   0.08232536226   -0.01904462299   -0.08180121695   0.9962873348   0.02683481737   0.02118310274   -0.02518096993   0.9994584508   

-1.029334104   28.90932207   -3.418607462   0.2910413738   0.01944457275   0.9565128475   0.04947782626   0.9981495985   -0.03534577408   -0.9554301981   0.05761325912   0.2895407552   

3.67705092   2.468546984   2.254547142   0.9947619404   -0.001455540896   0.1022084304   0.001765382994   0.9999941167   -0.002941083031   -0.1022035482   0.003106114488   0.9947586576   

4.340431066   -0.5089618038   -0.03444935889   0.9906824181   0.0528656338   0.125513231   -0.009677826225   0.9465847557   -0.3223098508   -0.1358480257   0.3180920071   0.9382764992   

1.181150558   4.530639896   3.735330189   0.9614657912   0.1073481028   -0.2531006067   -0.1404750288   0.9831912547   -0.1166264246   0.2363266777   0.1476866326   0.9603844855   

1.335554979   2.946515632   3.305879149   0.9991182373   -0.01085137302   -0.04055854454   -0.007536164386   0.903981779   -0.4275045607   0.04130319671   0.427433259   0.9031029039   

-4.441893407   0.4670780412   5.599836874   0.9954646355   0.09209747493   -0.02383725305   -0.08166764406   0.9558188949   0.2823838454   0.04879093599   -0.2791563994   0.9590052916   

-7.300913588   2.234724161   4.404121282   0.9921755592   0.02750200034   -0.1217838239   -0.05420033845   0.9736062001   -0.2217054138   0.1124721436   0.2265714174   0.9674788937   

-8.515057721   3.391461483   -4.628810817   0.9963865966   -0.04672531316   0.07092598483   0.03926307581   0.9938869778   0.1031847189   -0.07531375101   -0.1000270986   0.9921302427   

-1.124043006   0.06887904044   -1.177567262   0.9994480333   -0.01617057049   0.02901967278   0.01478349551   0.9987669699   0.04739185691   -0.02975024401   -0.04693668598   0.9984547413   

-0.583712027   1.992992013   0.2956208452   0.9996585869   0.004563652761   -0.0257270811   -0.006499512561   0.9971115724   -0.075672112   0.02530742904   0.07581349004   0.996800807   

-1.001327679   4.87837642   -2.622099326   0.9991200596   0.02311838565   -0.03499495287   -0.02461741839   0.9987704914   -0.04302892299   0.03395716704   0.0438525455   0.9984607479   

-3.30344861   8.214666068   -1.635140993   0.940203663   -0.2803380811   0.1934622245   0.340432189   0.7549217095   -0.5605346886   0.01109038574   0.5928775361   0.8052162632   

-5.866476681   2.763490304   -2.072426213   0.9964953411   0.03802656612   -0.07450513749   0.02174770761   0.7422881818   0.6697277748   0.08077173056   -0.6690009233   0.7388597243   

1.783352846   3.470911976   -0.05952175568   0.9977339904   0.04632522055   -0.04879404003   -0.04722608481   0.9987313764   -0.01747383016   0.04792265972   0.01973858576   0.9986560003   

18.52679925   -22.13379295   26.57238206   0.9937571404   0.06187064014   -0.09283732962   -0.0917815179   0.9264639561   -0.3650214938   0.06342632619   0.3712634669   0.926358753   

1.213662087   2.06665655   -0.6599061417   0.9898352318   0.1343649508   -0.04660765838   -0.1306952969   0.9886238305   0.07444233412   0.05607988232   -0.0675942433   0.9961355656   

1.475219547   1.071161687   -0.2775591179   0.9949937964   0.07612456707   -0.06474871045   -0.08034503458   0.9946266674   -0.06528757855   0.05943080544   0.07016297302   0.9957635947   

-0.9962690473   -7.316078095   1.856730534   0.9467741674   0.2529361361   -0.1991029559   -0.2802672135   0.9519603946   -0.1233762381   0.1583318195   0.1726114658   0.972181216   

-0.2098199802   0.2846766723   -0.4647563695   0.9999136692   0.008645652092   0.0098947925   -0.008790334415   0.9998537029   0.01467320111   -0.009766485528   -0.0147589129   0.9998433829   

-3.986316494   5.190156681   -5.929839711   0.9647220149   -0.1260119848   0.2311545232   0.05742231783   0.9575859115   0.2823683755   -0.2569321142   -0.2591335596   0.9310401103   

1.196643501   -0.9134495982   -5.311417732   0.9213773404   0.3448384628   0.1793048552   -0.3864406689   0.7634529428   0.5174970663   0.04156207346   -0.5461007588   0.8366878482   

11.11798512   -2.473220151   -15.82397066   0.9928768531   0.09138329837   0.07645029286   -0.101745219   0.9841934851   0.1449520411   -0.06199568455   -0.1516979783   0.9864807441   

2.616651798   -6.628621689   1.391003303   0.9131328137   0.3256308924   0.2452610579   -0.4076056553   0.7192680481   0.5625931965   0.006789282253   -0.6136921027   0.7895162498   

0.469267046   -0.7533889547   0.2097078134   0.999882748   -0.007527943144   0.01333492617   0.008365130683   0.9979224737   -0.06388083436   -0.01282633122   0.06398489261   0.9978684376   

-4.774037074   -2.232864501   -0.345078709   0.9997628369   -0.02141014743   -0.003984404796   0.02119373859   0.9986158361   -0.04813769188   0.005009524807   0.04804183097   0.9988327623   

-6.472076153   -2.755905232   -3.439053158   0.9990017382   -0.01444513253   0.04227132769   0.02111043254   0.9866046369   -0.1617579678   -0.03936847263   0.162488857   0.9859246902   

-1.198050976   0.1017043367   -1.20425339   0.990600775   0.01089461993   0.1363503277   0.04156523624   0.9257104946   -0.3759420319   -0.1303166748   0.3780759018   0.9165566959   

-0.1370361312   0.2086470235   0.2852739212   0.9999459016   0.009707603747   0.003735802993   -0.009984306847   0.9964974671   0.0830247653   -0.002916746697   -0.0830575732   0.9965404819   

-0.3374440764   3.519507431   3.597103463   0.9997659525   0.01983022899   0.008648829077   -0.02102423402   0.9848231248   0.1722828906   -0.005101157707   -0.1724244032   0.9850095448   

-6.98135471   8.803961772   7.407588682   0.9949077671   0.02988311783   0.0962576447   0.008926071734   0.925159379   -0.3794739103   -0.1003935264   0.3784007434   0.9201815132   

-0.9787167303   -1.563899179   0.5346207875   0.9996849047   -0.001528491366   -0.02505504027   0.002755904518   0.9987936216   0.04902760901   0.02494987613   -0.04908120994   0.9984831188   

0.02469129969   -2.168761453   -1.413134587   0.9999609963   0.002046247226   -0.008591778977   -0.0006140562459   0.9865445716   0.1634913795   0.008810716692   -0.1634797269   0.9865073493   

-1.558072423   1.509914476   -2.777878335   0.9962344114   -0.01333852219   -0.08566843809   0.02699226653   0.9867053073   0.1602624541   0.08239183823   -0.1619713569   0.983349818   

0.2618380139   -0.9262689236   -0.3581330958   0.9679518694   -0.08854848938   -0.2350071139   0.1084229411   0.991419694   0.07301682063   0.2265251518   -0.09615693049   0.9692472339   

0.331192476   -2.415269731   1.47328998   0.988938021   0.04380143619   -0.1417145893   -0.006531188241   0.96733707   0.2534094249   0.1481854724   -0.2496806505   0.956922483   

-0.7066434394   0.1698056094   0.0911682312   0.9838182385   0.1582973961   0.08392620559   -0.1664577943   0.9808321893   0.1012917527   -0.06628330327   -0.1136228448   0.9913104321   

-0.6690935157   -1.405935428   3.059106989   0.9972117663   -0.05445766494   -0.05102015198   0.05608146589   0.9979462523   0.03095394587   0.04922968984   -0.03372892395   0.9982178106   

1.236600752   -0.34075407   -1.843393302   0.9829073889   -0.1412915053   0.1180244694   0.17783612   0.8944963709   -0.4101835648   -0.04761700622   0.4241614703   0.9043338254   

1.807779029   -4.507377847   1.127052142   0.9837645744   0.02920128666   -0.1770721521   0.009812667728   0.9764448726   0.215543783   0.1791953508   -0.2137818881   0.960305332   

3.578384886   10.16650102   -2.037644347   0.7591796759   -0.3989008442   0.514319294   0.6300795037   0.2522296764   -0.7344249515   0.163236144   0.8816225422   0.4428268899   

0.1782064381   3.364014744   4.63625857   0.9926585889   0.09218996846   -0.07829390476   -0.08868461723   0.9949439318   0.04713397168   0.0822433248   -0.03984447685   0.9958154715   

-12.30018164   7.23461024   -8.118702975   0.9984919086   0.02604988542   0.04832506534   -0.03117521933   0.9936037178   0.1085345919   -0.04518865091   -0.1098774563   0.9929173835   

14.61233987   -13.49478829   -0.3089147494   0.9950987977   -0.02739649586   0.09501481419   0.02122932212   0.9976384109   0.06532164198   -0.09658001234   -0.0629843873   0.9933303923   

-0.8127556002   -11.0444466   -2.958361301   0.995995477   0.03656705341   0.08158345661   -0.05391178386   0.9736038677   0.2217859969   -0.07131990851   -0.2252961594   0.9716764437   

11.11368189   -5.601888774   -0.9486685659   0.9998144382   -0.01921903371   -0.001310714882   0.01907960033   0.9973493988   -0.07021499526   0.002656705061   0.07017695812   0.9975310203   

-0.3175283002   -2.52843576   3.681712247   0.9994475846   -0.03271547947   -0.005850041093   0.03174684592   0.9918789719   -0.1231594203   0.00983175223   0.1229056648   0.992369656   

3.633926775   15.05232614   -5.368229919   0.6784936429   0.7343760483   -0.01839011061   -0.09018804729   0.1081175495   0.9900387425   0.7290490331   -0.6700764248   0.1395890118   

2.843392557   2.373646095   -1.587863839   0.9890712873   -0.0665766653   0.1315505085   0.09719319884   0.9653459529   -0.2421996558   -0.1108669056   0.2523385401   0.9612667634   

5.265202522   4.653010504   -6.649353465   0.9904052949   -0.1123784245   0.08042662261   0.1265858971   0.9712193836   -0.2017645153   -0.05543791648   0.2100095204   0.9761263436   

3.251407428   1.278541282   -3.804170234   0.998962302   0.01686204201   -0.0423082829   -0.01426818103   0.9980431898   0.0608786517   0.04325203201   -0.0602118158   0.997248113   

8.206234781   3.051981047   -3.59298691   0.9991359147   0.03808905468   -0.01663273419   -0.03708199823   0.9976765641   0.05715241812   0.01877097067   -0.05648625853   0.9982269047   

