0.01465672966   -0.4932557966   0.5790048182   0.9919474195   0.1152359849   0.0525450726   -0.1184991157   0.9908953708   0.06390871465   -0.04470208552   -0.06962062922   0.9965714684   

-0.2244234394   1.096915989   0.6880188477   0.9953688951   -0.09538032809   0.01197311935   0.09578243039   0.9946235895   -0.03936548295   -0.008154054268   0.04032999174   0.999153143   

-6.793693315   2.815726847   6.237832126   0.9928995362   0.01405428654   -0.1181227666   -0.01905774279   0.9989635381   -0.04133584331   0.117419391   0.04329349296   0.9921382767   

-10.55805783   2.722900048   -2.855098251   0.9688655507   -0.04634320713   0.2432115371   0.02450632047   0.9954522113   0.09205615247   -0.2463716397   -0.08322981499   0.9655950564   

-4.739275006   0.6004942102   0.3669759492   0.9797075909   0.1503664973   0.1325252913   -0.1697311617   0.9740781969   0.149542633   -0.1066037948   -0.1690017244   0.9798336839   

-5.134298598   6.275634935   3.756082804   0.9835330798   -0.1010375962   -0.1498468723   0.08417974098   0.9898064569   -0.1148779746   0.1599263961   0.1003722173   0.9820127116   

-10.95014403   2.709059783   -4.118031208   0.9889542795   0.02360315465   0.1463295054   -0.03316796453   0.9974449223   0.06327332055   -0.1444621722   -0.06742787299   0.9872102931   

-3.035396833   0.7631661217   -0.7933624153   0.9996790692   0.02491621555   -0.004576115999   -0.0248212967   0.9994969166   0.0197437804   0.005065754119   -0.01962385888   0.9997946001   

-1.573958452   -0.3137828016   0.4391597942   0.9758302441   0.1251836125   -0.1791211821   -0.1146959398   0.9910845017   0.06779639975   0.1860112257   -0.04561330499   0.9814882833   

-6.383265984   3.893450013   -1.918267849   0.9942536662   -0.06826036495   0.08246314274   0.07106100962   0.9969739767   -0.03151543524   -0.08006235224   0.0371942512   0.9960956819   

-12.02601529   1.227245252   -3.650134409   0.9931782835   -0.02415572654   -0.114076282   0.0204011089   0.9992147135   -0.03396691224   0.1148071949   0.03140791694   0.9928911576   

-4.163357926   2.824726836   -0.5789048163   0.9905718221   -0.1205456666   -0.06508615396   0.1154012802   0.9902722363   -0.07773958137   0.07382418089   0.06949561328   0.9948468978   

-1.452497252   1.374330833   -1.730015638   0.999132155   0.000186073548   -0.04165215638   -0.0007649927094   0.9999033284   -0.01388339295   0.04164554647   0.01390320792   0.9990357097   

-3.278359521   0.5038756827   -0.8530444719   0.9884889923   0.1072474848   -0.1067121787   -0.1068521066   0.9942301829   0.009432431384   0.1071080735   0.002078566497   0.9942452113   

-2.995429801   1.786694916   -2.270686701   0.9936020941   -0.083302786   -0.0762595862   0.08044551897   0.9959637855   -0.03980774271   0.07926788202   0.03341831453   0.9962930388   

-13.21387348   -3.504941744   -14.84819976   -0.1095273158   0.9915070061   -0.0701257721   -0.9503228243   -0.08377549158   0.2997802471   0.2913593943   0.0994762476   0.9514274431   

6.374948492   48.23921401   -18.72085615   -0.302926125   -0.1449788032   0.9419219232   0.6418771854   -0.7616008878   0.08920631443   0.7044355483   0.6316211161   0.3237673918   

11.26499679   5.078446779   -4.455865452   0.9987785246   0.04797305958   -0.01183402977   -0.04747436931   0.9980978727   0.03932964322   0.01369828326   -0.03871978993   0.9991562115   

-0.9083843108   -24.43274005   14.51226733   0.6586912181   -0.6017328077   0.4517117525   0.7412481962   0.4159224463   -0.5268392832   0.1291394239   0.6818549309   0.7199978211   

11.07426715   22.16667253   -4.061628066   0.7350969633   0.6746681128   0.06674872373   -0.5455251004   0.5301682276   0.649094766   0.4025354882   -0.5135606956   0.7577734441   

14.4218988   -61.31529612   22.26272884   0.8129056247   0.5797531138   0.05541455035   -0.4843359816   0.6201277188   0.6171387763   0.3234240285   -0.5285148432   0.7849006041   

0.6368102769   -2.633902976   0.8678310709   0.9967899714   0.02988927907   -0.07427236273   -0.0292663761   0.9995268703   0.009461222775   0.0745200114   -0.007257169077   0.9971931114   

-0.2223494944   1.414472133   0.7643165271   0.9370166612   -0.2960384873   0.1853671781   0.3365443282   0.9072340484   -0.2523178481   -0.09347562136   0.2988103   0.9497234928   

2.272002249   2.450780419   -2.259292354   0.9946098771   -0.09249212694   0.04686575373   0.09595924668   0.9923159384   -0.07810826693   -0.03928123465   0.08218445619   0.9958427083   

-3.559753498   -2.796885444   4.576930837   0.9439319724   -0.3006221748   0.136450502   0.3301339315   0.8570093712   -0.3956596074   0.002004692708   0.4185226943   0.9082041266   

3.052777847   5.847240838   -4.508120301   0.8290911862   0.5590661257   0.007271317382   -0.4929715251   0.7248138223   0.4812733094   0.2637932532   -0.4026040114   0.8765404324   

-13.68181564   56.24413285   -22.2259979   0.8914042653   -0.4234074294   0.1616310135   0.4517580372   0.8016066985   -0.3915882744   0.03623688156   0.4220815675   0.9058333394   

0.4942634879   3.816928938   -1.621724564   0.9999110472   -0.01163909036   0.006513769529   0.01156102516   0.9998623968   0.01189664556   -0.006651339346   -0.01182028147   0.9999080161   

-5.19185691   -31.48564683   14.23678963   0.9566659852   -0.2877985787   0.04429639854   0.1669364887   0.4174270739   -0.8932451213   0.2385841603   0.8619319092   0.4473823671   

3.569018296   34.20945691   -11.94856116   0.9864126206   0.1324149674   0.09724411687   -0.149023916   0.4720331394   0.8688938875   0.06915211003   -0.8715795957   0.4853524431   

3.997338307   -2.207601985   -6.265582824   0.9818119412   -0.1868085361   0.03388042272   0.12487573   0.769829495   0.6259142119   -0.1430082664   -0.6102992048   0.7791556432   

3.732250001   -12.60977431   6.626708707   0.9578569712   0.1539957193   -0.2424775065   -0.2511607361   0.8586293029   -0.4468489732   0.1393854633   0.488918233   0.8611217417   

12.14273178   -63.93612794   19.73182375   0.9469247123   0.312933322   -0.07352771735   -0.2861688245   0.9248227129   0.2506199385   0.146427433   -0.2162768728   0.9652892422   

-4.220355242   -21.85477393   12.79375659   -0.5761526533   0.7972910445   0.1799308489   -0.1963795445   -0.3487267756   0.9164195057   0.7933997697   0.4926627917   0.3574915092   

5.292646781   19.77311072   -13.38108707   -0.5653065144   -0.2934464161   0.7709200644   0.8196542428   -0.3048717852   0.4849949658   0.09271174178   0.9060587152   0.4128706062   

-3.763451357   -2.53688355   -0.5093388378   0.9985307689   0.05268685898   -0.01266485239   -0.05212875428   0.9977999291   0.0409621091   0.01479515368   -0.04024172332   0.9990804308   

-21.59654401   20.1769456   8.609121981   0.2180804056   -0.1541615635   0.9636779281   -0.3376593315   -0.9383784886   -0.07370202111   0.9156566565   -0.3093218783   -0.2566960519   

17.13569085   -21.5405121   -11.37563194   -0.8725463163   -0.4312838115   -0.2294715665   -0.2429163996   -0.02451140674   0.9697374973   -0.4238567549   0.9018832878   -0.08337857306   

-4.313450917   -1.165585175   -1.100311039   0.9788715389   0.1802774905   -0.09649112224   -0.1781355355   0.9835349512   0.03044225238   0.1003904441   -0.01261055671   0.9948681986   

-5.592574876   -0.3242236209   -0.2340572515   0.9820644103   -0.1530504551   0.1101138149   0.1532619282   0.9881636173   0.006591418197   -0.1098192852   0.01040305837   0.993897128   

-4.836004833   24.29465443   -30.56886112   0.8689793629   -0.4939602309   -0.02963371655   0.4184117256   0.7654075461   -0.4889610581   0.2642091874   0.4124979743   0.8718021143   

10.68344564   34.33853358   12.98529163   0.9388084568   0.3209982376   0.1248952078   -0.3420907035   0.9112249679   0.2294406425   -0.04015758987   -0.258126305   0.9652762188   

-1.017423238   -31.47172895   7.958321195   0.1664660956   0.9213826935   -0.3512021799   -0.9501163863   0.2451534435   0.1928176382   0.2637572586   0.3015853466   0.9162305317   

-24.37784243   -43.9047076   35.96261655   0.2584470148   0.5715358985   -0.778814392   -0.1090284979   0.8183111584   0.5643399992   0.9598530758   -0.06093902483   0.2738037765   

13.47848476   25.34081536   -51.61110005   0.851090712   -0.1310230575   -0.5084068827   -0.2681708188   0.7240189404   -0.6355163145   0.4513635031   0.6772219226   0.5810692349   

-3.665110933   57.63606007   7.164868444   -0.7769578577   0.5660132902   -0.2756182915   -0.6101556851   -0.569181165   0.5511286977   0.1550694273   0.5963738398   0.7875860054   

10.12500416   -54.67359608   11.42573911   -0.4272795556   0.1274240257   0.8950951341   0.5705883617   -0.7299557208   0.3762892069   0.7013280993   0.6715115512   0.2391884899   

-6.423213225   -3.399539351   -18.53939648   0.9852610053   0.1684131425   -0.02996272432   -0.1566408854   0.9586570637   0.2375716045   0.0687341578   -0.2293766502   0.9709078061   

0.4374386738   7.858840751   -3.517773494   -0.2355721708   0.3895779937   -0.8903565236   -0.8460378455   0.3686281687   0.3851405421   0.4782527745   0.8440037085   0.2427591885   

1.042314803   -1.437551343   1.169440154   0.9685168351   -0.2486818149   0.01151065323   0.242944743   0.9542432643   0.1743492021   -0.05434143933   -0.1660636848   0.9846166059   

-5.00450271   -11.46221765   36.81351787   0.05976988879   -0.2245813602   -0.9726205699   0.6795209171   0.7229009499   -0.1251620547   0.7312173984   -0.6534350995   0.1958154412   

18.89606492   46.93508831   -36.18881446   0.5155217843   -0.5489230577   0.6579671471   0.5586444363   -0.3669346789   -0.7438248014   0.6497335482   0.7510275748   0.1174899917   

-17.77339583   -42.06232205   47.00380517   -0.7856224024   -0.316064836   -0.5318838786   0.1159076711   -0.9196362567   0.3752793189   -0.6077522955   0.2331784184   0.7591211843   

11.46336697   16.73610008   -12.96279273   0.6716260084   0.2233702324   0.7064164807   -0.7092729925   -0.08171839839   0.7001813519   0.2141268947   -0.9713021377   0.1035462714   

-7.648858692   -10.4607039   -34.72566359   -0.070682747   -0.1017788742   -0.9922928046   0.48431096   0.8661583139   -0.1233396499   0.8720360333   -0.489296266   -0.0119298247   

6.349497056   24.6010732   32.79953994   0.2105627754   0.8938625034   0.3958195834   -0.4196871565   0.4483411888   -0.7892102819   -0.8829077009   5.791192425e-05   0.4695465774   

-0.1368792247   -2.656344844   2.611751995   0.9959563161   -0.003392648109   0.08977475348   0.02117827299   0.9799901431   -0.1979161441   -0.08730691368   0.199017108   0.9760992232   

0.02489474623   -17.86428841   4.216177746   0.8182167265   -0.3894443934   0.4229118736   0.4313823382   -0.07038464262   -0.8994194129   0.3800403488   0.9183567207   0.1104095412   

3.521918073   22.76710473   -13.33516572   -0.7037637667   -0.5827901357   -0.4062908052   -0.2746922252   -0.3041895524   0.91214741   -0.6551799311   0.7535412224   0.053989666   

-8.814926421   -30.30050043   24.44695701   0.6086197414   0.4320727336   0.6655036914   -0.6640804127   -0.1816567123   0.7252572263   0.4342570849   -0.8833538316   0.1763711779   

-1.126604712   -0.5689529347   1.57488818   0.9968126796   0.07926800963   -0.009003582526   -0.07603774914   0.9781624146   0.1934335837   0.0241400612   -0.1921324367   0.9810720586   

0.4697045505   -5.24725167   0.4560360836   0.9910914412   -0.1300193835   -0.02885680401   0.1262657258   0.9862146598   -0.1069467686   0.04236415608   0.1023504018   0.9938459003   

-0.1039773104   -1.672388016   0.5390483769   0.9988194232   -0.02370811944   -0.04239911453   0.0258425853   0.9983884559   0.05052377646   0.04113296276   -0.05155983199   0.9978224607   

1.622513109   -3.394274902   -0.3298750668   0.9941267193   -0.1082200238   0.0007016852921   0.1076307823   0.9879953135   -0.1108191101   0.01129958495   0.1102437613   0.9938403456   

-6.637872661   29.3855906   3.973918263   -0.1333122768   0.3075741506   -0.9421390443   0.9664750318   0.2508294084   -0.0548691247   0.2194398547   -0.9178685907   -0.3307013765   

1.040312888   -0.6718198267   -0.2209095778   0.9981971483   0.01642685365   0.05772877649   -0.01744795609   0.999699327   0.01722859093   -0.05742840747   -0.01820477949   0.9981836324   

0.8571998221   -0.9667633936   0.0368852736   0.9981568   0.04606425353   0.03951059591   -0.04256477934   0.9954498722   -0.08525134267   -0.04325785711   0.0834124476   0.9955757738   

0.2361064641   -1.094311066   0.01584065625   0.996237396   0.04668247384   0.07301915804   -0.04223376528   0.9972238233   -0.06132662745   -0.07567932264   0.05801200565   0.9954432416   

14.43949513   -21.61594379   -3.051110851   0.06185902221   0.6309178139   0.7733797084   -0.0506586451   0.7758496218   -0.6288808043   -0.9967984566   -0.0002764165371   0.07995474061   

2.953719048   -0.6906879653   -1.914801076   0.9154769874   0.4016257262   0.02446756272   -0.3993558968   0.8995076424   0.1772029033   0.04916048507   -0.1719964455   0.9838701487   

10.80432716   6.62667132   -12.60162336   0.8260520361   -0.4464736516   0.3439466704   0.5600318347   0.7187589067   -0.4120072551   -0.06326434912   0.5329605168   0.8437717166   

1.502032391   -1.282034224   1.493542221   0.7463902881   0.6601035298   0.08464554161   -0.5643257004   0.5603525406   0.6062520384   0.3527577662   -0.5002682882   0.7907550811   

6.944305673   5.389447153   -6.013702599   0.846359736   -0.4534751797   0.2793482748   0.5324791078   0.708725182   -0.4627900347   0.01188263723   0.5404339717   0.841302517   

-0.008184758279   -2.260927983   3.518874121   0.8333858687   0.5487558086   0.06584114492   -0.4937225554   0.6856248031   0.5349361342   0.2484069889   -0.4783154732   0.8423231422   

0.2778472716   2.034604929   -0.7827884796   0.9977287785   0.06150465154   -0.02746747881   -0.05813709604   0.9922289629   0.1100080142   0.0340200326   -0.1081612822   0.993551093   

1.15834558   4.714325642   -3.114698632   0.9986648763   -0.04910932062   0.01602308969   0.04994711339   0.9971282034   -0.05692654741   -0.01318145056   0.0576508505   0.9982497828   

1.67186823   -2.918960839   -0.9970940944   0.9483188956   -0.2822702041   0.1449648372   0.3154824641   0.8877710256   -0.3351617834   -0.03408939719   0.3635741163   0.9309413381   

0.08982850344   0.584308384   -3.471699999   0.8291513963   -0.4749279531   0.2948752301   0.5559540383   0.6453445329   -0.5238755016   0.05850700201   0.5983091786   0.799126434   

2.033526191   0.307874936   -1.783245789   0.9710830284   -0.2177620247   0.09786446047   0.2351515443   0.9432505601   -0.2344826903   -0.04124928175   0.25071514   0.9671816868   

2.428483162   0.4001657728   -0.7438539051   0.9889103154   -0.14530954   0.03068429036   0.1484706407   0.9722794471   -0.1806353942   -0.00358565883   0.1831879209   0.9830713752   

-10.14508817   -30.42110926   20.80527168   0.2082163146   0.2338098375   0.949725711   -0.004142692013   -0.9707879463   0.2399033167   0.9780740281   -0.05388620558   -0.2011652863   

9.480330623   25.69379646   -17.28715628   -0.3904142155   0.6019430757   0.6965926169   -0.009095243514   -0.7591250048   0.6508813284   0.9205943824   0.2477776437   0.301848012   

-8.367291167   0.5021617147   10.14211139   -0.5724329515   -0.363229602   0.7351086806   0.7548501875   -0.5835408001   0.2994684107   0.320190116   0.7263225116   0.6082219157   

0.609647625   0.1801761099   -0.3626696899   0.9901494127   -0.1377211392   0.02523941957   0.1393983871   0.9865377856   -0.08550606604   -0.01312364827   0.08818211545   0.9960179137   

0.9841378984   -22.81794226   4.578313952   0.6794607249   0.69389306   0.2384230372   -0.6811460677   0.4757660691   0.5564949972   0.2727144253   -0.5405174084   0.7959068874   

7.655594992   25.8484385   -13.22088502   0.4082994281   0.8981294476   0.1632638121   -0.5169301785   0.08007393298   0.8522742257   0.752379404   -0.4323790705   0.4969643567   

1.406459528   0.5076269717   -1.25340481   0.9474104484   0.3083337934   -0.08569547298   -0.2787093355   0.9265747873   0.2525475597   0.1572722117   -0.2153820684   0.9637821414   

-4.749469011   13.1933075   -3.002198594   0.8813380841   -0.3948968957   0.2594217094   0.4599733171   0.8426240159   -0.2800166343   -0.1080172629   0.3661163882   0.9242786708   

-0.2637135485   -9.866327209   -0.1132772072   0.9859129438   0.1608332124   -0.0459167192   -0.1604776822   0.9869741969   0.01135112755   0.04714425536   -0.003822614902   0.9988807771   

-2.174838606   -10.24529814   5.765975897   0.6227843488   0.7625572672   0.1750601872   -0.5281014263   0.2446203038   0.813184967   0.57727683   -0.5988884046   0.5550532771   

-12.66049742   -2.785756954   3.340763748   0.6051587488   -0.4834166361   0.6325276632   0.7896603312   0.2636032003   -0.5540306076   0.1010912963   0.8347584733   0.5412567238   

-10.76538242   -8.935878789   6.477708902   0.3098299955   -0.08443845174   -0.9470351217   -0.3338945187   -0.9422729342   -0.02522236924   -0.8902358251   0.3240244827   -0.3201379551   

1.294833326   79.75345048   -34.35649052   -0.7873533577   -0.5517635608   -0.2750121144   0.1307122829   -0.585349618   0.8001750582   -0.6024856755   0.5940730575   0.5329992618   

1.614795047   2.245964604   -2.13298327   0.9994046283   -0.03114645424   0.01484208158   0.03099963674   0.9994691552   0.01002149631   -0.01514633681   -0.009555430658   0.9998396283   

2.269880839   1.076145954   0.3790195262   0.9986396987   -0.04910425316   -0.01753637561   0.04305978203   0.9663202993   -0.253714277   0.02940420582   0.2526140367   0.967120231   

2.067221891   -68.565071   20.87518945   0.1377263158   0.8339969176   0.5343038494   -0.7592135839   -0.2575515133   0.5977139383   0.6361023471   -0.487971679   0.5977101677   

-4.002012994   28.40890874   -6.209330672   0.4052615361   0.907236125   0.1126308168   -0.4876176824   0.1102992242   0.8660618205   0.7732994783   -0.4059023216   0.4870844097   

7.030093536   31.71941504   -22.09452034   0.9642557408   -0.2272743116   0.1362250108   0.03910938886   -0.386404714   -0.9214997844   0.2620712155   0.8938891342   -0.3637044043   

-1.362426265   11.59644705   7.052838866   0.9838101329   -0.1620649475   0.0765021248   0.1104148111   0.2118964648   -0.9710347356   0.1411601637   0.96376078   0.2263602598   

-2.57515737   -3.629518189   0.3919872915   0.9999228455   0.0116184296   -0.004394894377   -0.01161501486   0.9999322221   0.0008017067913   0.004403911074   -0.0007505981726   0.999990021   

2.016034165   1.465753164   -6.313367337   0.9979804279   0.05715861166   -0.02771206698   -0.05827468289   0.9974461521   -0.04129449152   0.02528095877   0.04282600623   0.9987626376   

-12.13859841   -46.04695532   35.30242696   0.7832865416   -0.1922858568   0.5911753911   0.02200936468   -0.9417874595   -0.3354876584   0.6212711015   0.2757943625   -0.7334573526   

12.37702818   49.35651505   -31.16042088   0.8666467239   0.0002558040358   0.4989222289   -0.3568865   -0.6984844259   0.6202834295   0.3486480776   -0.7156252101   -0.6052479464   

-0.8914112648   2.082817633   2.232965932   0.9983992601   0.0309049324   0.04736879344   -0.04786378661   0.9078713651   0.4165076738   -0.03013262966   -0.4181082032   0.9078973263   

-7.600865269   -48.32997139   25.60898695   0.9439643884   0.1179373132   -0.308256425   -0.3262238696   0.4751554717   -0.8171935295   0.05009211776   0.871962194   0.487003811   

3.863469043   -51.91899018   5.766673268   -0.398179737   0.8180161602   -0.4150933132   0.08476631218   -0.4177644364   -0.9045924762   -0.913382488   -0.3953763237   0.09700512019   

7.03964322   -0.1318739223   5.602650337   0.9594963304   0.2420300159   0.1441813559   -0.206573433   0.2564412031   0.9442273699   0.191557325   -0.9357667342   0.2960513646   

-0.2257860991   -2.522979915   1.781563146   0.9981408359   -0.05476693955   0.02674797204   0.0583014792   0.9858741806   -0.1570128578   -0.01777102132   0.1582803915   0.9872342723   

8.948854193   14.18196428   -8.503907346   0.599482861   -0.3303384841   0.7290382605   0.792151325   0.1145397577   -0.5994805436   0.1145276283   0.9368869355   0.3303426895   

1.019373071   -23.3989168   8.597570832   0.3542114421   0.7351642309   0.5779859927   -0.5964155708   -0.2984569205   0.7451254482   0.7202934966   -0.6086518053   0.3327465382   

6.405403387   22.82346851   -12.95990924   0.2055777441   -0.5133421993   0.8331972021   0.7456414461   -0.4692590946   -0.4730906213   0.6338427447   0.7185232693   0.2862999938   

1.686650188   17.34775325   -8.531482027   0.389768127   -0.6385931609   0.6635356675   0.7978206637   -0.1257186249   -0.58964143   0.4599597763   0.7592059024   0.4604817065   

-14.84580269   -16.3363806   17.43261911   0.6538901189   -0.3091295973   -0.690555287   -0.2124826868   -0.9510199183   0.2245266641   -0.7261396699   -8.472430574e-05   -0.6875472149   

1.95587173   18.97073099   -16.83552447   0.8294289901   -0.1509156629   -0.5378401371   -0.355251509   -0.8855349716   -0.2993729772   -0.4310961792   0.4393771464   -0.7881013942   

-4.868354691   -10.22869707   14.21896156   0.08474589234   0.9613589637   0.2619295262   -0.3567539072   -0.2161725877   0.9088432549   0.9303465932   -0.1704651145   0.3246488277   

-1.233706364   -26.44581823   3.654672045   0.2662632436   0.9426234454   0.2014073614   -0.7065317165   0.04872510924   0.7060019811   0.6556804242   -0.3302830662   0.6789670666   

-2.739978355   14.21061665   -11.83299008   0.8676418259   -0.4302783522   -0.2491148361   -0.05683011582   0.411934873   -0.9094393869   0.4939311692   0.8032248751   0.3329591567   

-7.255184967   12.26976987   -8.304938782   0.6270766141   0.7788785254   -0.01109787085   -0.3480129205   0.2673828551   -0.8985507309   -0.6968944879   0.5673223524   0.4387293258   

-6.852577477   58.28509793   -6.974253   0.6287342732   0.6440328409   -0.4357922825   -0.776923308   0.4965361466   -0.3870943407   -0.03291484725   0.5819566607   0.8125534185   

-4.806417409   -21.79086369   13.49215974   0.9779937437   0.04885956247   -0.2028323952   -0.1962608974   0.5452737067   -0.8149590449   0.0707806296   0.8368329152   0.5428634953   

1.824776674   -18.07472353   -15.22724836   0.9624309848   -0.2665782038   -0.05160097582   0.1236910773   0.2612589653   0.9573109581   -0.2417170182   -0.9277283085   0.2844170684   

0.7328800988   -2.060803017   1.152088956   0.9777067726   0.1858418494   -0.09773573428   -0.1883694707   0.9819472184   -0.01722215773   0.09277073477   0.03524864879   0.9950633766   

-21.75771559   26.25980487   3.476822037   0.9787258313   -0.1979947658   -0.05379423594   0.07181387564   0.5761913567   -0.8141537249   0.1921939498   0.7929701086   0.5781521361   

-5.702641628   2.020261166   -3.212994445   0.3238609222   -0.7606166826   -0.5626511932   0.8761085639   0.4655939729   -0.1251240849   0.3571384708   -0.4524207274   0.8171704829   

21.86466213   -4.47470779   -13.43772441   -0.6173167418   0.7861877243   0.02879066546   -0.6907318338   -0.5591555545   0.4585134673   0.3765761199   0.2631614105   0.8882209736   

-23.85312803   3.178593042   12.61656636   0.4996206553   -0.8565400449   -0.1292994678   0.6921231006   0.4844800792   -0.5350183796   0.5209076833   0.1778150848   0.8348874062   

4.442632357   -50.34824876   13.89939875   0.9876261838   -0.08286243271   -0.1331478066   -0.1567179585   -0.4899032548   -0.8575746512   0.00583117803   0.8678298325   -0.4968273132   

19.89024692   23.55203072   -19.95279601   0.7837915017   -0.346382979   0.5154509809   0.5861633676   0.6868019583   -0.4297855007   -0.205142361   0.6390007058   0.7413465517   

-9.292057015   3.302581821   2.683376381   -0.4733383375   -0.151087869   0.8678267535   0.6726741035   -0.6980736987   0.245362307   0.5687357635   0.6999039699   0.4320579408   

-9.339773983   24.5994777   5.520641722   0.8722532704   0.4675370033   -0.1434691002   -0.4845120176   0.8660212371   -0.1235124352   0.06650065376   0.1772466288   0.9819171531   

13.4479832   -0.7596523866   5.879173977   0.9633390058   -0.250249333   -0.09671210522   0.1748909387   0.8591201381   -0.480963354   0.2034480757   0.4464166883   0.8713902804   

2.546797603   -16.67598716   4.996515153   0.9592459433   -0.2779406008   -0.05095333912   -0.08119627262   -0.0984030955   -0.9918286123   0.2706554741   0.9555447939   -0.116960511   

10.53069573   31.52065104   -32.31501117   -0.7861321862   -0.07799958077   -0.6131168332   -0.5554958163   0.524071848   0.645579659   0.2709623291   0.8480947845   -0.4553181884   

8.445370169   -52.9679   28.3921515   0.1212018117   0.1893341664   0.9744037635   0.619917705   0.7522307932   -0.22327309   -0.7752497403   0.6311112478   -0.02619986691   

16.6516794   18.70528916   2.677117628   0.4821648088   0.5633243769   0.6709565884   -0.7656776132   0.6431426742   0.01026125081   -0.4257404018   -0.5186840532   0.7414256289   

5.196513983   -1.600937963   -2.518517325   0.9097496889   -0.3693985828   -0.189473456   0.1302944911   0.6873797351   -0.7145155319   0.3941812388   0.6253429354   0.6734741006   

2.676322721   -0.5203192141   -0.3821572258   0.9911806275   0.06517403454   0.1153833126   -0.08653484113   0.9777523513   0.1910812935   -0.1003627664   -0.199380753   0.9747690139   

6.932107833   3.953275085   -14.57578777   0.9310831011   0.1085741864   0.3482756161   -0.3543624541   0.04236696446   0.9341478959   0.08666896716   -0.9931851219   0.07792177981   

-5.202231974   16.56072983   -1.157821272   0.8624032485   -0.4864886858   0.1399621217   0.4869188503   0.8728044514   0.03350258   -0.138458189   0.03925746158   0.9895899058   

-0.9124365791   -23.83453086   11.32592621   -0.08741582693   -0.7827687859   0.6161424356   0.9934544794   -0.02284809532   0.111920337   -0.07353006518   0.6218930714   0.7796424419   

11.25712443   6.51190657   -8.250740795   -0.1501122058   0.6385716767   0.7547797953   -0.8743952527   -0.4420410783   0.2000815514   0.4614100864   -0.6299411868   0.6247198039   

-1.571116402   -23.51770116   3.341137295   0.5948191907   0.4928120129   0.6350798771   -0.765791129   0.1071455777   0.6341007585   0.2444464708   -0.8635138361   0.4411233136   

3.156046364   17.5981047   -17.58814893   0.6465400978   -0.307411646   0.6982005313   0.7087409138   0.5806687248   -0.400637179   -0.2822626775   0.7538712834   0.593300825   

6.24711397   0.2136047283   -0.6804923664   0.9706565462   0.1889429495   -0.1487495585   -0.1969462302   0.9795601587   -0.04091549614   0.1379784466   0.06901055895   0.9880280821   

9.401522185   -2.003112551   4.315969522   0.9677450832   0.1837972985   -0.1723020809   -0.2068571551   0.9700915069   -0.1270141161   0.1438039339   0.1585592046   0.9768210723   

2.110842324   -3.012389134   0.6438958129   0.9779589474   -0.2051498361   0.03885668392   0.2087932989   0.9597102196   -0.1880469429   0.001286642864   0.1920152056   0.9813911072   

1.570061797   -0.4238943036   -0.6909353897   0.9999718984   0.000646404746   0.00746890052   -0.0009696511006   0.9990591834   0.04335675021   -0.007433847646   -0.04336277404   0.9990317351   

