-4.206452155   -7.777781113   5.845323497   0.9988974801   0.04662201662   0.005496535211   -0.04692560424   0.9949763816   0.08843069425   -0.001346105418   -0.08859112588   0.9960671666   

-4.666153418   -2.549859622   4.118043842   0.9993803342   -0.02658071424   -0.02307408276   0.02558423368   0.998770667   -0.04245705859   0.02417425597   0.04184041668   0.9988318101   

-3.060622485   -2.934748457   3.849341924   0.9990275368   0.04092097287   0.0164150776   -0.04199473247   0.9965552706   0.07151248268   -0.01343217173   -0.07213228621   0.9973046225   

4.53373069   -2.197481402   0.6383907898   0.9984002199   -0.03110968927   -0.04721427958   0.02931174232   0.9988360276   -0.03830681073   0.04835103644   0.03686159546   0.9981499888   

-0.3539909558   -0.6870606985   1.209930497   0.9953491966   0.09628986911   -0.002870191299   -0.09453623413   0.982081441   0.1630304995   0.01851694706   -0.1620009396   0.9866168548   

-0.7906874666   0.5837571923   0.2363904631   0.9980081666   0.01544265541   0.06116554454   -0.01449460636   0.9997683107   -0.01591324006   -0.06139711583   0.01499497304   0.998000774   

-0.5536557728   -0.8204360593   3.765918911   0.9984471694   0.005045146287   0.05547789145   -0.003265746392   0.9994787473   -0.03211804205   -0.05561101367   0.03188699144   0.9979432023   

-2.197694723   1.698385225   6.067417982   0.9987039835   0.04731742996   0.01874604245   -0.04888939461   0.9942856123   0.09489967476   -0.01414851158   -0.09569316588   0.9953103223   

-2.512657168   5.282511758   5.623268572   0.9629656669   0.01980095026   0.2688959775   0.07887722207   0.9329809239   -0.3511765646   -0.2578284472   0.3593807425   0.8968667536   

-1.071334841   -1.88411705   2.605842532   0.9991451213   0.032946608   -0.02497093699   -0.0250209347   0.9627761534   0.2691394273   0.03290865386   -0.2682845495   0.9627774514   

-2.308006287   1.451797414   1.416219767   0.9836490584   0.05412364759   0.1717706628   -0.0470808351   0.9978851999   -0.04481654584   -0.1738330372   0.03599664686   0.9841170238   

-1.444052507   1.57254261   2.760526296   0.991560493   0.03896899534   0.1236495292   -0.03448768792   0.9986756228   -0.03817852667   -0.1249735495   0.03359193235   0.9915912434   

-1.127526519   1.600768938   2.384142826   0.9969249886   0.01003036087   0.07771717322   -0.01310219904   0.9991487216   0.03911731818   -0.07725865345   -0.04001529786   0.9962077476   

-2.721961912   1.957658811   3.068783216   0.9996792422   -0.01816605061   0.01764673542   0.01661970087   0.9963155613   0.08413731521   -0.01911015983   -0.08381704405   0.9962978997   

-2.223693591   2.650181296   3.070885608   0.9995173974   0.0301666389   -0.007412572587   -0.03080717942   0.993239637   -0.1119193515   0.003986230242   0.1120936994   0.993689646   

0.863799782   0.5153457031   0.2865043423   0.9999065834   -0.01160435401   -0.007222430003   0.01184917488   0.9993229394   0.03483188032   0.00681333851   -0.03491420628   0.999367088   

-1.469849742   3.125273659   3.319607751   0.9993442077   0.008693126911   0.03515087563   -0.008889831116   0.9999456677   0.005443581041   -0.03510164406   -0.00575249653   0.9993671915   

-0.9234597318   0.9345701192   2.21924105   0.9995702636   -0.01118517675   -0.02709575385   0.01145538077   0.9998859917   0.009837572041   0.02698262973   -0.01014373666   0.9995844348   

-0.6490715493   0.1186453448   0.3590861172   0.9996989893   2.32564409e-05   0.02453426562   -0.0006520468532   0.9996715059   0.02562138148   -0.0245256104   -0.02562966666   0.9993706092   

-4.850079703   -11.07765491   21.54634426   0.9559138406   -0.2785211438   0.09303064987   0.09047339284   0.5807471974   0.8090409494   -0.2793622998   -0.7649566426   0.5803430368   

-1.176805991   0.8052202811   -3.065734862   0.993298425   0.08136538586   -0.0820847907   -0.1025871261   0.9478050502   -0.301896453   0.05323645778   0.308294114   0.9498003047   

1.647384182   9.219699496   -16.95749284   0.9677039083   0.1522447581   -0.2009245615   -0.2448698071   0.7570735511   -0.6057048917   0.05989927661   0.6353433496   0.7699031789   

9.027145835   0.8323747517   -2.156576973   0.9948611145   -0.03172771962   -0.0961494397   0.03426335198   0.9991041937   0.02483611775   0.09527531505   -0.02800288988   0.9950570097   

8.106216593   4.433587985   -2.713328525   0.9914708782   -0.04421986348   -0.1225973136   0.05104112418   0.9972856291   0.05306767057   0.1199178938   -0.05887255465   0.9910366901   

-0.2929349822   3.056614596   1.357362148   0.999688378   -0.005116275728   -0.02443298214   0.004412581266   0.9995763594   -0.02876857411   0.02456981929   0.02865179667   0.9992874454   

-9.625347845   8.223027837   2.81280241   0.9964265896   0.01921136541   0.0822494682   -0.02268124611   0.9988825716   0.04146286536   -0.08136100205   -0.04318022196   0.9957488919   

1.881066073   5.028076722   -2.14203423   0.9998081971   -0.0005554941911   -0.0195770375   -0.0001479683167   0.9993548989   -0.03591328754   0.01958435796   0.03590929605   0.9991631375   

-2.387672403   5.479130138   8.120118644   0.9935686775   -0.002755586199   -0.1131975699   -0.03109376355   0.954632723   -0.2961579681   0.1088781932   0.2977730192   0.9484074905   

-6.450331761   3.63594791   7.442397909   0.9901200969   -0.002012756822   -0.1402074983   -0.01269264207   0.9945057279   -0.1039098362   0.1396463054   0.1046628207   0.9846545604   

-1.54961006   0.009128257052   1.939317562   0.9997871158   -0.006376405066   -0.01962305891   0.004760552573   0.9966769671   -0.08131642177   0.02007635728   0.08120569419   0.9964951456   

-1.687123474   -3.557003846   5.178122564   0.9918481962   0.04017977191   -0.1209245286   -0.02871132992   0.9950506624   0.09513064061   0.1241483597   -0.09088325026   0.9880928193   

-3.412277756   -3.274832668   10.34936792   0.9536715627   -0.01944820713   -0.3002204486   -0.01749404636   0.9926350017   -0.1198737322   0.3003406547   0.11957224   0.9463075455   

-0.02995465264   -4.454975786   5.197517536   0.978683611   0.1083392974   -0.1744734542   -0.09177241311   0.9907061524   0.1003949395   0.1837286417   -0.08224303199   0.9795304334   

-0.9085675591   -3.922141986   3.641136195   0.9859575095   0.08000795968   -0.1465827951   -0.06995308322   0.99491084   0.07251887003   0.1516388986   -0.06124660603   0.9865366175   

-0.9791928878   -6.736430748   -0.8866273125   0.9856429481   0.1571575992   0.06172088624   -0.1638191433   0.9786388183   0.1242149411   -0.04088113326   -0.1325426434   0.9903338733   

-0.3359221277   -4.372085782   0.4217220877   0.9837457244   0.1611218135   -0.07927238448   -0.1452835965   0.9736171748   0.1759609998   0.1055321104   -0.1615839041   0.9812000895   

2.283773212   -4.289834443   0.3892750442   0.9999390176   0.00934529719   0.005884436007   -0.009363822993   0.9999512641   0.003128630419   -0.005854911243   -0.003183540444   0.9999777923   

1.343041123   0.7596892615   -1.586632062   0.99138372   -0.07328779527   0.1085689591   0.08634878111   0.9888966222   -0.1209436174   -0.09849978583   0.1292763306   0.9867043238   

3.198366021   -3.31545012   -0.06620558902   0.9938186145   0.07487543539   -0.08196481407   -0.065596128   0.9917005829   0.1105762269   0.08956399702   -0.1045161381   0.9904820379   

-0.2448663131   -2.341510297   -0.9128877614   0.9783168375   0.1884661021   -0.08588768177   -0.1669398667   0.9629974573   0.2115820836   0.1225856697   -0.1926562367   0.9735791329   

7.971236322   -3.975640795   -0.09523589897   0.9889503329   -0.1086448652   -0.1008639302   0.1124156004   0.9931306718   0.03246846997   0.0966435302   -0.04344838345   0.9943702862   

2.802935027   -2.462493154   -2.076970168   0.9998576338   -0.00147874687   -0.01680849112   0.001689392439   0.9999201344   0.01252480997   0.01678862767   -0.012551423   0.9997802777   

-0.01433847217   7.006915261   -7.692328237   0.6405224747   -0.4399278127   0.6294398137   0.7384334553   0.5778564552   -0.3475599939   -0.2108245516   0.6874194039   0.6949874615   

-1.462978356   3.078862562   -5.024926227   0.995340835   -0.09629671438   0.004854387472   0.09617807382   0.9880377753   -0.1205451479   0.006811783481   0.1204503938   0.9926959767   

-10.72378956   4.869939248   -4.384238272   0.985667685   -0.1084379251   0.1292301479   0.1129425424   0.9932060075   -0.02803227953   -0.125312397   0.04222609354   0.9912183211   

-6.052895529   0.7812265364   -2.607101457   0.9567118405   0.2337612425   -0.1733728229   -0.2046140076   0.9638783609   0.170503998   0.2069675388   -0.1276486857   0.9699846653   

2.96305623   1.016328102   -2.943545925   0.9949889839   0.03315051394   0.09432902702   -0.04090158718   0.9958369295   0.08146084933   -0.09123585962   -0.08491085462   0.9922026833   

3.292320271   7.453646981   -4.214930421   0.7858109825   -0.4147519975   0.4587830429   0.6138619458   0.6134047146   -0.4968985485   -0.07533001597   0.672097788   0.7366206296   

1.161282314   5.601435449   -0.2904276878   0.9941624335   -0.08094229201   0.07134003972   0.1073574399   0.8079607075   -0.5793736922   -0.01074411439   0.5836504437   0.8119339404   

1.661052471   -7.571829589   0.9841749746   0.9937522795   0.0926777068   -0.06218721423   0.03447640342   0.275033592   0.960816268   0.1061498213   -0.956957348   0.270120065   

-4.76744496   17.84788237   -0.3528429793   0.9792985404   0.02734499635   -0.2005657495   -0.1315313447   0.8391086705   -0.5278220765   0.1538631666   0.5432760718   0.8253346204   

-9.852893378   2.1176097   3.248788761   0.9961794994   -0.08336797979   0.02600355566   0.0865081273   0.9827878933   -0.1632308204   -0.01194775594   0.1648567159   0.9862451594   

2.27818459   -9.224549705   -2.428174859   0.9983360425   0.03659749829   0.04456197236   -0.05301649552   0.8864942098   0.459692579   -0.0226803321   -0.4612901897   0.8869593922   

-1.022014076   9.468095969   -3.069711814   0.9254302855   -0.2047099955   0.318861419   0.3291614513   0.8511593277   -0.4088771672   -0.1877006279   0.483344201   0.8550712588   

-3.311813263   -44.64362732   0.1206651148   -0.8927983172   -0.4359790916   -0.1132845821   0.2348895664   -0.6651758578   0.7087792109   -0.3843670856   0.6061875204   0.6962748263   

1.487047545   97.40101635   -36.71204803   0.6852331693   0.134086782   0.7158744573   0.04687632066   -0.9889884622   0.1403724767   0.7268136723   -0.06263031651   -0.6839731933   

-6.520139784   -137.7675016   47.61812499   -0.1343701257   0.1479086617   0.979830443   0.2707952997   -0.9456795194   0.1798892776   0.9532127648   0.2895052234   0.0870181055   

-2.428543866   83.00514122   -9.9963655   -0.4512155323   -0.1822369365   -0.8736098914   -0.4958024692   -0.7627551511   0.4151921134   -0.7420137835   0.6204790717   0.2538134484   

12.48495022   -1.941689778   -6.853755296   0.9964415035   0.07628098301   -0.03585445084   -0.06611726421   0.9712231196   0.2288103131   0.0522765472   -0.2256254942   0.9728105155   

5.944049255   -2.174157335   3.811118008   0.9997805887   0.01707882371   -0.0121279935   -0.01687424719   0.999716894   0.01677472929   0.01241105264   -0.01656639796   0.9997857372   

-1.376029491   0.8095361766   6.164418009   0.9956621818   0.06074853012   -0.07047294404   -0.07158127817   0.9840107519   -0.1630918781   0.05943854279   0.1674289586   0.9840907496   

2.944922102   -10.09769874   -7.114781931   0.9925436173   -0.06465316104   0.1033302307   -0.004110862464   0.8294956767   0.5584980064   -0.1218206412   -0.5547584079   0.8230448592   

17.07521157   -19.9512351   -3.284611208   0.6730956362   0.490765068   -0.5532557388   -0.1872234587   0.836799075   0.5145043097   0.715464633   -0.2427281527   0.6551285392   

6.61735326   16.33158694   -1.349619969   0.6709765883   -0.5080952453   0.5400274434   0.741139853   0.4815845273   -0.4677478609   -0.02240839694   0.7140837239   0.6997015785   

1.677798078   -14.13030025   5.108526822   0.7045288546   0.7059960125   -0.07217148535   -0.5084418648   0.573085901   0.6426969894   0.4951019725   -0.4161035692   0.7627134826   

8.925185622   18.5671009   -11.75717655   0.5639307132   -0.5431650501   0.6220561703   0.8257151295   0.3587401293   -0.4353160284   0.01329194137   0.7591292696   0.6508041767   

3.850379747   -4.611108261   -0.8071767586   0.9923573639   0.1110615531   -0.05377912042   -0.1148507367   0.9906664541   -0.07341174974   0.04512394759   0.07902726205   0.9958506521   

-4.176624948   0.5586512882   -3.506378375   0.9977804833   -0.0613569217   0.0258734462   0.06008585275   0.9970703337   0.04733328501   -0.0287018703   -0.04567359991   0.9985440025   

-1.605667663   -1.764596162   -4.781939638   0.9946271136   0.102602967   0.0137672106   -0.09616291252   0.8664644522   0.4898898318   0.03833535167   -0.4885816045   0.8716756373   

16.52611785   -1.232249295   -12.8759099   0.9544255697   0.2067048039   -0.2152787866   -0.1841265208   0.9755076851   0.1203419323   0.2348813662   -0.07521888331   0.9691093145   

1.359158326   -1.309510785   0.02570708212   0.9989163226   0.0440296244   -0.01508551209   -0.04305631233   0.9972875915   0.05969601087   0.01767298695   -0.05898179313   0.9981026068   

-3.144675807   4.60995155   -1.067493805   0.9903079946   -0.1066881311   0.08892535352   0.1163123876   0.9869698246   -0.1111845039   -0.07590457364   0.1204500232   0.989813259   

2.113055061   0.8590491539   -6.378765987   0.9905442723   0.1206485613   -0.06531438843   -0.1103428676   0.9835090215   0.1432984862   0.08152604646   -0.1347365179   0.9875219362   

1.883395213   1.498039592   -3.738711696   0.9981686037   -0.04147943647   -0.04403288427   0.03648519667   0.9934022989   -0.1087230559   0.04825213956   0.1069173925   0.9930963711   

