-1.867686438 78.9 61.44549942 33.10639954 60.07229996 120.0535789 19.84079075 17.22474591 0.9563470977 -0.1709971386 0.2369814494 0.6101917909 -0.1234905335 -0.7825701671 0.9563470977 0.1709971386 -0.2369814494 0 -0.1709971386 0.9850537661 0.02071368102 0 0.2369814494 0.02071368102 0.9712933316 0 0 0 0 1 1 0 0 61.44549942 0 1 0 33.10639954 0 0 1 60.07229996 0 0 0 1 0.9563470977 -0.1709971386 0.2369814494 -0 0.1709971386 0.9850537661 0.02071368102 -0 -0.2369814494 0.02071368102 0.9712933316 -0 0 0 0 1 32 2.04947756 0.9387188787 0.03125 2.242495146 0.9376033156 0.03125 2.40676286 0.9369186908 0.03125 2.541493548 0.9373817503 0.03125 2.627796468 0.9395402381 0.03125 2.665691076 0.9438697238 0.03125 2.662819562 0.9505044949 0.03125 2.620077867 0.9593725908 0.03125 2.549616384 0.9702276541 0.03125 2.452713336 0.9826324638 0.03125 2.336310527 0.9961274119 0.03125 2.201847017 1.010099508 0.03125 2.054512842 1.023976659 0.03125 1.895806443 1.037080229 0.03125 1.730942863 1.048796112 0.03125 1.558867553 1.057184844 0.03125 0.3996115991 0.5662998319 0.03125 0.2372589791 0.5668959546 0.03125 0.08863264239 0.5675997235 0.03125 -0.04854048033 0.5670664389 0.03125 -0.1661084593 0.5652146478 0.03125 -0.2639107855 0.5620270491 0.03125 -0.3279631527 0.5574612829 0.03125 -0.3582615728 0.5516255383 0.03125 -0.3369003785 0.5445864579 0.03125 -0.2641672012 0.5367197074 0.03125 -0.1379483223 0.5283012346 0.03125 0.04111909565 0.5200504287 0.03125 0.2425517673 0.5124252373 0.03125 0.4657336531 0.5061220088 0.03125 0.6829700602 0.5015749231 0.03125 0.8938083499 0.4991480597 0.03125 1 3 1 1 1 1 500 0.0004
-1.892666345 78.9 61.44549942 33.10639954 60.07229996 116.904592 21.21868613 19.50261621 0.8835272897 -0.1757267287 0.4341654582 0.4912986695 -0.0400599321 -0.8700694336 0.8835272897 0.1757267287 -0.4341654582 0 -0.1757267287 0.9836052903 0.04050616951 0 0.4341654582 0.04050616951 0.8999219995 0 0 0 0 1 1 0 0 61.44549942 0 1 0 33.10639954 0 0 1 60.07229996 0 0 0 1 0.8835272897 -0.1757267287 0.4341654582 -0 0.1757267287 0.9836052903 0.04050616951 -0 -0.4341654582 0.04050616951 0.8999219995 -0 0 0 0 1 32 2.062429733 0.9379785434 0.03125 2.28395147 0.9352320483 0.03125 2.485599127 0.9307995635 0.03125 2.665344108 0.9254934457 0.03125 2.814391719 0.9201045528 0.03125 2.931189094 0.9156084527 0.03125 3.014313756 0.9126864601 0.03125 3.062943415 0.9120555534 0.03125 3.079443614 0.914069366 0.03125 3.063774001 0.9189812508 0.03125 3.016934436 0.926766031 0.03125 2.939622964 0.9372520638 0.03125 2.833341875 0.9500530071 0.03125 2.699472133 0.9646195945 0.03125 2.541744988 0.9802658192 0.03125 2.359632786 0.9949611163 0.03125 1.172893791 0.5103051076 0.03125 0.9688674884 0.5163484477 0.03125 0.7651769436 0.5224947773 0.03125 0.5603608744 0.5273386657 0.03125 0.3664555847 0.5307064022 0.03125 0.1844290799 0.5324757226 0.03125 0.03475090173 0.5325621348 0.03125 -0.08172370915 0.5310238596 0.03125 -0.1376919538 0.5279358959 0.03125 -0.1327076523 0.5236809514 0.03125 -0.0581696545 0.5185403236 0.03125 0.0856914946 0.5132277251 0.03125 0.2630968279 0.5081267238 0.03125 0.47358011 0.5038605056 0.03125 0.6840053699 0.5007514513 0.03125 0.8940923501 0.4990908088 0.03125 1 3 1 1 1 1 500 0.0004
-2.007840346 78.9 61.24549866 33.10639954 60.07229996 117.7818031 18.98340133 21.41826106 0.9027430147 -0.09000691493 0.4206587746 0.4695320926 -0.09861481555 -0.8773908662 0.9027430147 0.09000691493 -0.4206587746 0 -0.09000691493 0.9957423337 0.01989874526 0 0.4206587746 0.01989874526 0.907000681 0 0 0 0 1 1 0 0 61.24549866 0 1 0 33.10639954 0 0 1 60.07229996 0 0 0 1 0.9027430147 -0.09000691493 0.4206587746 -0 0.09000691493 0.9957423337 0.01989874526 -0 -0.4206587746 0.01989874526 0.907000681 -0 0 0 0 1 32 2.033249988 0.9331414175 0.03125 2.198132264 0.9314982126 0.03125 2.347840332 0.9294491908 0.03125 2.48087404 0.9275714236 0.03125 2.593102333 0.9263839408 0.03125 2.683599756 0.9263345764 0.03125 2.751549997 0.9277813094 0.03125 2.796505608 0.93093652 0.03125 2.819137501 0.9359324634 0.03125 2.819457989 0.9427465901 0.03125 2.79781634 0.9512823408 0.03125 2.754671321 0.9612917292 0.03125 2.690605784 0.9724783726 0.03125 2.606495462 0.9844039197 0.03125 2.503781769 0.9966126345 0.03125 2.379883964 1.006636083 0.03125 1.258238587 0.5208037849 0.03125 1.113480417 0.5237858016 0.03125 0.9661307457 0.5276637767 0.03125 0.8129411368 0.5304362244 0.03125 0.6579532206 0.5319974363 0.03125 0.5017215776 0.5323011312 0.03125 0.3558936806 0.5313044356 0.03125 0.2210197613 0.5290862857 0.03125 0.1264209591 0.525702841 0.03125 0.07252334942 0.5214578464 0.03125 0.09099175759 0.5165487632 0.03125 0.1818135446 0.5115535971 0.03125 0.3230915779 0.5067843483 0.03125 0.5144589577 0.5028070605 0.03125 0.7070966327 0.4999128718 0.03125 0.9007568419 0.4983683418 0.03125 1 3 1 1 1 1 500 0.0004
-2.035660604 78.9 61.44549942 33.10639954 60.07229996 118.2024962 20.04932692 22.30808742 0.9229304101 -0.06590845453 0.3792829205 0.3040394124 -0.01542752693 -0.9525345281 0.9229304101 0.06590845453 -0.3792829205 0 -0.06590845453 0.9977409872 0.012999925 0 0.3792829205 0.012999925 0.9251894229 0 0 0 0 1 1 0 0 61.44549942 0 1 0 33.10639954 0 0 1 60.07229996 0 0 0 1 0.9229304101 -0.06590845453 0.3792829205 -0 0.06590845453 0.9977409872 0.012999925 -0 -0.3792829205 0.012999925 0.9251894229 -0 0 0 0 1 32 1.985358711 0.9358924739 0.03125 2.051381689 0.9347128883 0.03125 2.113841754 0.9332873923 0.03125 2.172342082 0.9318432573 0.03125 2.225932009 0.9305983375 0.03125 2.274294774 0.9297494124 0.03125 2.316507889 0.9294716394 0.03125 2.352378035 0.929905496 0.03125 2.381361827 0.931170497 0.03125 2.403409621 0.9333256068 0.03125 2.418284461 0.9364185995 0.03125 2.426085548 0.9404292701 0.03125 2.426859955 0.9453362725 0.03125 2.42084179 0.9510415861 0.03125 2.408483524 0.9574680732 0.03125 2.390065063 0.9644391621 0.03125 1.367797473 0.4700030651 0.03125 1.342983806 0.4735917536 0.03125 1.31579005 0.4771126813 0.03125 1.286304326 0.480493394 0.03125 1.25511255 0.4836975432 0.03125 1.222339173 0.4866850139 0.03125 1.188698621 0.4894207384 0.03125 1.15431853 0.4918711964 0.03125 1.120770483 0.494004415 0.03125 1.088210681 0.4957994365 0.03125 1.05977576 0.4972360812 0.03125 1.035649494 0.4983297664 0.03125 1.018225915 0.4990873866 0.03125 1.007664039 0.4995785115 0.03125 1.001746572 0.4998376441 0.03125 1.000574071 0.4999559132 0.03125 1 3 1 1 1 1 500 0.0004
-2.045644178 78.9 61.44549942 33.3064003 60.17230225 118.7446416 19.12551596 23.47550694 0.9174115076 -0.07649660748 0.3905181107 0.324193231 -0.02955855557 -0.9455289741 0.9174115076 0.07649660748 -0.3905181107 0 -0.07649660748 0.996948109 0.01558002052 0 0.3905181107 0.01558002052 0.9204633986 0 0 0 0 1 1 0 0 61.44549942 0 1 0 33.3064003 0 0 1 60.17230225 0 0 0 1 0.9174115076 -0.07649660748 0.3905181107 -0 0.07649660748 0.996948109 0.01558002052 -0 -0.3905181107 0.01558002052 0.9204633986 -0 0 0 0 1 32 1.983725796 0.935367779 0.03125 2.046142302 0.933860137 0.03125 2.105090391 0.9322286471 0.03125 2.160196323 0.9306927003 0.03125 2.210720647 0.9294519159 0.03125 2.25637093 0.9286888242 0.03125 2.296414722 0.9285615312 0.03125 2.330676989 0.9291909387 0.03125 2.358707164 0.9306746958 0.03125 2.38046811 0.933054196 0.03125 2.395628543 0.9363643916 0.03125 2.404292558 0.9405623215 0.03125 2.406289597 0.9456226847 0.03125 2.401848066 0.9514339269 0.03125 2.391223044 0.9579168853 0.03125 2.374679686 0.9648941386 0.03125 1.354270569 0.4704358435 0.03125 1.331218127 0.47398799 0.03125 1.305683799 0.4774632997 0.03125 1.277744279 0.480790342 0.03125 1.248031353 0.4839374256 0.03125 1.216659144 0.4868681299 0.03125 1.184325103 0.4895501336 0.03125 1.151145706 0.491953901 0.03125 1.118611581 0.4940490251 0.03125 1.086868006 0.4958164084 0.03125 1.058936133 0.497237479 0.03125 1.034992203 0.4983237702 0.03125 1.01766716 0.4990813309 0.03125 1.007120712 0.4995739531 0.03125 1.001343556 0.4998350256 0.03125 1.000438915 0.4999543194 0.03125 1 3 1 1 1 1 500 0.0004
-2.081136789 78.9 61.44549942 33.3064003 60.17230225 111.5413863 23.62725556 29.09875239 0.7099645719 -0.0003447924648 0.7042373093 0.08444985239 0.09707554123 -0.991687734 0.7099645719 0.0003447924648 -0.7042373093 0 -0.0003447924648 0.9999999305 0.0001420004377 0 0.7042373093 0.0001420004377 0.7099646414 0 0 0 0 1 1 0 0 61.44549942 0 1 0 33.3064003 0 0 1 60.17230225 0 0 0 1 0.7099645719 -0.0003447924648 0.7042373093 -0 0.0003447924648 0.9999999305 0.0001420004377 -0 -0.7042373093 0.0001420004377 0.7099646414 -0 0 0 0 1 32 2.063889861 0.9343746435 0.03125 2.25691239 0.9314838628 0.03125 2.441101839 0.9265185149 0.03125 2.615235527 0.9201379422 0.03125 2.777916468 0.9129899051 0.03125 2.928071479 0.9056766293 0.03125 3.06404638 0.8987798918 0.03125 3.184980019 0.8928203625 0.03125 3.288902837 0.8882704956 0.03125 3.3752338 0.885522154 0.03125 3.441729537 0.8849149917 0.03125 3.488172106 0.886673428 0.03125 3.512602338 0.8909582957 0.03125 3.51523534 0.8977991416 0.03125 3.495817934 0.9071590509 0.03125 3.454972468 0.9188630194 0.03125 2.397267087 0.4289562059 0.03125 2.328310474 0.4360450579 0.03125 2.249568083 0.4432113509 0.03125 2.161421122 0.4503506934 0.03125 2.065928075 0.4573596538 0.03125 1.963467136 0.4641342982 0.03125 1.856040097 0.4705687107 0.03125 1.744060099 0.4765567604 0.03125 1.630495565 0.4819959668 0.03125 1.515843717 0.4867941761 0.03125 1.405435009 0.4908634633 0.03125 1.299871372 0.4941654347 0.03125 1.206490516 0.4966542917 0.03125 1.125951963 0.498395908 0.03125 1.064093986 0.4994155535 0.03125 1.021503122 0.4999127364 0.03125 1 3 1 1 1 1 500 0.0004
-2.041366395 78.9 61.24549866 33.10639954 60.07229996 109.5381662 23.66559149 32.49958529 0.733695932 -0.07644755742 0.6751637211 0.2589536344 -0.01352638263 -0.9657950363 0.733695932 0.07644755742 -0.6751637211 0 -0.07644755742 0.9966290346 0.02977143591 0 0.6751637211 0.02977143591 0.7370668974 0 0 0 0 1 1 0 0 61.24549866 0 1 0 33.10639954 0 0 1 60.07229996 0 0 0 1 0.733695932 -0.07644755742 0.6751637211 -0 0.07644755742 0.9966290346 0.02977143591 -0 -0.6751637211 0.02977143591 0.7370668974 -0 0 0 0 1 32 1.875676837 0.9206010669 0.03125 1.67099642 0.9221763887 0.03125 1.505743817 0.9219870646 0.03125 1.381657914 0.9189027622 0.03125 1.363607021 0.9116407578 0.03125 1.45385533 0.8987673885 0.03125 1.681974725 0.8795940505 0.03125 2.04335418 0.8538839847 0.03125 2.493741408 0.8229000295 0.03125 3.021271777 0.7888115428 0.03125 3.549645388 0.7549499106 0.03125 4.066126718 0.7251435132 0.03125 4.526518276 0.7033766975 0.03125 4.918907326 0.6932770923 0.03125 5.176266269 0.697682676 0.03125 5.271145853 0.7086750803 0.03125 4.258384718 0.2634620431 0.03125 4.009661047 0.2828624803 0.03125 3.653489806 0.3145638936 0.03125 3.176621521 0.3473320663 0.03125 2.641891087 0.3794199593 0.03125 2.054942612 0.4091217869 0.03125 1.445772971 0.4352461421 0.03125 0.8191652207 0.4569550824 0.03125 0.240168358 0.4736872646 0.03125 -0.2866286847 0.4853104845 0.03125 -0.597002566 0.4920572252 0.03125 -0.6879529956 0.4949468979 0.03125 -0.5326677225 0.4948840133 0.03125 -0.1315492558 0.4936796354 0.03125 0.2980897586 0.4921795457 0.03125 0.7559900199 0.4911822924 0.03125 1 3 1 1 1 1 500 0.0004
-2.078392564 78.9 61.24549866 33.10639954 60.07229996 101.5798836 28.15710112 43.01944562 0.5631543637 -0.04164217153 0.8253018189 0.05196255848 0.07821442193 -0.9955814365 0.5631543637 0.04164217153 -0.8253018189 0 -0.04164217153 0.9988906595 0.0219859028 0 0.8253018189 0.0219859028 0.5642637042 0 0 0 0 1 1 0 0 61.24549866 0 1 0 33.10639954 0 0 1 60.07229996 0 0 0 1 0.5631543637 -0.04164217153 0.8253018189 -0 0.04164217153 0.9988906595 0.0219859028 -0 -0.8253018189 0.0219859028 0.5642637042 -0 0 0 0 1 32 1.763708332 0.92728132 0.03125 1.273671431 0.931065144 0.03125 0.8547569699 0.9379346166 0.03125 0.5166811948 0.9456278656 0.03125 0.4095061705 0.9514710126 0.03125 0.5408519944 0.951488114 0.03125 0.9157652725 0.943268212 0.03125 1.52959122 0.9237444123 0.03125 2.271815068 0.8929962541 0.03125 3.123802933 0.8517119609 0.03125 3.974496333 0.8038434414 0.03125 4.799772379 0.7544318109 0.03125 5.540882563 0.7101175421 0.03125 6.17300817 0.6773999534 0.03125 6.622137468 0.6624751214 0.03125 6.859770723 0.6648978159 0.03125 5.894095028 0.2009983073 0.03125 5.677767716 0.2255925451 0.03125 5.288305782 0.2622901624 0.03125 4.727160977 0.3033306049 0.03125 4.0509465 0.3457057066 0.03125 3.273974316 0.3860695045 0.03125 2.456011878 0.4219397535 0.03125 1.610425541 0.4514924646 0.03125 0.8543086325 0.4736150032 0.03125 0.1972667891 0.4884181552 0.03125 -0.2053985703 0.4964862655 0.03125 -0.3502630494 0.4997549128 0.03125 -0.2780359517 0.4996908726 0.03125 0.0117405294 0.4983725691 0.03125 0.3655492029 0.4967098715 0.03125 0.7851685413 0.4957245905 0.03125 1 3 1 1 1 1 500 0.0004
-1.804869215 78.9 61.54550171 33.70640182 59.87229919 103.7546514 26.80586961 45.95901031 0.50650943 -0.1272120255 0.8527985095 0.09232724346 0.01029335935 -0.9956755128 0.50650943 0.1272120255 -0.8527985095 0 -0.1272120255 0.9892580165 0.07201164731 0 0.8527985095 0.07201164731 0.5172514135 0 0 0 0 1 1 0 0 61.54550171 0 1 0 33.70640182 0 0 1 59.87229919 0 0 0 1 0.50650943 -0.1272120255 0.8527985095 -0 0.1272120255 0.9892580165 0.07201164731 -0 -0.8527985095 0.07201164731 0.5172514135 -0 0 0 0 1 32 1.750033095 0.9339975857 0.03125 1.239896219 0.9243286856 0.03125 0.8013393753 0.903068897 0.03125 0.4439918076 0.8677668536 0.03125 0.3180433753 0.8155493525 0.03125 0.4284957255 0.7440594832 0.03125 0.79381211 0.6513388434 0.03125 1.40557551 0.5385933999 0.03125 2.144852076 0.4084644012 0.03125 2.990807596 0.2682592893 0.03125 3.830049908 0.1265398947 0.03125 4.638953082 -0.005522873733 0.03125 5.35886293 -0.1162522959 0.03125 5.966544373 -0.1934072536 0.03125 6.396697722 -0.226561703 0.03125 6.623414412 -0.2128326564 0.03125 5.671973265 -0.6414050664 0.03125 5.49890312 -0.5646533299 0.03125 5.164765379 -0.458572297 0.03125 4.670082948 -0.3357104227 0.03125 4.059165927 -0.2030508856 0.03125 3.345960436 -0.06958335792 0.03125 2.593423527 0.0580785042 0.03125 1.815041708 0.1731394759 0.03125 1.116090901 0.2715669183 0.03125 0.5064435508 0.3497206974 0.03125 0.1157220426 0.407647304 0.03125 -0.05215148384 0.4470539332 0.03125 -0.03117115392 0.4713706024 0.03125 0.1791556653 0.4854491878 0.03125 0.4611256481 0.4923865897 0.03125 0.8163545539 0.4952295578 0.03125 1 3 1 1 1 1 500 0.0004
-2.000344321 78.9 61.54550171 33.70640182 59.87229919 100.5733757 28.13714696 51.85534685 0.4350780631 -0.07277756832 0.8974466583 0.03564494768 0.07203386572 -0.9967650475 0.4350780631 0.07277756832 -0.8974466583 0 -0.07277756832 0.9963092081 0.04551249662 0 0.8974466583 0.04551249662 0.438768855 0 0 0 0 1 1 0 0 61.54550171 0 1 0 33.70640182 0 0 1 59.87229919 0 0 0 1 0.4350780631 -0.07277756832 0.8974466583 -0 0.07277756832 0.9963092081 0.04551249662 -0 -0.8974466583 0.04551249662 0.438768855 -0 0 0 0 1 32 1.756882541 0.929263711 0.03125 1.101797106 0.9298134308 0.03125 0.5326120835 0.9296619139 0.03125 0.06367187053 0.9256027044 0.03125 -0.1277137437 0.9143834937 0.03125 -0.03143119504 0.892128281 0.03125 0.3422258488 0.8563682713 0.03125 0.9893718038 0.8053276774 0.03125 1.779622145 0.7397941715 0.03125 2.69334357 0.6625426831 0.03125 3.619705106 0.5791923173 0.03125 4.531583616 0.4970672983 0.03125 5.36962921 0.4249878055 0.03125 6.105028858 0.3717016447 0.03125 6.677632807 0.3454440846 0.03125 7.054931212 0.3470809633 0.03125 6.245757843 -0.1080876389 0.03125 6.201815229 -0.06747412086 0.03125 5.960995902 -0.008021885034 0.03125 5.523140447 0.06102428156 0.03125 4.925475169 0.1354348229 0.03125 4.185168378 0.2095919466 0.03125 3.368828441 0.2793415236 0.03125 2.494551589 0.3408835284 0.03125 1.679629802 0.3918297709 0.03125 0.9371488793 0.4311550833 0.03125 0.4275057514 0.4589700205 0.03125 0.1546620127 0.4770210487 0.03125 0.09591727895 0.4873243899 0.03125 0.2517070333 0.4926700863 0.03125 0.4948904895 0.494790445 0.03125 0.8287565898 0.4955490423 0.03125 1 3 1 1 1 1 500 0.0004
-1.842134779 78.9 61.54550171 33.70640182 59.87229919 97.99901447 30.60537907 57.56815788 0.3470855826 -0.0659543761 0.9355114209 0.008141731147 0.02127149757 -0.9997405842 0.3470855826 0.0659543761 -0.9355114209 0 -0.0659543761 0.9967708216 0.04580337946 0 0.9355114209 0.04580337946 0.350314761 0 0 0 0 1 1 0 0 61.54550171 0 1 0 33.70640182 0 0 1 59.87229919 0 0 0 1 0.3470855826 -0.0659543761 0.9355114209 -0 0.0659543761 0.9967708216 0.04580337946 -0 -0.9355114209 0.04580337946 0.350314761 -0 0 0 0 1 32 1.792090943 0.9379729718 0.03125 0.9444033644 0.9408121105 0.03125 0.2128048963 0.9399865299 0.03125 -0.3825994899 0.9314750376 0.03125 -0.6384100841 0.9112960133 0.03125 -0.5409329228 0.8748274269 0.03125 -0.1350231383 0.8185023162 0.03125 0.5757259328 0.7397583743 0.03125 1.443607132 0.6388133749 0.03125 2.445892659 0.5191808158 0.03125 3.473132493 0.3877000799 0.03125 4.492733584 0.2541243367 0.03125 5.438246919 0.1301419283 0.03125 6.275015687 0.02834661527 0.03125 6.942565034 -0.03899174992 0.03125 7.405890112 -0.06527723861 0.03125 6.663628041 -0.5359837872 0.03125 6.683877029 -0.4923527559 0.03125 6.489474325 -0.4172999302 0.03125 6.083241193 -0.319618658 0.03125 5.49378798 -0.2050048445 0.03125 4.742332761 -0.08257913364 0.03125 3.90135136 0.04005296588 0.03125 2.993694057 0.1545547095 0.03125 2.142208166 0.2551857642 0.03125 1.362470412 0.3371762557 0.03125 0.8063772484 0.3992727972 0.03125 0.4771559355 0.4423263758 0.03125 0.3482011032 0.4694332557 0.03125 0.418963313 0.4851760349 0.03125 0.5885701314 0.4929481255 0.03125 0.8610236774 0.4961433616 0.03125 1 3 1 1 1 1 500 0.0004
-1.868575042 78.9 61.44549942 33.10639954 60.07229996 96.09942341 32.17832934 60.91986464 0.3184323258 -0.01620761442 0.9478070305 0.01922946178 0.05037235489 -0.9985453689 0.3184323258 0.01620761442 -0.9478070305 0 -0.01620761442 0.9998007582 0.01165148229 0 0.9478070305 0.01165148229 0.3186315675 0 0 0 0 1 1 0 0 61.44549942 0 1 0 33.10639954 0 0 1 60.07229996 0 0 0 1 0.3184323258 -0.01620761442 0.9478070305 -0 0.01620761442 0.9998007582 0.01165148229 -0 -0.9478070305 0.01165148229 0.3186315675 -0 0 0 0 1 32 1.897514003 0.9012134651 0.03125 0.8605082121 0.8432680083 0.03125 -0.04090708396 0.7953668497 0.03125 -0.7809322971 0.752438623 0.03125 -1.110484956 0.7107215661 0.03125 -1.010977978 0.6660239433 0.03125 -0.5749614268 0.616612417 0.03125 0.1972854827 0.56089159 0.03125 1.133982407 0.5001357116 0.03125 2.213645526 0.4369853163 0.03125 3.325738671 0.3769869398 0.03125 4.436101777 0.326370657 0.03125 5.473353004 0.2926489154 0.03125 6.399128234 0.2815299145 0.03125 7.150193641 0.2984208666 0.03125 7.6867369 0.341323263 0.03125 7.009815872 -0.09062532763 0.03125 7.085066525 -0.03921514493 0.03125 6.92328311 0.02305372224 0.03125 6.526800878 0.08876977412 0.03125 5.919497031 0.1559502615 0.03125 5.125941021 0.221040073 0.03125 4.222192223 0.282073469 0.03125 3.235687678 0.3366072375 0.03125 2.304145351 0.3830148618 0.03125 1.446557389 0.4206357548 0.03125 0.8371825215 0.4491022269 0.03125 0.4794039052 0.4693542429 0.03125 0.3376159786 0.4825818328 0.03125 0.410682179 0.4905195709 0.03125 0.5833188514 0.4944653176 0.03125 0.8599704523 0.4962866702 0.03125 1 3 1 1 1 1 500 0.0004
-1.778556634 78.9 61.44549942 33.10639954 60.07229996 92.31452701 33.87964605 67.90711435 0.3491235924 -0.01825024034 0.9368989518 -0.01818743501 0.06745013193 -0.997556864 0.3491235924 0.01825024034 -0.9368989518 0 -0.01825024034 0.9997531203 0.0126738804 0 0.9368989518 0.0126738804 0.3493704721 0 0 0 0 1 1 0 0 61.44549942 0 1 0 33.10639954 0 0 1 60.07229996 0 0 0 1 0.3491235924 -0.01825024034 0.9368989518 -0 0.01825024034 0.9997531203 0.0126738804 -0 -0.9368989518 0.0126738804 0.3493704721 -0 0 0 0 1 32 -0.006276022191 0.8898942126 0.03125 -0.7701238862 0.8121988301 0.03125 -1.413934009 0.7318224881 0.03125 -1.902188595 0.6484345692 0.03125 -1.993079289 0.5620443268 0.03125 -1.670815808 0.4733642838 0.03125 -1.069632775 0.3845999343 0.03125 -0.193155713 0.2992964241 0.03125 0.8216007476 0.223665548 0.03125 1.952104095 0.1650115189 0.03125 3.107642816 0.1321317297 0.03125 4.253799074 0.1312610835 0.03125 5.32141748 0.1671328312 0.03125 6.273011069 0.2376332353 0.03125 7.062980342 0.338360151 0.03125 7.645055866 0.4510200596 0.03125 7.079627909 0.08341236486 0.03125 7.262690558 0.1562879323 0.03125 7.239350257 0.2187883748 0.03125 7.002102304 0.2626150162 0.03125 6.553759069 0.2920266732 0.03125 5.919060358 0.3133186371 0.03125 5.148414825 0.3326785402 0.03125 4.271550183 0.3552703957 0.03125 3.398361786 0.3813994988 0.03125 2.549874264 0.4091521353 0.03125 1.859350608 0.4353095549 0.03125 1.33156986 0.4571131963 0.03125 0.9997852266 0.4732375011 0.03125 0.8629653758 0.4837154272 0.03125 0.8417863025 0.4893180858 0.03125 0.9396375473 0.4918549868 0.03125 1 3 1 1 1 1 500 0.0004
-1.896352593 78.9 61.44549942 33.40639877 60.17230225 89.41092674 35.25306041 73.26633974 0.1268485002 0.01756534219 0.9917665636 0.0256265268 0.115606385 -0.9929644731 0.1268485002 -0.01756534219 -0.9917665636 0 0.01756534219 0.999726191 -0.01545968164 0 0.9917665636 -0.01545968164 0.1271223092 0 0 0 0 1 1 0 0 61.44549942 0 1 0 33.40639877 0 0 1 60.17230225 0 0 0 1 0.1268485002 0.01756534219 0.9917665636 -0 -0.01756534219 0.999726191 -0.01545968164 -0 -0.9917665636 -0.01545968164 0.1271223092 -0 0 0 0 1 32 3.571853245 0.8706584646 0.03125 1.535694744 0.8005687119 0.03125 -0.2368709795 0.7696742546 0.03125 -1.685081642 0.7588298699 0.03125 -2.466237764 0.7510527813 0.03125 -2.54831124 0.7335294986 0.03125 -2.176268261 0.6971846109 0.03125 -1.347166712 0.6353711232 0.03125 -0.2832019155 0.5491741257 0.03125 0.9904158303 0.4468104936 0.03125 2.323623708 0.346322075 0.03125 3.674133383 0.2698117457 0.03125 4.936883551 0.2415280195 0.03125 6.06801756 0.2731965083 0.03125 7.023062919 0.3719024554 0.03125 7.751729876 0.5139102255 0.03125 7.330376515 0.2117485802 0.03125 7.639945925 0.3579003624 0.03125 7.727734508 0.4861572399 0.03125 7.586334483 0.5723258167 0.03125 7.200977536 0.6136554224 0.03125 6.599953296 0.6163364921 0.03125 5.824631621 0.5927555998 0.03125 4.908573995 0.5621812534 0.03125 3.971024955 0.5332539232 0.03125 3.034951699 0.5134464 0.03125 2.252124364 0.5012379489 0.03125 1.626046152 0.4955522246 0.03125 1.203872609 0.4930190848 0.03125 0.9825388982 0.492070251 0.03125 0.8989040635 0.4915314836 0.03125 0.9608546145 0.491185319 0.03125 1 3 1 1 1 1 500 0.0004
-1.92238295 78.9 61.44549942 33.40639877 60.17230225 86.16136023 36.93649371 79.91958322 0.2156097402 -0.04110695897 0.9756139902 0.0525466869 0.07752172224 -0.9956049559 0.2156097402 0.04110695897 -0.9756139902 0 -0.04110695897 0.9986099305 0.03299128243 0 0.9756139902 0.03299128243 0.2169998097 0 0 0 0 1 1 0 0 61.44549942 0 1 0 33.40639877 0 0 1 60.17230225 0 0 0 1 0.2156097402 -0.04110695897 0.9756139902 -0 0.04110695897 0.9986099305 0.03299128243 -0 -0.9756139902 0.03299128243 0.2169998097 -0 0 0 0 1 32 0.5783421794 0.93404237 0.03125 -0.5347121059 0.9399730906 0.03125 -1.503223528 0.9524946757 0.03125 -2.30287915 0.9706792148 0.03125 -2.714533397 0.9920457314 0.03125 -2.71662514 1.011270566 0.03125 -2.391254438 1.021563677 0.03125 -1.730126014 1.014685399 0.03125 -0.8212413551 0.9855211371 0.03125 0.3197168104 0.9322686473 0.03125 1.577657417 0.8595168413 0.03125 2.914911028 0.7765318581 0.03125 4.208442834 0.6972652034 0.03125 5.413347427 0.635679545 0.03125 6.464720143 0.6055960333 0.03125 7.317125961 0.6102074872 0.03125 6.989992321 0.1622685243 0.03125 7.441661982 0.2136273226 0.03125 7.68431643 0.2813179401 0.03125 7.716518144 0.3501692462 0.03125 7.515175309 0.4124743939 0.03125 7.104182132 0.4607248824 0.03125 6.5170459 0.4928395753 0.03125 5.783742964 0.5089303481 0.03125 4.997092925 0.512296643 0.03125 4.177546326 0.508548632 0.03125 3.426466065 0.5015885814 0.03125 2.747660833 0.4963433873 0.03125 2.170714621 0.4936999176 0.03125 1.695736978 0.4934943161 0.03125 1.340202099 0.4944740226 0.03125 1.114939441 0.4957392927 0.03125 1 3 1 1 1 1 500 0.0004
-2.113124469 78.9 61.44549942 33.40639877 60.17230225 81.7379517 36.64565161 87.37910669 0.008270449525 -0.04990671456 0.9987196401 0.1602968426 0.02661167421 -0.9867100593 0.008270449525 0.04990671456 -0.9987196401 0 -0.04990671456 0.9975297499 0.04943397481 0 0.9987196401 0.04943397481 0.0107406996 0 0 0 0 1 1 0 0 61.44549942 0 1 0 33.40639877 0 0 1 60.17230225 0 0 0 1 0.008270449525 -0.04990671456 0.9987196401 -0 0.04990671456 0.9975297499 0.04943397481 -0 -0.9987196401 0.04943397481 0.0107406996 -0 0 0 0 1 32 4.493393248 0.6992304257 0.03125 1.842847544 0.3857712759 0.03125 -0.5134661739 0.2998951441 0.03125 -2.479815001 0.4303893848 0.03125 -3.690764637 0.7368474575 0.03125 -4.100616584 1.141308547 0.03125 -3.97112055 1.558478102 0.03125 -3.304542152 1.901519866 0.03125 -2.264772584 2.113233563 0.03125 -0.8979550374 2.168297832 0.03125 0.5873386352 2.078221172 0.03125 2.125611545 1.880520499 0.03125 3.552253459 1.625972487 0.03125 4.811269838 1.363967153 0.03125 5.864327928 1.138452703 0.03125 6.668978369 0.9653151827 0.03125 6.361260447 0.3997299235 0.03125 6.870158614 0.3543545582 0.03125 7.265610088 0.3558199169 0.03125 7.550059064 0.3734482982 0.03125 7.634277331 0.3981126609 0.03125 7.535176791 0.4180849306 0.03125 7.237230469 0.4323190818 0.03125 6.758958157 0.4400400761 0.03125 6.164435154 0.4448094409 0.03125 5.468351562 0.4489059091 0.03125 4.732790467 0.454422666 0.03125 3.965209737 0.4621317944 0.03125 3.205855489 0.4713083371 0.03125 2.461892311 0.48018586 0.03125 1.811397518 0.4871534752 0.03125 1.272942599 0.4913008068 0.03125 1 3 1 1 1 1 500 0.0004
-2.006490602 78.9 61.44549942 33.40639877 60.17230225 76.99597034 39.2274386 95.76727686 0.09127153014 -0.07538162358 0.9929688407 0.4441796038 -0.03142731444 -0.895386399 0.09127153014 0.07538162358 -0.9929688407 0 -0.07538162358 0.9947928733 0.06859118131 0 0.9929688407 0.06859118131 0.09647865689 0 0 0 0 1 1 0 0 61.44549942 0 1 0 33.40639877 0 0 1 60.17230225 0 0 0 1 0.09127153014 -0.07538162358 0.9929688407 -0 0.07538162358 0.9947928733 0.06859118131 -0 -0.9929688407 0.06859118131 0.09647865689 -0 0 0 0 1 32 1.431116705 0.844969903 0.03125 -0.06732391492 0.7125995671 0.03125 -1.459698839 0.6660594866 0.03125 -2.697896134 0.7212766491 0.03125 -3.55684409 0.8765324689 0.03125 -4.001650628 1.103833578 0.03125 -3.999598199 1.361105765 0.03125 -3.543764685 1.593149449 0.03125 -2.741637739 1.756315722 0.03125 -1.622742351 1.821126008 0.03125 -0.3873734218 1.786843937 0.03125 0.923662957 1.672266543 0.03125 2.213927959 1.507897355 0.03125 3.445765044 1.324891015 0.03125 4.56953537 1.150538587 0.03125 5.550273444 1.000073525 0.03125 5.41493767 0.4101291897 0.03125 6.132312361 0.3413188295 0.03125 6.737348457 0.3043979879 0.03125 7.224409654 0.2872732084 0.03125 7.521777639 0.2868766356 0.03125 7.635051072 0.2943930671 0.03125 7.52854749 0.3092066057 0.03125 7.212770386 0.3269031723 0.03125 6.738318897 0.3490168835 0.03125 6.116507225 0.373587213 0.03125 5.407246247 0.4005806426 0.03125 4.619742201 0.4275774548 0.03125 3.787267496 0.4527169107 0.03125 2.919589717 0.4731984582 0.03125 2.109703052 0.487471376 0.03125 1.375344133 0.4948433513 0.03125 1 3 1 1 1 1 500 0.0004
-1.945785226 78.9 61.24549866 33.50640106 60.17230225 72.43358899 38.18028999 100.1590376 0.2279361554 -0.2153957281 0.9495524153 0.5203926537 -0.06551434887 -0.8514102161 0.2279361554 0.2153957281 -0.9495524153 0 -0.2153957281 0.9622168307 0.1665636547 0 0.9495524153 0.1665636547 0.2657193247 0 0 0 0 1 1 0 0 61.24549866 0 1 0 33.50640106 0 0 1 60.17230225 0 0 0 1 0.2279361554 -0.2153957281 0.9495524153 -0 0.2153957281 0.9622168307 0.1665636547 -0 -0.9495524153 0.1665636547 0.2657193247 -0 0 0 0 1 32 0.7102580965 0.8613486133 0.03125 -1.679760052 0.8329200477 0.03125 -3.698093785 0.7971781573 0.03125 -5.10915695 0.7900432958 0.03125 -5.755093727 0.8498366372 0.03125 -5.568482044 1.000679275 0.03125 -4.803980739 1.225736381 0.03125 -3.490411333 1.463000257 0.03125 -2.045246111 1.64809656 0.03125 -0.5662380923 1.7316973 0.03125 0.6392123093 1.708492448 0.03125 1.512487469 1.606851764 0.03125 2.28348039 1.467882277 0.03125 2.922660375 1.326067845 0.03125 3.498961715 1.201683073 0.03125 3.933061347 1.070019518 0.03125 3.699828774 0.5922624715 0.03125 4.31529321 0.4968554268 0.03125 5.150344793 0.4395984681 0.03125 6.129673229 0.3900291577 0.03125 7.001935894 0.3504212482 0.03125 7.727634683 0.3197558927 0.03125 8.170260068 0.3021839631 0.03125 8.3011515 0.2943139737 0.03125 8.087897028 0.2996323149 0.03125 7.542688235 0.3156502043 0.03125 6.77120452 0.3416222381 0.03125 5.809012746 0.3731020574 0.03125 4.737385733 0.4056212002 0.03125 3.592122103 0.4335562328 0.03125 2.491354497 0.4534404802 0.03125 1.514472443 0.4636306094 0.03125 1 3 1 1 1 1 500 0.0004
-1.928699171 78.9 60.94549942 33.3064003 60.17230225 66.9433124 40.15874483 108.2617638 0.2760720153 -0.06331761885 0.9590490715 0.7450290019 -0.1925284688 -0.6386427601 0.2760720153 0.06331761885 -0.9590490715 0 -0.06331761885 0.9968582331 0.04758720734 0 0.9590490715 0.04758720734 0.2792137822 0 0 0 0 1 1 0 0 60.94549942 0 1 0 33.3064003 0 0 1 60.17230225 0 0 0 1 0.2760720153 -0.06331761885 0.9590490715 -0 0.06331761885 0.9968582331 0.04758720734 -0 -0.9590490715 0.04758720734 0.2792137822 -0 0 0 0 1 32 0.5453383126 0.8696124298 0.03125 -2.039677241 0.8343009167 0.03125 -4.113038245 0.79186854 0.03125 -5.462594325 0.7530938136 0.03125 -6.022485684 0.7406999313 0.03125 -5.726707139 0.7800069406 0.03125 -4.834706495 0.8689998785 0.03125 -3.383015569 0.9792353951 0.03125 -1.885136536 1.073611093 0.03125 -0.4397907975 1.121290989 0.03125 0.6404028819 1.113969388 0.03125 1.309386417 1.061027551 0.03125 1.850843791 0.9804868452 0.03125 2.244432533 0.8870710691 0.03125 2.548744338 0.7882743888 0.03125 2.712272779 0.661654394 0.03125 2.152834814 0.1340398536 0.03125 2.539641937 0.008863118496 0.03125 3.292312025 -0.09844269291 0.03125 4.364390311 -0.1977807718 0.03125 5.477510677 -0.2764277523 0.03125 6.585146846 -0.3214537431 0.03125 7.484789884 -0.3210653841 0.03125 8.130609274 -0.2726168682 0.03125 8.419342276 -0.1777119508 0.03125 8.329062678 -0.05312925255 0.03125 7.850486666 0.0857995448 0.03125 7.007262585 0.2161178904 0.03125 5.89058184 0.325353681 0.03125 4.549049443 0.4035068802 0.03125 3.136517218 0.4504520919 0.03125 1.746724863 0.4709682665 0.03125 1 3 1 1 1 1 500 0.0004
-2.0941326 78.9 61.44549942 33.40639877 60.17230225 64.28372339 42.41799385 112.0643395 0.1785395288 0.04343262354 0.982973674 0.8421306145 -0.3906561912 -0.3717576743 0.1785395288 -0.04343262354 -0.982973674 0 0.04343262354 0.998399381 -0.03622545065 0 0.982973674 -0.03622545065 0.1801401478 0 0 0 0 1 1 0 0 61.44549942 0 1 0 33.40639877 0 0 1 60.17230225 0 0 0 1 0.1785395288 0.04343262354 0.982973674 -0 -0.04343262354 0.998399381 -0.03622545065 -0 -0.982973674 -0.03622545065 0.1801401478 -0 0 0 0 1 32 0.8326689809 0.8573120594 0.03125 -1.56689255 0.8258719056 0.03125 -3.556346173 0.7863670408 0.03125 -4.948420868 0.7362053731 0.03125 -5.607487658 0.6895846381 0.03125 -5.462094511 0.6766286248 0.03125 -4.750346943 0.7070724892 0.03125 -3.487900001 0.7705417347 0.03125 -2.095688645 0.8430760761 0.03125 -0.6557211989 0.8997477591 0.03125 0.4558721284 0.9240508494 0.03125 1.190351232 0.9083586701 0.03125 1.763266168 0.8541239655 0.03125 2.15460622 0.7645745939 0.03125 2.445680692 0.6417931555 0.03125 2.582731507 0.4615729462 0.03125 1.983361642 -0.1160259938 0.03125 2.261301096 -0.3049375805 0.03125 2.903363049 -0.4776452013 0.03125 3.861409514 -0.636747971 0.03125 4.900791956 -0.7604269505 0.03125 5.979984399 -0.827049295 0.03125 6.879341681 -0.8189415563 0.03125 7.555331474 -0.7307230803 0.03125 7.89269636 -0.5676365484 0.03125 7.867209331 -0.3563814576 0.03125 7.442876475 -0.1252193146 0.03125 6.640628082 0.08598877118 0.03125 5.572893711 0.2568896972 0.03125 4.286274884 0.3734226964 0.03125 2.959339311 0.4394036612 0.03125 1.683971744 0.4665238225 0.03125 1 3 1 1 1 1 500 0.0004
-2.136318453 78.9 61.24549866 33.50640106 60.17230225 65.00351909 43.45508788 111.1138793 0.1650005441 0.04194585681 0.9854011191 0.778848852 -0.3862972947 -0.4941344613 0.1650005441 -0.04194585681 -0.9854011191 0 0.04194585681 0.998489739 -0.03547937763 0 0.9854011191 -0.03547937763 0.1665108051 0 0 0 0 1 1 0 0 61.24549866 0 1 0 33.50640106 0 0 1 60.17230225 0 0 0 1 0.1650005441 0.04194585681 0.9854011191 -0 -0.04194585681 0.998489739 -0.03547937763 -0 -0.9854011191 -0.03547937763 0.1665108051 -0 0 0 0 1 32 0.9900328571 0.8808578326 0.03125 -1.332393217 0.8566677738 0.03125 -3.265933239 0.8291085502 0.03125 -4.65815716 0.7965008542 0.03125 -5.361594881 0.7725685785 0.03125 -5.297245666 0.78235656 0.03125 -4.6474718 0.8337704356 0.03125 -3.416684954 0.9159812905 0.03125 -2.088062624 1.003641258 0.03125 -0.736977892 1.068459039 0.03125 0.2742740951 1.093509871 0.03125 0.9021375611 1.072370622 0.03125 1.427110353 1.010283475 0.03125 1.824993361 0.9136254111 0.03125 2.136932921 0.7858432214 0.03125 2.318439962 0.6095955277 0.03125 1.71013617 -0.002693731682 0.03125 2.073750255 -0.1899624209 0.03125 2.831086803 -0.3694252834 0.03125 3.953656975 -0.5326684313 0.03125 5.155381432 -0.6574460597 0.03125 6.394757162 -0.7228576143 0.03125 7.420111239 -0.7142557318 0.03125 8.185894156 -0.6296368477 0.03125 8.567922329 -0.4764099734 0.03125 8.542601662 -0.2813547594 0.03125 8.077889385 -0.06931349121 0.03125 7.199862018 0.1234412509 0.03125 6.030411002 0.2803010848 0.03125 4.618541671 0.3886175237 0.03125 3.16593944 0.4511879383 0.03125 1.737418141 0.4774077077 0.03125 1 3 1 1 1 1 500 0.0004
-1.961675725 78.9 61.24549866 33.50640106 60.17230225 66.52621066 42.83362202 109.1005578 0.2086118231 -0.001549232561 0.977997294 0.8320992442 -0.2092943606 -0.5136211819 0.2086118231 0.001549232561 -0.977997294 0 -0.001549232561 0.9999980142 0.001253624384 0 0.977997294 0.001253624384 0.208613809 0 0 0 0 1 1 0 0 61.24549866 0 1 0 33.50640106 0 0 1 60.17230225 0 0 0 1 0.2086118231 -0.001549232561 0.977997294 -0 0.001549232561 0.9999980142 0.001253624384 -0 -0.977997294 0.001253624384 0.208613809 -0 0 0 0 1 32 0.6326276415 0.8769103263 0.03125 -1.851151216 0.8478637778 0.03125 -3.856189307 0.8141524147 0.03125 -5.204830972 0.7853301363 0.03125 -5.811225797 0.7825819279 0.03125 -5.593868549 0.8308634123 0.03125 -4.772945441 0.9305251907 0.03125 -3.36051721 1.055320867 0.03125 -1.879678125 1.168483888 0.03125 -0.4190622884 1.236709351 0.03125 0.6746731838 1.246659855 0.03125 1.346746446 1.201608142 0.03125 1.913738704 1.115452099 0.03125 2.344453178 1.000684559 0.03125 2.687441175 0.8641306577 0.03125 2.885796479 0.6851010479 0.03125 2.344834464 0.09390223983 0.03125 2.752618521 -0.08631821803 0.03125 3.487398506 -0.2484619174 0.03125 4.506537442 -0.3915018459 0.03125 5.521550442 -0.4958014896 0.03125 6.497751136 -0.5454605005 0.03125 7.255732659 -0.5292261956 0.03125 7.761575508 -0.4488629476 0.03125 7.919975153 -0.3125920105 0.03125 7.720184918 -0.1466909523 0.03125 7.177572104 0.02858859208 0.03125 6.319864001 0.1854832809 0.03125 5.258115505 0.3120289294 0.03125 4.032392891 0.3998589093 0.03125 2.795614602 0.451282617 0.03125 1.612072339 0.47331674 0.03125 1 3 1 1 1 1 500 0.0004
-1.790203341 78.9 61.54550171 32.8064003 59.97230148 67.11683119 44.76388436 108.381671 0.1705864793 0.1165260292 0.9784282997 0.854718824 0.09584347046 -0.5101664052 0.1705864793 -0.1165260292 -0.9784282997 0 0.1165260292 0.9884004166 -0.09739764353 0 0.9784282997 -0.09739764353 0.1821860627 0 0 0 0 1 1 0 0 61.54550171 0 1 0 32.8064003 0 0 1 59.97230148 0 0 0 1 0.1705864793 0.1165260292 0.9784282997 -0 -0.1165260292 0.9884004166 -0.09739764353 -0 -0.9784282997 -0.09739764353 0.1821860627 -0 0 0 0 1 32 0.7784100212 0.8673617153 0.03125 -1.528851101 0.8428531347 0.03125 -3.425472625 0.8161962801 0.03125 -4.734908362 0.7813643178 0.03125 -5.358462196 0.7436049338 0.03125 -5.220281426 0.7168659422 0.03125 -4.552537758 0.704489223 0.03125 -3.354857709 0.6999814227 0.03125 -2.029139441 0.6897861631 0.03125 -0.6460006176 0.6621524822 0.03125 0.4765693728 0.6132779122 0.03125 1.282762911 0.5477129237 0.03125 1.992411775 0.4777617215 0.03125 2.570421888 0.4164720487 0.03125 3.059680575 0.3740629326 0.03125 3.385967971 0.3276705369 0.03125 2.981496864 -0.07691935428 0.03125 3.416724034 -0.08045994389 0.03125 4.097590369 -0.03604709345 0.03125 4.964796991 0.02417043682 0.03125 5.764776426 0.09559810904 0.03125 6.471244577 0.1690231846 0.03125 6.955624531 0.23854031 0.03125 7.198673039 0.2970496166 0.03125 7.160365355 0.3432314221 0.03125 6.842511222 0.37687241 0.03125 6.285075592 0.4009406612 0.03125 5.51036078 0.4202173784 0.03125 4.587162865 0.4363491379 0.03125 3.5445097 0.4507449009 0.03125 2.497380347 0.4618434365 0.03125 1.51348806 0.468258861 0.03125 1 3 1 1 1 1 500 0.0004
-1.787361378 78.9 60.94549942 33.3064003 60.17230225 66.68474959 46.26194792 108.5053406 0.2554777754 -0.1348135049 0.9573695343 0.7953752212 0.3961806142 -0.4587147027 0.2554777754 0.1348135049 -0.9573695343 0 -0.1348135049 0.9855236935 0.1028025704 0 0.9573695343 0.1028025704 0.269954082 0 0 0 0 1 1 0 0 60.94549942 0 1 0 33.3064003 0 0 1 60.17230225 0 0 0 1 0.2554777754 -0.1348135049 0.9573695343 -0 0.1348135049 0.9855236935 0.1028025704 -0 -0.9573695343 0.1028025704 0.269954082 -0 0 0 0 1 32 0.6716950176 0.913867499 0.03125 -1.573357725 0.8742203796 0.03125 -3.4795354 0.8236182683 0.03125 -4.914732262 0.8075428854 0.03125 -5.667593719 0.8625914418 0.03125 -5.698785447 0.9940245167 0.03125 -5.171260242 1.174659596 0.03125 -4.117756286 1.341038831 0.03125 -2.837473499 1.441177409 0.03125 -1.404729532 1.443868141 0.03125 -0.1216218955 1.360115847 0.03125 0.9707528351 1.233698056 0.03125 1.935298061 1.115891174 0.03125 2.752130217 1.049311795 0.03125 3.466628707 1.061208663 0.03125 4.041148975 1.147561272 0.03125 3.645262749 0.8291512757 0.03125 4.153134438 0.9878432613 0.03125 4.712873819 1.17896944 0.03125 5.308588099 1.357226786 0.03125 5.823392825 1.494227416 0.03125 6.253541993 1.560030158 0.03125 6.5012108 1.542645003 0.03125 6.563700601 1.439210675 0.03125 6.424830849 1.269620254 0.03125 6.085248496 1.068675885 0.03125 5.570198988 0.8686361342 0.03125 4.887722553 0.7059300903 0.03125 4.09022099 0.5910956772 0.03125 3.193250464 0.5253664819 0.03125 2.300144177 0.4966583775 0.03125 1.443498472 0.4892670655 0.03125 1 3 1 1 1 1 500 0.0004
-1.745311976 78.9 60.94549942 33.3064003 60.17230225 65.32963941 48.03683567 110.1447022 0.2706900596 -0.1227563865 0.954807709 0.7611268941 0.5039231086 -0.408347097 0.2706900596 0.1227563865 -0.954807709 0 -0.1227563865 0.9881409866 0.09224023064 0 0.954807709 0.09224023064 0.2825490729 0 0 0 0 1 1 0 0 60.94549942 0 1 0 33.3064003 0 0 1 60.17230225 0 0 0 1 0.2706900596 -0.1227563865 0.954807709 -0 0.1227563865 0.9881409866 0.09224023064 -0 -0.954807709 0.09224023064 0.2825490729 -0 0 0 0 1 32 0.4699391723 0.9204118348 0.03125 -1.705811412 0.8786609428 0.03125 -3.518137824 0.8108006401 0.03125 -4.844720726 0.7789496074 0.03125 -5.499951834 0.8295801647 0.03125 -5.455990888 0.9683513763 0.03125 -4.908968882 1.167274173 0.03125 -3.893134761 1.361257678 0.03125 -2.675723664 1.496108297 0.03125 -1.328237298 1.535254113 0.03125 -0.1169081892 1.484813629 0.03125 0.9172335926 1.38309831 0.03125 1.822940797 1.279405934 0.03125 2.583784351 1.217190707 0.03125 3.241604101 1.225887904 0.03125 3.761977992 1.303988831 0.03125 3.329744021 0.9745427336 0.03125 3.813321877 1.117405976 0.03125 4.366167796 1.297761868 0.03125 4.97044133 1.4698364 0.03125 5.511190884 1.605703505 0.03125 5.982568293 1.673065362 0.03125 6.272366746 1.657983133 0.03125 6.376508228 1.554135359 0.03125 6.281365289 1.379033775 0.03125 5.988127835 1.163533374 0.03125 5.518821067 0.9414758187 0.03125 4.880935036 0.7542437691 0.03125 4.111585768 0.616578374 0.03125 3.225736809 0.535617208 0.03125 2.328499664 0.4990058097 0.03125 1.453713809 0.4889420412 0.03125 1 3 1 1 1 1 500 0.0004
