-1.288280291 77.9 61.44549942 33.40639877 60.17230225 99.16505243 57.80354646 61.92761041 0.4901437328 -0.0200125645 0.8714118535 0.2758229332 0.5753764564 -0.7699763912 0.4901437328 0.0200125645 -0.8714118535 0 -0.0200125645 0.9997312321 0.0117030227 0 0.8714118535 0.0117030227 0.4904125007 0 0 0 0 1 1 0 0 61.44549942 0 1 0 33.40639877 0 0 1 60.17230225 0 0 0 1 0.4901437328 -0.0200125645 0.8714118535 -0 0.0200125645 0.9997312321 0.0117030227 -0 -0.8714118535 0.0117030227 0.4904125007 -0 0 0 0 1 32 1.37301659 0.8822262134 0.03125 0.6136949171 0.9010462653 0.03125 -0.02002785843 0.9133789676 0.03125 -0.465680649 0.914137664 0.03125 -0.6504496285 0.8992542912 0.03125 -0.5654756209 0.8669758751 0.03125 -0.2188078465 0.8176488571 0.03125 0.3835363654 0.7563987062 0.03125 1.178928367 0.6915829703 0.03125 2.145533939 0.6343706049 0.03125 3.178554428 0.5965318171 0.03125 4.240178725 0.5845129792 0.03125 5.205871946 0.6018785836 0.03125 6.030140028 0.6401947415 0.03125 6.623516776 0.6890363442 0.03125 6.878667211 0.6943251677 0.03125 6.210470592 0.3534012177 0.03125 5.953368944 0.3156446921 0.03125 5.577787736 0.3012647494 0.03125 5.031786538 0.2833897695 0.03125 4.378695979 0.270025284 0.03125 3.649315337 0.2692086177 0.03125 2.903654226 0.2824704906 0.03125 2.165714035 0.3081723875 0.03125 1.495355303 0.3411921596 0.03125 0.9061100928 0.3756683919 0.03125 0.4591464734 0.4064861881 0.03125 0.1592749776 0.4302172314 0.03125 0.0318202112 0.4455071255 0.03125 0.0742872063 0.4532354324 0.03125 0.2148338761 0.4551048834 0.03125 0.4445993685 0.4540237747 0.03125 1 3 1 1 1 1 500 0.0004
-1.226852002 77.9 61.54550171 33.70640182 59.87229919 106.7116209 72.08553993 58.87730885 0.6370627601 0.2080129077 0.7422140324 0.4130533578 0.6832075008 -0.6021747542 0.6370627601 -0.2080129077 -0.7422140324 0 0.2080129077 0.9735688998 -0.09430921208 0 0.7422140324 -0.09430921208 0.6634938602 0 0 0 0 1 1 0 0 61.54550171 0 1 0 33.70640182 0 0 1 59.87229919 0 0 0 1 0.6370627601 0.2080129077 0.7422140324 -0 -0.2080129077 0.9735688998 -0.09430921208 -0 -0.7422140324 -0.09430921208 0.6634938602 -0 0 0 0 1 32 1.579251206 0.8940798352 0.03125 1.039579591 0.8794395812 0.03125 0.591969327 0.8536422659 0.03125 0.2545067982 0.8205211288 0.03125 0.07532128926 0.7810529985 0.03125 0.05304500843 0.7382387147 0.03125 0.2038737451 0.6921938867 0.03125 0.5227940165 0.6449438874 0.03125 0.9837044025 0.5980032441 0.03125 1.577877073 0.5537173225 0.03125 2.237906624 0.5156489139 0.03125 2.949882605 0.4859877645 0.03125 3.618906014 0.4687176852 0.03125 4.227805579 0.4645214471 0.03125 4.694892218 0.4756502148 0.03125 4.944113572 0.4702207239 0.03125 4.272146308 0.1020529162 0.03125 4.172640948 0.1053861552 0.03125 3.987751655 0.1446566123 0.03125 3.660386551 0.187826325 0.03125 3.237503544 0.2328794858 0.03125 2.729520391 0.2779713621 0.03125 2.198311038 0.3210654217 0.03125 1.654978441 0.3600130533 0.03125 1.166137829 0.3933603583 0.03125 0.7402424306 0.4199868767 0.03125 0.4278704869 0.4398088525 0.03125 0.2338873581 0.453328421 0.03125 0.1705163363 0.4614846908 0.03125 0.2395011619 0.4657280045 0.03125 0.3791156065 0.4670819426 0.03125 0.5918729517 0.4669028559 0.03125 1 3 1 1 1 1 500 0.0004
-1.24769529 77.9 61.54550171 32.8064003 60.17230225 102.0788459 77.80750362 62.58025553 0.6080659336 0.2961993713 0.7365607598 0.3827297592 0.8147108341 -0.4356193157 0.6080659336 -0.2961993713 -0.7365607598 0 0.2961993713 0.9454412498 -0.1356715725 0 0.7365607598 -0.1356715725 0.6626246838 0 0 0 0 1 1 0 0 61.54550171 0 1 0 32.8064003 0 0 1 60.17230225 0 0 0 1 0.6080659336 0.2961993713 0.7365607598 -0 -0.2961993713 0.9454412498 -0.1356715725 -0 -0.7365607598 -0.1356715725 0.6626246838 -0 0 0 0 1 32 1.223096094 0.7616091825 0.03125 0.818531616 0.7504650698 0.03125 0.415504315 0.7345931245 0.03125 0.1343519156 0.7177259887 0.03125 -0.01505080759 0.6986727277 0.03125 -0.02840593021 0.6756297251 0.03125 0.1109026858 0.6490908643 0.03125 0.3947995689 0.6260624621 0.03125 0.8371115303 0.6199415109 0.03125 1.417665738 0.6472237947 0.03125 2.105053512 0.7232059533 0.03125 2.865044245 0.8494660833 0.03125 3.598005933 1.020346814 0.03125 4.264269196 1.205243106 0.03125 4.772242526 1.371169197 0.03125 4.960646024 1.411682244 0.03125 4.643267693 1.220376602 0.03125 4.449627443 1.113454375 0.03125 4.219381619 1.021172632 0.03125 3.835534509 0.8994780993 0.03125 3.317730748 0.7643450799 0.03125 2.697464716 0.6401917211 0.03125 2.021220929 0.5388953299 0.03125 1.321911927 0.4683966423 0.03125 0.6624209095 0.4266035722 0.03125 0.06699478166 0.4080611532 0.03125 -0.3841980468 0.4043248322 0.03125 -0.6815693429 0.4071381517 0.03125 -0.7618817744 0.4101392463 0.03125 -0.6365418823 0.4097299739 0.03125 -0.35280167 0.4056731276 0.03125 0.02952260379 0.4006937738 0.03125 1 3 1 1 1 1 500 0.0004
-1.51562751 77.9 61.44549942 33.10639954 60.07229996 118.0324592 54.36389815 57.043211 0.6865883965 -0.02509253454 0.7266131973 0.683705623 0.6704477593 -0.2881777629 0.6865883965 0.02509253454 -0.7266131973 0 -0.02509253454 0.9996266811 0.01081032384 0 0.7266131973 0.01081032384 0.6869617154 0 0 0 0 1 1 0 0 61.44549942 0 1 0 33.10639954 0 0 1 60.07229996 0 0 0 1 0.6865883965 -0.02509253454 0.7266131973 -0 0.02509253454 0.9996266811 0.01081032384 -0 -0.7266131973 0.01081032384 0.6869617154 -0 0 0 0 1 32 1.576160415 0.8934580016 0.03125 1.036430912 0.9019325259 0.03125 0.5979924206 0.9143308508 0.03125 0.276264647 0.9275755585 0.03125 0.1322418596 0.9395997193 0.03125 0.170926584 0.9482549522 0.03125 0.398985651 0.9527310944 0.03125 0.8135946699 0.9525581705 0.03125 1.364640687 0.948807083 0.03125 2.040239069 0.9432823262 0.03125 2.746130606 0.9391598695 0.03125 3.463751986 0.9399842199 0.03125 4.094051405 0.9497674062 0.03125 4.618141567 0.9711918994 0.03125 4.973342994 1.005899894 0.03125 5.088391113 1.021814322 0.03125 4.270280109 0.6637224887 0.03125 4.033563303 0.6722625517 0.03125 3.714790263 0.7070960804 0.03125 3.260526942 0.7337005814 0.03125 2.722614259 0.7496316849 0.03125 2.111055333 0.7530962857 0.03125 1.493819193 0.7443372353 0.03125 0.8801226289 0.7247629388 0.03125 0.3456126988 0.6964268533 0.03125 -0.1035142422 0.662522015 0.03125 -0.4063490419 0.6254334218 0.03125 -0.560705877 0.5886231034 0.03125 -0.559181434 0.5535061831 0.03125 -0.4035991368 0.5227519764 0.03125 -0.1817787094 0.4966071501 0.03125 0.1043335677 0.4761394026 0.03125 1 3 1 1 1 1 500 0.0004
-1.373499283 77.9 61.54550171 33.70640182 59.87229919 121.2934914 49.3292675 54.62206507 0.7030032834 -0.09951795474 0.7041892929 0.7379495381 0.4752378097 -0.4791445538 0.7030032834 0.09951795474 -0.7041892929 0 -0.09951795474 0.9941844955 0.04115052441 0 0.7041892929 0.04115052441 0.7088187879 0 0 0 0 1 1 0 0 61.54550171 0 1 0 33.70640182 0 0 1 59.87229919 0 0 0 1 0.7030032834 -0.09951795474 0.7041892929 -0 0.09951795474 0.9941844955 0.04115052441 -0 -0.7041892929 0.04115052441 0.7088187879 -0 0 0 0 1 32 1.573255087 0.8920352661 0.03125 1.116316533 0.8861025901 0.03125 0.7477771381 0.8738199267 0.03125 0.4808760721 0.8534318431 0.03125 0.3648631625 0.8233314631 0.03125 0.4030171626 0.7817438737 0.03125 0.6048812767 0.7273649805 0.03125 0.9664508314 0.6598828144 0.03125 1.44852144 0.5797729953 0.03125 2.038899151 0.4902524725 0.03125 2.659384079 0.3954016278 0.03125 3.291875725 0.303313995 0.03125 3.850778143 0.2218037666 0.03125 4.31760603 0.1617921503 0.03125 4.62998012 0.1310221852 0.03125 4.714586572 0.1057183563 0.03125 3.883632069 -0.2610848682 0.03125 3.63869174 -0.2388577068 0.03125 3.332369192 -0.1653881793 0.03125 2.908699958 -0.0775731906 0.03125 2.422970079 0.01877332426 0.03125 1.884396027 0.1152433382 0.03125 1.356373064 0.2066511478 0.03125 0.8480908919 0.2865066152 0.03125 0.4184418801 0.3525086228 0.03125 0.07430199447 0.4025914726 0.03125 -0.1420652185 0.437636579 0.03125 -0.227373167 0.4594567686 0.03125 -0.1763866775 0.4704236177 0.03125 0.009868723872 0.4740893718 0.03125 0.2514441542 0.4725513319 0.03125 0.5451048721 0.4689915018 0.03125 1 3 1 1 1 1 500 0.0004
-1.644631573 77.9 61.44549942 33.40639877 59.97230148 119.2626825 49.99871903 55.71665001 0.6987555016 -0.02824638389 0.7148026936 0.6851144391 0.4568239072 -0.5673888642 0.6987555016 0.02824638389 -0.7148026936 0 -0.02824638389 0.9995303278 0.01188551929 0 0.7148026936 0.01188551929 0.6992251738 0 0 0 0 1 1 0 0 61.44549942 0 1 0 33.40639877 0 0 1 59.97230148 0 0 0 1 0.6987555016 -0.02824638389 0.7148026936 -0 0.02824638389 0.9995303278 0.01188551929 -0 -0.7148026936 0.01188551929 0.6992251738 -0 0 0 0 1 32 1.500256495 0.8841477311 0.03125 1.030493265 0.8936387011 0.03125 0.6414222957 0.9094808256 0.03125 0.3514132938 0.9286699534 0.03125 0.2099941834 0.9493464078 0.03125 0.2226416553 0.9696245726 0.03125 0.396926385 0.9890510818 0.03125 0.7325110707 1.007099347 0.03125 1.192840608 1.024679923 0.03125 1.770386969 1.042389453 0.03125 2.392890055 1.062061353 0.03125 3.046545484 1.084580227 0.03125 3.651180266 1.111637975 0.03125 4.19058654 1.142655309 0.03125 4.602020918 1.177097281 0.03125 4.808365296 1.178675973 0.03125 4.121484675 0.8079239645 0.03125 4.008753986 0.7889102277 0.03125 3.818841673 0.7915699836 0.03125 3.490684175 0.7816614273 0.03125 3.068865639 0.7588391292 0.03125 2.561351667 0.72561693 0.03125 2.028427569 0.6845981373 0.03125 1.478051932 0.6413041331 0.03125 0.9773818157 0.5986696285 0.03125 0.5323069707 0.561097315 0.03125 0.207217094 0.5296309914 0.03125 0.005833030479 0.505457487 0.03125 -0.04845512136 0.4878569018 0.03125 0.04586535971 0.4761049419 0.03125 0.2156122365 0.4690845798 0.03125 0.4632819007 0.4656132249 0.03125 1 3 1 1 1 1 500 0.0004
-1.554407807 77.9 61.54550171 33.70640182 59.87229919 118.7438673 50.81377909 56.34135077 0.694578977 -0.05949568007 0.7169520966 0.7304151634 0.5050002931 -0.4598569267 0.694578977 0.05949568007 -0.7169520966 0 -0.05949568007 0.9979111414 0.02517177018 0 0.7169520966 0.02517177018 0.6966678357 0 0 0 0 1 1 0 0 61.54550171 0 1 0 33.70640182 0 0 1 59.87229919 0 0 0 1 0.694578977 -0.05949568007 0.7169520966 -0 0.05949568007 0.9979111414 0.02517177018 -0 -0.7169520966 0.02517177018 0.6966678357 -0 0 0 0 1 32 1.384726863 0.889627124 0.03125 0.9212411323 0.8939698535 0.03125 0.5447757432 0.9010028128 0.03125 0.271490689 0.9084483515 0.03125 0.1526102053 0.9148691304 0.03125 0.1927650815 0.9188634118 0.03125 0.3982947516 0.9201264866 0.03125 0.7674424268 0.9186384717 0.03125 1.260599124 0.9155700916 0.03125 1.868375258 0.9124923297 0.03125 2.516954278 0.9121191035 0.03125 3.19065045 0.9169897154 0.03125 3.80916899 0.9301689283 0.03125 4.354901139 0.9529084057 0.03125 4.767038731 0.9859841372 0.03125 4.971563715 0.9959338022 0.03125 4.262163748 0.6317199531 0.03125 4.140291169 0.6309051615 0.03125 3.931475415 0.6542292929 0.03125 3.578680525 0.6676979234 0.03125 3.121518965 0.6698031472 0.03125 2.568523326 0.6608629088 0.03125 1.976494196 0.6422961402 0.03125 1.354309081 0.6179315175 0.03125 0.7829971477 0.5901653333 0.03125 0.2695980432 0.5627701945 0.03125 -0.1028121495 0.5371880225 0.03125 -0.330169718 0.5153302772 0.03125 -0.3890725121 0.4973696183 0.03125 -0.278925914 0.4839314238 0.03125 -0.08682197739 0.4744977224 0.03125 0.1879968106 0.4687334228 0.03125 1 3 1 1 1 1 500 0.0004
-1.612933423 77.9 61.54550171 33.70640182 59.87229919 118.7048045 52.27714363 57.58056452 0.6910607792 -0.05160438538 0.7209521391 0.7116721549 0.5257480311 -0.4659525209 0.6910607792 0.05160438538 -0.7209521391 0 -0.05160438538 0.9984252413 0.02200056466 0 0.7209521391 0.02200056466 0.6926355379 0 0 0 0 1 1 0 0 61.54550171 0 1 0 33.70640182 0 0 1 59.87229919 0 0 0 1 0.6910607792 -0.05160438538 0.7209521391 -0 0.05160438538 0.9984252413 0.02200056466 -0 -0.7209521391 0.02200056466 0.6926355379 -0 0 0 0 1 32 1.567995085 0.8861564396 0.03125 1.090350391 0.9004883935 0.03125 0.6885019079 0.9251700308 0.03125 0.3817244614 0.956310321 0.03125 0.2205444955 0.9914722657 0.03125 0.2115507189 1.028054376 0.03125 0.3634247147 1.06538698 0.03125 0.6771157257 1.10233307 0.03125 1.119367845 1.139573325 0.03125 1.683883061 1.176690571 0.03125 2.303409049 1.214792995 0.03125 2.964858729 1.253085797 0.03125 3.591476181 1.292013635 0.03125 4.166596586 1.329357306 0.03125 4.626637673 1.363602984 0.03125 4.892490231 1.358334355 0.03125 4.262584597 0.9758798868 0.03125 4.203942154 0.9437897692 0.03125 4.043741219 0.9305732226 0.03125 3.719452674 0.9038475125 0.03125 3.270064842 0.8642327502 0.03125 2.703654626 0.8157146663 0.03125 2.094621619 0.7612886019 0.03125 1.452587671 0.7065763009 0.03125 0.8695077761 0.6541805605 0.03125 0.3531817224 0.6077078839 0.03125 -0.01882119713 0.5678899058 0.03125 -0.2419499131 0.5356372562 0.03125 -0.2978930116 0.5102520829 0.03125 -0.1853445511 0.4912829399 0.03125 0.0108217764 0.4776657665 0.03125 0.2923529896 0.4685270001 0.03125 1 3 1 1 1 1 500 0.0004
-1.484784397 77.9 61.44549942 33.40639877 59.97230148 118.9085655 54.0073185 59.00990213 0.6946704695 -0.05038774048 0.7175611573 0.7250328754 0.6077033874 -0.3240739461 0.6946704695 0.05038774048 -0.7175611573 0 -0.05038774048 0.9985018182 0.02133528968 0 0.7175611573 0.02133528968 0.6961686512 0 0 0 0 1 1 0 0 61.44549942 0 1 0 33.40639877 0 0 1 59.97230148 0 0 0 1 0.6946704695 -0.05038774048 0.7175611573 -0 0.05038774048 0.9985018182 0.02133528968 -0 -0.7175611573 0.02133528968 0.6961686512 -0 0 0 0 1 32 1.558085735 0.891322163 0.03125 1.030447632 0.8988561505 0.03125 0.5931593128 0.9109888582 0.03125 0.26408044 0.9246837697 0.03125 0.0989148727 0.9379172036 0.03125 0.1031484082 0.9484864902 0.03125 0.2851627548 0.9555446743 0.03125 0.6435585503 0.9582955969 0.03125 1.138532987 0.9573816642 0.03125 1.760476467 0.9537394181 0.03125 2.43190782 0.9497038693 0.03125 3.136249501 0.9477437518 0.03125 3.784428412 0.9511907715 0.03125 4.35748566 0.9624681572 0.03125 4.784714236 0.9835147242 0.03125 4.98999545 0.9827184013 0.03125 4.270787351 0.6134999961 0.03125 4.121229924 0.6100542055 0.03125 3.875271454 0.6357744379 0.03125 3.475422873 0.6562968579 0.03125 2.967212737 0.6693683234 0.03125 2.360205488 0.6733018007 0.03125 1.72391724 0.6678903833 0.03125 1.068484861 0.654027896 0.03125 0.4828680381 0.6331146964 0.03125 -0.02522458391 0.6077216723 0.03125 -0.373723465 0.5797540885 0.03125 -0.5590997542 0.5521808281 0.03125 -0.5674466544 0.5261718044 0.03125 -0.3996952439 0.5039572513 0.03125 -0.1585026164 0.4856657067 0.03125 0.1550553368 0.4719451191 0.03125 1 3 1 1 1 1 500 0.0004
-1.518886685 77.9 61.44549942 33.40639877 59.97230148 116.8359311 55.68881799 62.59442329 0.6698102604 -0.08094695534 0.7381069066 0.6512656171 0.6492200596 -0.3928949099 0.6698102604 0.08094695534 -0.7381069066 0 -0.08094695534 0.9960759556 0.0357810155 0 0.7381069066 0.0357810155 0.6737343047 0 0 0 0 1 1 0 0 61.44549942 0 1 0 33.40639877 0 0 1 59.97230148 0 0 0 1 0.6698102604 -0.08094695534 0.7381069066 -0 0.08094695534 0.9960759556 0.0357810155 -0 -0.7381069066 0.0357810155 0.6737343047 -0 0 0 0 1 32 1.316706346 0.7925313044 0.03125 0.9127610968 0.8172134919 0.03125 0.5281000342 0.8533687213 0.03125 0.2550406406 0.8906239741 0.03125 0.1300643136 0.9247258793 0.03125 0.167988589 0.9562180165 0.03125 0.364751046 0.9907677104 0.03125 0.7204487004 1.036311964 0.03125 1.198180456 1.101753801 0.03125 1.782890893 1.192213409 0.03125 2.407884066 1.309695727 0.03125 3.047673874 1.446612763 0.03125 3.644922596 1.592197392 0.03125 4.172724417 1.726681092 0.03125 4.594811785 1.828225497 0.03125 4.769725292 1.817505177 0.03125 4.402593672 1.550124501 0.03125 4.290011461 1.430986383 0.03125 4.150243869 1.332120669 0.03125 3.868647731 1.206062183 0.03125 3.454368112 1.062841594 0.03125 2.925625227 0.9197004651 0.03125 2.311317274 0.787955194 0.03125 1.634610777 0.678073824 0.03125 0.9593412887 0.5927566436 0.03125 0.3075275872 0.5323759446 0.03125 -0.204379385 0.4924131622 0.03125 -0.5631538284 0.4671831001 0.03125 -0.6797233448 0.4503301349 0.03125 -0.5612153087 0.4370442439 0.03125 -0.2880881656 0.4252660549 0.03125 0.09365445899 0.4161827155 0.03125 1 3 1 1 1 1 500 0.0004
-1.646398457 77.9 61.54550171 33.70640182 59.87229919 118.0295517 55.31062222 64.12568285 0.6798778387 -0.05312897405 0.7313982749 0.6577785723 0.6313872782 -0.4107036093 0.6798778387 0.05312897405 -0.7313982749 0 -0.05312897405 0.9983197065 0.02313170581 0 0.7313982749 0.02313170581 0.6815581323 0 0 0 0 1 1 0 0 61.54550171 0 1 0 33.70640182 0 0 1 59.87229919 0 0 0 1 0.6798778387 -0.05312897405 0.7313982749 -0 0.05312897405 0.9983197065 0.02313170581 -0 -0.7313982749 0.02313170581 0.6815581323 -0 0 0 0 1 32 1.305036603 0.7883942875 0.03125 0.9314972184 0.8252572178 0.03125 0.5497680321 0.8801411881 0.03125 0.2561592499 0.9365519987 0.03125 0.08650975723 0.9871141965 0.03125 0.06017421626 1.032345203 0.03125 0.1786053059 1.080939252 0.03125 0.4493087088 1.145508103 0.03125 0.8577479338 1.239804415 0.03125 1.397416095 1.371515332 0.03125 2.022197959 1.542509711 0.03125 2.710787103 1.740143209 0.03125 3.377859264 1.946037271 0.03125 3.994172185 2.129840986 0.03125 4.496618832 2.260022907 0.03125 4.736865745 2.251492159 0.03125 4.442279854 1.966911662 0.03125 4.383321893 1.809518057 0.03125 4.295624544 1.659879971 0.03125 4.057844508 1.477353928 0.03125 3.660735235 1.276886061 0.03125 3.120532163 1.081677303 0.03125 2.469538997 0.9054087453 0.03125 1.734842375 0.7599091555 0.03125 1.008780317 0.6472725797 0.03125 0.318328076 0.566626841 0.03125 -0.2100375596 0.5120537898 0.03125 -0.5613123867 0.4766082029 0.03125 -0.6613596654 0.4530984597 0.03125 -0.517583234 0.4360804359 0.03125 -0.2290019986 0.4229771591 0.03125 0.1594306464 0.4140021809 0.03125 1 3 1 1 1 1 500 0.0004
-1.533784792 77.9 61.44549942 33.40639877 60.17230225 120.8530768 55.93189819 64.65359116 0.7122385644 -0.04496843401 0.7004955869 0.737581104 0.6109745575 -0.2875486136 0.7122385644 0.04496843401 -0.7004955869 0 -0.04496843401 0.9988189963 0.01839707984 0 0.7004955869 0.01839707984 0.7134195681 0 0 0 0 1 1 0 0 61.44549942 0 1 0 33.40639877 0 0 1 60.17230225 0 0 0 1 0.7122385644 -0.04496843401 0.7004955869 -0 0.04496843401 0.9988189963 0.01839707984 -0 -0.7004955869 0.01839707984 0.7134195681 -0 0 0 0 1 32 1.216620425 0.7627399251 0.03125 0.8765641517 0.7874338921 0.03125 0.5462023473 0.8243760542 0.03125 0.3279774608 0.8631984506 0.03125 0.239965385 0.8994951954 0.03125 0.2951203627 0.9341054928 0.03125 0.4678048383 0.9731275574 0.03125 0.7568225346 1.02536883 0.03125 1.124845143 1.100652144 0.03125 1.559378015 1.204996724 0.03125 2.027974625 1.340991199 0.03125 2.511445945 1.500931099 0.03125 2.99010588 1.67316766 0.03125 3.442960506 1.835419634 0.03125 3.840216102 1.961856785 0.03125 4.027581571 1.961101786 0.03125 3.808967433 1.739133385 0.03125 3.791965848 1.609611809 0.03125 3.785398172 1.498318241 0.03125 3.653462075 1.350667013 0.03125 3.362556886 1.177716688 0.03125 2.924497563 1.001076512 0.03125 2.337747834 0.836334613 0.03125 1.626191016 0.6988000768 0.03125 0.8785965892 0.5935273354 0.03125 0.1245920505 0.5218029983 0.03125 -0.463972114 0.4777499529 0.03125 -0.8680154266 0.4527385399 0.03125 -0.9814006744 0.4375461307 0.03125 -0.8141489987 0.4249061927 0.03125 -0.4736479734 0.4123039839 0.03125 -0.02200738261 0.4019176313 0.03125 1 3 1 1 1 1 500 0.0004
-1.502536745 77.9 61.54550171 33.70640182 59.87229919 121.3453865 55.71254107 64.21180345 0.6911101972 -0.06119650826 0.7201539298 0.7569447133 0.5864040099 -0.2883834915 0.6911101972 0.06119650826 -0.7201539298 0 -0.06119650826 0.997785471 0.02606033953 0 0.7201539298 0.02606033953 0.6933247263 0 0 0 0 1 1 0 0 61.54550171 0 1 0 33.70640182 0 0 1 59.87229919 0 0 0 1 0.6911101972 -0.06119650826 0.7201539298 -0 0.06119650826 0.997785471 0.02606033953 -0 -0.7201539298 0.02606033953 0.6933247263 -0 0 0 0 1 32 1.300631645 0.7632046763 0.03125 1.040703056 0.7835861246 0.03125 0.7727040278 0.815815043 0.03125 0.5850016423 0.8521259058 0.03125 0.498894454 0.8888244485 0.03125 0.5268103741 0.925651004 0.03125 0.6633105407 0.9664410427 0.03125 0.9074717553 1.017074894 0.03125 1.231490402 1.084625851 0.03125 1.622314534 1.173763672 0.03125 2.045673536 1.287152586 0.03125 2.48216865 1.420120462 0.03125 2.913274799 1.564966523 0.03125 3.320180531 1.704938522 0.03125 3.687759429 1.818860579 0.03125 3.866280266 1.817838912 0.03125 3.657268158 1.603896613 0.03125 3.67865786 1.491010821 0.03125 3.709745248 1.400139644 0.03125 3.613266016 1.273100829 0.03125 3.348022074 1.118729344 0.03125 2.923963764 0.957175574 0.03125 2.341530165 0.8038691937 0.03125 1.623298308 0.6749226906 0.03125 0.8626128171 0.5760753078 0.03125 0.08906500456 0.5093596827 0.03125 -0.5148515482 0.4691374935 0.03125 -0.9289786005 0.4470037553 0.03125 -1.04237944 0.4339444987 0.03125 -0.8642721164 0.4229463323 0.03125 -0.508413455 0.4116776374 0.03125 -0.03719930902 0.4022395817 0.03125 1 3 1 1 1 1 500 0.0004
-1.382941745 77.9 61.54550171 33.70640182 59.87229919 121.4484647 56.04109003 64.08780292 0.6998466711 -0.08315779979 0.7094359853 0.7610731925 0.5945823233 -0.25930572 0.6998466711 0.08315779979 -0.7094359853 0 -0.08315779979 0.9959318568 0.03470615123 0 0.7094359853 0.03470615123 0.7039148143 0 0 0 0 1 1 0 0 61.54550171 0 1 0 33.70640182 0 0 1 59.87229919 0 0 0 1 0.6998466711 -0.08315779979 0.7094359853 -0 0.08315779979 0.9959318568 0.03470615123 -0 -0.7094359853 0.03470615123 0.7039148143 -0 0 0 0 1 32 1.579303529 0.8899246032 0.03125 1.118307106 0.899552204 0.03125 0.7305318143 0.9152183207 0.03125 0.4347387772 0.9337536234 0.03125 0.2782558798 0.9532376327 0.03125 0.2660595134 0.9716012334 0.03125 0.4035030455 0.9881509815 0.03125 0.6902254654 1.002037951 0.03125 1.090394883 1.013687801 0.03125 1.59754205 1.023220537 0.03125 2.147769249 1.031911419 0.03125 2.729561414 1.040433077 0.03125 3.273317124 1.050344098 0.03125 3.765460053 1.062035694 0.03125 4.148043627 1.075967165 0.03125 4.343449241 1.057750766 0.03125 3.669139756 0.676658019 0.03125 3.574718344 0.6506923621 0.03125 3.40925066 0.6540415979 0.03125 3.108107076 0.6523735708 0.03125 2.706058953 0.64493153 0.03125 2.209207246 0.6323966053 0.03125 1.678847163 0.6153825263 0.03125 1.122372139 0.5956885926 0.03125 0.6200811597 0.5742831202 0.03125 0.1783325446 0.55289528 0.03125 -0.1274043114 0.5322236871 0.03125 -0.293421764 0.5135384795 0.03125 -0.298015705 0.4970792279 0.03125 -0.1410187249 0.4837253453 0.03125 0.08883497439 0.4734156836 0.03125 0.3907844627 0.4663536357 0.03125 1 3 1 1 1 1 500 0.0004
-1.54510962 77.9 60.84550095 33.70640182 59.87229919 119.4201095 57.81808699 56.61131478 0.7710514705 -0.03377411753 0.6358765122 0.6424105842 0.6220830336 -0.4475727211 0.7710514705 0.03377411753 -0.6358765122 0 -0.03377411753 0.9993559244 0.01212622468 0 0.6358765122 0.01212622468 0.7716955461 0 0 0 0 1 1 0 0 60.84550095 0 1 0 33.70640182 0 0 1 59.87229919 0 0 0 1 0.7710514705 -0.03377411753 0.6358765122 -0 0.03377411753 0.9993559244 0.01212622468 -0 -0.6358765122 0.01212622468 0.7716955461 -0 0 0 0 1 32 1.310619197 0.7730263502 0.03125 1.039850576 0.8025433108 0.03125 0.7694544369 0.8492069466 0.03125 0.5851197326 0.9020511285 0.03125 0.4989038748 0.9562000811 0.03125 0.5246243999 1.011398756 0.03125 0.6493531179 1.072969179 0.03125 0.8766506033 1.147725428 0.03125 1.189355586 1.243436268 0.03125 1.581127308 1.362433489 0.03125 2.032953561 1.503773564 0.03125 2.52891374 1.655984165 0.03125 3.034030068 1.80485658 0.03125 3.525773459 1.928531585 0.03125 3.958669534 2.003593013 0.03125 4.179255343 1.949501943 0.03125 3.934217421 1.663965116 0.03125 3.894636144 1.501099832 0.03125 3.818967723 1.365805419 0.03125 3.579771532 1.209346913 0.03125 3.185308479 1.042749424 0.03125 2.653668415 0.8846338492 0.03125 2.029933456 0.7459631579 0.03125 1.339562268 0.6359085672 0.03125 0.667275359 0.5551202757 0.03125 0.03753339148 0.5014100071 0.03125 -0.4244019091 0.4682266919 0.03125 -0.7055704497 0.4481625461 0.03125 -0.7402104078 0.4345971047 0.03125 -0.5387305705 0.423188962 0.03125 -0.2047733374 0.4128912237 0.03125 0.2077812773 0.4052875624 0.03125 1 3 1 1 1 1 500 0.0004
