-1.874159599 78.9 61.44549942 33.10639954 60.07229996 120.0535789 19.84079075 17.22474591 0.9573649895 -0.1626720602 0.2387259469 0.8224117252 -0.08206987832 -0.562941817 0.9573649895 0.1626720602 -0.2387259469 0 -0.1626720602 0.9864807027 0.01983995924 0 0.2387259469 0.01983995924 0.9708842868 0 0 0 0 1 1 0 0 61.44549942 0 1 0 33.10639954 0 0 1 60.07229996 0 0 0 1 0.9573649895 -0.1626720602 0.2387259469 -0 0.1626720602 0.9864807027 0.01983995924 -0 -0.2387259469 0.01983995924 0.9708842868 -0 0 0 0 1 32 2.04539486 0.9277493645 0.03125 2.264928886 0.9253918044 0.03125 2.443995937 0.9230342662 0.03125 2.581508236 0.9216744916 0.03125 2.668700134 0.9219510865 0.03125 2.705436044 0.9244516957 0.03125 2.697340647 0.9293710569 0.03125 2.645366381 0.936730168 0.03125 2.560027502 0.9463009881 0.03125 2.443065734 0.9576783151 0.03125 2.30434834 0.9703444419 0.03125 2.146041763 0.9836548244 0.03125 1.978184397 0.9969625126 0.03125 1.803056527 1.009541918 0.03125 1.630440174 1.020735553 0.03125 1.449019042 1.023169117 0.03125 0.3346662541 0.548413882 0.03125 0.1831267752 0.5435618336 0.03125 0.06480254018 0.5443610239 0.03125 -0.03339519175 0.5441032995 0.03125 -0.1072552711 0.5427600655 0.03125 -0.156623111 0.5403791666 0.03125 -0.1770976053 0.5369779481 0.03125 -0.1687202976 0.5326906243 0.03125 -0.1283375055 0.5276021152 0.03125 -0.05621810748 0.5219696085 0.03125 0.04533721134 0.5159829985 0.03125 0.1758262645 0.5100609662 0.03125 0.3226556428 0.504500437 0.03125 0.4852605446 0.4997976921 0.03125 0.6337828748 0.4962243251 0.03125 0.7681604765 0.4939211057 0.03125 1 3 1 1 1 1 500 0.0004
-1.885648713 78.9 61.44549942 33.10639954 60.07229996 116.904592 21.21868613 19.50261621 0.8835298727 -0.1757942637 0.4341328608 0.745139168 -0.08518880716 -0.6614457554 0.8835298727 0.1757942637 -0.4341328608 0 -0.1757942637 0.9835927088 0.04051863883 0 0.4341328608 0.04051863883 0.8999371639 0 0 0 0 1 1 0 0 61.44549942 0 1 0 33.10639954 0 0 1 60.07229996 0 0 0 1 0.8835298727 -0.1757942637 0.4341328608 -0 0.1757942637 0.9835927088 0.04051863883 -0 -0.4341328608 0.04051863883 0.8999371639 -0 0 0 0 1 32 2.064611695 0.9280147768 0.03125 2.303812851 0.9235008274 0.03125 2.517932808 0.9161235916 0.03125 2.7036867 0.9070856243 0.03125 2.852279484 0.8973894798 0.03125 2.962002684 0.8883483855 0.03125 3.033358656 0.8808138774 0.03125 3.065644962 0.8757864132 0.03125 3.063492202 0.8737558079 0.03125 3.027232183 0.8752406934 0.03125 2.95998299 0.8802998934 0.03125 2.862978213 0.8889173839 0.03125 2.739171155 0.9007124095 0.03125 2.590598916 0.9151444339 0.03125 2.424593909 0.9314496135 0.03125 2.231146943 0.942349401 0.03125 1.086497627 0.4746839092 0.03125 0.8944064368 0.4771023642 0.03125 0.7257009455 0.4849764476 0.03125 0.5687689564 0.4917703594 0.03125 0.4317472344 0.4973358198 0.03125 0.3154378363 0.5015646931 0.03125 0.2273621106 0.5044097696 0.03125 0.1680213325 0.5059212327 0.03125 0.1434849642 0.5061679894 0.03125 0.1538922843 0.5053717169 0.03125 0.1996224975 0.5037027566 0.03125 0.2804291519 0.5015425982 0.03125 0.3855079459 0.4991311422 0.03125 0.5143797191 0.496918457 0.03125 0.6381004633 0.4951251169 0.03125 0.7565621884 0.4939579289 0.03125 1 3 1 1 1 1 500 0.0004
-2.029725747 78.9 61.24549866 33.10639954 60.07229996 117.7818031 18.98340133 21.41826106 0.9285297271 -0.0894308483 0.3603257822 0.7397284019 -0.1605426155 -0.6534737638 0.9285297271 0.0894308483 -0.3603257822 0 -0.0894308483 0.9958528632 0.01670922668 0 0.3603257822 0.01670922668 0.9326768639 0 0 0 0 1 1 0 0 61.24549866 0 1 0 33.10639954 0 0 1 60.07229996 0 0 0 1 0.9285297271 -0.0894308483 0.3603257822 -0 0.0894308483 0.9958528632 0.01670922668 -0 -0.3603257822 0.01670922668 0.9326768639 -0 0 0 0 1 32 1.997634936 0.9351458838 0.03125 2.067516753 0.9338143679 0.03125 2.132878569 0.9322039339 0.03125 2.19331377 0.9305620969 0.03125 2.247533875 0.9291117192 0.03125 2.295247711 0.928048887 0.03125 2.335797925 0.9275413579 0.03125 2.369022587 0.9277188658 0.03125 2.394684492 0.9286892389 0.03125 2.412758174 0.9305064139 0.03125 2.423210255 0.9332149328 0.03125 2.426147612 0.9368031024 0.03125 2.421768982 0.9412494785 0.03125 2.410302818 0.9464836613 0.03125 2.392305224 0.9524279945 0.03125 2.367139761 0.9584743737 0.03125 1.341773019 0.4650944961 0.03125 1.309975846 0.46803636 0.03125 1.276956312 0.4714012044 0.03125 1.241903592 0.4746675322 0.03125 1.206019335 0.477804064 0.03125 1.169465025 0.4807826689 0.03125 1.133689069 0.4835733562 0.03125 1.098843515 0.4861591127 0.03125 1.066541951 0.488517383 0.03125 1.036919148 0.4906454136 0.03125 1.011356954 0.4925327163 0.03125 0.9899602559 0.4941980029 0.03125 0.973313791 0.4956458496 0.03125 0.9614834839 0.4969180152 0.03125 0.9535522069 0.4980321854 0.03125 0.9495627253 0.499039857 0.03125 1 3 1 1 1 1 500 0.0004
-2.02489049 78.9 61.44549942 33.10639954 60.07229996 118.2024962 20.04932692 22.30808742 0.9162192754 -0.0728194084 0.3940045344 0.6720287946 -0.1436183617 -0.7264647723 0.9162192754 0.0728194084 -0.3940045344 0 -0.0728194084 0.9972327456 0.01497280477 0 0.3940045344 0.01497280477 0.9189865298 0 0 0 0 1 1 0 0 61.44549942 0 1 0 33.10639954 0 0 1 60.07229996 0 0 0 1 0.9162192754 -0.0728194084 0.3940045344 -0 0.0728194084 0.9972327456 0.01497280477 -0 -0.3940045344 0.01497280477 0.9189865298 -0 0 0 0 1 32 2.004834651 0.9352990134 0.03125 2.078854026 0.9337756164 0.03125 2.148610602 0.9317477213 0.03125 2.213648287 0.929493566 0.03125 2.27256987 0.9272678447 0.03125 2.32501489 0.9253195373 0.03125 2.37015731 0.9238604995 0.03125 2.407760168 0.9230824722 0.03125 2.437434157 0.9231357238 0.03125 2.459083666 0.9241352115 0.03125 2.47261156 0.9261611522 0.03125 2.478074063 0.9292463226 0.03125 2.47565651 0.9333928114 0.03125 2.465565474 0.9385541188 0.03125 2.448358619 0.9446592469 0.03125 2.423419459 0.9511077347 0.03125 1.397706648 0.4581506574 0.03125 1.365257226 0.4614857309 0.03125 1.33104789 0.4652968383 0.03125 1.294302301 0.4690559634 0.03125 1.256150823 0.4727218436 0.03125 1.216775763 0.4762496016 0.03125 1.177675884 0.4796015303 0.03125 1.139028098 0.4827430078 0.03125 1.10259796 0.4856440526 0.03125 1.068543636 0.4882889147 0.03125 1.038488274 0.4906600361 0.03125 1.012557168 0.4927685269 0.03125 0.9915827329 0.4946148059 0.03125 0.97564509 0.4962386788 0.03125 0.9641891226 0.4976571542 0.03125 0.9572590544 0.4989285906 0.03125 1 3 1 1 1 1 500 0.0004
-2.035735567 78.9 61.44549942 33.3064003 60.17230225 118.7446416 19.12551596 23.47550694 0.9107130291 -0.08341585362 0.4045288296 0.6841540078 -0.1658883144 -0.7102213463 0.9107130291 0.08341585362 -0.4045288296 0 -0.08341585362 0.9963583204 0.0176604844 0 0.4045288296 0.0176604844 0.9143547087 0 0 0 0 1 1 0 0 61.44549942 0 1 0 33.3064003 0 0 1 60.17230225 0 0 0 1 0.9107130291 -0.08341585362 0.4045288296 -0 0.08341585362 0.9963583204 0.0176604844 -0 -0.4045288296 0.0176604844 0.9143547087 -0 0 0 0 1 32 1.998636964 0.9349284863 0.03125 2.068736143 0.9334180603 0.03125 2.134955468 0.9314963747 0.03125 2.196863772 0.9294291257 0.03125 2.253158916 0.9274522678 0.03125 2.3035014 0.9257965338 0.03125 2.347078128 0.9246552824 0.03125 2.38367056 0.9241973415 0.03125 2.412868596 0.9245573069 0.03125 2.434587938 0.9258317673 0.03125 2.44863577 0.928086036 0.03125 2.455067397 0.9313369719 0.03125 2.453941011 0.9355813581 0.03125 2.445449177 0.9407646304 0.03125 2.430031052 0.9468184179 0.03125 2.407045465 0.9531413615 0.03125 1.383291006 0.4600471907 0.03125 1.352711273 0.4632617621 0.03125 1.320240216 0.4669372253 0.03125 1.285086665 0.4705497043 0.03125 1.248369338 0.474062146 0.03125 1.210257658 0.4774343352 0.03125 1.172254596 0.4806317938 0.03125 1.134525636 0.4836259545 0.03125 1.098860442 0.4863878456 0.03125 1.065411223 0.488904436 0.03125 1.035796182 0.491158989 0.03125 1.010137778 0.4931611508 0.03125 0.9893458369 0.4949107532 0.03125 0.9734998981 0.4964445875 0.03125 0.9621343773 0.4977786618 0.03125 0.9552933253 0.4989682419 0.03125 1 3 1 1 1 1 500 0.0004
-2.072800055 78.9 61.44549942 33.3064003 60.17230225 111.5413863 23.62725556 29.09875239 0.7006178001 -0.00257222622 0.7135321169 0.4883350673 -0.07593971871 -0.8693457432 0.7006178001 0.00257222622 -0.7135321169 0 -0.00257222622 0.9999961094 0.001079234864 0 0.7135321169 0.001079234864 0.7006216906 0 0 0 0 1 1 0 0 61.44549942 0 1 0 33.3064003 0 0 1 60.17230225 0 0 0 1 0.7006178001 -0.00257222622 0.7135321169 -0 0.00257222622 0.9999961094 0.001079234864 -0 -0.7135321169 0.001079234864 0.7006216906 -0 0 0 0 1 32 2.103654103 0.9334885033 0.03125 2.303353694 0.9297257224 0.03125 2.494028524 0.9236605287 0.03125 2.674391352 0.9160207305 0.03125 2.841637506 0.9075006937 0.03125 2.994663603 0.8987880835 0.03125 3.130934187 0.8905078053 0.03125 3.24960185 0.8832547744 0.03125 3.34854419 0.8775287608 0.03125 3.427245243 0.8737782904 0.03125 3.484081115 0.8723491222 0.03125 3.518928854 0.873495217 0.03125 3.530980837 0.8773650034 0.03125 3.520533803 0.8840068167 0.03125 3.488164885 0.8933558394 0.03125 3.43373048 0.9048118642 0.03125 2.366301011 0.4164078434 0.03125 2.284141359 0.4232887912 0.03125 2.193122174 0.4307362174 0.03125 2.09287205 0.4382109626 0.03125 1.9865387 0.445609165 0.03125 1.874644886 0.4528213485 0.03125 1.761067116 0.4597430846 0.03125 1.646339761 0.4662788651 0.03125 1.534716496 0.4723401224 0.03125 1.426725299 0.4778661468 0.03125 1.326529574 0.4827912981 0.03125 1.234615016 0.4871126643 0.03125 1.154511003 0.4907998402 0.03125 1.086611108 0.4939167827 0.03125 1.033151272 0.4964814998 0.03125 0.9944052547 0.49862909 0.03125 1 3 1 1 1 1 500 0.0004
-2.102705876 78.9 61.24549866 33.10639954 60.07229996 109.5381662 23.66559149 32.49958529 0.5988173277 0.01307992641 0.8007788232 0.4852734136 -0.07591104279 -0.8710609781 0.5988173277 -0.01307992641 -0.8007788232 0 0.01307992641 0.9998929931 -0.006551172481 0 0.8007788232 -0.006551172481 0.5989243346 0 0 0 0 1 1 0 0 61.24549866 0 1 0 33.10639954 0 0 1 60.07229996 0 0 0 1 0.5988173277 0.01307992641 0.8007788232 -0 -0.01307992641 0.9998929931 -0.006551172481 -0 -0.8007788232 -0.006551172481 0.5989243346 -0 0 0 0 1 32 2.132208155 0.9323069372 0.03125 2.365810193 0.9277226334 0.03125 2.588812975 0.9204822626 0.03125 2.799710258 0.9114305817 0.03125 2.995416871 0.9013696317 0.03125 3.174636882 0.8910787133 0.03125 3.334501972 0.8812781696 0.03125 3.474026725 0.8726432951 0.03125 3.590766491 0.8657481476 0.03125 3.684117681 0.8610999543 0.03125 3.75217196 0.8590926395 0.03125 3.794770109 0.8600203842 0.03125 3.810868519 0.8640607294 0.03125 3.800793814 0.8712635163 0.03125 3.765007373 0.8815757458 0.03125 3.703476017 0.8943766722 0.03125 2.625793334 0.4071415188 0.03125 2.531347134 0.4148570441 0.03125 2.426191511 0.4231400603 0.03125 2.310045356 0.4314567255 0.03125 2.186424139 0.4396898351 0.03125 2.055931457 0.4477229377 0.03125 1.922899359 0.4554350672 0.03125 1.787958876 0.4627272677 0.03125 1.655980111 0.4694908919 0.03125 1.527601377 0.4756605606 0.03125 1.407760642 0.4811536474 0.03125 1.297056469 0.4859644443 0.03125 1.199968667 0.490051936 0.03125 1.117007356 0.4934848621 0.03125 1.051311693 0.4962777259 0.03125 1.003255341 0.4985823512 0.03125 1 3 1 1 1 1 500 0.0004
-2.090575665 78.9 61.24549866 33.10639954 60.07229996 101.5798836 28.15710112 43.01944562 0.4444937663 0.01718281632 0.8956171294 0.292162462 0.03277644029 -0.9558068847 0.4444937663 -0.01718281632 -0.8956171294 0 0.01718281632 0.9997956037 -0.01065371481 0 0.8956171294 -0.01065371481 0.4446981626 0 0 0 0 1 1 0 0 61.24549866 0 1 0 33.10639954 0 0 1 60.07229996 0 0 0 1 0.4444937663 0.01718281632 0.8956171294 -0 -0.01718281632 0.9997956037 -0.01065371481 -0 -0.8956171294 -0.01065371481 0.4446981626 -0 0 0 0 1 32 1.735251063 0.9222000474 0.03125 1.71745302 0.9114640865 0.03125 1.736559326 0.8983903803 0.03125 1.794590251 0.8829696181 0.03125 1.909922031 0.8650985726 0.03125 2.086125413 0.8443023246 0.03125 2.326478501 0.8207085178 0.03125 2.630518952 0.7943865242 0.03125 2.985385564 0.7664636566 0.03125 3.384790142 0.7380834347 0.03125 3.80061343 0.7115092052 0.03125 4.221619912 0.688782751 0.03125 4.612324375 0.672708805 0.03125 4.960109388 0.6654019834 0.03125 5.234812673 0.6691266044 0.03125 5.418580645 0.6807448003 0.03125 4.543017069 0.214657642 0.03125 4.551777848 0.2320015231 0.03125 4.487533261 0.2571414405 0.03125 4.342998468 0.2846417976 0.03125 4.131593943 0.3134816098 0.03125 3.856737732 0.3422798592 0.03125 3.541078846 0.3700666854 0.03125 3.18910408 0.395799464 0.03125 2.82887473 0.4188268891 0.03125 2.464772687 0.4386592216 0.03125 2.124106769 0.4550897051 0.03125 1.810387779 0.468225351 0.03125 1.542833133 0.4782388759 0.03125 1.323793185 0.4856624916 0.03125 1.157251464 0.4908461972 0.03125 1.044948107 0.4944663877 0.03125 1 3 1 1 1 1 500 0.0004
-2.033273501 78.9 61.54550171 33.70640182 59.87229919 103.7546514 26.80586961 45.95901031 0.3980728604 -0.02178360916 0.9170951271 0.3342312794 0.005232554408 -0.9424765632 0.3980728604 0.02178360916 -0.9170951271 0 -0.02178360916 0.9996605859 0.01428941393 0 0.9170951271 0.01428941393 0.3984122745 0 0 0 0 1 1 0 0 61.54550171 0 1 0 33.70640182 0 0 1 59.87229919 0 0 0 1 0.3980728604 -0.02178360916 0.9170951271 -0 0.02178360916 0.9996605859 0.01428941393 -0 -0.9170951271 0.01428941393 0.3984122745 -0 0 0 0 1 32 1.934353506 0.9260887895 0.03125 1.815195098 0.9195139748 0.03125 1.741252276 0.9075192092 0.03125 1.715109639 0.8888723161 0.03125 1.760010204 0.8622713445 0.03125 1.880272708 0.8267756409 0.03125 2.081864757 0.7821294355 0.03125 2.364556235 0.7293704914 0.03125 2.714188531 0.6704628614 0.03125 3.123867309 0.6090965698 0.03125 3.56113848 0.5494695478 0.03125 4.013395315 0.4969828668 0.03125 4.439556163 0.4566391496 0.03125 4.825361975 0.4332603478 0.03125 5.137058436 0.4304256854 0.03125 5.354464636 0.4453011952 0.03125 4.513691422 -0.008123954203 0.03125 4.551327194 0.02447164298 0.03125 4.512808209 0.07021619997 0.03125 4.389627566 0.1213447424 0.03125 4.193880018 0.1755321991 0.03125 3.928996559 0.2294889162 0.03125 3.617478879 0.2812538732 0.03125 3.264074732 0.3284329566 0.03125 2.898418422 0.369959026 0.03125 2.525240903 0.404847501 0.03125 2.174187145 0.4330112569 0.03125 1.84902775 0.4547649813 0.03125 1.5709233 0.470702141 0.03125 1.342279164 0.4819140973 0.03125 1.168358718 0.4891941076 0.03125 1.050764317 0.4938044935 0.03125 1 3 1 1 1 1 500 0.0004
-1.907327517 78.9 61.54550171 33.70640182 59.87229919 100.5733757 28.13714696 51.85534685 0.4083881754 -0.04615697751 0.9116406263 0.2920883499 0.03376893461 -0.9557949858 0.4083881754 0.04615697751 -0.9116406263 0 -0.04615697751 0.9984873016 0.02987711528 0 0.9116406263 0.02987711528 0.4099008739 0 0 0 0 1 1 0 0 61.54550171 0 1 0 33.70640182 0 0 1 59.87229919 0 0 0 1 0.4083881754 -0.04615697751 0.9116406263 -0 0.04615697751 0.9984873016 0.02987711528 -0 -0.9116406263 0.02987711528 0.4099008739 -0 0 0 0 1 32 0.9202112214 0.833883488 0.03125 0.7734231903 0.6734954103 0.03125 0.6819000846 0.5051715533 0.03125 0.6517504185 0.3390387851 0.03125 0.7251257177 0.1839546195 0.03125 0.9106385558 0.04917602593 0.03125 1.219874504 -0.05386588737 0.03125 1.655365821 -0.1151648432 0.03125 2.197663912 -0.1237930155 0.03125 2.838080366 -0.0748043024 0.03125 3.525839271 0.03509046688 0.03125 4.239867249 0.1980439136 0.03125 4.911959081 0.4037892873 0.03125 5.515927927 0.6306593928 0.03125 5.995925553 0.858718889 0.03125 6.311075733 1.052582348 0.03125 5.566542022 0.7349431545 0.03125 5.587453766 0.804724211 0.03125 5.487475642 0.8393292204 0.03125 5.251587653 0.8340906306 0.03125 4.907244984 0.7975679859 0.03125 4.466578786 0.7434958721 0.03125 3.973268374 0.6819775306 0.03125 3.438226618 0.6239836317 0.03125 2.912733529 0.5744844579 0.03125 2.404399262 0.5372262167 0.03125 1.958590965 0.5116897542 0.03125 1.580024039 0.496426936 0.03125 1.290090117 0.4887117347 0.03125 1.091746477 0.4859224957 0.03125 0.964867167 0.485937341 0.03125 0.9135631737 0.4871337345 0.03125 1 3 1 1 1 1 500 0.0004
-1.853684173 78.9 61.54550171 33.70640182 59.87229919 97.99901447 30.60537907 57.56815788 0.4282323438 -0.06844751811 0.9010726924 0.2887043751 0.03787660693 -0.9566687757 0.4282323438 0.06844751811 -0.9010726924 0 -0.06844751811 0.9967196775 0.04318358263 0 0.9010726924 0.04318358263 0.4315126663 0 0 0 0 1 1 0 0 61.54550171 0 1 0 33.70640182 0 0 1 59.87229919 0 0 0 1 0.4282323438 -0.06844751811 0.9010726924 -0 0.06844751811 0.9967196775 0.04318358263 -0 -0.9010726924 0.04318358263 0.4315126663 -0 0 0 0 1 32 0.5860394245 0.8426806255 0.03125 -0.003182191473 0.7753505378 0.03125 -0.4423660229 0.7023954498 0.03125 -0.7128580004 0.63013087 0.03125 -0.7509518619 0.5615401916 0.03125 -0.5485019196 0.4984180534 0.03125 -0.1123717284 0.4423839386 0.03125 0.5540928135 0.3943578395 0.03125 1.396120308 0.3558127134 0.03125 2.394258544 0.3275770343 0.03125 3.455174925 0.3110638778 0.03125 4.541889154 0.3067469067 0.03125 5.546972764 0.315938798 0.03125 6.424873354 0.3397650347 0.03125 7.100613661 0.3800054839 0.03125 7.482051562 0.4088195688 0.03125 6.86396218 0.07087076781 0.03125 6.764473767 0.1044627241 0.03125 6.50532948 0.168834801 0.03125 6.045190742 0.2324159575 0.03125 5.419392969 0.2912367224 0.03125 4.656278145 0.3423468245 0.03125 3.824625529 0.3838910438 0.03125 2.951082689 0.4148847225 0.03125 2.133407856 0.4361744967 0.03125 1.388998501 0.4491439939 0.03125 0.8077539191 0.4562099739 0.03125 0.3969787698 0.4597848593 0.03125 0.1815998807 0.4617215324 0.03125 0.1616633618 0.4633254471 0.03125 0.2484918376 0.464802399 0.03125 0.4428388388 0.4659635651 0.03125 1 3 1 1 1 1 500 0.0004
-1.879271622 78.9 61.44549942 33.10639954 60.07229996 96.09942341 32.17832934 60.91986464 0.4887792272 -0.08411340292 0.8683431364 0.2883209533 0.04485369827 -0.9564827095 0.4887792272 0.08411340292 -0.8683431364 0 -0.08411340292 0.995247741 0.04905985707 0 0.8683431364 0.04905985707 0.4935314863 0 0 0 0 1 1 0 0 61.44549942 0 1 0 33.10639954 0 0 1 60.07229996 0 0 0 1 0.4887792272 -0.08411340292 0.8683431364 -0 0.08411340292 0.995247741 0.04905985707 -0 -0.8683431364 0.04905985707 0.4935314863 -0 0 0 0 1 32 -1.669011678 0.9176082724 0.03125 -1.729683013 0.9333677817 0.03125 -1.679960252 0.9411040679 0.03125 -1.516072019 0.9386502784 0.03125 -1.190676463 0.9242615713 0.03125 -0.6996230266 0.8957164875 0.03125 -0.05091981791 0.8516726976 0.03125 0.7512925902 0.7914876606 0.03125 1.661038234 0.7166429627 0.03125 2.662508548 0.630438272 0.03125 3.684070697 0.5388285426 0.03125 4.698084129 0.4492710464 0.03125 5.623153324 0.3709804783 0.03125 6.426125932 0.3122847578 0.03125 7.046475099 0.2813742351 0.03125 7.423121196 0.2645551201 0.03125 6.724770314 -0.1535932096 0.03125 6.681107578 -0.1331283561 0.03125 6.483019214 -0.08049348556 0.03125 6.106715308 -0.01737266634 0.03125 5.582554227 0.05264249375 0.03125 4.932461433 0.1250681816 0.03125 4.217676126 0.1960478842 0.03125 3.459762346 0.2616952946 0.03125 2.740881165 0.3193287747 0.03125 2.07493904 0.3670598134 0.03125 1.52974396 0.4044522523 0.03125 1.110843257 0.4322297311 0.03125 0.8355352146 0.4516802136 0.03125 0.7050387735 0.4649162665 0.03125 0.6624177318 0.4734489542 0.03125 0.7133805522 0.4789287731 0.03125 1 3 1 1 1 1 500 0.0004
-1.699690806 78.9 61.44549942 33.10639954 60.07229996 92.31452701 33.87964605 67.90711435 0.4195297913 -0.03986350823 0.9068658418 0.2756298773 0.04053786747 -0.9604086901 0.4195297913 0.03986350823 -0.9068658418 0 -0.03986350823 0.9988805453 0.02546678074 0 0.9068658418 0.02546678074 0.420649246 0 0 0 0 1 1 0 0 61.44549942 0 1 0 33.10639954 0 0 1 60.07229996 0 0 0 1 0.4195297913 -0.03986350823 0.9068658418 -0 0.03986350823 0.9988805453 0.02546678074 -0 -0.9068658418 0.02546678074 0.420649246 -0 0 0 0 1 32 -1.824604622 0.9055430861 0.03125 -1.993125693 0.8847546414 0.03125 -2.041576207 0.8549599299 0.03125 -1.966844477 0.8152893444 0.03125 -1.707965623 0.7640615866 0.03125 -1.262175978 0.6993434064 0.03125 -0.6381060278 0.6202854343 0.03125 0.1596217231 0.5271699893 0.03125 1.081714324 0.4226819734 0.03125 2.113302185 0.3112576104 0.03125 3.182945491 0.2001896742 0.03125 4.264558189 0.09744735877 0.03125 5.279199217 0.01321013153 0.03125 6.193956352 -0.04430756028 0.03125 6.94679786 -0.06620747423 0.03125 7.476426172 -0.06546334365 0.03125 6.929779031 -0.4639821226 0.03125 7.052389965 -0.4153305921 0.03125 7.008345281 -0.3340459715 0.03125 6.772533944 -0.2416430648 0.03125 6.360484072 -0.1423472956 0.03125 5.793238596 -0.04118168344 0.03125 5.122889145 0.05750049703 0.03125 4.373356135 0.1494704145 0.03125 3.625453605 0.2314704854 0.03125 2.896701717 0.3011427037 0.03125 2.264939937 0.3575033113 0.03125 1.738665309 0.4009514055 0.03125 1.353123781 0.4326295544 0.03125 1.111044657 0.4548722488 0.03125 0.9736713364 0.4694901089 0.03125 0.9473497866 0.4786565714 0.03125 1 3 1 1 1 1 500 0.0004
-1.91768522 78.9 61.44549942 33.40639877 60.17230225 89.41092674 35.25306041 73.26633974 0.4185968198 -0.1096322739 0.9015306246 0.2652063396 0.08345031408 -0.9605736008 0.4185968198 0.1096322739 -0.9015306246 0 -0.1096322739 0.9915273774 0.06967226413 0 0.9015306246 0.06967226413 0.4270694424 0 0 0 0 1 1 0 0 61.44549942 0 1 0 33.40639877 0 0 1 60.17230225 0 0 0 1 0.4185968198 -0.1096322739 0.9015306246 -0 0.1096322739 0.9915273774 0.06967226413 -0 -0.9015306246 0.06967226413 0.4270694424 -0 0 0 0 1 32 -2.490561647 0.9051688253 0.03125 -2.73904028 0.8939393025 0.03125 -2.829228938 0.8747228127 0.03125 -2.7627616 0.8479484686 0.03125 -2.490078241 0.8137545607 0.03125 -2.012666782 0.7726355011 0.03125 -1.343305512 0.7264331112 0.03125 -0.4907594062 0.6783420151 0.03125 0.4952288114 0.633552775 0.03125 1.596912894 0.598324068 0.03125 2.7434181 0.5803616823 0.03125 3.907282588 0.5858402795 0.03125 5.010961709 0.6206458193 0.03125 6.020785155 0.6850607332 0.03125 6.87456224 0.777796637 0.03125 7.510940374 0.8736678004 0.03125 7.066950964 0.5298934898 0.03125 7.298080884 0.5976482007 0.03125 7.349558746 0.6608530803 0.03125 7.197013284 0.6969067854 0.03125 6.850180775 0.7041048667 0.03125 6.332856043 0.6862105398 0.03125 5.696603892 0.6491012737 0.03125 4.97094292 0.6029586973 0.03125 4.24283781 0.5550515769 0.03125 3.534795102 0.5135540094 0.03125 2.929003565 0.4817447391 0.03125 2.435123394 0.4618445284 0.03125 2.087503537 0.453126096 0.03125 1.886133217 0.4538933759 0.03125 1.78607082 0.4621668859 0.03125 1.789575272 0.4744881481 0.03125 1 3 1 1 1 1 500 0.0004
-1.792781869 78.9 61.44549942 33.40639877 60.17230225 86.16136023 36.93649371 79.91958322 0.4594627747 -0.0834588785 0.8842672528 0.2779982942 0.08991284439 -0.9563642762 0.4594627747 0.0834588785 -0.8842672528 0 -0.0834588785 0.9952274326 0.05056651974 0 0.8842672528 0.05056651974 0.464235342 0 0 0 0 1 1 0 0 61.44549942 0 1 0 33.40639877 0 0 1 60.17230225 0 0 0 1 0.4594627747 -0.0834588785 0.8842672528 -0 0.0834588785 0.9952274326 0.05056651974 -0 -0.8842672528 0.05056651974 0.464235342 -0 0 0 0 1 32 -3.822392823 0.9065137146 0.03125 -3.873595944 0.873863832 0.03125 -3.775369723 0.829889625 0.03125 -3.534929886 0.7751552027 0.03125 -3.120857393 0.7102824703 0.03125 -2.540178649 0.636281572 0.03125 -1.805799072 0.5563697262 0.03125 -0.9297965197 0.4754666795 0.03125 0.05014443021 0.4008197946 0.03125 1.116667047 0.3410173342 0.03125 2.219799602 0.3057667169 0.03125 3.336223868 0.3032760338 0.03125 4.408810416 0.3408523374 0.03125 5.40985573 0.4198532786 0.03125 6.289075647 0.5392169649 0.03125 6.996598095 0.6765656533 0.03125 6.631988692 0.3633299624 0.03125 7.010078474 0.4784683296 0.03125 7.227362549 0.5870613787 0.03125 7.261974759 0.665200791 0.03125 7.114020626 0.7072006299 0.03125 6.801198882 0.7132926553 0.03125 6.359424966 0.6882956388 0.03125 5.814407938 0.6433361109 0.03125 5.235352678 0.5882141321 0.03125 4.64439748 0.5351199976 0.03125 4.11406583 0.4906935145 0.03125 3.655713625 0.4604104951 0.03125 3.307051079 0.4452137141 0.03125 3.069625771 0.4441931644 0.03125 2.920153872 0.4552926828 0.03125 2.860253694 0.474036704 0.03125 1 3 1 1 1 1 500 0.0004
-1.631204745 78.9 61.44549942 33.40639877 60.17230225 81.7379517 36.64565161 87.37910669 0.5215832395 0.02935850769 0.8526951403 0.2921248955 0.05617740227 -0.9547288332 0.5215832395 -0.02935850769 -0.8526951403 0 0.02935850769 0.9994335361 -0.01645250564 0 0.8526951403 -0.01645250564 0.5221497034 0 0 0 0 1 1 0 0 61.44549942 0 1 0 33.40639877 0 0 1 60.17230225 0 0 0 1 0.5215832395 0.02935850769 0.8526951403 -0 -0.02935850769 0.9994335361 -0.01645250564 -0 -0.8526951403 -0.01645250564 0.5221497034 -0 0 0 0 1 32 -5.366212764 0.8487454325 0.03125 -5.209939929 0.7134795468 0.03125 -4.902478076 0.6012359574 0.03125 -4.462341165 0.5034094184 0.03125 -3.879394012 0.4127363909 0.03125 -3.170013846 0.3186490417 0.03125 -2.349476802 0.2182287519 0.03125 -1.434843365 0.1107186236 0.03125 -0.4521484127 0.002124859886 0.03125 0.5813844002 -0.09801498395 0.03125 1.635018357 -0.1771898828 0.03125 2.689660991 -0.2223908858 0.03125 3.710375419 -0.2213638012 0.03125 4.675809746 -0.1670530446 0.03125 5.552099579 -0.05540951952 0.03125 6.296081849 0.09550944267 0.03125 6.00932507 -0.1893153881 0.03125 6.519761311 -0.02794363223 0.03125 6.90641167 0.1418754693 0.03125 7.142704003 0.290782286 0.03125 7.208319771 0.4072879985 0.03125 7.112331237 0.4835262259 0.03125 6.868698967 0.5193906908 0.03125 6.497437802 0.5222469569 0.03125 6.052782496 0.5014623695 0.03125 5.556098002 0.4712997116 0.03125 5.073626734 0.441110222 0.03125 4.61925179 0.4204659427 0.03125 4.237905164 0.4127516558 0.03125 3.934871974 0.4195897195 0.03125 3.712106758 0.4396872654 0.03125 3.574582425 0.4689087711 0.03125 1 3 1 1 1 1 500 0.0004
-1.825229669 78.9 61.44549942 33.40639877 60.17230225 76.99597034 39.2274386 95.76727686 0.4811152112 -0.1883514162 0.8561844997 0.4234490134 -0.04857893243 -0.9046165046 0.4811152112 0.1883514162 -0.8561844997 0 -0.1883514162 0.9760476054 0.1088798237 0 0.8561844997 0.1088798237 0.5050676058 0 0 0 0 1 1 0 0 61.44549942 0 1 0 33.40639877 0 0 1 60.17230225 0 0 0 1 0.4811152112 -0.1883514162 0.8561844997 -0 0.1883514162 0.9760476054 0.1088798237 -0 -0.8561844997 0.1088798237 0.5050676058 -0 0 0 0 1 32 -6.107810161 0.9644065475 0.03125 -5.696790204 1.095310416 0.03125 -5.197499997 1.246330426 0.03125 -4.634077745 1.388408905 0.03125 -4.003676351 1.501299357 0.03125 -3.319892567 1.562246954 0.03125 -2.590648775 1.56538205 0.03125 -1.825426235 1.507630044 0.03125 -1.02999512 1.39861352 0.03125 -0.2112030955 1.251311916 0.03125 0.6276179502 1.083536898 0.03125 1.479774334 0.9136938495 0.03125 2.340057369 0.7594272671 0.03125 3.200594452 0.6348369752 0.03125 4.048564919 0.5512010179 0.03125 4.847123108 0.4987178614 0.03125 4.707968841 0.0368878788 0.03125 5.430051672 0.04260253416 0.03125 6.097922322 0.07998857774 0.03125 6.669611239 0.1231125032 0.03125 7.091238077 0.1645226812 0.03125 7.353357969 0.1947426746 0.03125 7.438629597 0.2127485384 0.03125 7.35201118 0.2191800363 0.03125 7.130974536 0.2199385745 0.03125 6.792609643 0.2215295443 0.03125 6.403172317 0.2301578083 0.03125 5.981812494 0.2501855169 0.03125 5.587427068 0.2834240664 0.03125 5.233692435 0.32939542 0.03125 4.949031796 0.3864349803 0.03125 4.745197644 0.4498577195 0.03125 1 3 1 1 1 1 500 0.0004
-1.974319258 78.9 61.24549866 33.50640106 60.17230225 72.43358899 38.18028999 100.1590376 0.3228679665 -0.3311806589 0.8866090725 0.482821628 -0.09620606234 -0.8704181002 0.3228679665 0.3311806589 -0.8866090725 0 -0.3311806589 0.9170887559 0.221963026 0 0.8866090725 0.221963026 0.4057792106 0 0 0 0 1 1 0 0 61.24549866 0 1 0 33.50640106 0 0 1 60.17230225 0 0 0 1 0.3228679665 -0.3311806589 0.8866090725 -0 0.3311806589 0.9170887559 0.221963026 -0 -0.8866090725 0.221963026 0.4057792106 -0 0 0 0 1 32 -4.189436891 0.9030066866 0.03125 -4.450834871 1.02031799 0.03125 -4.456254995 1.2578319 0.03125 -4.266586672 1.559475595 0.03125 -3.92599134 1.87637439 0.03125 -3.484259957 2.148475321 0.03125 -2.972003424 2.342519712 0.03125 -2.420138127 2.427961904 0.03125 -1.827732094 2.3991572 0.03125 -1.207294048 2.260352185 0.03125 -0.5405017262 2.030043131 0.03125 0.1708288777 1.736271015 0.03125 0.9437856738 1.410652293 0.03125 1.777783908 1.088572122 0.03125 2.674894947 0.8019747273 0.03125 3.591691227 0.5596521474 0.03125 3.672854584 -0.02261740903 0.03125 4.654439885 -0.09568982825 0.03125 5.647598948 -0.0898684992 0.03125 6.58247521 -0.03913451719 0.03125 7.359638343 0.04201584815 0.03125 7.951099159 0.1268158528 0.03125 8.29681661 0.2013203684 0.03125 8.396616987 0.2506945504 0.03125 8.279978273 0.274658063 0.03125 7.975977891 0.2786609155 0.03125 7.572075929 0.2729955565 0.03125 7.107006127 0.2711387373 0.03125 6.663417925 0.2820327894 0.03125 6.269529886 0.3131994888 0.03125 5.959805343 0.3663533528 0.03125 5.751307593 0.4354829388 0.03125 1 3 1 1 1 1 500 0.0004
-1.936604313 78.9 60.94549942 33.3064003 60.17230225 66.9433124 40.15874483 108.2617638 0.4362186932 -0.1654081486 0.8845074313 0.6092299465 -0.2383744196 -0.7563177298 0.4362186932 0.1654081486 -0.8845074313 0 -0.1654081486 0.9809500769 0.1018680075 0 0.8845074313 0.1018680075 0.4552686162 0 0 0 0 1 1 0 0 60.94549942 0 1 0 33.3064003 0 0 1 60.17230225 0 0 0 1 0.4362186932 -0.1654081486 0.8845074313 -0 0.1654081486 0.9809500769 0.1018680075 -0 -0.8845074313 0.1018680075 0.4552686162 -0 0 0 0 1 32 -5.061746062 1.01496504 0.03125 -5.088323631 1.204394343 0.03125 -4.97886865 1.398635947 0.03125 -4.745844832 1.581066917 0.03125 -4.393709856 1.737175323 0.03125 -3.939280277 1.848362263 0.03125 -3.401488125 1.903829554 0.03125 -2.795662925 1.89407375 0.03125 -2.137469654 1.818179961 0.03125 -1.438083558 1.678867894 0.03125 -0.7062509908 1.485045701 0.03125 0.04977220439 1.248541176 0.03125 0.8247886947 0.984190144 0.03125 1.611318903 0.7079718877 0.03125 2.4030137 0.4362694998 0.03125 3.178027964 0.1780488257 0.03125 2.979829992 -0.4892630364 0.03125 3.712320621 -0.6237477367 0.03125 4.440303181 -0.7200813603 0.03125 5.140199486 -0.7836125466 0.03125 5.776496742 -0.8126587926 0.03125 6.339096021 -0.8119418394 0.03125 6.797450853 -0.7830723271 0.03125 7.147265891 -0.7322709985 0.03125 7.383488823 -0.6603740948 0.03125 7.511417065 -0.5702144009 0.03125 7.551565308 -0.46034253 0.03125 7.51594484 -0.3307926903 0.03125 7.4350316 -0.1801417865 0.03125 7.321674269 -0.009310295708 0.03125 7.206892187 0.1806735934 0.03125 7.10170816 0.3832384021 0.03125 1 3 1 1 1 1 500 0.0004
-2.218257028 78.9 61.44549942 33.40639877 60.17230225 64.28372339 42.41799385 112.0643395 0.148562063 -0.06863033367 0.986518723 0.7481521694 -0.4335107919 -0.5023312898 0.148562063 0.06863033367 -0.986518723 0 -0.06863033367 0.9958991135 0.05894771498 0 0.986518723 0.05894771498 0.1526629496 0 0 0 0 1 1 0 0 61.44549942 0 1 0 33.40639877 0 0 1 60.17230225 0 0 0 1 0.148562063 -0.06863033367 0.986518723 -0 0.06863033367 0.9958991135 0.05894771498 -0 -0.986518723 0.05894771498 0.1526629496 -0 0 0 0 1 32 -2.504315009 0.9808498203 0.03125 -2.762382566 1.061493427 0.03125 -2.9673574 1.099291554 0.03125 -3.11870885 1.103284265 0.03125 -3.192314888 1.083367844 0.03125 -3.180417586 1.052453401 0.03125 -3.067441901 1.018129397 0.03125 -2.84571406 0.9878946868 0.03125 -2.511349584 0.9630100743 0.03125 -2.06204587 0.943331858 0.03125 -1.504946285 0.9244337005 0.03125 -0.8451099302 0.9016549676 0.03125 -0.09946282226 0.8693156813 0.03125 0.7204980481 0.823967607 0.03125 1.589387736 0.7637357362 0.03125 2.478765273 0.6847074735 0.03125 2.412906861 0.1415828439 0.03125 3.283580143 0.0906452878 0.03125 4.131112976 0.05048382337 0.03125 4.932851485 0.01967658916 0.03125 5.649120934 0.002618581335 0.03125 6.271535726 0.003893000877 0.03125 6.768430255 0.02530172189 0.03125 7.136204807 0.06638064027 0.03125 7.369265417 0.1238182683 0.03125 7.471356697 0.1916199328 0.03125 7.465177954 0.2631651597 0.03125 7.361378017 0.3311599346 0.03125 7.201188712 0.3899707717 0.03125 6.998675189 0.4360278396 0.03125 6.804076057 0.4676774873 0.03125 6.631115658 0.4872213957 0.03125 1 3 1 1 1 1 500 0.0004
-2.011978224 78.9 61.24549866 33.50640106 60.17230225 65.00351909 43.45508788 111.1138793 0.5001940556 -0.1060110203 0.8593995405 0.7295759638 -0.4175866683 -0.5416089802 0.5001940556 0.1060110203 -0.8593995405 0 -0.1060110203 0.9925087449 0.06072935818 0 0.8593995405 0.06072935818 0.5076853108 0 0 0 0 1 1 0 0 61.24549866 0 1 0 33.50640106 0 0 1 60.17230225 0 0 0 1 0.5001940556 -0.1060110203 0.8593995405 -0 0.1060110203 0.9925087449 0.06072935818 -0 -0.8593995405 0.06072935818 0.5076853108 -0 0 0 0 1 32 -6.872853727 0.9823035491 0.03125 -6.400892925 1.059443276 0.03125 -5.890314065 1.109892642 0.03125 -5.343418623 1.133834584 0.03125 -4.752617604 1.13188914 0.03125 -4.120739674 1.105146884 0.03125 -3.448425985 1.055221811 0.03125 -2.739511188 0.9843917151 0.03125 -2.001174126 0.8954974826 0.03125 -1.238244105 0.7920797359 0.03125 -0.4620408226 0.6782049363 0.03125 0.3218445699 0.5584934808 0.03125 1.099559369 0.4380156022 0.03125 1.865108357 0.3219796652 0.03125 2.603475219 0.2159126457 0.03125 3.306492002 0.1237663483 0.03125 2.967990271 -0.4334897184 0.03125 3.579882657 -0.4687407769 0.03125 4.151086303 -0.4880979826 0.03125 4.678105988 -0.4921243993 0.03125 5.150499518 -0.4799709001 0.03125 5.567895526 -0.4521451655 0.03125 5.922875099 -0.4086937086 0.03125 6.216114498 -0.3511721029 0.03125 6.445985185 -0.2803953991 0.03125 6.61428659 -0.1985262892 0.03125 6.726289088 -0.1068259819 0.03125 6.78493888 -0.007476237096 0.03125 6.801698815 0.09823434706 0.03125 6.780551824 0.2086260582 0.03125 6.738559618 0.3226883403 0.03125 6.680517441 0.4395670334 0.03125 1 3 1 1 1 1 500 0.0004
-2.061568446 78.9 61.24549866 33.50640106 60.17230225 66.52621066 42.83362202 109.1005578 0.2243721319 -0.1557096107 0.961983193 0.7719125513 -0.2500354621 -0.5844940383 0.2243721319 0.1557096107 -0.961983193 0 -0.1557096107 0.9801976195 0.1223402792 0 0.961983193 0.1223402792 0.2441745124 0 0 0 0 1 1 0 0 61.24549866 0 1 0 33.50640106 0 0 1 60.17230225 0 0 0 1 0.2243721319 -0.1557096107 0.961983193 -0 0.1557096107 0.9801976195 0.1223402792 -0 -0.961983193 0.1223402792 0.2441745124 -0 0 0 0 1 32 -3.351296687 0.9835336109 0.03125 -3.519166129 1.06474805 0.03125 -3.622237943 1.117359339 0.03125 -3.66127536 1.15049825 0.03125 -3.611395986 1.172544091 0.03125 -3.468707641 1.192205342 0.03125 -3.221153573 1.213111396 0.03125 -2.866345238 1.237339516 0.03125 -2.405312056 1.262320311 0.03125 -1.840240808 1.284136098 0.03125 -1.182727836 1.296479911 0.03125 -0.4402065372 1.293648346 0.03125 0.3675585305 1.27009657 0.03125 1.22884409 1.223362561 0.03125 2.117441857 1.152672036 0.03125 3.008392495 1.056971589 0.03125 2.913817396 0.4877281117 0.03125 3.749947448 0.4116976884 0.03125 4.54808451 0.3405372334 0.03125 5.28970517 0.2755324 0.03125 5.940508087 0.2219077859 0.03125 6.49444112 0.1851399974 0.03125 6.927707951 0.1679567293 0.03125 7.23917923 0.170913291 0.03125 7.429514398 0.1922870611 0.03125 7.503917764 0.2276196321 0.03125 7.485895773 0.2722933505 0.03125 7.385788486 0.3204108872 0.03125 7.239350248 0.3677619262 0.03125 7.059045074 0.4108705418 0.03125 6.884415424 0.448137193 0.03125 6.727568259 0.480152192 0.03125 1 3 1 1 1 1 500 0.0004
-1.874129618 78.9 61.54550171 32.8064003 59.97230148 67.11683119 44.76388436 108.381671 0.3763458817 -0.1870091368 0.907409147 0.7662673517 0.08081829964 -0.6374188169 0.3763458817 0.1870091368 -0.907409147 0 -0.1870091368 0.9745903862 0.1232929917 0 0.907409147 0.1232929917 0.4017554954 0 0 0 0 1 1 0 0 61.54550171 0 1 0 32.8064003 0 0 1 59.97230148 0 0 0 1 0.3763458817 -0.1870091368 0.907409147 -0 0.1870091368 0.9745903862 0.1232929917 -0 -0.907409147 0.1232929917 0.4017554954 -0 0 0 0 1 32 -5.756736328 1.028297993 0.03125 -5.441103045 1.190141165 0.03125 -5.078630549 1.323831989 0.03125 -4.671660282 1.429341718 0.03125 -4.20403134 1.50699839 0.03125 -3.678095832 1.5570698 0.03125 -3.090968616 1.580308836 0.03125 -2.446141353 1.577813678 0.03125 -1.75154887 1.55117698 0.03125 -1.011983621 1.50269523 0.03125 -0.2426717614 1.435129166 0.03125 0.5504860386 1.352174857 0.03125 1.347472707 1.257832193 0.03125 2.141611938 1.15700037 0.03125 2.910389078 1.054619263 0.03125 3.642869593 0.954115829 0.03125 3.331645972 0.3860410619 0.03125 3.95473213 0.3339172326 0.03125 4.525046467 0.292202429 0.03125 5.036611408 0.2599133619 0.03125 5.47309847 0.2379254886 0.03125 5.833602493 0.2260802019 0.03125 6.1096157 0.2243260463 0.03125 6.301761742 0.2314255161 0.03125 6.414025075 0.2466528774 0.03125 6.448784172 0.268318504 0.03125 6.421807644 0.2954844236 0.03125 6.337196384 0.3266716764 0.03125 6.219354235 0.3611115528 0.03125 6.073693382 0.3979099441 0.03125 5.930530152 0.4366514818 0.03125 5.796002811 0.4771077257 0.03125 1 3 1 1 1 1 500 0.0004
-1.75447776 78.9 60.94549942 33.3064003 60.17230225 66.68474959 46.26194792 108.5053406 0.5312127994 -0.2582856109 0.80690861 0.6306366918 0.4122052848 -0.6575592492 0.5312127994 0.2582856109 -0.80690861 0 -0.2582856109 0.9564322759 0.1361096795 0 0.80690861 0.1361096795 0.5747805235 0 0 0 0 1 1 0 0 60.94549942 0 1 0 33.3064003 0 0 1 60.17230225 0 0 0 1 0.5312127994 -0.2582856109 0.80690861 -0 0.2582856109 0.9564322759 0.1361096795 -0 -0.80690861 0.1361096795 0.5747805235 -0 0 0 0 1 32 -6.006084495 0.9469042502 0.03125 -6.239997307 1.095841604 0.03125 -6.173414442 1.263805531 0.03125 -5.833753415 1.421823822 0.03125 -5.244832872 1.552731627 0.03125 -4.455948389 1.633099289 0.03125 -3.563757287 1.651966277 0.03125 -2.617001538 1.601135281 0.03125 -1.689677111 1.489037557 0.03125 -0.8097681432 1.332092052 0.03125 0.008185199202 1.155702093 0.03125 0.7552135311 0.9889740227 0.03125 1.456708178 0.8603007145 0.03125 2.110450309 0.793354329 0.03125 2.75526762 0.805600019 0.03125 3.313075584 0.8642609914 0.03125 3.218513344 0.63700022 0.03125 3.850111756 0.7800238194 0.03125 4.556752948 1.000740023 0.03125 5.245517132 1.230288968 0.03125 5.827638608 1.437738046 0.03125 6.286179708 1.58495803 0.03125 6.553421732 1.647237739 0.03125 6.628562667 1.611324593 0.03125 6.535722217 1.481152399 0.03125 6.294330709 1.284546278 0.03125 5.982768151 1.049774114 0.03125 5.626886615 0.8221912789 0.03125 5.29194732 0.6279683671 0.03125 4.995681632 0.4958174603 0.03125 4.757518898 0.4325430819 0.03125 4.597563186 0.4285099489 0.03125 1 3 1 1 1 1 500 0.0004
-1.746898207 78.9 60.94549942 33.3064003 60.17230225 65.32963941 48.03683567 110.1447022 0.4992937096 -0.2323049849 0.8347096415 0.5651207652 0.5214885063 -0.6392873052 0.4992937096 0.2323049849 -0.8347096415 0 -0.2323049849 0.9640059812 0.1293323713 0 0.8347096415 0.1293323713 0.5352877284 0 0 0 0 1 1 0 0 60.94549942 0 1 0 33.3064003 0 0 1 60.17230225 0 0 0 1 0.4992937096 -0.2323049849 0.8347096415 -0 0.2323049849 0.9640059812 0.1293323713 -0 -0.8347096415 0.1293323713 0.5352877284 -0 0 0 0 1 32 -5.041540557 0.9087054614 0.03125 -5.585942436 1.052125993 0.03125 -5.78828715 1.226942743 0.03125 -5.625807192 1.403641059 0.03125 -5.132743888 1.564597408 0.03125 -4.367259957 1.68392506 0.03125 -3.4697459 1.743976127 0.03125 -2.505321358 1.729739929 0.03125 -1.57735219 1.64423535 0.03125 -0.7244768635 1.501035125 0.03125 0.03789943086 1.325413638 0.03125 0.6995385638 1.148405743 0.03125 1.302727143 1.001638095 0.03125 1.848684465 0.9129429427 0.03125 2.395517763 0.9023351437 0.03125 2.845689737 0.9287313275 0.03125 2.826405563 0.7496849003 0.03125 3.424964026 0.8785852472 0.03125 4.167246284 1.109411075 0.03125 4.930736894 1.362364726 0.03125 5.609195076 1.602471397 0.03125 6.175639708 1.785633397 0.03125 6.527336837 1.881243689 0.03125 6.657580094 1.866565103 0.03125 6.585982469 1.741196264 0.03125 6.334736504 1.529347884 0.03125 5.992644564 1.261279831 0.03125 5.590392489 0.9881805905 0.03125 5.193004127 0.7420975303 0.03125 4.822210235 0.560857024 0.03125 4.505349499 0.4546652682 0.03125 4.272063994 0.4175353788 0.03125 1 3 1 1 1 1 500 0.0004
