-1.049104271   1.077105376   0.5368251398   0.9940432724   -0.1089230413   0.00370725235   0.1089016071   0.991358436   -0.07313611449   0.00429099213   0.07310418831   0.9973150781   

-2.484709384   -0.2567452467   0.6275060602   0.9747960702   0.1677619168   0.1470665181   -0.1876078931   0.9731383622   0.1334354018   -0.1207306917   -0.1576631449   0.980084911   

-10.3210774   6.394066896   6.825981179   0.9707096334   -0.0218684999   0.2392583881   0.03325601208   0.9984927172   -0.04366155557   -0.2379429454   0.05033947245   0.9699737585   

-48.18963267   27.20055279   58.15175693   0.657111001   0.1122179645   -0.7453940306   -0.0110479811   0.9901841932   0.1393312805   0.7537128595   -0.08332101802   0.6519007083   

