1 1 49 1 49 -0.86740091885316927822 -0.034074312699709639884 -0.49644192730542002767 -0.00027756535323115929127 -0.99761948124315225073 0.068958636889213525967 -0.49760985614249264586 0.059952580079477152397 0.8653265968474918024 -7.1974919439927920212e-13 0.99999999999999955591 -6.4614980033184110653e-14 -1 -7.2004058164436296326e-13 3.2486096017003728432e-13 3.2451731323820768264e-13 6.5558669604115493712e-14 0.99999999999999922284 -4.3248950400000003569 -19.652390869999997847 8.8891970199999992275 0 3 -6.9270977965595079695 -19.653223566059690341 7.3963674515725212899 0.13642488666617608173 3 -9.3446131858192433839 -18.4130803381308219 6.0702718733085037073 0.27284977333235216346 1.5 -10.079498581725415463 -17.565695484714193952 5.1201232094552082685 0.34106221666544023208 1.5 -10.400340644690494685 -16.734687174641781127 3.936116795619627684 0.4092746599985283007 1.5 -10.289695776178808373 -16.093518091652658342 2.6105613500420026263 0.47748710333161631381 1.5 -9.8412069679915497034 -15.730728171053954156 1.2324296639201632875 0.54569954666470432691 1.5 -9.2211439432212607414 -15.645184511028583429 -0.14139028386588198272 0.61391198999779239553 1.5 -8.6043239868363308176 -15.747111128103398414 -1.5160741208218773135 0.68212443333088046415 1.5 -8.1282344872228389221 -15.903616306672935465 -2.9283442649291000492 0.75033687666396853277 1.5 -7.8182753120632391131 -15.99810875452308423 -4.3905725087767075721 0.81854931999705660139 1.5 -7.6105403670386673198 -15.963466441462731638 -5.8772875903644941076 0.88676176333014467001 1.5 -7.441923579174540393 -15.770355537056230943 -7.3610861915660112942 0.95497420666323262761 1.5 -7.2716898228121147341 -15.383279299122554207 -8.8064104928746758105 1.0231866499963206962 1.5 -7.0955726160993650709 -14.748353035905399366 -10.147045510380056754 1.0913990933294086538 1.5 -6.9290941192945139093 -13.832615037795239488 -11.293596202937528972 1.1596115366624968335 1.5 -6.7788916617422589894 -12.681830553018912155 -12.251492655189817782 1.2278239799955847911 1.5 -6.6590516136965787197 -11.435649770879239284 -13.095502500304384341 1.2960364233286729707 1.5 -6.6011149861942310935 -10.17411880041868244 -13.910463023802336124 1.3642488666617609283 1.5 -6.6437731051312880481 -8.9048753899460617589 -14.714671889780111869 1.432461309994849108 1.5 -6.8184318271299995118 -7.6018212403009810529 -15.445549210776908566 1.5006737533279370655 1.5 -7.138593227418246201 -6.2413330641772279961 -15.997626612370956067 1.5688861966610250231 1.5 -7.5954184295520175141 -4.836982229082269491 -16.256384547076571323 1.6370986399941132028 1.5 -8.1526839088240947717 -3.4582474727725984742 -16.124318241453014622 1.7053110833272011604 1.5 -8.7479549822127680159 -2.2204051530289192762 -15.554749855235334266 1.77352352666028934 1.5 -9.3065465513676670639 -1.2506317485715368054 -14.577296985078348257 1.8417359699933772976 1.5 -9.7623769888318516763 -0.64603370179929386907 -13.294213683779274149 1.9099484133264652552 1.5 -10.075477293619380603 -0.44405532857952495496 -11.845960257842550689 1.9781608566595534349 1.5 -10.237254496251198432 -0.62196150954090134721 -10.365733290671412803 2.0463732999926413925 1.5 -10.263479601861677182 -1.1207382336088616004 -8.9495769629872317097 2.1145857433257293501 1.5 -10.18302129093547137 -1.873227590648455676 -7.6520303594507685929 2.1827981866588173077 1.5 -10.029636033621631697 -2.8216195108714945405 -6.4976818102869513538 2.2510106299919057093 1.5 -9.8380995032565685676 -3.9226491597855908111 -5.4952545569446407114 2.3192230733249936669 1.5 -9.6423330642915257016 -5.1451173112617691885 -4.6473404575942556249 2.3874355166580816245 1.5 -9.4734484585426805836 -6.4644523955957522432 -3.9543117743848896772 2.4556479599911695821 1.5 -9.3573178084882489003 -7.8578565704741576425 -3.4133876352967056356 2.5238604033242579838 1.5 -9.3115140765301642745 -9.3022118255395938036 -3.0151202715785196951 2.5920728466573459414 1.5 -9.3426547230320480253 -10.775698147874990696 -2.7400534528543460944 2.660285289990433899 1.5 -9.4408349727942457719 -12.261470570764908317 -2.5572401215225539772 2.7284977333235218566 1.5 -9.5752793168210939001 -13.751257770794053314 -2.4249664073478500725 2.7967101766566098142 1.5 -9.702140695413154603 -15.241611156657269177 -2.2957746270464527427 2.8649226199896982159 1.5 -9.7646047214816000803 -16.727857470901700054 -2.118899911111685963 2.9331350633227861735 1.5 -9.7608558472768010006 -18.206610673071597972 -1.869320370940412035 3.0013475066558741311 1.5 -9.7409957611272925959 -19.673947213447739557 -1.5566653159505463577 3.0695599499889620887 1.5 -9.7379451300650288204 -21.131957033887321273 -1.2032327988046238598 3.1377723933220500463 1.5 -9.7696752570866305376 -22.587376887376841239 -0.83993471370978056711 3.205984836655138448 1.5 -9.8338875035796302626 -24.048064076866332073 -0.50022836431620931741 3.2741972799882264056 3 -9.9999999999979891641 -27 -9.4348380934327412212e-13 3.4106221666544005444 3 -10 -30 0 3.5470470533205769037 3 0 2 1 0 0 0 1 0 0 0 1 1 0 0 0 1 0 0 0 1 2 -1 -1.2246467991473532072e-16 0 1.2246467991473532072e-16 -1 0 0 0 1 1 0 0 0 1 0 0 0 1 2 0 48 
1 53 1 53 -1 -1.2246467991473532072e-16 0 1.2246467991473532072e-16 -1 0 0 0 1 5.868997833044225323e-13 5.1695934422113509754e-08 0.99999999999999911182 -1.0000000000000004441 -8.7192672873696060772e-13 5.865832337924587198e-13 8.7187813435040303946e-13 -0.99999999999999844569 5.1695934727424841526e-08 24.242640687119283882 -21.316718427000253655 1.1239224588802132487 0 3 21.242640687119283882 -21.316718427000253655 1.1239224588802132487 0.0037317383948864482623 3 18.271802565079415359 -21.262509341321809586 1.6455325776320084419 0.0074634767897728965247 3 15.675938086433946594 -21.189874962922090162 3.1057134956607623799 0.011195215184659344787 3 13.918474398014188509 -21.135641572449138437 5.4993049843652501707 0.014926953579545793049 3 13.280537226027725239 -21.157969817105975352 8.4127153754334553781 0.018658691974432241312 3 13.592412292969465071 -21.330556295213288109 11.396323019278989719 0.022390430369318689574 3 14.345697478506178157 -21.67980491362451545 14.294262749931315071 0.026122168764205137836 3 14.955696787186925079 -22.243543384508615901 17.19518103599947878 0.029853907159091586099 3 14.862543312356146785 -22.695378840766675665 20.155471779037590352 0.033585645553978034361 3 13.705704929862660535 -22.942873356877139912 22.911079591317484727 0.037317383948864482623 3 11.493140036710590479 -23.138115074614457711 24.90524045080618265 0.041049122343750930886 3 8.6076203224289358218 -23.119302701035220338 25.663124057371621944 0.044780860738637379148 3 5.7200200137613768092 -22.887434908124237865 24.957539624861095007 0.04851259913352382741 3 3.5406944059118208301 -22.578390185378644617 22.953444734562047813 0.052244337528410275673 3 2.5135196006270010827 -22.420628910912565601 20.162418434340555251 0.055976075923296723935 3 2.6043339578093527287 -22.522297126572684789 17.165551119124678792 0.059707814318183172198 3 3.359628308113958628 -22.681762618566637002 14.247379512195804452 0.063439552713069613521 3 4.1908629495228328921 -22.497619482490474496 11.363369045666113166 0.067171291107956068722 1.5 4.4512760058239386751 -22.179032035730106287 9.9400881836186698592 0.069037160305399289384 1.5 4.5801659669794032581 -21.711233476177156376 8.5249151285892779129 0.070903029502842510046 1.5 4.5780366091427433517 -21.1437303733319375 7.1366451189549593437 0.072768898700285730707 1.5 4.4678955930423773779 -20.529423970609972372 5.7688958491544770624 0.074634767897728965247 1.5 4.2898464225265451333 -19.933684002201676577 4.400974685509877915 0.076500637095172185909 1.5 4.0817636999178921187 -19.400072365801303675 3.014600884863637198 0.07836650629261540657 1.5 3.8779905626612056757 -18.964215779408185369 1.5956985549988613737 0.080232375490058627232 1.5 3.6987466413941616494 -18.637814290672856998 0.14470627598803137426 0.082098244687501861772 1.5 3.5517484848233249473 -18.421215886568052866 -1.3317554026380578058 0.083964113884945082433 1.5 3.4326507089977860154 -18.306507298939695971 -2.8228287894880810249 0.085829983082388303095 1.5 3.3280124535085451321 -18.282104083452889398 -4.3194553224041234429 0.087695852279831523757 1.5 3.2221334606557245905 -18.342488829715794196 -5.8149156475082426354 0.089561721477274758296 1.5 3.0983460426912561303 -18.480600431297773412 -7.3032946981660318286 0.091427590674717978958 1.5 2.9461101659040647149 -18.6945023369542902 -8.7796948778559933402 0.09329345987216119962 1.5 2.7615016383755901508 -18.977410250294617811 -10.240824950739296995 0.095159329069604420281 1.5 2.5521652735163278258 -19.322082614331097972 -11.685269922804637943 0.097025198267047654821 3 2.1161712958830243281 -20.162104156658124055 -14.53665171878859752 0.10075693666193409614 3 1.9134364519499937884 -21.093701167558560172 -17.388748332973950284 0.10448867505682055135 3 2.2799814293109239571 -22.000662975008715705 -20.230421306479172472 0.10822041345170699267 3 3.5324659258445283427 -22.760909553902109792 -22.844405039470558449 0.11195215184659344787 3 5.7610756122318562689 -23.258730178949956979 -24.765122676693131609 0.11568389024147988919 3 8.6448986708926867095 -23.421643976522389607 -25.475468395831278201 0.1194156286363663444 3 11.523832441881939559 -23.25395437682756139 -24.744900922974387925 0.12314736703125278572 3 13.746205985348066037 -22.826965094062636297 -22.798041695507002657 0.12687910542613922704 3 15.006253468607171797 -22.229484025326296859 -20.144278927897261156 0.13061084382102566837 3 15.397241021923674609 -21.533236133618459007 -17.246875169291261187 0.13434258221591213744 3 15.221088185891046507 -20.815666300996092275 -14.331179006950206301 0.13807432061079857877 3 14.790983789994147202 -20.219852983871231089 -11.413930005522813005 0.14180605900568502009 3 14.343636357111135382 -19.997091688145406607 -8.449614018953679917 0.14553779740057146141 3 14.025692888845735951 -20.470622574555825679 -5.5071075676310039526 0.14926953579545793049 3 13.895122198474705755 -21.872779821446172832 -2.8732588167605350726 0.15300127419034437182 3 13.920889866330092843 -24.153276918161836306 -0.95128032488819569412 0.15673301258523081314 3 13.999999999998252065 -27 -2.5791035973554699012e-12 0.16046475098011447891 3 14.000000000000001776 -30 0 0.16419648937500086472 3 0 2 1 0 0 0 1 0 0 0 1 1 0 0 0 1 0 0 0 1 2 -1 -1.2246467991473532072e-16 0 1.2246467991473532072e-16 -1 0 0 0 1 1 0 0 0 1 0 0 0 1 2 0 52 
4 0 -30 0 0 1 0 0.60000002384185791016 0.60000002384185791016 0.60000002384185791016 notexture 
3 -4.3248950400000003569 -19.652390869999997847 8.8891970199999992275 0.86740091885316927822 0.034074312699709535801 -0.49644192730542002767 0.00027756535323128148085 0.99761948124315225073 0.068958636889213525967 0.49760985614249264586 -0.059952580079477214847 0.8653265968474918024 0 0 0 
3 -10 -30 0 -6.7006938532377135563e-13 1 -6.3592940927143865315e-14 -1 -6.7006938532375136274e-13 3.1449460311446731848e-13 3.1449460311442470737e-13 6.3592940927354598462e-14 1 48 0 0 
3 24.242640687119283882 -21.316718427000253655 1.1239224588802132487 1 0 0 0 1 0 0 0 1 0 1 0 
3 14.000000000000001776 -30 0 5.8336668828928850417e-13 5.1695936975626466392e-08 0.99999999999999866773 -1 -8.5964568796725870925e-13 5.8320015483559473068e-13 8.5970119911848996708e-13 -0.99999999999999877875 5.1695937031137617623e-08 52 1 0 
3 -6.9503852653095545833 -11.909999999999994813 -9.1542614117418086295 -0.91411593102456656368 0.37564747117805274979 0.15258126374042055295 0.40391024739493919249 0.87649210606550376212 0.26195056795933113758 -0.035335204774399935068 0.30108232329778372716 -0.95294326058856204664 -1 -1 0 
3 35 -28.399999999999998579 0 6.1232339957367660359e-17 -1 -6.1232339957367660359e-17 0 6.1232339957367660359e-17 -1 1 6.1232339957367660359e-17 3.7493994566546440196e-33 -1 -1 0 
6 -4.3248950400000003569 -19.652390869999997847 8.8891970199999992275 0.87300858220654320441 0.0090055980745355600908 -0.4876644533313065355 0.028094400223982692044 0.99727982386403568604 0.068712511834245107445 0.48690857646803997749 -0.073682667266686485696 0.87036406576851854666  0 0 
6 -6.935942810000000236 -11.937419110000000444 -9.1445775099999995206 -0.91309725762308613373 0.38607800625409510742 0.13126500040772312583 0.4072103369064274947 0.88018875881447866671 0.24382947169119081887 -0.021404283663191130127 0.27608935038078646906 -0.96091161911825018205  4 0 
0 
1 1 49 1 49 -0.86810284392886938321 -0.031070744025851273346 -0.49541100232866164266 -0.0036559047869238652309 -0.99761179200093119679 0.068973522607446130506 -0.49637091647557085583 0.061687286586224257534 0.86591604209116668223 -6.9072767352712322818e-13 0.99999999999999977796 -6.5253358272343575663e-14 -1 -6.9081112020388564443e-13 3.0709306031189685757e-13 3.0728725814094747952e-13 6.5447647301652978058e-14 1.000000000000000222 -4.4390093800000007818 -19.639863209999997906 8.8948598099999998112 0 3 -7.0433179117866089314 -19.650830924360768392 7.4057470605732866886 0.13579069689114325881 3 -9.4519558867258979262 -18.427538071016648757 6.091615598344052529 0.27158139378228651761 1.5 -10.162192032053141588 -17.542569027131971637 5.123635603774387981 0.33947674222785817477 1.5 -10.455226772032842675 -16.694773621972569089 3.924350885852380344 0.40737209067342977642 1.5 -10.315697361751933414 -16.053113691367933313 2.5822481313093708089 0.47526743911900137807 1.5 -9.8434111624154336795 -15.703963793679186267 1.2034200195605344597 0.54316278756457303523 1.5 -9.2133985220486209755 -15.632716222078832047 -0.15859958343814192783 0.61105813601014469238 1.5 -8.5973055196396899191 -15.743194069035071792 -1.5240489235613390306 0.67895348445571634954 1.5 -8.1212828024769372348 -15.905133401691310624 -2.9365951638846072846 0.74684883290128789568 1.5 -7.8113641592539071468 -16.0024524013429712 -4.4002831023474282546 0.81474418134685955284 1.5 -7.6067099648028593251 -15.967504648102258002 -5.8858415437754851851 0.88263952979243121 1.5 -7.4393967545376691319 -15.781236201081075166 -7.3658603497033272589 0.95053487823800275613 1.5 -7.2653044505857629076 -15.446664442399503869 -8.833310151479949468 1.0184302266835745243 1.5 -7.0815602686955427814 -14.871469625996208919 -10.231747616214443397 1.0863255751291460705 1.5 -6.9184406330503760429 -13.91023782281510357 -11.370310261846940492 1.1542209235747176166 1.5 -6.7763385029804101833 -12.682177921442860935 -12.271739965618870372 1.2221162720202893848 1.5 -6.6583321033877798101 -11.43286444488381548 -13.098729532852875224 1.2900116204658609309 1.5 -6.6001668325854359054 -10.174947367616136162 -13.914342028272805862 1.3579069689114326991 1.5 -6.6420717622940408376 -8.9072071594664237182 -14.716357592034883695 1.4258023173570042452 1.5 -6.8151656981222794585 -7.6067835443507831883 -15.445869410776793984 1.4936976658025757914 1.5 -7.1333862159077803256 -6.2490562139166758726 -16.000271545935152773 1.5615930142481475595 1.5 -7.589076039898960957 -4.8448642204168042014 -16.264616536718779827 1.6294883626937191057 1.5 -8.1480064528462872175 -3.4604624391250382587 -16.13788240127196616 1.6973837111392906518 1.5 -8.747940471321445699 -2.2131712216567738238 -15.567631761954499936 1.76527905958486242 1.5 -9.3110577290881106904 -1.2372613282643749599 -14.582533254570144265 1.8331744080304339661 1.5 -9.7684605085202917962 -0.63343341052270607516 -13.290657449759223141 1.9010697564760055123 1.5 -10.08044006312770513 -0.43627939548178901186 -11.837857612150282094 1.9689651049215772805 1.5 -10.24027818278113422 -0.61871695520192560025 -10.357662958355479788 2.0368604533671490486 1.5 -10.264999829864322578 -1.1199221302529820399 -8.9436704560189408397 2.1047558018127205948 1.5 -10.183725144543698704 -1.8730852943084956852 -7.6484383284000863057 2.1726511502582921409 1.5 -10.03002039909275922 -2.8212730968988322111 -6.495791924994796851 2.240546498703863687 1.5 -9.8384069364070487751 -3.9218791341056582489 -5.494375534602792932 2.3084418471494352332 1.5 -9.6426095332581205355 -5.1441137423013101326 -4.6469075540555406789 2.3763371955950072234 1.5 -9.473694967107508802 -6.4636392926901784506 -3.9539465907478561491 2.4442325440405787695 1.5 -9.3575976153967346249 -7.8576579797066505861 -3.4129378775318044426 2.5121278924861503157 1.5 -9.3121647180102034014 -9.3028360029108796425 -3.0146212309989270928 2.5800232409317218618 1.5 -9.3437949784123652819 -10.776878007468917886 -2.7395862717822860866 2.6479185893772934079 1.5 -9.4419759342741667041 -12.262533049192382961 -2.5567667598635552828 2.7158139378228653982 1.5 -9.5763414914903588482 -13.751042246571392624 -2.4245958797928626183 2.7837092862684369443 1.5 -9.7000308880941474854 -15.240436908374853431 -2.2945491118535557007 2.8516046347140084904 1.5 -9.762422075626901119 -16.728145625582033773 -2.1177151675958203469 2.9194999831595800366 1.5 -9.76151228813885119 -18.207189918925731575 -1.8692263423021799884 2.9873953316051515827 1.5 -9.7414831214580122065 -19.674224583555368184 -1.5566237141788947795 3.0552906800507231289 1.5 -9.7384804001110296667 -21.13205022022298607 -1.2032074405755073254 3.1231860284962951191 1.5 -9.7699003049803714305 -22.587094412891566719 -0.83968312038464421043 3.1910813769418666652 1.5 -9.8338272308509768749 -24.046922461011593697 -0.49979517256120986612 3.2589767253874382114 3 -9.9999999999978399501 -27 -9.7265187575625085693e-13 3.3947674222785786391 3 -10 -30 0 3.5305581191697217314 3 0 2 1 0 0 0 1 0 0 0 1 1 0 0 0 1 0 0 0 1 2 -1 -1.2246467991473532072e-16 0 1.2246467991473532072e-16 -1 0 0 0 1 1 0 0 0 1 0 0 0 1 2 0 48 
1 53 1 53 -1 -1.2246467991473532072e-16 0 1.2246467991473532072e-16 -1 0 0 0 1 5.9039830343913367024e-13 5.1695932423712065429e-08 0.9999999999999990008 -1.0000000000000006661 -8.8405721975731633768e-13 5.9008124000929414443e-13 8.8402991702700305363e-13 -0.99999999999999844569 5.169593267351224597e-08 24.242640687119283882 -21.316718427000253655 1.1239224588802132487 0 3 21.242640687119283882 -21.316718427000253655 1.1239224588802132487 0.0037317383948863832102 3 18.271802565079415359 -21.262509341321809586 1.6455325776320084419 0.0074634767897727664204 3 15.675938086433946594 -21.189874962922090162 3.1057134956607623799 0.011195215184659148763 3 13.918474398014188509 -21.135641572449138437 5.4993049843652501707 0.014926953579545532841 3 13.280537226027725239 -21.157969817105975352 8.4127153754334553781 0.018658691974431915184 3 13.592412292969465071 -21.330556295213288109 11.396323019278989719 0.022390430369318297527 3 14.345697478506178157 -21.67980491362451545 14.294262749931315071 0.026122168764204679869 3 14.955696787186925079 -22.243543384508615901 17.19518103599947878 0.029853907159091065682 3 14.862543312356146785 -22.695378840766675665 20.155471779037590352 0.033585645553977444555 3 13.705704929862660535 -22.942873356877139912 22.911079591317484727 0.037317383948863830367 3 11.493140036710590479 -23.138115074614457711 24.90524045080618265 0.04104912234375021618 3 8.6076203224289358218 -23.119302701035220338 25.663124057371621944 0.044780860738636595053 3 5.7200200137613768092 -22.887434908124237865 24.957539624861095007 0.048512599133522980865 3 3.5406944059118208301 -22.578390185378644617 22.953444734562047813 0.052244337528409359739 3 2.5135196006270010827 -22.420628910912565601 20.162418434340555251 0.055976075923295745551 3 2.6043339578093527287 -22.522297126572684789 17.165551119124678792 0.059707814318182131363 3 3.359628308113958628 -22.681762618566637002 14.247379512195804452 0.063439552713068517176 3 4.1908629495228328921 -22.497619482490474496 11.363369045666113166 0.06717129110795488911 1.5 4.4512760058239386751 -22.179032035730106287 9.9400881836186698592 0.069037160305398082016 1.5 4.5801659669794032581 -21.711233476177156376 8.5249151285892779129 0.070903029502841274923 1.5 4.5780366091427433517 -21.1437303733319375 7.1366451189549593437 0.072768898700284467829 1.5 4.4678955930423773779 -20.529423970609972372 5.7688958491544770624 0.074634767897727660735 1.5 4.2898464225265451333 -19.933684002201676577 4.400974685509877915 0.076500637095170853641 1.5 4.0817636999178921187 -19.400072365801303675 3.014600884863637198 0.078366506292614046547 1.5 3.8779905626612056757 -18.964215779408185369 1.5956985549988613737 0.080232375490057239453 1.5 3.6987466413941616494 -18.637814290672856998 0.14470627598803137426 0.082098244687500432359 1.5 3.5517484848233249473 -18.421215886568052866 -1.3317554026380578058 0.083964113884943611388 1.5 3.4326507089977860154 -18.306507298939695971 -2.8228287894880810249 0.085829983082386804294 1.5 3.3280124535085451321 -18.282104083452889398 -4.3194553224041234429 0.0876958522798299972 1.5 3.2221334606557245905 -18.342488829715794196 -5.8149156475082426354 0.089561721477273190106 1.5 3.0983460426912561303 -18.480600431297773412 -7.3032946981660318286 0.091427590674716383012 1.5 2.9461101659040647149 -18.6945023369542902 -8.7796948778559933402 0.093293459872159575919 1.5 2.7615016383755901508 -18.977410250294617811 -10.240824950739296995 0.095159329069602768825 1.5 2.5521652735163278258 -19.322082614331097972 -11.685269922804637943 0.097025198267045961731 3 2.1161712958830243281 -20.162104156658124055 -14.53665171878859752 0.10075693666193234754 3 1.9134364519499937884 -21.093701167558560172 -17.388748332973950284 0.10448867505681871948 3 2.2799814293109239571 -22.000662975008715705 -20.230421306479172472 0.10822041345170510529 3 3.5324659258445283427 -22.760909553902109792 -22.844405039470558449 0.1119521518465914911 3 5.7610756122318562689 -23.258730178949956979 -24.765122676693131609 0.11568389024147787691 3 8.6448986708926867095 -23.421643976522389607 -25.475468395831278201 0.11941562863636426273 3 11.523832441881939559 -23.25395437682756139 -24.744900922974387925 0.12314736703125063466 3 13.746205985348066037 -22.826965094062636297 -22.798041695507002657 0.12687910542613703435 3 15.006253468607171797 -22.229484025326296859 -20.144278927897261156 0.13061084382102339241 3 15.397241021923674609 -21.533236133618459007 -17.246875169291261187 0.13434258221590977822 3 15.221088185891046507 -20.815666300996092275 -14.331179006950206301 0.13807432061079616403 3 14.790983789994147202 -20.219852983871231089 -11.413930005522813005 0.14180605900568254985 3 14.343636357111135382 -19.997091688145406607 -8.449614018953679917 0.14553779740056893566 3 14.025692888845735951 -20.470622574555825679 -5.5071075676310039526 0.14926953579545532147 3 13.895122198474705755 -21.872779821446172832 -2.8732588167605350726 0.15300127419034170728 3 13.920889866330092843 -24.153276918161836306 -0.95128032488819569412 0.15673301258522809309 3 13.999999999998241407 -27 -2.6147417564459374262e-12 0.16046475098011170335 3 14.000000000000001776 -30 0 0.16419648937499803365 3 0 2 1 0 0 0 1 0 0 0 1 1 0 0 0 1 0 0 0 1 2 -1 -1.2246467991473532072e-16 0 1.2246467991473532072e-16 -1 0 0 0 1 1 0 0 0 1 0 0 0 1 2 0 52 
4 0 -30 0 0 1 0 0.60000002384185791016 0.60000002384185791016 0.60000002384185791016 notexture 
3 -4.4390093800000007818 -19.639863209999997906 8.8948598099999998112 0.86810284392886938321 0.031070744025851165793 -0.49541100232866164266 0.0036559047869239875289 0.99761179200093119679 0.068973522607446130506 0.49637091647557085583 -0.061687286586224319984 0.86591604209116668223 0 0 0 
3 -10 -30 0 -7.2025146603682742151e-13 1 -6.4915001352641625455e-14 -1 -7.2025146603680631791e-13 3.2421729191879701987e-13 3.2421729191875026881e-13 6.491500135287517877e-14 1 48 0 0 
3 24.242640687119283882 -21.316718427000253655 1.1239224588802132487 1 0 0 0 1 0 0 0 1 0 1 0 
3 14.000000000000001776 -30 0 5.8658633506070145813e-13 5.1695934755180417142e-08 0.99999999999999888978 -1 -8.7141405202828536858e-13 5.8636429045577642682e-13 8.7158058548197914206e-13 -0.99999999999999866773 5.1695934866202719604e-08 52 1 0 
3 -6.8601854062139278057 -12.109999999999994102 -9.103478836803633456 -0.91391710418998672871 0.37828127035766612174 0.14716931461952031945 0.40465720390693260544 0.87748084998728759221 0.25744884002809570456 -0.031750181026447568677 0.29484002171038309337 -0.95501899855584482246 -1 -1 0 
3 35 -28.399999999999998579 0 6.1232339957367660359e-17 -1 -6.1232339957367660359e-17 0 6.1232339957367660359e-17 -1 1 6.1232339957367660359e-17 3.7493994566546440196e-33 -1 -1 0 
6 -4.4390093800000007818 -19.639863209999997906 8.8948598099999998112 0.87276002893962312257 0.0096861504784901217985 -0.48809611227717969451 0.027630109626043463517 0.99725927239061873397 0.069197343632432545268 0.48738047808315076992 -0.073874254822387741548 0.8700836559392716163  0 0 
6 -6.8481595100000003384 -12.136665000000000703 -9.0967082499999989409 -0.91322100228859304227 0.38580910894094305741 0.13119474669814376599 0.40694034013738622502 0.88020542261793432992 0.24421976671611952958 -0.021259618567564048802 0.27641191710147117178 -0.96082209238335436474  4 0 
0 
1 1 49 1 49 -0.86877208261207761186 -0.028087797505267911996 -0.49441495133660395833 -0.0070515977238556721771 -0.99758731065956740558 0.06906397454934608271 -0.49516193658581464376 0.063487268348188338751 0.8664779416201376927 -6.6974397151628503172e-13 1 -6.5836225360271782847e-14 -0.99999999999999955591 -6.7001147830357754519e-13 2.7975052343336444401e-13 2.800073679686291396e-13 6.5558669604115493712e-14 0.99999999999999933387 -4.5377262000000007092 -19.657859909999999104 8.93904590999999904 0 3 -7.1440424478362336558 -19.679014703171567646 7.4535601002425551087 0.13613233258519091828 3 -9.5011266003624204046 -18.410232071116361396 6.0695848980912971982 0.27226466517038183657 1.5 -10.184598885419593017 -17.534952679904019845 5.0942385582422087253 0.34033083146297732346 1.5 -10.447608457013915384 -16.690513240327721434 3.8944277452644149307 0.40839699775557275485 1.5 -10.294153116082259913 -16.056726269223428716 2.5584658581415600231 0.47646316404816824175 1.5 -9.8237328726948813795 -15.71274586144615526 1.1802631100563936162 0.54452933034076367314 1.5 -9.1953047781450756304 -15.639709187240903532 -0.18706666505948960078 0.61259549663335921554 1.5 -8.5837918079572723684 -15.741810085951659204 -1.5592006184740916375 0.68066166292595464693 1.5 -8.1143849525873896766 -15.891637891915427971 -2.9731336155606253868 0.74872782921855007832 1.5 -7.8073400420209422279 -15.978373081063672601 -4.4367484944454531615 0.8167939955111455097 1.5 -7.6007625688601176961 -15.94074155682382532 -5.92269355959349042 0.88486016180374105211 1.5 -7.4246346110989769329 -15.768432302078736029 -7.4065818687071800497 0.9529263280963364835 1.5 -7.2489535373831124332 -15.437072521726488361 -8.8696190236905056992 1.0209924943889319149 1.5 -7.0779374295717643051 -14.859552164500527738 -10.241920124285066152 1.0890586606815273463 1.5 -6.9236133891355340353 -13.944633275287364071 -11.382098874079309425 1.1571248269741227777 1.5 -6.7842103657944141659 -12.748905681470446893 -12.291903109625971879 1.2251909932667184311 1.5 -6.670503337941743105 -11.477261501851227621 -13.097502725312999416 1.2932571595593138625 1.5 -6.6143102227158827588 -10.209163028788317717 -13.899205714682896229 1.3613233258519092939 1.5 -6.6542074672192415008 -8.9365800990554280503 -14.69574389169190809 1.4293894921445047252 1.5 -6.8218562633688923924 -7.6294489629221553528 -15.418305987433843285 1.4974556584371001566 1.5 -7.1340533766739202548 -6.2672296696773530655 -15.969871006935951741 1.565521824729695588 1.5 -7.5851582339691665524 -4.8622850787174236586 -16.236363167052346057 1.6335879910222910194 1.5 -8.1408458489390511659 -3.4795952753948569125 -16.114455962638160713 1.7016541573148866728 1.5 -8.7388783593079022438 -2.2343741839117359227 -15.552107705515357594 1.7697203236074821042 1.5 -9.3023874567624122989 -1.2575903450365082392 -14.577265592417658624 1.8377864899000775356 1.5 -9.7625088176986558608 -0.64885388062009008436 -13.29386769307413374 1.905852656192672967 1.5 -10.07784060704540785 -0.44533397102731203665 -11.844794104438886251 1.9739188224852683984 1.5 -10.240014515674296547 -0.62279989775782307326 -10.364417971814267716 2.0419849887778638298 1.5 -10.265713317061319287 -1.1212792695847386693 -8.9487073535571326488 2.1100511550704594832 1.5 -10.184621441933860098 -1.8735037061700385852 -7.6518579101065569148 2.1781173213630546925 1.5 -10.030995035071544663 -2.8218630551589916067 -6.4983256513339711091 2.246183487655650346 1.5 -9.8397601004484460674 -3.923193722078937018 -5.496836793719597658 2.3142496539482455553 1.5 -9.644730076054358392 -5.1462230201569161281 -4.6499205389124274035 2.3823158202408412087 1.5 -9.4769701148743337171 -6.4662162108611012101 -3.9577198836772620183 2.4503819865334368622 1.5 -9.3625626754816497765 -7.8601715178416675656 -3.417137874127335273 2.5184481528260320715 1.5 -9.3187939543802720266 -9.3048373562160318073 -3.0184285821263556748 2.5865143191186277249 1.5 -9.3502297446162554451 -10.778452725480073937 -2.7418243080162310044 2.6545804854112229343 1.5 -9.4490422120537669315 -12.263851428253838449 -2.5572006187703495428 2.7226466517038185877 1.5 -9.5894664281456716282 -13.752475731943466286 -2.4249596622250315647 2.7907128179964137971 1.5 -9.7175491043139050618 -15.241985978315447881 -2.2956016316365661645 2.8587789842890094505 1.5 -9.778729568350883028 -16.728261505221155403 -2.1192094240078231948 2.9268451505816051039 1.5 -9.7718042508149451919 -18.206682946884029661 -1.8695547980945559363 2.9949113168742003133 1.5 -9.7450018897100694204 -19.673543036040268106 -1.555024742820728445 3.0629774831667959667 1.5 -9.7408743926193022133 -21.131498526256454085 -1.2019384287130310263 3.131043649459391176 1.5 -9.7723061759213241118 -22.587059034303315741 -0.83961019097762068508 3.1991098157519868295 1.5 -9.834958177378384292 -24.047541940850646114 -0.50037730504010202726 3.2671759820445820388 3 -9.9999999999979269916 -27 -9.2127904413555294428e-13 3.4033083146297720134 3 -10 -30 0 3.5394406472149628762 3 0 2 1 0 0 0 1 0 0 0 1 1 0 0 0 1 0 0 0 1 2 -1 -1.2246467991473532072e-16 0 1.2246467991473532072e-16 -1 0 0 0 1 1 0 0 0 1 0 0 0 1 2 0 48 
1 53 1 53 -1 -1.2246467991473532072e-16 0 1.2246467991473532072e-16 -1 0 0 0 1 5.933514180960988848e-13 5.1695930314288318641e-08 0.99999999999999877875 -1.0000000000000006661 -8.9656486553288836004e-13 5.9306473589620100545e-13 8.9663407221030300805e-13 -0.99999999999999844569 5.169593050857734795e-08 24.242640687119283882 -21.316718427000253655 1.1239224588802132487 0 3 21.242640687119283882 -21.316718427000253655 1.1239224588802132487 0.0037317383948863185918 3 18.271802565079415359 -21.262509341321809586 1.6455325776320084419 0.0074634767897726371835 3 15.675938086433946594 -21.189874962922090162 3.1057134956607623799 0.011195215184658956209 3 13.918474398014188509 -21.135641572449138437 5.4993049843652501707 0.014926953579545274367 3 13.280537226027725239 -21.157969817105975352 8.4127153754334553781 0.018658691974431592525 3 13.592412292969465071 -21.330556295213288109 11.396323019278989719 0.022390430369317912418 3 14.345697478506178157 -21.67980491362451545 14.294262749931315071 0.026122168764204228841 3 14.955696787186925079 -22.243543384508615901 17.19518103599947878 0.029853907159090548734 3 14.862543312356146785 -22.695378840766675665 20.155471779037590352 0.033585645553976868627 3 13.705704929862660535 -22.942873356877139912 22.911079591317484727 0.03731738394886318505 3 11.493140036710590479 -23.138115074614457711 24.90524045080618265 0.041049122343749501474 3 8.6076203224289358218 -23.119302701035220338 25.663124057371621944 0.044780860738635824836 3 5.7200200137613768092 -22.887434908124237865 24.957539624861095007 0.048512599133522141259 3 3.5406944059118208301 -22.578390185378644617 22.953444734562047813 0.052244337528408457683 3 2.5135196006270010827 -22.420628910912565601 20.162418434340555251 0.055976075923294781045 3 2.6043339578093527287 -22.522297126572684789 17.165551119124678792 0.059707814318181097468 3 3.359628308113958628 -22.681762618566637002 14.247379512195804452 0.06343955271306742083 3 4.1908629495228328921 -22.497619482490474496 11.363369045666113166 0.067171291107953737254 1.5 4.4512760058239386751 -22.179032035730106287 9.9400881836186698592 0.069037160305396888527 1.5 4.5801659669794032581 -21.711233476177156376 8.5249151285892779129 0.070903029502840053677 1.5 4.5780366091427433517 -21.1437303733319375 7.1366451189549593437 0.072768898700283218828 1.5 4.4678955930423773779 -20.529423970609972372 5.7688958491544770624 0.074634767897726370101 1.5 4.2898464225265451333 -19.933684002201676577 4.400974685509877915 0.076500637095169535251 1.5 4.0817636999178921187 -19.400072365801303675 3.014600884863637198 0.078366506292612686524 1.5 3.8779905626612056757 -18.964215779408185369 1.5956985549988613737 0.080232375490055851674 1.5 3.6987466413941616494 -18.637814290672856998 0.14470627598803137426 0.082098244687499002947 1.5 3.5517484848233249473 -18.421215886568052866 -1.3317554026380578058 0.083964113884942168098 1.5 3.4326507089977860154 -18.306507298939695971 -2.8228287894880810249 0.085829983082385333248 1.5 3.3280124535085451321 -18.282104083452889398 -4.3194553224041234429 0.087695852279828484521 1.5 3.2221334606557245905 -18.342488829715794196 -5.8149156475082426354 0.089561721477271649672 1.5 3.0983460426912561303 -18.480600431297773412 -7.3032946981660318286 0.091427590674714800945 1.5 2.9461101659040647149 -18.6945023369542902 -8.7796948778559933402 0.093293459872157966095 1.5 2.7615016383755901508 -18.977410250294617811 -10.240824950739296995 0.095159329069601117368 1.5 2.5521652735163278258 -19.322082614331097972 -11.685269922804637943 0.097025198267044282519 3 2.1161712958830243281 -20.162104156658124055 -14.53665171878859752 0.10075693666193059894 3 1.9134364519499937884 -21.093701167558560172 -17.388748332973950284 0.10448867505681691537 3 2.2799814293109239571 -22.000662975008715705 -20.230421306479172472 0.10822041345170324567 3 3.5324659258445283427 -22.760909553902109792 -22.844405039470558449 0.11195215184658956209 3 5.7610756122318562689 -23.258730178949956979 -24.765122676693131609 0.11568389024147587851 3 8.6448986708926867095 -23.421643976522389607 -25.475468395831278201 0.11941562863636219494 3 11.523832441881939559 -23.25395437682756139 -24.744900922974387925 0.12314736703124851136 3 13.746205985348066037 -22.826965094062636297 -22.798041695507002657 0.12687910542613484166 3 15.006253468607171797 -22.229484025326296859 -20.144278927897261156 0.13061084382102114421 3 15.397241021923674609 -21.533236133618459007 -17.246875169291261187 0.13434258221590747451 3 15.221088185891046507 -20.815666300996092275 -14.331179006950206301 0.13807432061079377705 3 14.790983789994147202 -20.219852983871231089 -11.413930005522813005 0.14180605900568010735 3 14.343636357111135382 -19.997091688145406607 -8.449614018953679917 0.14553779740056643766 3 14.025692888845735951 -20.470622574555825679 -5.5071075676310039526 0.1492695357954527402 3 13.895122198474705755 -21.872779821446172832 -2.8732588167605350726 0.1530012741903390705 3 13.920889866330092843 -24.153276918161836306 -0.95128032488819569412 0.15673301258522537305 3 13.999999999998232525 -27 -2.6515456497122613655e-12 0.16046475098010890004 3 14.000000000000001776 -30 0 0.16419648937499514707 3 0 2 1 0 0 0 1 0 0 0 1 1 0 0 0 1 0 0 0 1 2 -1 -1.2246467991473532072e-16 0 1.2246467991473532072e-16 -1 0 0 0 1 1 0 0 0 1 0 0 0 1 2 0 52 
4 0 -30 0 0 1 0 0.60000002384185791016 0.60000002384185791016 0.60000002384185791016 notexture 
3 -4.5377262000000007092 -19.657859909999999104 8.93904590999999904 0.86877208261207761186 0.028087797505267804443 -0.49441495133660395833 0.0070515977238557944751 0.99758731065956740558 0.06906397454934608271 0.49516193658581464376 -0.063487268348188394262 0.8664779416201376927 0 0 0 
3 -10 -30 0 -6.90719533581800378e-13 1 -6.544760170144018315e-14 -1 -6.9071953358178028413e-13 3.0709301471189618421e-13 3.0709301471185094777e-13 6.5447601701652304692e-14 1 48 0 0 
3 24.242640687119283882 -21.316718427000253655 1.1239224588802132487 1 0 0 0 1 0 0 0 1 0 1 0 
3 14.000000000000001776 -30 0 5.8986149298334566993e-13 5.1695932978823577741e-08 0.99999999999999877875 -1 -8.8368201645039334835e-13 5.8963944837842063862e-13 8.8384854990408712183e-13 -0.99999999999999877875 5.1695933145357031435e-08 52 1 0 
3 -6.7603762100000004409 -12.165673070000000422 -9.0488390399999989455 -0.91373990888056044746 0.38076833819710648177 0.14175631042588210384 0.40532340778303960205 0.87843554911116361605 0.2531085165712760876 -0.028148073150552746502 0.28873250368530056775 -0.95699593901621593517 -1 -1 0 
3 35 -28.399999999999998579 0 6.1232339957367660359e-17 -1 -6.1232339957367660359e-17 0 6.1232339957367660359e-17 -1 1 6.1232339957367660359e-17 3.7493994566546440196e-33 -1 -1 0 
6 -4.5377262000000007092 -19.657859909999999104 8.93904590999999904 0.87251091962923210676 0.01036679420290744294 -0.48852730645439590429 0.027166071835800862516 0.99723824624515067239 0.069682397057697811893 0.48785233516913928398 -0.074065466056533288408 0.86980291450570501599  0 0 
6 -6.7603762100000004409 -12.165673070000000422 -9.0488390399999989455 -0.91334466540674730251 0.38554020525319326884 0.13112437389875070126 0.40667025300602449578 0.88022188700063064282 0.24461000767975310533 -0.021115052456077362114 0.27673448875041228856 -0.96073242362538235906  4 0 
0 
