1 1 49 1 49 -0.86733946373383896677 -0.033984426692306023143 -0.49655544845695931411 -0.00032853235790740377854 -0.99762684643657595362 0.068851778012642875226 -0.49771693432752162067 0.059880998750920330642 0.8652699690109474373 -6.6936375849632844099e-13 1.000000000000000222 -6.2339022832702539745e-14 -1.0000000000000004441 -6.6957696105502202178e-13 2.9679997938920056232e-13 2.9702853728455303591e-13 6.261657858885882888e-14 1.0000000000000004441 -4.5830000000000001847 -19.846360080000000181 9.0919999699999998199 0 3 -7.185018391201516863 -19.847345677073722214 7.5988491670174349579 0.13650398888673473397 3 -9.4227414121031927152 -18.468178918637036645 6.1160150866636415756 0.27300797777346946793 1.5 -10.094075265616547554 -17.586400387134968781 5.1266235345006085922 0.34125997221683679328 1.5 -10.383297701197102825 -16.744343409583976268 3.9374017295158161289 0.40951196666020417414 1.5 -10.272676368160617244 -16.097585677078981803 2.6219674128176944095 0.477763961103571555 1.5 -9.8373761219016788715 -15.725305374872396769 1.2484614559641766807 0.54601595554693893586 1.5 -9.2249738964977794353 -15.631635340977831916 -0.12910432352839873449 0.61426794999030631672 1.5 -8.6098812455039404057 -15.732321109066734977 -1.506777259318810902 0.68251994443367358656 1.5 -8.1264161745656284808 -15.897190225548627041 -2.9166805491178693366 0.75077193887704096742 1.5 -7.8046233254810362112 -16.008225581878349431 -4.3758067019426629685 0.81902393332040834828 1.5 -7.5945240292829572226 -15.984579189573143054 -5.8619057312001228155 0.88727592776377572914 1.5 -7.4342102722105938284 -15.779880993917945631 -7.3429224567941924207 0.95552792220714311 1.5 -7.2762102376045891816 -15.360226164247801961 -8.7776321764810845139 1.0237799166505103798 1.5 -7.105966554494947296 -14.693022070019251757 -10.106671442973938824 1.0920319110938778717 1.5 -6.9375293151773123057 -13.775845583364722202 -11.25766453847097992 1.1602839055372451416 1.5 -6.7812690366191326063 -12.64825695209721701 -12.244983028139465375 1.2285358999806126334 1.5 -6.6562037544018037849 -11.424227573369584832 -13.118792614609056102 1.2967878944239799033 1.5 -6.5947036717935914041 -10.170794664573925559 -13.947325536185243067 1.3650398888673471731 1.5 -6.6355545338562320623 -8.8981121547047710152 -14.747034871795239752 1.433291883310714665 1.5 -6.8102562864328195502 -7.5878150195914910725 -15.46784436369705773 1.5015438777540819348 1.5 -7.1324523838635434103 -6.2232435693718199943 -16.012106684980359717 1.5697958721974494267 1.5 -7.5920547265516935553 -4.8193484938521597982 -16.264212473635787148 1.6380478666408166966 1.5 -8.1513509884593755572 -3.4442578850794993706 -16.125665369011453976 1.7062998610841841884 1.5 -8.7478474847307214901 -2.2116519263375074011 -15.551906848482451196 1.7745518555275514583 1.5 -9.3075881384796925744 -1.2465338241989281087 -14.573999679971453958 1.8428038499709187281 1.5 -9.7649150562228079764 -0.64413005367196685125 -13.292706132449023215 1.91105584441428622 1.5 -10.079357273150975516 -0.44206885010525831525 -11.845884177093036982 1.9793078388576534898 1.5 -10.241590025955769505 -0.61913819402586112162 -10.365815621496812682 2.0475598333010207597 1.5 -10.267308512449707436 -1.1174038772711702983 -8.9491546161254174052 2.1158118277443884736 1.5 -10.185918248048302814 -1.8699836910680245339 -7.6512162377717478634 2.1840638221877557434 1.5 -10.031863924733482207 -2.8189794286151714786 -6.496945146299857754 2.2523158166311230133 1.5 -9.8402869187442369991 -3.9209104946409225612 -5.4951287459303195249 2.3205678110744902831 1.5 -9.644942087553097565 -5.1442650635313178498 -4.6482304819159789844 2.388819805517857553 1.5 -9.4764153424642891821 -6.464195771298257398 -3.9562163393024931679 2.4570717999612252669 1.5 -9.3609694356981911767 -7.8577532283265778545 -3.4157698754318057688 2.5253237944045925367 1.5 -9.3176413594456555245 -9.3017917683557946873 -3.0171928399484939654 2.5935757888479598066 1.5 -9.3530558973053157246 -10.774611562070369075 -2.7413063240327337766 2.6618277832913270764 1.5 -9.4529738314730202831 -12.260388866990924228 -2.557073106734303547 2.7300797777346943462 1.5 -9.5843342315151538457 -13.750667631133977054 -2.422946863027465092 2.7983317721780620602 1.5 -9.7041156680001670054 -15.241287400545386888 -2.2915353073061335287 2.86658376662142933 1.5 -9.7654991732795828341 -16.727732403037702369 -2.1151910687157418067 2.9348357610647965998 1.5 -9.7668037383994832368 -18.206635119298852032 -1.8686777782822827643 3.0030877555081638697 1.5 -9.7485820221594341461 -19.674206341478942761 -1.5577057311784041627 3.0713397499515311395 1.5 -9.7433571039602249186 -21.132174795005717272 -1.2035082052796184371 3.1395917443948988534 1.5 -9.7711992005346637313 -22.587185225991341042 -0.83805587823373262069 3.2078437388382661233 1.5 -9.8333499270526729674 -24.047857247760656918 -0.49733924701818194025 3.2760957332816333931 3 -9.9999999999979891641 -27 -9.4348380934327412212e-13 3.4125997221683670446 3 -10 -30 0 3.5491037110551020284 3 0 2 1 0 0 0 1 0 0 0 1 1 0 0 0 1 0 0 0 1 2 -1 -1.2246467991473532072e-16 0 1.2246467991473532072e-16 -1 0 0 0 1 1 0 0 0 1 0 0 0 1 2 0 48 
1 53 1 53 -1 -1.2246467991473532072e-16 0 1.2246467991473532072e-16 -1 0 0 0 1 5.868997833044225323e-13 5.1695934422113509754e-08 0.99999999999999911182 -1.0000000000000004441 -8.7192672873696060772e-13 5.865832337924587198e-13 8.7187813435040303946e-13 -0.99999999999999844569 5.1695934727424841526e-08 24.242640687119283882 -21.316718427000253655 1.1239224588802132487 0 3 21.242640687119283882 -21.316718427000253655 1.1239224588802132487 0.0037317383948864482623 3 18.271802565079415359 -21.262509341321809586 1.6455325776320084419 0.0074634767897728965247 3 15.675938086433946594 -21.189874962922090162 3.1057134956607623799 0.011195215184659344787 3 13.918474398014188509 -21.135641572449138437 5.4993049843652501707 0.014926953579545793049 3 13.280537226027725239 -21.157969817105975352 8.4127153754334553781 0.018658691974432241312 3 13.592412292969465071 -21.330556295213288109 11.396323019278989719 0.022390430369318689574 3 14.345697478506178157 -21.67980491362451545 14.294262749931315071 0.026122168764205137836 3 14.955696787186925079 -22.243543384508615901 17.19518103599947878 0.029853907159091586099 3 14.862543312356146785 -22.695378840766675665 20.155471779037590352 0.033585645553978034361 3 13.705704929862660535 -22.942873356877139912 22.911079591317484727 0.037317383948864482623 3 11.493140036710590479 -23.138115074614457711 24.90524045080618265 0.041049122343750930886 3 8.6076203224289358218 -23.119302701035220338 25.663124057371621944 0.044780860738637379148 3 5.7200200137613768092 -22.887434908124237865 24.957539624861095007 0.04851259913352382741 3 3.5406944059118208301 -22.578390185378644617 22.953444734562047813 0.052244337528410275673 3 2.5135196006270010827 -22.420628910912565601 20.162418434340555251 0.055976075923296723935 3 2.6043339578093527287 -22.522297126572684789 17.165551119124678792 0.059707814318183172198 3 3.359628308113958628 -22.681762618566637002 14.247379512195804452 0.063439552713069613521 3 4.1908629495228328921 -22.497619482490474496 11.363369045666113166 0.067171291107956068722 1.5 4.4512760058239386751 -22.179032035730106287 9.9400881836186698592 0.069037160305399289384 1.5 4.5801659669794032581 -21.711233476177156376 8.5249151285892779129 0.070903029502842510046 1.5 4.5780366091427433517 -21.1437303733319375 7.1366451189549593437 0.072768898700285730707 1.5 4.4678955930423773779 -20.529423970609972372 5.7688958491544770624 0.074634767897728965247 1.5 4.2898464225265451333 -19.933684002201676577 4.400974685509877915 0.076500637095172185909 1.5 4.0817636999178921187 -19.400072365801303675 3.014600884863637198 0.07836650629261540657 1.5 3.8779905626612056757 -18.964215779408185369 1.5956985549988613737 0.080232375490058627232 1.5 3.6987466413941616494 -18.637814290672856998 0.14470627598803137426 0.082098244687501861772 1.5 3.5517484848233249473 -18.421215886568052866 -1.3317554026380578058 0.083964113884945082433 1.5 3.4326507089977860154 -18.306507298939695971 -2.8228287894880810249 0.085829983082388303095 1.5 3.3280124535085451321 -18.282104083452889398 -4.3194553224041234429 0.087695852279831523757 1.5 3.2221334606557245905 -18.342488829715794196 -5.8149156475082426354 0.089561721477274758296 1.5 3.0983460426912561303 -18.480600431297773412 -7.3032946981660318286 0.091427590674717978958 1.5 2.9461101659040647149 -18.6945023369542902 -8.7796948778559933402 0.09329345987216119962 1.5 2.7615016383755901508 -18.977410250294617811 -10.240824950739296995 0.095159329069604420281 1.5 2.5521652735163278258 -19.322082614331097972 -11.685269922804637943 0.097025198267047654821 3 2.1161712958830243281 -20.162104156658124055 -14.53665171878859752 0.10075693666193409614 3 1.9134364519499937884 -21.093701167558560172 -17.388748332973950284 0.10448867505682055135 3 2.2799814293109239571 -22.000662975008715705 -20.230421306479172472 0.10822041345170699267 3 3.5324659258445283427 -22.760909553902109792 -22.844405039470558449 0.11195215184659344787 3 5.7610756122318562689 -23.258730178949956979 -24.765122676693131609 0.11568389024147988919 3 8.6448986708926867095 -23.421643976522389607 -25.475468395831278201 0.1194156286363663444 3 11.523832441881939559 -23.25395437682756139 -24.744900922974387925 0.12314736703125278572 3 13.746205985348066037 -22.826965094062636297 -22.798041695507002657 0.12687910542613922704 3 15.006253468607171797 -22.229484025326296859 -20.144278927897261156 0.13061084382102566837 3 15.397241021923674609 -21.533236133618459007 -17.246875169291261187 0.13434258221591213744 3 15.221088185891046507 -20.815666300996092275 -14.331179006950206301 0.13807432061079857877 3 14.790983789994147202 -20.219852983871231089 -11.413930005522813005 0.14180605900568502009 3 14.343636357111135382 -19.997091688145406607 -8.449614018953679917 0.14553779740057146141 3 14.025692888845735951 -20.470622574555825679 -5.5071075676310039526 0.14926953579545793049 3 13.895122198474705755 -21.872779821446172832 -2.8732588167605350726 0.15300127419034437182 3 13.920889866330092843 -24.153276918161836306 -0.95128032488819569412 0.15673301258523081314 3 13.999999999998252065 -27 -2.5791035973554699012e-12 0.16046475098011447891 3 14.000000000000001776 -30 0 0.16419648937500086472 3 0 2 1 0 0 0 1 0 0 0 1 1 0 0 0 1 0 0 0 1 2 -1 -1.2246467991473532072e-16 0 1.2246467991473532072e-16 -1 0 0 0 1 1 0 0 0 1 0 0 0 1 2 0 52 
4 0 -30 0 0 1 0 0.60000002384185791016 0.60000002384185791016 0.60000002384185791016 notexture 
3 -4.5830000000000001847 -19.846360080000000181 9.0919999699999998199 0.86733946373383896677 0.03398442669230591906 -0.49655544845695931411 0.00032853235790752596812 0.99762684643657595362 0.068851778012642875226 0.49771693432752162067 -0.059880998750920393092 0.8652699690109474373 0 0 0 
3 -10 -30 0 -6.7006938532377135563e-13 1 -6.3592940927143865315e-14 -1 -6.7006938532375136274e-13 3.1449460311446731848e-13 3.1449460311442470737e-13 6.3592940927354598462e-14 1 48 0 0 
3 24.242640687119283882 -21.316718427000253655 1.1239224588802132487 1 0 0 0 1 0 0 0 1 0 1 0 
3 14.000000000000001776 -30 0 5.8336668828928850417e-13 5.1695936975626466392e-08 0.99999999999999866773 -1 -8.5964568796725870925e-13 5.8320015483559473068e-13 8.5970119911848996708e-13 -0.99999999999999877875 5.1695937031137617623e-08 52 1 0 
3 -7.1494057666356178871 -11.909999999999994813 -9.0989857935047062654 -0.91408792798007565406 0.37562986203006698549 0.15279223367817104662 0.4039721943899874379 0.87634364507086082163 0.26235144730619602838 -0.035351465045032344492 0.30153610479541320677 -0.95279916636402417485 -1 -1 0 
3 35 -28.399999999999998579 0 6.1232339957367660359e-17 -1 -6.1232339957367660359e-17 0 6.1232339957367660359e-17 -1 1 6.1232339957367660359e-17 3.7493994566546440196e-33 -1 -1 0 
6 -4.5830000000000001847 -19.846360080000000181 9.0919999699999998199 0.87252889335564320916 0.0076449161432690830933 -0.48854538168180400293 0.029159667371132288322 0.99731940266908658543 0.067686590631969814624 0.48770509347859158922 -0.073299709862460385446 0.86995034260806503035  0 0 
6 -7.2290000000000000924 -12.079937720000000212 -8.9920000000000008811 -0.91284127033536355267 0.38699143598155494317 0.13035249431227149963 0.40784685563343797687 0.87978103375356231375 0.24423676195334459438 -0.020167623557387846789 0.27611011789131711947 -0.96093240254836165271  4 0 
0 
1 1 49 1 49 -0.8680315985165728554 -0.030920587182888772948 -0.49554521616602120737 -0.0037151198098196022354 -0.99762654232280467692 0.068756671951484188421 -0.49649505723779563393 0.061523973711966148392 0.86585648856905106374 -6.784757833415221813e-13 1.0000000000000004441 -6.2366778408318168658e-14 -0.99999999999999966693 -6.7824327194458981676e-13 3.2026025993832457662e-13 3.2060727225469930132e-13 6.1894933622852477129e-14 0.99999999999999933387 -4.7830000000000003624 -19.646360080000000892 8.8919999700000005305 0 3 -7.3870947955497188175 -19.657505439429460381 7.4025147982866137397 0.13367411150833236055 3 -9.7771186052534222455 -18.413552795407134965 6.0546549961919922112 0.26734822301666472111 1.5 -10.411513049029885281 -17.516431913433503809 5.0781213185511377972 0.33418527877083092914 1.5 -10.583952376415085794 -16.64328237852556569 3.8794538051111238097 0.40102233452499708166 1.5 -10.342059971655068296 -15.992558355384508317 2.5563046221469996055 0.46785939027916323418 1.5 -9.827918124680847356 -15.644270260183025911 1.1908950704787208963 0.53469644603332944222 1.5 -9.1998388754540236789 -15.574966600956976492 -0.1735243485335636604 0.60153350178749565025 1.5 -8.5873672769256046422 -15.692528121435255883 -1.5435489088181715278 0.66837055754166185828 1.5 -8.1025905080508824341 -15.878344550440273153 -2.9511094535240651737 0.73520761329582795529 1.5 -7.7734277290317184139 -16.018003094776304351 -4.4097432572960135744 0.80204466904999416332 1.5 -7.5516715869176040954 -16.018874133264233706 -5.8938560159201243138 0.86888172480416037136 1.5 -7.3910998139870907053 -15.814844544077674371 -7.3709946326353374957 0.93571878055832646837 1.5 -7.2471949672580251445 -15.365332726374436589 -8.7928455282086392941 1.0025558363124926764 1.5 -7.0961269220675760039 -14.661486100299235602 -10.105045363277662673 1.0693928920666588844 1.5 -6.9359674242937439104 -13.732356422906429216 -11.268802820609483462 1.1362299478208250925 1.5 -6.7809466920914776011 -12.63708774201851881 -12.282491150125213863 1.2030670035749913005 1.5 -6.6555564792507961869 -11.441504363528817834 -13.182861017110269586 1.2699040593291575085 1.5 -6.5926413524287905688 -10.193713746047839308 -14.015836553044039192 1.3367411150833237166 1.5 -6.6286539510687081389 -8.9124575284427436372 -14.798102037557615773 1.4035781708374897025 1.5 -6.7952211535221671568 -7.5919900638521982117 -15.495156531678638601 1.4704152265916559106 1.5 -7.1099435164548028254 -6.2213231379419760003 -16.023013683718907885 1.5372522823458221186 1.5 -7.5671823805053266554 -4.814502080288654895 -16.269471163263357738 1.6040893380999883266 1.5 -8.1313366300257925445 -3.4358372988590870634 -16.13106576204626208 1.6709263938541545347 1.5 -8.7383393436414884548 -2.1983920349588825793 -15.556218991852109212 1.7377634496083207427 1.5 -9.3098594490304087401 -1.2303375898345227935 -14.573718323038745481 1.8046005053624869507 1.5 -9.7760319625442022584 -0.62863529401675033448 -13.28723042061722559 1.8714375611166529367 1.5 -10.094677946327525575 -0.42913283707626276309 -11.837729103434497802 1.9382746168708191448 1.5 -10.257054620129732569 -0.60818343008487174561 -10.357682428765052407 2.0051116726249853528 1.5 -10.280477284680690886 -1.1072155078363190572 -8.9424661718279256917 2.0719487283791515608 1.5 -10.196144685672990704 -1.8600756546441621353 -7.6465616517904679839 2.1387857841333177689 1.5 -10.039756841810554278 -2.8097025632828764863 -6.4947982932803460798 2.2056228398874839769 1.5 -9.8470714674189174787 -3.9129128334305951498 -5.4959462435577970396 2.2724598956416501849 1.5 -9.6525665595946907871 -5.1379855547024844142 -4.6520222699727344917 2.339296951395816393 1.5 -9.487742635929958368 -6.4596374815716384177 -3.9621677948351057275 2.406134007149982601 1.5 -9.3784722072700876794 -7.854384883284283525 -3.4223116263956443461 2.472971062904148809 1.5 -9.3414965926418922493 -9.2990390733459733497 -3.0222591521172876838 2.5398081186583150171 1.5 -9.3786505303416749513 -10.771939242342671861 -2.7426647446880072501 2.6066451744124812251 1.5 -9.4738875195846414812 -12.257150665828705272 -2.5531924713822822248 2.6734822301666474331 1.5 -9.5968801555663318936 -13.74638544628761494 -2.4139600844444619732 2.7403192859208131971 1.5 -9.7137086611566569871 -15.236991202053985717 -2.2811600720996758618 2.8071563416749794051 1.5 -9.7723957211000236356 -16.724657961229873138 -2.1051963265447155571 2.8739933974291456131 1.5 -9.7713899960557668578 -18.204991676844507253 -1.8602128816209737572 2.9408304531833118212 1.5 -9.7570298837088245136 -19.673147848367310786 -1.5528724707505272562 3.0076675089374780292 1.5 -9.7536989489749732485 -21.13134881877570237 -1.2006827295361990338 3.0745045646916442372 1.5 -9.7796681258548989746 -22.586128862314399868 -0.83494790749058322987 3.1413416204458104453 1.5 -9.8380022445519550445 -24.046051337419466876 -0.49356162552096688456 3.2081786761999766533 3 -9.9999999999979909404 -27 -8.9032644137663057719e-13 3.3418527877083099575 3 -10 -30 0 3.4755268992166423736 3 0 2 1 0 0 0 1 0 0 0 1 1 0 0 0 1 0 0 0 1 2 -1 -1.2246467991473532072e-16 0 1.2246467991473532072e-16 -1 0 0 0 1 1 0 0 0 1 0 0 0 1 2 0 48 
1 53 1 53 -1 -1.2246467991473532072e-16 0 1.2246467991473532072e-16 -1 0 0 0 1 5.9039830343913367024e-13 5.1695932423712065429e-08 0.9999999999999990008 -1.0000000000000006661 -8.8405721975731633768e-13 5.9008124000929414443e-13 8.8402991702700305363e-13 -0.99999999999999844569 5.169593267351224597e-08 24.242640687119283882 -21.316718427000253655 1.1239224588802132487 0 3 21.242640687119283882 -21.316718427000253655 1.1239224588802132487 0.0037317383948863832102 3 18.271802565079415359 -21.262509341321809586 1.6455325776320084419 0.0074634767897727664204 3 15.675938086433946594 -21.189874962922090162 3.1057134956607623799 0.011195215184659148763 3 13.918474398014188509 -21.135641572449138437 5.4993049843652501707 0.014926953579545532841 3 13.280537226027725239 -21.157969817105975352 8.4127153754334553781 0.018658691974431915184 3 13.592412292969465071 -21.330556295213288109 11.396323019278989719 0.022390430369318297527 3 14.345697478506178157 -21.67980491362451545 14.294262749931315071 0.026122168764204679869 3 14.955696787186925079 -22.243543384508615901 17.19518103599947878 0.029853907159091065682 3 14.862543312356146785 -22.695378840766675665 20.155471779037590352 0.033585645553977444555 3 13.705704929862660535 -22.942873356877139912 22.911079591317484727 0.037317383948863830367 3 11.493140036710590479 -23.138115074614457711 24.90524045080618265 0.04104912234375021618 3 8.6076203224289358218 -23.119302701035220338 25.663124057371621944 0.044780860738636595053 3 5.7200200137613768092 -22.887434908124237865 24.957539624861095007 0.048512599133522980865 3 3.5406944059118208301 -22.578390185378644617 22.953444734562047813 0.052244337528409359739 3 2.5135196006270010827 -22.420628910912565601 20.162418434340555251 0.055976075923295745551 3 2.6043339578093527287 -22.522297126572684789 17.165551119124678792 0.059707814318182131363 3 3.359628308113958628 -22.681762618566637002 14.247379512195804452 0.063439552713068517176 3 4.1908629495228328921 -22.497619482490474496 11.363369045666113166 0.06717129110795488911 1.5 4.4512760058239386751 -22.179032035730106287 9.9400881836186698592 0.069037160305398082016 1.5 4.5801659669794032581 -21.711233476177156376 8.5249151285892779129 0.070903029502841274923 1.5 4.5780366091427433517 -21.1437303733319375 7.1366451189549593437 0.072768898700284467829 1.5 4.4678955930423773779 -20.529423970609972372 5.7688958491544770624 0.074634767897727660735 1.5 4.2898464225265451333 -19.933684002201676577 4.400974685509877915 0.076500637095170853641 1.5 4.0817636999178921187 -19.400072365801303675 3.014600884863637198 0.078366506292614046547 1.5 3.8779905626612056757 -18.964215779408185369 1.5956985549988613737 0.080232375490057239453 1.5 3.6987466413941616494 -18.637814290672856998 0.14470627598803137426 0.082098244687500432359 1.5 3.5517484848233249473 -18.421215886568052866 -1.3317554026380578058 0.083964113884943611388 1.5 3.4326507089977860154 -18.306507298939695971 -2.8228287894880810249 0.085829983082386804294 1.5 3.3280124535085451321 -18.282104083452889398 -4.3194553224041234429 0.0876958522798299972 1.5 3.2221334606557245905 -18.342488829715794196 -5.8149156475082426354 0.089561721477273190106 1.5 3.0983460426912561303 -18.480600431297773412 -7.3032946981660318286 0.091427590674716383012 1.5 2.9461101659040647149 -18.6945023369542902 -8.7796948778559933402 0.093293459872159575919 1.5 2.7615016383755901508 -18.977410250294617811 -10.240824950739296995 0.095159329069602768825 1.5 2.5521652735163278258 -19.322082614331097972 -11.685269922804637943 0.097025198267045961731 3 2.1161712958830243281 -20.162104156658124055 -14.53665171878859752 0.10075693666193234754 3 1.9134364519499937884 -21.093701167558560172 -17.388748332973950284 0.10448867505681871948 3 2.2799814293109239571 -22.000662975008715705 -20.230421306479172472 0.10822041345170510529 3 3.5324659258445283427 -22.760909553902109792 -22.844405039470558449 0.1119521518465914911 3 5.7610756122318562689 -23.258730178949956979 -24.765122676693131609 0.11568389024147787691 3 8.6448986708926867095 -23.421643976522389607 -25.475468395831278201 0.11941562863636426273 3 11.523832441881939559 -23.25395437682756139 -24.744900922974387925 0.12314736703125063466 3 13.746205985348066037 -22.826965094062636297 -22.798041695507002657 0.12687910542613703435 3 15.006253468607171797 -22.229484025326296859 -20.144278927897261156 0.13061084382102339241 3 15.397241021923674609 -21.533236133618459007 -17.246875169291261187 0.13434258221590977822 3 15.221088185891046507 -20.815666300996092275 -14.331179006950206301 0.13807432061079616403 3 14.790983789994147202 -20.219852983871231089 -11.413930005522813005 0.14180605900568254985 3 14.343636357111135382 -19.997091688145406607 -8.449614018953679917 0.14553779740056893566 3 14.025692888845735951 -20.470622574555825679 -5.5071075676310039526 0.14926953579545532147 3 13.895122198474705755 -21.872779821446172832 -2.8732588167605350726 0.15300127419034170728 3 13.920889866330092843 -24.153276918161836306 -0.95128032488819569412 0.15673301258522809309 3 13.999999999998241407 -27 -2.6147417564459374262e-12 0.16046475098011170335 3 14.000000000000001776 -30 0 0.16419648937499803365 3 0 2 1 0 0 0 1 0 0 0 1 1 0 0 0 1 0 0 0 1 2 -1 -1.2246467991473532072e-16 0 1.2246467991473532072e-16 -1 0 0 0 1 1 0 0 0 1 0 0 0 1 2 0 52 
4 0 -30 0 0 1 0 0.60000002384185791016 0.60000002384185791016 0.60000002384185791016 notexture 
3 -4.7830000000000003624 -19.646360080000000892 8.8919999700000005305 0.8680315985165728554 0.030920587182888665395 -0.49554521616602120737 0.0037151198098197245334 0.99762654232280467692 0.068756671951484188421 0.49649505723779563393 -0.061523973711966210842 0.86585648856905106374 0 0 0 
3 -10 -30 0 -6.6940325150899828119e-13 1 -6.2592079658378514648e-14 -1 -6.6940325150897970194e-13 2.9677548045891876335e-13 2.9677548045887685906e-13 6.2592079658577181379e-14 1 48 0 0 
3 24.242640687119283882 -21.316718427000253655 1.1239224588802132487 1 0 0 0 1 0 0 0 1 0 1 0 
3 14.000000000000001776 -30 0 5.8658633506070145813e-13 5.1695934755180417142e-08 0.99999999999999888978 -1 -8.7141405202828536858e-13 5.8636429045577642682e-13 8.7158058548197914206e-13 -0.99999999999999866773 5.1695934866202719604e-08 52 1 0 
3 -7.0289999999999999147 -11.995288150000000371 -8.9098381400000015162 -0.91383957535779314352 0.37832753774078070608 0.14753136851831336052 0.40482880728424147643 0.87722740908344376543 0.25804206933282569647 -0.031794139439631004251 0.29553400301783638859 -0.95480300887541547095 -1 -1 0 
3 35 -28.399999999999998579 0 6.1232339957367660359e-17 -1 -6.1232339957367660359e-17 0 6.1232339957367660359e-17 -1 1 6.1232339957367660359e-17 3.7493994566546440196e-33 -1 -1 0 
6 -4.7830000000000003624 -19.646360080000000892 8.8919999700000005305 0.87276912568910125501 0.0083164259396529150586 -0.48810510625207814694 0.028627187089097592271 0.99730110860464993294 0.068181629696719203704 0.48730664405629586788 -0.073475296553163302327 0.8701587899514592328  0 0 
6 -7.0289999999999999147 -11.995288150000000371 -8.9098381400000015162 -0.91288298314866811456 0.38698229579004578271 0.13008724359686910099 0.40775611468724376474 0.87993611811916816468 0.24382924323500754227 -0.02011437025213524965 0.2756283032326540261 -0.96107183034137688704  4 0 
0 
1 1 49 1 49 -0.86867289284697857266 -0.0278053683467436967 -0.49460516245179220185 -0.0071331809345609479764 -0.99761796204095432028 0.068611365989957873168 -0.49533475848421604226 0.06312894189161605274 0.86640534031885352295 -7.0861633899080733213e-13 0.99999999999999955591 -6.5392136150421720231e-14 -1.0000000000000004441 -7.0849659950369043736e-13 3.4992033117409353354e-13 3.4945751249558130377e-13 6.5614180755346751539e-14 0.99999999999999933387 -4.6794305300000003101 -19.846360080000000181 9.0722540499999997365 0 3 -7.2854492085409354729 -19.867759622803681907 7.5862497745473511657 0.13615101499903325966 3 -9.5004078796358655268 -18.48588050269162153 6.067624903295919303 0.27230202999806651931 1.5 -10.14706815225083858 -17.600627140364952794 5.0670392158690145124 0.34037753749758314914 1.5 -10.402011776271233856 -16.756767703132041447 3.8788510210787983112 0.40845304499709977897 1.5 -10.258534582436007909 -16.105939118861879678 2.5686080882451896024 0.4765285524966164088 1.5 -9.8051395325563284189 -15.726531444567228846 1.1967320276475708063 0.54460405999613303862 1.5 -9.2011679515838071808 -15.619485231854413954 -0.18376673881431201951 0.61267956749564966845 1.5 -8.6027423194275502993 -15.699636105752391657 -1.5681654697168454504 0.68075507499516629828 1.5 -8.1265831668183388103 -15.846346750744547904 -2.9838639627631149409 0.74883058249468292811 1.5 -7.7938695137755322762 -15.956681764684306657 -4.4419690380588141565 0.81690608999419955794 1.5 -7.5556017627680347459 -15.964604390180653581 -5.9257548151484975563 0.88498159749371618776 1.5 -7.3701518292313323855 -15.823507230851484806 -7.4172546482903243259 0.95305710499323281759 1.5 -7.2067720149524374662 -15.468341484180779588 -8.8728262369252899333 1.0211326124927493364 1.5 -7.0577799667689058438 -14.830001453747009066 -10.202442688923797576 1.0892081199922660772 1.5 -6.9197789462746595035 -13.898434422713064507 -11.342024795234715739 1.1572836274917825961 1.5 -6.7879003226712937291 -12.742899839395873229 -12.309735990558198893 1.2253591349912993369 1.5 -6.6756916028062525115 -11.502565802079798729 -13.166184534778357929 1.2934346424908158557 1.5 -6.6157220858921803597 -10.240676688965061558 -13.982530125843441127 1.3615101499903325966 1.5 -6.6481558304817758298 -8.9575749281104020127 -14.765287436492496198 1.4295856574898491154 1.5 -6.8067981974702851389 -7.6329724749267020556 -15.460733443115405095 1.4976611649893658562 1.5 -7.1113395118362969782 -6.2543744626430113343 -15.981605600052931848 1.565736672488882375 1.5 -7.5592161524556065189 -4.842709812532833169 -16.223480797487020766 1.6338121799883991159 1.5 -8.1167551313420229775 -3.465924476553221556 -16.089280256331452534 1.7018876874879156347 1.5 -8.720893002972998076 -2.2323867365808029994 -15.528234550674499204 1.7699631949874323755 1.5 -9.293981513565578112 -1.2634170069584509388 -14.563949470703771993 1.8380387024869488943 1.5 -9.7654316538616399157 -0.65409245127580761814 -13.292431540756803443 1.9061142099864656352 1.5 -10.090588108381901122 -0.44385905220541516103 -11.850111186623584203 1.974189717485982154 1.5 -10.258057284572251078 -0.61373886698317825505 -10.370285765442439185 2.0422652249854986728 1.5 -10.284004909422179708 -1.1073617327631124496 -8.9520581961564715812 2.1103407324850156357 1.5 -10.200138505523842269 -1.8582628305936224056 -7.6531274946144218774 2.1784162399845321545 1.5 -10.043493778482746492 -2.8081263521880273082 -6.4997548495196655338 2.2464917474840486733 1.5 -9.8511556792646288727 -3.9125954093296226866 -5.5007883574130316262 2.3145672549835651921 1.5 -9.6583007180558411164 -5.1390299795639782232 -4.6576849944360780853 2.3826427624830817109 1.5 -9.496509741707246377 -6.4613832488220195316 -3.9688210567327524281 2.4507182699825986738 1.5 -9.3905271943467827356 -7.8559033109514864179 -3.4292364521878413441 2.5187937774821151926 1.5 -9.3549247948282463483 -9.2996581416978472134 -3.0280162965786403539 2.5868692849816317114 1.5 -9.3917880220550387094 -10.77178064270266411 -2.7457791446902093391 2.6549447924811482302 1.5 -9.4880331612392136975 -12.256640414261735117 -2.553421763276430223 2.7230202999806651931 1.5 -9.6132022612710166243 -13.746590100035252391 -2.4121151434936258795 2.7910958074801817119 1.5 -9.7298493708792310741 -15.237441888675174795 -2.2780084890745855297 2.8591713149796982307 1.5 -9.7866306438448606997 -16.72417234479407 -2.1016738865748152421 2.9272468224792147495 1.5 -9.7824830750330633578 -18.203416786751862588 -1.8566680437114557733 2.9953223299787317124 1.5 -9.7636982519892523413 -19.67158875634259374 -1.5489323673086277111 3.0633978374782482312 1.5 -9.758130114752717077 -21.130208067203881228 -1.1975944057561129785 3.13147334497776475 1.5 -9.7840781275400487971 -22.58597275743309396 -0.83413306762150840612 3.1995488524772812688 1.5 -9.8419056288724426906 -24.047070170630007624 -0.49449953447496730607 3.2676243599767982317 3 -9.9999999999979642951 -27 -9.6200906546799726577e-13 3.4037753749758330457 3 -10 -30 0 3.5399263899748665274 3 0 2 1 0 0 0 1 0 0 0 1 1 0 0 0 1 0 0 0 1 2 -1 -1.2246467991473532072e-16 0 1.2246467991473532072e-16 -1 0 0 0 1 1 0 0 0 1 0 0 0 1 2 0 48 
1 53 1 53 -1 -1.2246467991473532072e-16 0 1.2246467991473532072e-16 -1 0 0 0 1 5.933514180960988848e-13 5.1695930314288318641e-08 0.99999999999999877875 -1.0000000000000006661 -8.9656486553288836004e-13 5.9306473589620100545e-13 8.9663407221030300805e-13 -0.99999999999999844569 5.169593050857734795e-08 24.242640687119283882 -21.316718427000253655 1.1239224588802132487 0 3 21.242640687119283882 -21.316718427000253655 1.1239224588802132487 0.0037317383948863185918 3 18.271802565079415359 -21.262509341321809586 1.6455325776320084419 0.0074634767897726371835 3 15.675938086433946594 -21.189874962922090162 3.1057134956607623799 0.011195215184658956209 3 13.918474398014188509 -21.135641572449138437 5.4993049843652501707 0.014926953579545274367 3 13.280537226027725239 -21.157969817105975352 8.4127153754334553781 0.018658691974431592525 3 13.592412292969465071 -21.330556295213288109 11.396323019278989719 0.022390430369317912418 3 14.345697478506178157 -21.67980491362451545 14.294262749931315071 0.026122168764204228841 3 14.955696787186925079 -22.243543384508615901 17.19518103599947878 0.029853907159090548734 3 14.862543312356146785 -22.695378840766675665 20.155471779037590352 0.033585645553976868627 3 13.705704929862660535 -22.942873356877139912 22.911079591317484727 0.03731738394886318505 3 11.493140036710590479 -23.138115074614457711 24.90524045080618265 0.041049122343749501474 3 8.6076203224289358218 -23.119302701035220338 25.663124057371621944 0.044780860738635824836 3 5.7200200137613768092 -22.887434908124237865 24.957539624861095007 0.048512599133522141259 3 3.5406944059118208301 -22.578390185378644617 22.953444734562047813 0.052244337528408457683 3 2.5135196006270010827 -22.420628910912565601 20.162418434340555251 0.055976075923294781045 3 2.6043339578093527287 -22.522297126572684789 17.165551119124678792 0.059707814318181097468 3 3.359628308113958628 -22.681762618566637002 14.247379512195804452 0.06343955271306742083 3 4.1908629495228328921 -22.497619482490474496 11.363369045666113166 0.067171291107953737254 1.5 4.4512760058239386751 -22.179032035730106287 9.9400881836186698592 0.069037160305396888527 1.5 4.5801659669794032581 -21.711233476177156376 8.5249151285892779129 0.070903029502840053677 1.5 4.5780366091427433517 -21.1437303733319375 7.1366451189549593437 0.072768898700283218828 1.5 4.4678955930423773779 -20.529423970609972372 5.7688958491544770624 0.074634767897726370101 1.5 4.2898464225265451333 -19.933684002201676577 4.400974685509877915 0.076500637095169535251 1.5 4.0817636999178921187 -19.400072365801303675 3.014600884863637198 0.078366506292612686524 1.5 3.8779905626612056757 -18.964215779408185369 1.5956985549988613737 0.080232375490055851674 1.5 3.6987466413941616494 -18.637814290672856998 0.14470627598803137426 0.082098244687499002947 1.5 3.5517484848233249473 -18.421215886568052866 -1.3317554026380578058 0.083964113884942168098 1.5 3.4326507089977860154 -18.306507298939695971 -2.8228287894880810249 0.085829983082385333248 1.5 3.3280124535085451321 -18.282104083452889398 -4.3194553224041234429 0.087695852279828484521 1.5 3.2221334606557245905 -18.342488829715794196 -5.8149156475082426354 0.089561721477271649672 1.5 3.0983460426912561303 -18.480600431297773412 -7.3032946981660318286 0.091427590674714800945 1.5 2.9461101659040647149 -18.6945023369542902 -8.7796948778559933402 0.093293459872157966095 1.5 2.7615016383755901508 -18.977410250294617811 -10.240824950739296995 0.095159329069601117368 1.5 2.5521652735163278258 -19.322082614331097972 -11.685269922804637943 0.097025198267044282519 3 2.1161712958830243281 -20.162104156658124055 -14.53665171878859752 0.10075693666193059894 3 1.9134364519499937884 -21.093701167558560172 -17.388748332973950284 0.10448867505681691537 3 2.2799814293109239571 -22.000662975008715705 -20.230421306479172472 0.10822041345170324567 3 3.5324659258445283427 -22.760909553902109792 -22.844405039470558449 0.11195215184658956209 3 5.7610756122318562689 -23.258730178949956979 -24.765122676693131609 0.11568389024147587851 3 8.6448986708926867095 -23.421643976522389607 -25.475468395831278201 0.11941562863636219494 3 11.523832441881939559 -23.25395437682756139 -24.744900922974387925 0.12314736703124851136 3 13.746205985348066037 -22.826965094062636297 -22.798041695507002657 0.12687910542613484166 3 15.006253468607171797 -22.229484025326296859 -20.144278927897261156 0.13061084382102114421 3 15.397241021923674609 -21.533236133618459007 -17.246875169291261187 0.13434258221590747451 3 15.221088185891046507 -20.815666300996092275 -14.331179006950206301 0.13807432061079377705 3 14.790983789994147202 -20.219852983871231089 -11.413930005522813005 0.14180605900568010735 3 14.343636357111135382 -19.997091688145406607 -8.449614018953679917 0.14553779740056643766 3 14.025692888845735951 -20.470622574555825679 -5.5071075676310039526 0.1492695357954527402 3 13.895122198474705755 -21.872779821446172832 -2.8732588167605350726 0.1530012741903390705 3 13.920889866330092843 -24.153276918161836306 -0.95128032488819569412 0.15673301258522537305 3 13.999999999998232525 -27 -2.6515456497122613655e-12 0.16046475098010890004 3 14.000000000000001776 -30 0 0.16419648937499514707 3 0 2 1 0 0 0 1 0 0 0 1 1 0 0 0 1 0 0 0 1 2 -1 -1.2246467991473532072e-16 0 1.2246467991473532072e-16 -1 0 0 0 1 1 0 0 0 1 0 0 0 1 2 0 52 
4 0 -30 0 0 1 0 0.60000002384185791016 0.60000002384185791016 0.60000002384185791016 notexture 
3 -4.6794305300000003101 -19.846360080000000181 9.0722540499999997365 0.86867289284697857266 0.027805368346743589147 -0.49460516245179220185 0.0071331809345610702744 0.99761796204095432028 0.068611365989957873168 0.49533475848421604226 -0.063128941891616108251 0.86640534031885352295 0 0 0 
3 -10 -30 0 -6.7872912491584666788e-13 1 -6.2304362173684989153e-14 -1 -6.7872912491582667499e-13 3.2066968848937476377e-13 3.2066968848933245558e-13 6.2304362173902664275e-14 1 48 0 0 
3 24.242640687119283882 -21.316718427000253655 1.1239224588802132487 1 0 0 0 1 0 0 0 1 0 1 0 
3 14.000000000000001776 -30 0 5.8986149298334566993e-13 5.1695932978823577741e-08 0.99999999999999877875 -1 -8.8368201645039334835e-13 5.8963944837842063862e-13 8.8384854990408712183e-13 -0.99999999999999877875 5.1695933145357031435e-08 52 1 0 
3 -7.0582840700000000211 -12.195288149999999661 -8.9815035400000020616 -0.91355131201416339692 0.38096173406559052932 0.14245054403174020607 0.40574097300204958749 0.87794993535736387535 0.25412235996336596244 -0.028253551007803530404 0.28995183769677812524 -0.95662409998479058792 -1 -1 0 
3 35 -28.399999999999998579 0 6.1232339957367660359e-17 -1 -6.1232339957367660359e-17 0 6.1232339957367660359e-17 -1 1 6.1232339957367660359e-17 3.7493994566546440196e-33 -1 -1 0 
6 -4.6794305300000003101 -19.846360080000000181 9.0722540499999997365 0.8725291380592579138 0.0076844143216714226596 -0.48854432496957911347 0.029159634226118665706 0.9973139269243336269 0.067767238304083127209 0.48770465769050402871 -0.073370045510707734837 0.86994465775905394089  0 0 
6 -7.0582840700000000211 -12.195288149999999661 -8.9815035400000020616 -0.91276572635627484242 0.38733401214145130043 0.12986308540799942901 0.40804600969511001241 0.87962780859137301714 0.24445591262364849139 -0.019548600251622132162 0.27611796068949640004 -0.96094294134571389687  4 0 
0 
