1 1 49 1 49 -0.030093006423282123163 -0.40220114819946539697 -0.91505663614414600726 -0.042543100493275975982 -0.91412627616542985187 0.40319131417274317597 -0.99864132478324141307 0.051062585235731303146 0.010397924033976414793 -4.7504001141921943358e-12 1.000000000000000222 -3.508859869327807246e-13 -0.99999999999999988898 -4.7500883172628335113e-12 -2.4916699649662648487e-12 -2.4911422281075995201e-12 3.5010883081554311502e-13 1 -4.3079999999999998295 -22.347000000000001307 -10.992000000000000881 0 3 -4.3982790192698457687 -22.474629301479829735 -13.987923974349724787 0.10862300841025651632 3 -4.83769787179962929 -22.614355383340608796 -16.971625968867702028 0.21724601682051303264 1.5 -5.2617976791967642214 -22.117066643093274081 -18.288342835452564117 0.2715575210256412908 1.5 -5.7721356193578774452 -21.197403242991846639 -19.344630378892073708 0.32586902523076954896 1.5 -6.2856864704009911549 -19.957248189047916753 -20.001251754821463891 0.38018052943589780712 1.5 -6.7406206429074906339 -18.548568831506479171 -20.242806489140814818 0.43449203364102606528 1.5 -7.1032766687165089792 -17.09788933020005075 -20.097817428632133385 0.48880353784615426793 1.5 -7.3650264214649148187 -15.697297845539095462 -19.629953491803689758 0.5431150420512825816 1.5 -7.5280634013039700037 -14.403049243150448433 -18.889505942522180959 0.59742654625641078425 1.5 -7.6060634839406775498 -13.243598578160225898 -17.941322801340763959 0.65173805046153909792 1.5 -7.6171081674045808541 -12.221080146478843886 -16.842847285692020165 0.70604955466666730057 1.5 -7.5833784102247614456 -11.314793394188127351 -15.647111441026590128 0.76036105887179561424 1.5 -7.5243542447316942301 -10.496175824834706347 -14.39076296665833965 0.81467256307692381689 1.5 -7.456933241848873628 -9.7362633266430176349 -13.098826421107911955 0.86898406728205213057 1.5 -7.3941412704119819921 -9.0132822090570776652 -11.785842165371606782 0.92329557148718033321 1.5 -7.3467819134396927794 -8.3128402774364626993 -10.460179803758425265 0.97760707569230853586 1.5 -7.3238686814122022639 -7.6282489804316178095 -9.1256591643656737034 1.0319185798974368495 1.5 -7.3335263862190913642 -6.9589315428319995505 -7.7832526551297531725 1.0862300841025651632 1.5 -7.3832150114355536985 -6.3097236602121418159 -6.4318638134694232633 1.1405415883076932548 1.5 -7.4799153924130949989 -5.6901356850670508081 -5.0691331224534490474 1.1948530925128215685 1.5 -7.6301350789060737867 -5.1139025591905218349 -3.6922696663717649024 1.2491645967179498822 1.5 -7.8397977797852087534 -4.5986308075804460671 -2.299080815478023343 1.3034761009230781958 1.5 -8.1140378721337800272 -4.1653681667852868742 -0.88927241753447694439 1.3577876051282062875 1.5 -8.4568231384453529387 -3.8380529081125449586 0.53405068469113226026 1.4120991093333346011 1.5 -8.8704035261689124781 -3.642616906424064549 1.9627511035526072902 1.4664106135384629148 1.5 -9.354527967434789204 -3.605626415918262051 3.3821010075915309834 1.5207221177435912285 1.5 -9.9054592452711265338 -3.7522765065892262903 4.7695618605454566108 1.5750336219487193201 1.5 -10.514864043901303248 -4.1036952925855105789 6.0942827712782978722 1.6293451261538476338 1.5 -11.16878094527447729 -4.6736506877461314602 7.3177456393439319626 1.6836566303589759475 1.5 -11.846979881097572829 -5.4650297131446885501 8.3959590748778367697 1.7379681345641042611 1.5 -12.523113041153433045 -6.4667651189123604993 9.2833992165812109221 1.7922796387692323528 1.5 -13.16601671000998941 -7.65215553787376912 9.938477434952870837 1.8465911429743606664 1.5 -13.742301976797147489 -8.97955343480358259 10.329723441333664269 1.9009026471794889801 1.5 -14.219964954892665432 -10.396015392814417666 10.441309812370516141 1.9552141513846170717 1.5 -14.572299990509668177 -11.8436960414260124 10.276357923966134678 2.0095256555897456074 1.5 -14.781132737485650708 -13.267791361124301019 9.8568823028347658521 2.0638371597948736991 1.5 -14.83852302987400229 -14.624179877241957115 9.2202609012294161062 2.1181486640000017907 1.5 -14.746589046188491423 -15.884953017745944592 8.4132620290101538529 2.1724601682051303264 1.5 -14.51578743397473481 -17.040809814634855002 7.4854487730424059677 2.226771672410258418 1.5 -14.162466934608689328 -18.100351882934685221 6.483751007530298871 2.2810831766153865097 1.5 -13.706662210952632819 -19.087162839612140885 5.449387446610999497 2.3353946808205150454 1.5 -13.170868703296681801 -20.03577998653402048 4.4174160484630986545 2.389706185025643137 1.5 -12.580124388047211781 -20.987254269124363759 3.4184479316610199007 2.4440176892307716727 1.5 -11.963346699473111912 -21.984485821754564228 2.4817297274026017817 2.4983291934358997644 1.5 -11.355045940256573545 -23.067608763214579426 1.6380064638302840319 2.552640697641027856 1.5 -10.799245930373500002 -24.263311654247285531 0.92464150710939496669 2.6069522018461563917 3 -9.9999999999857767108 -27 7.5029599549591135128e-12 2.715575210256413019 3 -10 -30 0 2.8241982186666696464 3 0 2 1 0 0 0 1 0 0 0 1 1 0 0 0 1 0 0 0 1 2 -1 -1.2246467991473532072e-16 0 1.2246467991473532072e-16 -1 0 0 0 1 1 0 0 0 1 0 0 0 1 2 0 48 
1 53 1 53 -1 -1.2246467991473532072e-16 0 1.2246467991473532072e-16 -1 0 0 0 1 2.0208894439065037907e-11 5.1618950829002141489e-08 0.99999999999999844569 -1.0000000000000004441 -4.4868893498810941068e-12 2.0209137017864118799e-11 4.4872773869004163826e-12 -0.99999999999999822364 5.1618950960841125664e-08 24.242640687119283882 -21.316718427000253655 1.1239224588802132487 0 3 21.242640687119283882 -21.316718427000253655 1.1239224588802132487 0.0013459576679554123915 3 18.258985391306019608 -21.332137637173246958 1.5503095716223806999 0.0026919153359108247831 3 15.621366883235351608 -21.296769801123510035 2.9413116916565646974 0.0040378730038662371746 3 13.838488329330401072 -21.200045484148319019 5.3223740293211641017 0.0053838306718216495661 3 13.211189420985325782 -21.12066396873365548 8.2435035804856884312 0.006729788339777062825 3 13.563303271861288479 -21.189114632248053027 11.224634268541340276 0.0080757460077324743492 3 14.394514543070849655 -21.487689577419676112 14.103000618895418228 0.009421703675687887608 3 15.094218852113881368 -21.96289989080462135 16.992531987944349936 0.010767661343643299132 3 15.042610167078187544 -22.436439579362520647 19.950518274571759747 0.012113619011598712391 3 13.832511506585595029 -22.746875041925513017 22.659184645605296993 0.01345957667955412565 3 11.525827502266389857 -22.895949347675866647 24.550119875785036072 0.014805534347509537174 3 8.6028428588390930543 -23.004410840256181103 25.193741935030118384 0.016151492015464948698 3 5.6947878512337073431 -23.089816194191481458 24.467883803971258061 0.017497449683420363692 3 3.4226729868797520773 -22.946749512121431991 22.528975848750640409 0.018843407351375775216 3 2.3037464904098401419 -22.343937207535155665 19.840797459256457103 0.02018936501933118674 3 2.4949264320972468489 -21.327151427483101997 17.042452308814414863 0.021535322687286598264 3 3.5458454672154924303 -20.203087433386503591 14.446576735952056936 0.022881280355242013258 3 4.55167799355206526 -19.255975608298562918 11.774096074368067377 0.024227238023197424782 1.5 4.7920001615014484742 -18.910874988721150913 10.352964876690183615 0.024900216857175132279 1.5 4.8657764332601525226 -18.680174290951960359 8.8733953074408944417 0.025573195691152836306 1.5 4.7541636744135571391 -18.54169812344647994 7.384024320297414512 0.026246174525130543803 1.5 4.5314989486839101218 -18.493788338411206951 5.9018546394564639357 0.0269191533591082513 1.5 4.2624422056831194894 -18.51779214000248075 4.4240627230884213006 0.027592132193085955327 1.5 3.9465049555721627428 -18.557731968062970651 2.9569601922033745822 0.028265111027063662824 1.5 3.670751161879973079 -18.605181808738439742 1.4821782993313066257 0.028938089861041370321 1.5 3.4587933205907459566 -18.63251765371735047 -0.001558772440307604765 0.029611068695019074348 1.5 3.2880237965969536518 -18.604180889918477959 -1.4903221471163787815 0.030284047528996781845 1.5 3.2209512875183876623 -18.540156079431447722 -2.9875630584638885878 0.030957026362974485872 1.5 3.2399830797110649172 -18.454102380553838003 -4.4835534662889209301 0.031630005196952193369 1.5 3.2974436988867843468 -18.372856192731731539 -5.9819584507222893777 0.032302984030929897397 1.5 3.3706445555443194095 -18.35609836771470782 -7.4826080531955438957 0.032975962864907608363 1.5 3.3777635223227377992 -18.441307892537842861 -8.9779081847206434475 0.03364894169888531239 1.5 3.2784813861070443153 -18.65918826300139699 -10.454578699766132743 0.034321920532863016418 1.5 3.0878646948083723345 -19.026672681711339408 -11.887532493359206143 0.034994899366840727384 3 2.4992948907617345 -20.155798708306146949 -14.611117161189822511 0.036340857034796135439 3 2.0182835593090930892 -21.47043265480052554 -17.279925967859036007 0.037686814702751550432 3 2.1851879184310258886 -22.542043557103948359 -20.0721578481347116 0.039032772370706965426 3 3.4346110800713867128 -23.07903729377710178 -22.72234458363299936 0.04037873003866237348 3 5.7369307804413374186 -23.124439824799001286 -24.625584385271032772 0.041724687706617788474 3 8.6497825295009018731 -22.984148302088648563 -25.313270047486906122 0.043070645374573196529 3 11.562971651002866835 -22.886877241585867893 -24.631257352795500992 0.044416603042528611522 3 13.846843757457861557 -22.789651850175857817 -22.711648834696042343 0.045762560710484026516 3 15.052664283539096246 -22.519170885253984693 -19.995463087327529195 0.047108518378439434571 3 15.189753425972597256 -22.003142915171746807 -17.043490774740405413 0.048454476046394849564 3 14.721195608886072037 -21.328213244950340766 -14.147439495333497206 0.049800433714350264558 3 14.190280930913788282 -20.664812735031734547 -11.264161480993296394 0.051146391382305672613 3 13.896626843448752098 -20.259753005985167817 -8.3009056291246299253 0.052492349050261087606 3 13.855591701453139564 -20.495901603495223497 -5.3074444938608156264 0.0538383067182165026 3 13.929327763291185605 -21.768944988625602122 -2.6110426082676769788 0.055184264386171910655 3 13.989725384057953406 -24.087463282800261055 -0.75585387675269621877 0.056530222054127325648 3 13.999999999939429784 -27 -1.3451240121753471612e-11 0.05787617972208657785 3 14.000000000000001776 -30 0 0.059222137390042083049 3 0 2 1 0 0 0 1 0 0 0 1 1 0 0 0 1 0 0 0 1 2 -1 -1.2246467991473532072e-16 0 1.2246467991473532072e-16 -1 0 0 0 1 1 0 0 0 1 0 0 0 1 2 0 52 
4 0 -30 0 0 1 0 0.60000002384185791016 0.60000002384185791016 0.60000002384185791016 notexture 
3 -4.3079999999999998295 -22.347000000000001307 -10.992000000000000881 0.030093006423282171735 0.40220114819946539697 -0.91505663614414600726 0.042543100493276087004 0.91412627616542985187 0.40319131417274317597 0.99864132478324141307 -0.051062585235731428046 0.010397924033976414793 0 0 0 
3 -10 -30 0 -4.7412572166222040356e-12 1 -3.5002369071574830364e-13 -1 -4.7412572166230796839e-12 -2.5009866516513775526e-12 -2.5009866516530375684e-12 3.5002369070389029797e-13 1 48 0 0 
3 24.242640687119283882 -21.316718427000253655 1.1239224588802132487 1 0 0 0 1 0 0 0 1 0 1 0 
3 14.000000000000001776 -30 0 2.019062694813555936e-11 5.1618944230114038874e-08 0.99999999999999844569 -0.99999999999999977796 -4.4840242630073134933e-12 2.0190960015042946907e-11 4.4837467072511572042e-12 -0.99999999999999844569 5.1618943952558282717e-08 52 1 0 
3 -8.8979999999999996874 -14.051999999999999602 -3.1800000000000001599 -0.94505509136958554262 0.32592037801206497072 0.025431898727719719211 0.32686878385942597092 0.94332085235170937132 0.057467970702857605614 -0.0052604576496932883845 0.062623292111779582658 -0.99802337190588807925 -1 -1 0 
3 35 -28.399999999999998579 0 6.1232339957367660359e-17 -1 -6.1232339957367660359e-17 0 6.1232339957367660359e-17 -1 1 6.1232339957367660359e-17 3.7493994566546440196e-33 -1 -1 0 
6 -4.3079999999999998295 -22.347000000000001307 -10.992000000000000881 0.030106748759175124691 0.40218987091970548331 -0.91503235510348124304 0.042536963488924391108 0.91410263381198575416 0.40318232863796588106 0.99863825502602998618 -0.05106507851998601244 0.010407824051527502299  0 0 
6 -8.8979999999999996874 -14.051999999999999602 -3.1800000000000001599 -0.9450730181045036149 0.32592716190431481049 0.025431776770959264866 0.32686875601825549076 0.94332321738996238736 0.057467602623113941962 -0.0052607384315407545658 0.06262490307782275778 -0.99804330247987693703  4 0 
0 
1 1 49 1 49 -0.026518225531862622824 -0.40458500849919298847 -0.91411583216370839722 -0.041743546172577444819 -0.91319161290260209007 0.40538691946988381076 -0.99877638141256586124 0.048908578205179228937 0.0073274081617378875042 -4.7488331696609076917e-12 0.99999999999999977796 -3.4927616354707424762e-13 -1.0000000000000004441 -4.7485385827261563788e-12 -2.4853124272745578886e-12 -2.4844528696851630445e-12 3.5010883081554311502e-13 0.99999999999999944489 -4.2852727272727273444 -22.547000000000000597 -10.901090909090909165 0 3 -4.3648274038683148035 -22.672230638517731904 -13.89742005332860586 0.10902287506802332828 3 -4.8436291658804480065 -22.5785812263430401 -16.886839784745642845 0.21804575013604665656 1.5 -5.2611638738931114645 -22.054968629459803964 -18.195424944706768855 0.27255718767005832071 1.5 -5.7607170077757317017 -21.164809873214952773 -19.277069851944172996 0.32706862520406998485 1.5 -6.2744932378699509457 -19.951549101316800261 -19.969984588156332705 0.38158006273808164899 1.5 -6.7318091862334270559 -18.562759557366131702 -20.239244775913633134 0.43609150027209331313 1.5 -7.0993840206719820429 -17.109303435802768689 -20.099351906142661761 0.49060293780610503278 1.5 -7.3608964511013752485 -15.708662028322160964 -19.62298944419347535 0.54511437534011664141 1.5 -7.5254737989250379826 -14.413846757019085132 -18.884533080915890224 0.59962581287412830555 1.5 -7.6047065767355919164 -13.252384847321136974 -17.937663422781255917 0.65413725040813996969 1.5 -7.6180851356537786501 -12.225099325623299151 -16.843847392611948521 0.70864868794215163383 1.5 -7.5853039095248737667 -11.31530787912641145 -15.650038500087360305 0.76316012547616329798 1.5 -7.5267525062115891998 -10.494157852987370916 -14.394936268108098787 0.81767156301017496212 1.5 -7.4589825829177263117 -9.733698937351217495 -13.102992463796946154 0.87218300054418662626 1.5 -7.3958294629837384448 -9.0108021555097508326 -11.789838741571475822 0.92669443807819840142 1.5 -7.3480679574955756195 -8.3109560669048789805 -10.463805962757364298 0.98120587561221006556 1.5 -7.3249129142547140248 -7.6268883666412143896 -9.1289880561248910595 1.0357173131462216187 1.5 -7.3343865426976684319 -6.9580690106745715084 -7.7862992626625153747 1.0902287506802332828 1.5 -7.3839277441885577957 -6.3092952731683888956 -6.4346507081423842678 1.144740188214244947 1.5 -7.4804732023216651271 -5.6901167003193453553 -5.0716577164459879512 1.1992516257482566111 1.5 -7.6305110668487703407 -5.1142713388064633406 -3.6945269956922288657 1.2537630632822682752 1.5 -7.8399682396091359138 -4.5993362890694715617 -2.3010807531285522032 1.3082745008162799394 1.5 -8.1139868777232742048 -4.1663424992560260662 -0.89103484307194480429 1.3627859383502916035 1.5 -8.45656276816723107 -3.8392018443252404758 0.53249028744469606433 1.4172973758843032677 1.5 -8.8699740994697915397 -3.6438434264613732694 1.9613489766333223052 1.4718088134183149318 1.5 -9.3540001517612516579 -3.6068361877416421635 3.3808017429307897217 1.526320250952326596 1.5 -9.9049195006783996575 -3.7533923995513736038 4.7682972021666483187 1.5808316884863382601 1.5 -10.514393887001292072 -4.104657598288149245 6.0929674024068827265 1.6353431260203499242 1.5 -11.168429297873915473 -4.6744097892156259988 7.3162798295421405115 1.6898545635543615884 1.5 -11.846742339411743927 -5.4655252696766378762 8.394244497595463983 1.7443660010883732525 1.5 -12.522928255260822539 -6.4669072452291178621 9.2813727523480675785 1.7988774386223851387 1.5 -13.165788516525656959 -7.6518250842090180797 9.9361553575909535851 1.8533888761563968028 1.5 -13.741939867137261899 -8.9786368428617659987 10.327228469627623753 1.907900313690408467 1.5 -14.21942477239655922 -10.394463672843720303 10.438858608236621706 1.9624117512244201311 1.5 -14.571598546454140433 -11.841574140461812448 10.274193617250167776 2.0169231887584317953 1.5 -14.780331762988708988 -13.265282819516835744 9.8551913479496384696 2.0714346262924432374 1.5 -14.837689044488827861 -14.621535359867007031 9.2191053546654053719 2.1259460638264551235 1.5 -14.745761472022854477 -15.882415783976012946 8.4125763401537749786 2.1804575013604665656 1.5 -14.514965105556973057 -17.03855764657888372 7.4850785234630601295 2.2349689388944784518 1.5 -14.161618032536638978 -18.098480621826976034 6.4835149788420984862 2.2894803764284898939 1.5 -13.70574867858433521 -19.085725339540317691 5.4491347766855184886 2.3439918139625017801 1.5 -13.169869532796191436 -20.034832089069823269 4.4170544770975039839 2.3985032514965132222 1.5 -12.579044410989919101 -20.986867523559517679 3.4179427499607695218 2.4530146890305251084 1.5 -11.962279990285470177 -21.984825779374226329 2.4811887701650143789 2.5075261265645365505 1.5 -11.353983457643227695 -23.069335885742141556 1.6373800496351480493 2.5620375640985484367 1.5 -10.798904997999079214 -24.265236636900322509 0.92480933695769840241 2.6165490016325598788 3 -9.9999999999857482891 -27 7.4730525554551905138e-12 2.725571876700582763 3 -10 -30 0 2.8345947517686060912 3 0 2 1 0 0 0 1 0 0 0 1 1 0 0 0 1 0 0 0 1 2 -1 -1.2246467991473532072e-16 0 1.2246467991473532072e-16 -1 0 0 0 1 1 0 0 0 1 0 0 0 1 2 0 48 
1 53 1 53 -1 -1.2246467991473532072e-16 0 1.2246467991473532072e-16 -1 0 0 0 1 2.0227269748117559835e-11 5.1618950849818823201e-08 0.99999999999999833467 -1.0000000000000004441 -4.4902471355647452631e-12 2.0227520639207809482e-11 4.4905249485815304143e-12 -0.99999999999999822364 5.1618950960841125664e-08 24.242640687119283882 -21.316718427000253655 1.1239224588802132487 0 3 21.242640687119283882 -21.316718427000253655 1.1239224588802132487 0.0013459576679555017298 3 18.258985391306019608 -21.332137637173246958 1.5503095716223806999 0.0026919153359110034596 3 15.621366883235351608 -21.296769801123510035 2.9413116916565646974 0.0040378730038665051894 3 13.838488329330401072 -21.200045484148319019 5.3223740293211641017 0.0053838306718220069191 3 13.211189420985325782 -21.12066396873365548 8.2435035804856884312 0.0067297883397775086489 3 13.563303271861288479 -21.189114632248053027 11.224634268541340276 0.0080757460077330103787 3 14.394514543070849655 -21.487689577419676112 14.103000618895418228 0.0094217036756885121085 3 15.094218852113881368 -21.96289989080462135 16.992531987944349936 0.010767661343644013838 3 15.042610167078187544 -22.436439579362520647 19.950518274571759747 0.012113619011599515568 3 13.832511506585595029 -22.746875041925513017 22.659184645605296993 0.013459576679555017298 3 11.525827502266389857 -22.895949347675866647 24.550119875785036072 0.014805534347510519028 3 8.6028428588390930543 -23.004410840256181103 25.193741935030118384 0.016151492015466020757 3 5.6947878512337073431 -23.089816194191481458 24.467883803971258061 0.017497449683421522487 3 3.4226729868797520773 -22.946749512121431991 22.528975848750640409 0.018843407351377024217 3 2.3037464904098401419 -22.343937207535155665 19.840797459256457103 0.020189365019332525947 3 2.4949264320972468489 -21.327151427483101997 17.042452308814414863 0.021535322687288027677 3 3.5458454672154924303 -20.203087433386503591 14.446576735952056936 0.022881280355243529406 3 4.55167799355206526 -19.255975608298562918 11.774096074368067377 0.024227238023199031136 1.5 4.7920001615014484742 -18.910874988721150913 10.352964876690183615 0.024900216857176783736 1.5 4.8657764332601525226 -18.680174290951960359 8.8733953074408944417 0.025573195691154532866 1.5 4.7541636744135571391 -18.54169812344647994 7.384024320297414512 0.026246174525132285466 1.5 4.5314989486839101218 -18.493788338411206951 5.9018546394564639357 0.026919153359110034596 1.5 4.2624422056831194894 -18.51779214000248075 4.4240627230884213006 0.027592132193087787195 1.5 3.9465049555721627428 -18.557731968062970651 2.9569601922033745822 0.028265111027065536325 1.5 3.670751161879973079 -18.605181808738439742 1.4821782993313066257 0.028938089861043288925 1.5 3.4587933205907459566 -18.63251765371735047 -0.001558772440307604765 0.029611068695021038055 1.5 3.2880237965969536518 -18.604180889918477959 -1.4903221471163787815 0.030284047528998790655 1.5 3.2209512875183876623 -18.540156079431447722 -2.9875630584638885878 0.030957026362976539785 1.5 3.2399830797110649172 -18.454102380553838003 -4.4835534662889209301 0.031630005196954288915 1.5 3.2974436988867843468 -18.372856192731731539 -5.9819584507222893777 0.032302984030932041515 1.5 3.3706445555443194095 -18.35609836771470782 -7.4826080531955438957 0.032975962864909794114 1.5 3.3777635223227377992 -18.441307892537842861 -8.9779081847206434475 0.033648941698887546714 1.5 3.2784813861070443153 -18.65918826300139699 -10.454578699766132743 0.034321920532865292375 1.5 3.0878646948083723345 -19.026672681711339408 -11.887532493359206143 0.034994899366843044974 3 2.4992948907617345 -20.155798708306146949 -14.611117161189822511 0.036340857034798550174 3 2.0182835593090930892 -21.47043265480052554 -17.279925967859036007 0.037686814702754048434 3 2.1851879184310258886 -22.542043557103948359 -20.0721578481347116 0.039032772370709553633 3 3.4346110800713867128 -23.07903729377710178 -22.72234458363299936 0.040378730038665051894 3 5.7369307804413374186 -23.124439824799001286 -24.625584385271032772 0.041724687706620557093 3 8.6497825295009018731 -22.984148302088648563 -25.313270047486906122 0.043070645374576055353 3 11.562971651002866835 -22.886877241585867893 -24.631257352795500992 0.044416603042531560552 3 13.846843757457861557 -22.789651850175857817 -22.711648834696042343 0.045762560710487058813 3 15.052664283539096246 -22.519170885253984693 -19.995463087327529195 0.047108518378442564012 3 15.189753425972597256 -22.003142915171746807 -17.043490774740405413 0.048454476046398062272 3 14.721195608886072037 -21.328213244950340766 -14.147439495333497206 0.049800433714353567471 3 14.190280930913788282 -20.664812735031734547 -11.264161480993296394 0.051146391382309065732 3 13.896626843448752098 -20.259753005985167817 -8.3009056291246299253 0.052492349050264570931 3 13.855591701453139564 -20.495901603495223497 -5.3074444938608156264 0.053838306718220069191 3 13.929327763291185605 -21.768944988625602122 -2.6110426082676769788 0.055184264386175574391 3 13.989725384057953406 -24.087463282800261055 -0.75585387675269621877 0.056530222054131072651 3 13.999999999939374717 -27 -1.3462730930058341983e-11 0.057876179722082740642 3 14.000000000000001776 -30 0 0.059222137390038155635 3 0 2 1 0 0 0 1 0 0 0 1 1 0 0 0 1 0 0 0 1 2 -1 -1.2246467991473532072e-16 0 1.2246467991473532072e-16 -1 0 0 0 1 1 0 0 0 1 0 0 0 1 2 0 52 
4 0 -30 0 0 1 0 0.60000002384185791016 0.60000002384185791016 0.60000002384185791016 notexture 
3 -4.2852727272727273444 -22.547000000000000597 -10.901090909090909165 0.026518225531862671396 0.40458500849919298847 -0.91411583216370839722 0.041743546172577555842 0.91319161290260209007 0.40538691946988381076 0.99877638141256586124 -0.048908578205179353837 0.0073274081617378875042 0 0 0 
3 -10 -30 0 -4.7503610454241440518e-12 1 -3.5076127731024450713e-13 -1 -4.7503610454250172766e-12 -2.4910175184833970265e-12 -2.4910175184850635046e-12 3.5076127729841093722e-13 1 48 0 0 
3 24.242640687119283882 -21.316718427000253655 1.1239224588802132487 1 0 0 0 1 0 0 0 1 0 1 0 
3 14.000000000000001776 -30 0 2.0208834605739411927e-11 5.1618951391052547706e-08 0.99999999999999888978 -1.000000000000000222 -4.4874104432324202207e-12 2.0208612561134486896e-11 4.4875769766861139942e-12 -0.99999999999999877875 5.1618951502074850168e-08 52 1 0 
3 -8.6980000000000003979 -14.108756756756754669 -3.2989189189189191964 -0.9457881280162268034 0.32353897198279335523 0.028413914054186431568 0.3246829847544904224 0.94405260644753130617 0.057841470162306757308 -0.0081102598279447074558 0.063931290210185356959 -0.99792134650862351908 -1 -1 0 
3 35 -28.399999999999998579 0 6.1232339957367660359e-17 -1 -6.1232339957367660359e-17 0 6.1232339957367660359e-17 -1 1 6.1232339957367660359e-17 3.7493994566546440196e-33 -1 -1 0 
6 -4.2629999999999999005 -22.74299999999999855 -10.811999999999999389 0.017715494906546218334 0.41039523021590607055 -0.91170677086001872258 0.03981210487330818365 0.91083732047462395709 0.41077899236017584306 0.99904718665908653907 -0.043577576208040445793 -0.00020819419158676910619  0 0 
6 -8.6760000000000001563 -14.114999999999998437 -3.311999999999999833 -0.9474226909881179326 0.31810325735735928143 0.035197520357038686312 0.31970436979886918127 0.94569860022417817635 0.058716915843955871934 -0.014608803604694776956 0.066883498996853515961 -0.99767387966999898641  4 0 
0 
1 1 49 1 49 -0.02288538713676087355 -0.40838336576148082102 -0.91252358085965379342 -0.041293034177661086526 -0.91159758773157040235 0.40900455177220784719 -0.99888495052433501353 0.047041094920363665799 0.0039988754281972266336 -4.7559787814027788045e-12 1.0000000000000004441 -3.5071945347908695112e-13 -1 -4.7559622893854491239e-12 -2.4591410119941654638e-12 -2.4585012384021539356e-12 3.5066394232785569329e-13 1 -4.2629999999999999005 -22.74299999999999855 -10.811999999999999389 0 3 -4.331656161410282202 -22.866879102532980284 -13.808654851573004763 0.10935256238969731646 3 -4.8416897544073815851 -22.570258172778473238 -16.780654318772182165 0.21870512477939463292 1.5 -5.2543673601729778966 -22.014265473206105383 -18.087751014258145688 0.27338140597424326339 1.5 -5.7473500941143376153 -21.122017263477168569 -19.172828221455862518 0.32805768716909194938 1.5 -6.2559613696669362781 -19.941098865251824179 -19.911805362018327514 0.38273396836394057985 1.5 -6.7174680855395232371 -18.571181083626466801 -20.211887376977983877 0.43741024955878926583 1.5 -7.0919210009082975787 -17.124949451077622342 -20.098651779020098473 0.49208653075363789631 1.5 -7.3584082761987401611 -15.720748801549708773 -19.623657942431552925 0.54676281194848652678 1.5 -7.5230768003771313346 -14.426700249147277333 -18.879923655010962591 0.60143909314333521277 1.5 -7.603243027001900245 -13.263499753033061168 -17.934123143785235754 0.65611537433818389875 1.5 -7.6184499112095425133 -12.231795085635448928 -16.843352031426405802 0.71079165553303247371 1.5 -7.587246603405768397 -11.317475840613859361 -15.653121251473516296 0.7654679367278811597 1.5 -7.5296981800194098255 -10.492284954998778446 -14.40008369703157598 0.82014421792272984568 1.5 -7.4617539992861523501 -9.730662870492668759 -13.108540624174203515 0.87482049911757853167 1.5 -7.3982094584529649595 -9.0076002047851879695 -11.795295535646443952 0.92949678031242710663 1.5 -7.3498948574218614382 -8.3085126425152857621 -10.468805800586231669 0.98417306150727579261 1.5 -7.3263766664598763967 -7.6251897642689456802 -9.1335733249354014163 1.0388493427021243676 1.5 -7.335567427958705089 -6.9571140934264761313 -7.7904772753481097425 1.0935256238969730536 1.5 -7.3849132596125723893 -6.3089337671911751571 -6.4384870381153200825 1.1482019050918217395 1.5 -7.481244453444388931 -5.6903125258748188386 -5.0751556925583187763 1.2028781862866704255 1.5 -7.6310418086371916147 -5.1149578500045551621 -3.6977019982017034216 1.2575544674815191115 1.5 -7.8402126869369741513 -4.6004559632696029325 -2.3039430233899707012 1.3122307486763677975 1.5 -8.113924280248598464 -4.1677909933682348864 -0.89361557286947601586 1.3669070298712162614 1.5 -8.4562020363967373981 -3.8408492066238872908 0.5301486416842905447 1.4215833110660649474 1.5 -8.86936545863239445 -3.6455443012678023784 1.9591945781548205652 1.4762595922609136334 1.5 -9.3532335331712381787 -3.6084503097075146805 3.3787765268087519566 1.5309358734557623194 1.5 -9.904108715882419034 -3.7548053584944200978 4.7663341064506514755 1.5856121546506110054 1.5 -10.513651945387513464 -4.1057861038398826281 6.0909849801015525372 1.6402884358454596914 1.5 -11.167833880733281759 -4.6751970969897254093 7.3141810345375439795 1.6949647170403083773 1.5 -11.846309276525952114 -5.4659168911980238192 8.3919307762726642608 1.7496409982351570633 1.5 -12.522603063046418015 -6.466828783570151451 9.2787777502701143106 1.8043172794300055273 1.5 -13.165467616646889581 -7.6511759820083149464 9.9332918809087882295 1.8589935606248542133 1.5 -13.741514488319197085 -8.9773234122576219818 10.324218935579461132 1.9136698418197028992 1.5 -14.218826713977252396 -10.392455202227569799 10.435923452789962695 1.9683461230145515852 1.5 -14.570822151397228694 -11.838954618172275346 10.271585302604593792 2.0230224042094002712 1.5 -14.779420891439055907 -13.262254875427952783 9.8531038712176979288 2.0776986854042487352 1.5 -14.836700458604822117 -14.618368308460583549 9.2176077738694477404 2.1323749665990976432 1.5 -14.744733904485350706 -15.879375529844830695 8.4116064287222034324 2.1870512477939461071 1.5 -14.513899638288584981 -17.035835243337775324 7.4844718975631163715 2.2417275289887950152 1.5 -14.160488801688064342 -18.096177723835808138 6.4830792090330318089 2.2964038101836434791 1.5 -13.704552157121030476 -19.083958561327197145 5.4487412559625232333 2.351080091378491943 1.5 -13.168571478252557583 -20.033607812667220571 4.4165591925623681746 2.4057563725733408511 1.5 -12.577716550009245822 -20.986384787256287865 3.4173762435246217706 2.460432653768189315 1.5 -11.960987530192189965 -21.985127356919729635 2.4805935753497836416 2.515108934963038223 1.5 -11.352805219235143852 -23.071237744986206053 1.6368014520843980897 2.569785216157886687 1.5 -10.798374635196102744 -24.267223307722339598 0.92484899085056715418 2.624461497352735595 3 -9.9999999999857536181 -27 7.4558969463624837809e-12 2.7338140597424356315 3 -10 -30 0 2.8431666221321330035 3 0 2 1 0 0 0 1 0 0 0 1 1 0 0 0 1 0 0 0 1 2 -1 -1.2246467991473532072e-16 0 1.2246467991473532072e-16 -1 0 0 0 1 1 0 0 0 1 0 0 0 1 2 0 48 
1 53 1 53 -1 -1.2246467991473532072e-16 0 1.2246467991473532072e-16 -1 0 0 0 1 2.0245619058294754507e-11 5.1618947040366069956e-08 0.99999999999999833467 -1.0000000000000006661 -4.4934926906556843507e-12 2.0245857313640296333e-11 4.4935775992992852778e-12 -0.99999999999999822364 5.1618947151388372419e-08 24.242640687119283882 -21.316718427000253655 1.1239224588802132487 0 3 21.242640687119283882 -21.316718427000253655 1.1239224588802132487 0.0013459576679554123915 3 18.258985391306019608 -21.332137637173246958 1.5503095716223806999 0.0026919153359108247831 3 15.621366883235351608 -21.296769801123510035 2.9413116916565646974 0.0040378730038662371746 3 13.838488329330401072 -21.200045484148319019 5.3223740293211641017 0.0053838306718216495661 3 13.211189420985325782 -21.12066396873365548 8.2435035804856884312 0.006729788339777062825 3 13.563303271861288479 -21.189114632248053027 11.224634268541340276 0.0080757460077324743492 3 14.394514543070849655 -21.487689577419676112 14.103000618895418228 0.009421703675687887608 3 15.094218852113881368 -21.96289989080462135 16.992531987944349936 0.010767661343643299132 3 15.042610167078187544 -22.436439579362520647 19.950518274571759747 0.012113619011598712391 3 13.832511506585595029 -22.746875041925513017 22.659184645605296993 0.01345957667955412565 3 11.525827502266389857 -22.895949347675866647 24.550119875785036072 0.014805534347509537174 3 8.6028428588390930543 -23.004410840256181103 25.193741935030118384 0.016151492015464948698 3 5.6947878512337073431 -23.089816194191481458 24.467883803971258061 0.017497449683420363692 3 3.4226729868797520773 -22.946749512121431991 22.528975848750640409 0.018843407351375775216 3 2.3037464904098401419 -22.343937207535155665 19.840797459256457103 0.02018936501933118674 3 2.4949264320972468489 -21.327151427483101997 17.042452308814414863 0.021535322687286598264 3 3.5458454672154924303 -20.203087433386503591 14.446576735952056936 0.022881280355242013258 3 4.55167799355206526 -19.255975608298562918 11.774096074368067377 0.024227238023197424782 1.5 4.7920001615014484742 -18.910874988721150913 10.352964876690183615 0.024900216857175132279 1.5 4.8657764332601525226 -18.680174290951960359 8.8733953074408944417 0.025573195691152836306 1.5 4.7541636744135571391 -18.54169812344647994 7.384024320297414512 0.026246174525130543803 1.5 4.5314989486839101218 -18.493788338411206951 5.9018546394564639357 0.0269191533591082513 1.5 4.2624422056831194894 -18.51779214000248075 4.4240627230884213006 0.027592132193085955327 1.5 3.9465049555721627428 -18.557731968062970651 2.9569601922033745822 0.028265111027063662824 1.5 3.670751161879973079 -18.605181808738439742 1.4821782993313066257 0.028938089861041370321 1.5 3.4587933205907459566 -18.63251765371735047 -0.001558772440307604765 0.029611068695019074348 1.5 3.2880237965969536518 -18.604180889918477959 -1.4903221471163787815 0.030284047528996781845 1.5 3.2209512875183876623 -18.540156079431447722 -2.9875630584638885878 0.030957026362974485872 1.5 3.2399830797110649172 -18.454102380553838003 -4.4835534662889209301 0.031630005196952193369 1.5 3.2974436988867843468 -18.372856192731731539 -5.9819584507222893777 0.032302984030929897397 1.5 3.3706445555443194095 -18.35609836771470782 -7.4826080531955438957 0.032975962864907608363 1.5 3.3777635223227377992 -18.441307892537842861 -8.9779081847206434475 0.03364894169888531239 1.5 3.2784813861070443153 -18.65918826300139699 -10.454578699766132743 0.034321920532863016418 1.5 3.0878646948083723345 -19.026672681711339408 -11.887532493359206143 0.034994899366840727384 3 2.4992948907617345 -20.155798708306146949 -14.611117161189822511 0.036340857034796135439 3 2.0182835593090930892 -21.47043265480052554 -17.279925967859036007 0.037686814702751550432 3 2.1851879184310258886 -22.542043557103948359 -20.0721578481347116 0.039032772370706965426 3 3.4346110800713867128 -23.07903729377710178 -22.72234458363299936 0.04037873003866237348 3 5.7369307804413374186 -23.124439824799001286 -24.625584385271032772 0.041724687706617788474 3 8.6497825295009018731 -22.984148302088648563 -25.313270047486906122 0.043070645374573196529 3 11.562971651002866835 -22.886877241585867893 -24.631257352795500992 0.044416603042528611522 3 13.846843757457861557 -22.789651850175857817 -22.711648834696042343 0.045762560710484026516 3 15.052664283539096246 -22.519170885253984693 -19.995463087327529195 0.047108518378439434571 3 15.189753425972597256 -22.003142915171746807 -17.043490774740405413 0.048454476046394849564 3 14.721195608886072037 -21.328213244950340766 -14.147439495333497206 0.049800433714350264558 3 14.190280930913788282 -20.664812735031734547 -11.264161480993296394 0.051146391382305672613 3 13.896626843448752098 -20.259753005985167817 -8.3009056291246299253 0.052492349050261087606 3 13.855591701453139564 -20.495901603495223497 -5.3074444938608156264 0.0538383067182165026 3 13.929327763291185605 -21.768944988625602122 -2.6110426082676769788 0.055184264386171910655 3 13.989725384057953406 -24.087463282800261055 -0.75585387675269621877 0.056530222054127325648 3 13.99999999993931965 -27 -1.3472056803465193298e-11 0.057876179722075059286 3 14.000000000000001776 -30 0 0.059222137390030293869 3 0 2 1 0 0 0 1 0 0 0 1 1 0 0 0 1 0 0 0 1 2 -1 -1.2246467991473532072e-16 0 1.2246467991473532072e-16 -1 0 0 0 1 1 0 0 0 1 0 0 0 1 2 0 52 
4 0 -30 0 0 1 0 0.60000002384185791016 0.60000002384185791016 0.60000002384185791016 notexture 
3 -4.2629999999999999005 -22.74299999999999855 -10.811999999999999389 0.022885387136760922122 0.40838336576148082102 -0.91252358085965379342 0.041293034177661197548 0.91159758773157040235 0.40900455177220784719 0.99888495052433501353 -0.047041094920363790699 0.0039988754281972266336 0 0 0 
3 -10 -30 0 -4.7490287777946027496e-12 1 -3.5012227598273886077e-13 -1 -4.7490287777954727433e-12 -2.4852989821191652185e-12 -2.4852989821208276577e-12 3.5012227597093598702e-13 1 48 0 0 
3 24.242640687119283882 -21.316718427000253655 1.1239224588802132487 1 0 0 0 1 0 0 0 1 0 1 0 
3 14.000000000000001776 -30 0 2.0227375330250652041e-11 5.1618951335541396475e-08 0.99999999999999888978 -1.000000000000000222 -4.4906300900038331747e-12 2.0227264307948189526e-11 4.4906856011550644325e-12 -0.99999999999999877875 5.1618951502074850168e-08 52 1 0 
3 -8.6760000000000001563 -14.114999999999998437 -3.311999999999999833 -0.94654810642162190426 0.32105898032288554544 0.031109699189653804152 0.32237991028725582199 0.94484796092837830539 0.057736679612416449969 -0.010857056360848058377 0.064679686792028762143 -0.99784701354649663063 -1 -1 0 
3 35 -28.399999999999998579 0 6.1232339957367660359e-17 -1 -6.1232339957367660359e-17 0 6.1232339957367660359e-17 -1 1 6.1232339957367660359e-17 3.7493994566546440196e-33 -1 -1 0 
6 -4.2629999999999999005 -22.74299999999999855 -10.811999999999999389 0.020170950605927526894 0.4111966894434377906 -0.91129453804314175525 0.040965949247590817406 0.91037474619088210037 0.4116899575053263316 0.9989539789496486577 -0.045639777028442109208 0.0015127141654587934402  0 0 
6 -8.6760000000000001563 -14.114999999999998437 -3.311999999999999833 -0.94701004857213721966 0.31959431506170715709 0.032706955453538646972 0.32101416839394153468 0.94531879953085384827 0.05767732404566271176 -0.012485756489921475548 0.065121364559860631105 -0.99781927400853398513  4 0 
0 
