1.988657933   5.434633358   3.04394487   0.9978865576   -0.03926252848   -0.05177713759   0.03333624179   0.9932911643   -0.1107310162   0.05577735296   0.1087709374   0.9925007658   

-4.860256252   3.834687747   6.990341452   0.9939978422   -0.07852209094   0.07617460846   0.08417812311   0.993690041   -0.07412250731   -0.06987369555   0.08008984789   0.9943355987   

-0.3308073101   1.091171145   0.8132739331   0.9998367825   0.0167035897   0.006884653638   -0.01699888499   0.9988272374   0.04533417934   -0.006119336043   -0.04544381145   0.9989481537   

-0.4703645425   -2.260614332   1.257724438   0.9995458529   -0.0144119089   0.02646478499   0.01439281103   0.9998960022   0.0009119860428   -0.02647517617   -0.0005306692176   0.9996493302   

-1.673897778   -6.52525577   -0.932465343   0.9977142031   0.06701706515   -0.008664983933   -0.06509574891   0.9875903341   0.1429261187   0.01813594339   -0.142035365   0.9896954292   

-0.2226885157   -1.318874295   0.1586629008   0.9977958205   -0.02454037312   0.0616544455   0.02493626578   0.9996730211   -0.00565981644   -0.06149539179   0.007184772829   0.9980815076   

2.931703945   -10.97469289   1.763234842   0.9917751361   0.08921761276   -0.09177307379   -0.07604392387   0.9874818061   0.1381919109   0.1029533931   -0.1300765166   0.98614436   

0.6489845731   -5.382215527   1.366957642   0.9995890403   0.02866279402   -0.0004413284615   -0.02858486997   0.9977940526   0.05991605665   0.002157716504   -0.05987881825   0.9982033217   

-3.159412359   -5.2718412   1.832764864   0.9987200038   0.03711966427   0.03435817955   -0.04004777707   0.9952372024   0.08887680558   -0.03089546131   -0.09013901233   0.9954498626   

-3.082855564   -4.703079641   2.079253901   0.9996216753   0.02502526913   0.01141237191   -0.02564985777   0.9979674435   0.05833580821   -0.009929306316   -0.05860646404   0.9982317823   

-0.3768338333   -4.732178988   2.455414401   0.9947606869   0.05255584354   -0.08768727992   -0.04132514699   0.9912571281   0.1253057791   0.09350619219   -0.1210255732   0.9882354996   

-0.7888251311   1.637787126   0.7646801641   0.9916831317   -0.0553087738   0.1162131917   0.07367721399   0.9843235358   -0.1602462013   -0.1055283589   0.167475719   0.9802120429   

0.3441077257   -0.9668461614   0.2440188511   0.9996991193   0.01541401861   -0.01908085217   -0.01467576804   0.999160656   0.03824402367   0.01965433086   -0.03795249062   0.9990862404   

-0.9919384655   0.4840404531   1.074748927   0.9976848882   -0.002208993467   0.06797046607   0.003221601179   0.9998854061   -0.01479175501   -0.06793000218   0.01497648417   0.997577676   

-0.0100927202   0.7321412935   0.3618142706   0.9999766364   -0.00675903383   -0.001020800724   0.006737797727   0.9997863189   -0.01954274081   0.001152672644   0.01953540627   0.9998085013   

-4.487821653   7.531316882   0.642002936   0.9997043414   -0.0002716167519   0.02431369869   0.0003153085064   0.9999983425   -0.001793185873   -0.02431317133   0.001800322019   0.9997027701   

2.567863769   9.419603411   -3.283796435   0.99651143   -0.03706397473   0.07477453892   0.04680792524   0.9899987322   -0.1330846659   -0.06909405205   0.1361204317   0.9882799401   

-5.848251401   9.311365701   0.6480048742   0.9955344643   -0.04157012885   0.08475290457   0.05417431926   0.9868462432   -0.1523142656   -0.07730636182   0.1562255317   0.9846914794   

-0.4560446413   14.98751154   -0.2673768057   0.9944272769   -0.05390654396   0.0906006369   0.07618568749   0.9614695072   -0.264144142   -0.07287065191   0.2695746116   0.960218411   

-1.330618385   0.7807009872   1.548919624   0.9996691002   -0.01459711163   0.02118052183   0.01527852935   0.9993590086   -0.03237496641   -0.0206943643   0.03268786077   0.9992513433   

-0.9432893151   -0.2535984861   1.431046236   0.9979543948   -0.03724267041   0.0519616149   0.03307845887   0.9963399839   0.07881910978   -0.05470686868   -0.07693906685   0.9955337958   

-0.9178266819   -0.8774056146   1.35164618   0.9977319   -0.02790424997   0.06125690629   0.03256895889   0.9965358183   -0.07652206009   -0.05890941055   0.07834357407   0.9951843878   

0.04313124085   0.2417555568   0.01985136164   0.999996269   0.002682893736   0.0005137922046   -0.002671199922   0.9997642432   -0.02154814673   -0.0005714824625   0.02154669389   0.9997676797   

1.78029829   -2.117682306   5.570184105   0.999756875   0.009512885551   -0.01989210418   -0.008770177747   0.9992732052   0.03709643435   0.02023054084   -0.03691295799   0.9991136866   

-4.079651303   -9.305171641   3.547170487   0.9993631994   0.01846090827   -0.03053507063   -0.01785903207   0.999643102   0.01986765307   0.03089094764   -0.01930967453   0.9993362226   

0.1436597016   -4.006284544   1.547617549   0.9999440488   -0.007721856241   0.007229951976   0.007411359994   0.9990888584   0.04203004635   -0.007547914442   -0.04197411094   0.9990901876   

-0.1634661635   -8.80202964   4.322130172   0.9948984156   0.05012139202   -0.08754992114   -0.04829639189   0.9985718332   0.02284190002   0.08856975307   -0.01849702484   0.9958982171   

1.838186191   -7.949504915   -1.284587495   0.9993054929   0.0226000647   -0.02962716662   -0.01930122335   0.994044237   0.1072544531   0.03187467182   -0.1066081235   0.9937900751   

0.3965467836   -9.480865574   4.611326212   0.9799553637   0.1279335018   -0.1527105242   -0.06660065343   0.9328328141   0.3541006832   0.1877547284   -0.3368322431   0.9226549745   

-1.07716256   -2.825278193   1.123764437   0.9991811658   -0.02539388364   0.0314983897   0.02833722013   0.9948984065   -0.09682025971   -0.02887905531   0.09763355677   0.9948033417   

0.5491016341   -1.489898307   1.10555926   0.9992882658   0.03595456173   -0.01141189398   -0.03398648107   0.9894000909   0.1411820784   0.01636706869   -0.1406937442   0.98991787   

-0.1612783059   0.6999624581   0.9356426911   0.9987872004   -0.02080749383   0.0446226011   0.02493758645   0.9952510624   -0.09409271777   -0.04245285751   0.09509138213   0.994562911   

-1.258002042   0.8779342672   4.465014083   0.9910794848   0.08691629825   -0.1010297575   -0.05276506448   0.9520298968   0.3014215049   0.122381791   -0.2934018281   0.9481234437   

-4.681199833   1.765687564   6.848061634   0.9978882357   0.009867386128   -0.06420049643   -0.00523793828   0.997399403   0.07188181244   0.06474282241   -0.07139373676   0.9953448153   

-4.241381028   3.436281716   -3.447099328   0.9930039175   -0.0008324720056   0.1180784771   0.014536625   0.9932305942   -0.1152461417   -0.1171832168   0.1161563328   0.9862939724   

-1.216552828   10.97313104   -9.777718091   0.9743856799   -0.00637774197   0.2247929517   0.0792176367   0.9452596876   -0.3165575605   -0.2104687929   0.3262567202   0.921552733   

1.595321701   10.0296986   -8.685290784   0.9883798075   -0.02603089201   0.1497589691   0.01115249943   0.9949906923   0.09934356592   -0.151594782   -0.09651898774   0.9837190184   

-1.496099151   6.467175709   -0.9313976903   0.9989438952   0.003706936264   0.04579686543   -0.0018290408   0.9991583362   -0.04097894278   -0.0459102262   0.04085190039   0.9981099004   

-5.374427813   7.821109294   9.233614171   0.9984197527   0.05033086505   -0.02499603046   -0.05560189043   0.9492705181   -0.3095059178   0.008150294202   0.3104066484   0.9505689272   

-2.65059337   6.183843107   -3.125692593   0.9975661331   -0.03681085331   0.05921799667   0.03321197581   0.9976063774   0.0606504769   -0.06130884694   -0.05853611504   0.9964008975   

-3.107979351   7.067164789   -6.446744051   0.9980577138   -0.03622407438   0.05068151873   0.03255162628   0.9969093132   0.07149973986   -0.05311488993   -0.06971110105   0.9961521826   

-1.080535171   5.676987892   3.714555833   0.9985251492   0.05186140026   0.01605993478   -0.04763587375   0.9788217771   -0.1990948324   -0.0260451507   0.1980361682   0.9798486241   

-0.10030385   2.149425986   0.8756384188   0.9999621592   -0.005774246564   0.006506783874   0.005725802197   0.9999559343   0.007439403289   -0.006549454097   -0.007401865218   0.9999511573   

-0.4384916326   -1.707198371   2.102490911   0.9999241551   -0.006819825459   -0.01025544274   0.007213839471   0.9992175768   0.03888694798   0.009982216449   -0.03895797972   0.9991909883   

0.3785934575   -0.9719252445   -0.3566294008   0.9984996751   0.03130631456   -0.04492564335   -0.03296891129   0.998780254   -0.03675670021   0.04372012866   0.03818270277   0.9983138943   

0.4526288667   -1.270613988   -1.342877009   0.9997518414   -0.00749913781   -0.020976617   0.009113186269   0.9969164227   0.07793969422   0.02032745348   -0.07811151663   0.9967373704   

0.5730822941   -1.090267477   1.831067403   0.9946464776   0.04599183771   -0.09253721106   -0.05006769524   0.997853212   -0.04221603059   0.09039696046   0.046623151   0.9948138878   

5.175612317   -10.82918133   21.98435838   0.9951577062   0.05617422293   -0.0806572773   -0.0802707337   0.9380479365   -0.3370796317   0.05672520616   0.3419218119   0.938014779   

2.242997172   -6.731482141   4.952046342   0.9962307204   0.0636820665   -0.05889776068   -0.05980290306   0.9960632938   0.06543338265   0.06283283053   -0.06166448886   0.9961172251   

6.846603411   -9.14349711   4.761305823   0.9665191611   0.1579966384   -0.2021825253   -0.172773377   0.983279361   -0.05754179667   0.1897104939   0.09054700671   0.9776559559   

4.523198491   -7.002898955   2.268749933   0.9602768961   0.2703639092   -0.06907705402   -0.2399222587   0.9263457018   0.2903806994   0.1424976931   -0.2622727539   0.954414695   

1.785194389   -7.238055133   1.66005275   0.985629441   0.1438889762   -0.08849049377   -0.131755301   0.982675357   0.13034448   0.1057125613   -0.1168122653   0.9875118982   

-0.8155114782   -7.471906677   -8.298198065   0.9910854103   0.1258791108   0.04363667058   -0.1309882898   0.9804794812   0.1466357897   -0.02432647732   -0.1510444846   0.9882275984   

-0.5744854673   -2.964492664   1.369547711   0.998961755   0.04533323074   0.004506694565   -0.04550813622   0.997568361   0.05278612277   -0.002102770427   -0.05293640911   0.9985956714   

0.1084653277   -7.219647106   -3.50685807   0.9977358027   0.05582206704   -0.03751219488   -0.05309028561   0.9961157658   0.07024815096   0.04128788572   -0.06809756215   0.9968239727   

0.3009051576   -4.996281718   -3.102703855   0.9988902504   0.04645964956   0.007731014248   -0.04678141608   0.9977226162   0.04859094904   -0.005455889297   -0.04889869305   0.9987888421   

-4.315186172   -2.668583243   -0.9816731867   0.999933506   -0.00997881745   0.005779854228   0.01005359863   0.9998642104   -0.01305702401   -0.005648775725   0.01311426414   0.9998980485   

1.946161627   -4.479382703   -5.283025056   0.9994771793   -0.02559680188   0.0197527686   0.0262807296   0.9990354243   -0.03517874743   -0.01883325213   0.03567947242   0.9991858105   

3.269834141   -1.937841063   -4.783957096   0.9991440808   -0.04101263989   0.005391579891   0.04122695657   0.9979617671   -0.04870985036   -0.003382871043   0.04889043709   0.9987984188   

10.32933786   2.240479678   -4.267812979   0.9995527248   0.02816449891   0.01005541053   -0.02846552066   0.9991087896   0.03116633825   -0.009168664744   -0.03143863082   0.9994636302   

1.219130159   8.295955078   -4.515215663   0.9789535622   -0.1837904993   0.08871851794   0.2000240219   0.9503490461   -0.2383843142   -0.04050078676   0.2511130083   0.9671100989   

-0.7938521273   6.982916373   -5.440943423   0.9830152441   -0.100595543   0.1534977738   0.1168760157   0.9879978335   -0.1009964255   -0.1414956777   0.1172212341   0.9829741377   

-2.67833807   4.898954513   0.2749294602   0.9950192693   0.05049601983   0.08594652866   -0.06423768286   0.9841161986   0.1654957031   -0.07622449677   -0.1701924194   0.9824583281   

-1.680407465   11.55519423   -5.082359777   0.9978795855   -0.05712394514   0.03119595846   0.06080363293   0.9891583769   -0.1336735711   -0.0232217819   0.1352869553   0.9905342945   

-1.769703229   6.003281616   3.102846844   0.999789538   0.004589532718   -0.01999539695   -0.004666195175   0.9999819347   -0.003789037646   0.01997764582   0.003881542622   0.9997928922   

-3.563166487   9.824143953   -2.865926072   0.9825596026   -0.0878558417   0.1638840395   0.1072848423   0.9877022403   -0.1137288314   -0.1518768907   0.1293276287   0.9799019209   

-2.163014786   8.100149921   -7.006012436   0.9928233868   -0.01443139518   0.1187158683   -0.01959998204   0.9596332884   0.2805704768   -0.1179727225   -0.2808837599   0.9524635164   

0.2865153955   7.095329966   -3.384820405   0.9824755145   0.01050198385   -0.1860955982   -0.0288190579   0.9949641835   -0.09599862183   0.1841502789   0.09967939519   0.9778306054   

4.159871856   4.129338658   -1.922022203   0.9996436353   0.00566789892   0.02608596213   -0.006895420967   0.9988611839   0.04721004541   -0.02578867325   -0.04737309511   0.9985443076   

8.037604746   3.706355039   -9.129857605   0.9827876571   -0.1333701952   -0.1278311863   0.04956086375   0.8569356948   -0.5130350239   0.1779666877   0.4978690651   0.8487957658   

6.182807608   -2.53312406   -7.701050501   0.9792198387   0.202038912   -0.01757229585   -0.1865342164   0.9312879887   0.3129020105   0.07958324982   -0.3031220218   0.9496228442   

4.953612854   -1.853423778   0.2656583211   0.9997819892   -0.02044588428   -0.004235553751   0.02026248689   0.999011336   -0.0395699663   0.005040409163   0.03947551677   0.9992078252   

5.538144256   -6.843130319   5.812531922   0.9862579235   0.1085477466   -0.1245499702   -0.09903293571   0.9918458732   0.0802137241   0.132241393   -0.06677687177   0.9889656533   

7.6553544   -7.181894828   -7.734178012   0.9937162898   -0.09712391711   -0.05563164649   0.08786856379   0.9848084308   -0.1497713932   0.06933289886   0.1439420003   0.9871543191   

3.161866423   -8.174825219   3.153546848   0.9642520469   0.2297512658   -0.1320316095   -0.2091988971   0.9658490913   0.1528769255   0.1626462772   -0.1197910212   0.9793856747   

-9.202948115   -6.305545825   2.194858093   0.960858421   0.04366872829   0.2735765649   -0.07505901112   0.991599279   0.1053423689   -0.2666781573   -0.1217534887   0.9560642491   

3.54496188   -2.475711476   -4.425051736   0.9978490851   -0.0605634074   0.02508539661   0.0624329948   0.994671582   -0.08204002191   -0.01998310786   0.08342971724   0.9963132829   

0.9098114941   0.1307866917   0.07047943852   0.9854314589   0.1170920341   -0.1233462415   -0.1013811771   0.9867392303   0.126757833   0.136552908   -0.1124061692   0.9842348076   

0.2285459294   -6.744370763   3.049943141   0.9955262896   0.0633504163   -0.07010086675   -0.05852165728   0.9959044712   0.06891661592   0.07417966294   -0.06450588404   0.9951564543   

0.08642100902   -0.5564979475   -0.1179158246   0.9997765552   0.01740767154   0.01199219441   -0.01759061137   0.9997278636   0.0153221795   -0.01172220742   -0.01552970587   0.9998106911   

-2.458121722   -2.912086419   2.971249995   0.9854747192   0.03353345481   0.1664784831   -0.0350276271   0.9993680542   0.006046291819   -0.1661705246   -0.01178981396   0.9860265499   

-3.67304912   -2.55318402   3.578855425   0.9696125961   -0.0809777231   0.23085498   0.1248653318   0.9752735247   -0.1823463765   -0.2103807557   0.2056311272   0.9557488044   

-3.456169478   -2.97084955   3.006151767   0.9795158195   0.1993900366   0.02814911576   -0.1898694594   0.8679583263   0.4589095033   0.06706972323   -0.4548537756   0.8880369897   

-2.120474236   1.590485364   -0.3122723933   0.9999921043   -0.003950719908   -0.0004279058372   0.003947021716   0.9999575684   -0.008323608854   0.0004607719277   0.00832185418   0.9999652666   

-1.561684587   4.221212153   -1.157958049   0.9974761274   -0.03074597731   0.06400047057   0.03978550967   0.9886102497   -0.1451443673   -0.05880891577   0.1473243328   0.9873383677   

-0.6837064182   1.883419583   0.9200968606   0.9972667407   -0.07362536525   -0.00619301395   0.07116538183   0.979707033   -0.1873756066   0.01986293679   0.1864227323   0.9822688169   

0.1657335032   1.463521051   -0.5641426891   0.9983779557   0.02470762928   0.05129318388   -0.02766339886   0.9979483998   0.05773844144   -0.04976137077   -0.05906373094   0.9970131803   

