-1.870263607 76.9 59.47969818 33.43090057 60.9314003 125.8395135 42.10000162 57.14239127 0.5066429239 0.1579376128 0.8475663149 0.801500367 0.1687166872 -0.5737001317 0.5066429239 -0.1579376128 -0.8475663149 0 0.1579376128 0.9834437947 -0.08884825882 0 0.8475663149 -0.08884825882 0.5231991292 0 0 0 0 1 1 0 0 59.47969818 0 1 0 33.43090057 0 0 1 60.9314003 0 0 0 1 0.5066429239 0.1579376128 0.8475663149 -0 -0.1579376128 0.9834437947 -0.08884825882 -0 -0.8475663149 -0.08884825882 0.5231991292 -0 0 0 0 1 32 2.056232496 0.9383713256 0.03125 2.20590449 0.9356824527 0.03125 2.345526416 0.9313727287 0.03125 2.473679431 0.925940889 0.03125 2.589999665 0.9198717307 0.03125 2.693369854 0.9136990989 0.03125 2.78220722 0.9078967612 0.03125 2.855571569 0.9029727822 0.03125 2.90974995 0.8993368987 0.03125 2.944111279 0.8974236868 0.03125 2.948787573 0.8975642299 0.03125 2.923539839 0.9002737839 0.03125 2.861027857 0.9056815921 0.03125 2.761984148 0.9139661935 0.03125 2.638543945 0.9247695065 0.03125 2.489653459 0.936204493 0.03125 1.339640191 0.4508183096 0.03125 1.17220013 0.457059021 0.03125 1.006105959 0.4644390646 0.03125 0.8394769965 0.4714216969 0.03125 0.6892818119 0.4778082093 0.03125 0.5564169455 0.4834321974 0.03125 0.4619048625 0.4881741109 0.03125 0.4065273337 0.4919828901 0.03125 0.3939494454 0.4948588995 0.03125 0.4245889446 0.4968919426 0.03125 0.4801746442 0.4981769866 0.03125 0.5608184013 0.4988744797 0.03125 0.6491489998 0.4991124402 0.03125 0.7451441143 0.4990635961 0.03125 0.84433056 0.4988636831 0.03125 0.9466322825 0.4987074783 0.03125 1 3 1 1 1 1 500 0.0004
-1.836233251 76.9 59.47969818 33.43090057 60.9314003 127.5874344 41.23302888 55.55853215 0.5976597504 0.1173227093 0.7931192878 0.8248706011 0.1714130721 -0.5387077594 0.5976597504 -0.1173227093 -0.7931192878 0 0.1173227093 0.9913845122 -0.05824200277 0 0.7931192878 -0.05824200277 0.6062752382 0 0 0 0 1 1 0 0 59.47969818 0 1 0 33.43090057 0 0 1 60.9314003 0 0 0 1 0.5976597504 0.1173227093 0.7931192878 -0 -0.1173227093 0.9913845122 -0.05824200277 -0 -0.7931192878 -0.05824200277 0.6062752382 -0 0 0 0 1 32 2.037524257 0.9388082749 0.03125 2.164737233 0.9370715122 0.03125 2.281157949 0.9346583593 0.03125 2.385687887 0.9319948556 0.03125 2.477414787 0.9294776496 0.03125 2.555584728 0.927454612 0.03125 2.619263813 0.9262315456 0.03125 2.667931995 0.9260406962 0.03125 2.699260825 0.9270817026 0.03125 2.713013194 0.9294763407 0.03125 2.700973749 0.9333133884 0.03125 2.663316677 0.9386924363 0.03125 2.596292572 0.9455320441 0.03125 2.500727815 0.9537617697 0.03125 2.386243904 0.9630304841 0.03125 2.250637612 0.9711589299 0.03125 1.119078168 0.4838766482 0.03125 0.9678298241 0.4869186155 0.03125 0.818059506 0.4912330606 0.03125 0.6668114447 0.4949778074 0.03125 0.5304324383 0.4980422149 0.03125 0.4095773278 0.5004043095 0.03125 0.326865295 0.5020179801 0.03125 0.2829302393 0.5029510997 0.03125 0.2836070477 0.5032378811 0.03125 0.3292682011 0.5030174223 0.03125 0.4019684984 0.5023890365 0.03125 0.5017956077 0.5015140549 0.03125 0.6076238454 0.5005210418 0.03125 0.7193685838 0.4995681814 0.03125 0.8307429234 0.498788008 0.03125 0.9416106092 0.4983419406 0.03125 1 3 1 1 1 1 500 0.0004
-1.85360139 76.9 59.47969818 33.43090057 60.9314003 129.7294703 41.84324388 53.99304758 0.6992928405 0.155673166 0.6976785712 0.8643806239 0.1523904099 -0.4791902545 0.6992928405 -0.155673166 -0.6976785712 0 0.155673166 0.9857386943 -0.0639147235 0 0.6976785712 -0.0639147235 0.7135541461 0 0 0 0 1 1 0 0 59.47969818 0 1 0 33.43090057 0 0 1 60.9314003 0 0 0 1 0.6992928405 0.155673166 0.6976785712 -0 -0.155673166 0.9857386943 -0.0639147235 -0 -0.6976785712 -0.0639147235 0.7135541461 -0 0 0 0 1 32 2.013986377 0.9366542425 0.03125 2.098482772 0.9348821595 0.03125 2.172804718 0.9326809049 0.03125 2.236486099 0.9303783306 0.03125 2.288846199 0.9282539719 0.03125 2.329546875 0.9265823669 0.03125 2.35814556 0.9255739421 0.03125 2.374447489 0.9254627274 0.03125 2.375745404 0.9263871579 0.03125 2.361993505 0.9285685382 0.03125 2.326829869 0.9320725641 0.03125 2.270489091 0.937074996 0.03125 2.192984671 0.9434699073 0.03125 2.095051705 0.9511260818 0.03125 1.985354941 0.9596974961 0.03125 1.859839085 0.9662156256 0.03125 0.7499523431 0.4804798682 0.03125 0.6183655534 0.4821123156 0.03125 0.4939018929 0.4860194946 0.03125 0.3718372248 0.4895816157 0.03125 0.266799601 0.4927039101 0.03125 0.1792204 0.4953091057 0.03125 0.1300954345 0.4973397403 0.03125 0.1198520871 0.4987809844 0.03125 0.1519339639 0.4996422941 0.03125 0.2265533288 0.4999963879 0.03125 0.3239576718 0.4999226917 0.03125 0.4441209745 0.4995478524 0.03125 0.5672291119 0.4989903173 0.03125 0.6931208694 0.4983842893 0.03125 0.8159701744 0.4978557151 0.03125 0.9355363068 0.4975351533 0.03125 1 3 1 1 1 1 500 0.0004
-1.941355456 76.9 59.47969818 33.43090057 60.9314003 129.6109965 40.70473293 55.46730832 0.6652904964 0.2057942858 0.7176609696 0.8719398546 0.1066483744 -0.4778566878 0.6652904964 -0.2057942858 -0.7176609696 0 0.2057942858 0.9745682281 -0.08868754551 0 0.7176609696 -0.08868754551 0.6907222684 0 0 0 0 1 1 0 0 59.47969818 0 1 0 33.43090057 0 0 1 60.9314003 0 0 0 1 0.6652904964 0.2057942858 0.7176609696 -0 -0.2057942858 0.9745682281 -0.08868754551 -0 -0.7176609696 -0.08868754551 0.6907222684 -0 0 0 0 1 32 2.019393941 0.9341322369 0.03125 2.108600511 0.932224917 0.03125 2.187947017 0.929833276 0.03125 2.256842892 0.9272934061 0.03125 2.314742473 0.9249037016 0.03125 2.361202397 0.9229782478 0.03125 2.395790507 0.9217570373 0.03125 2.41821758 0.9214967523 0.03125 2.426275148 0.9223625335 0.03125 2.419830751 0.9245766164 0.03125 2.391831588 0.9282278617 0.03125 2.342433636 0.9334906186 0.03125 2.269793226 0.9402725329 0.03125 2.174640571 0.9484326535 0.03125 2.066101763 0.9576154159 0.03125 1.940429494 0.9649631442 0.03125 0.8279022398 0.4794174489 0.03125 0.6935867802 0.4816230013 0.03125 0.5649191073 0.4859175543 0.03125 0.4374912275 0.4898068691 0.03125 0.3257863425 0.4931838219 0.03125 0.2302939142 0.4959725668 0.03125 0.1699008236 0.498113762 0.03125 0.145082156 0.4995981779 0.03125 0.1633737627 0.5004404708 0.03125 0.2250242112 0.5007286901 0.03125 0.3147774407 0.5005511262 0.03125 0.4326047989 0.5000578568 0.03125 0.5556083154 0.4993783617 0.03125 0.6836157232 0.4986622167 0.03125 0.8097287204 0.4980458974 0.03125 0.9336945307 0.4976785114 0.03125 1 3 1 1 1 1 500 0.0004
-1.872553966 76.9 59.47969818 33.43090057 60.9314003 126.4391144 43.04187344 57.40037622 0.5233921512 0.1774952451 0.8334003204 0.819519103 0.1704205868 -0.547124541 0.5233921512 -0.1774952451 -0.8334003204 0 0.1774952451 0.9793194667 -0.09710211127 0 0.8334003204 -0.09710211127 0.5440726844 0 0 0 0 1 1 0 0 59.47969818 0 1 0 33.43090057 0 0 1 60.9314003 0 0 0 1 0.5233921512 0.1774952451 0.8334003204 -0 -0.1774952451 0.9793194667 -0.09710211127 -0 -0.8334003204 -0.09710211127 0.5440726844 -0 0 0 0 1 32 2.052137049 0.9380899386 0.03125 2.19482743 0.9354323249 0.03125 2.327364907 0.9311658884 0.03125 2.448425118 0.9257726292 0.03125 2.557384334 0.919710971 0.03125 2.653206146 0.9135055634 0.03125 2.734466805 0.9076031356 0.03125 2.80028394 0.902523308 0.03125 2.846871178 0.8986821641 0.03125 2.873602575 0.8965695379 0.03125 2.870790294 0.8965350651 0.03125 2.838211869 0.8991441147 0.03125 2.769744764 0.9045144723 0.03125 2.666148973 0.9127982244 0.03125 2.539808098 0.9236161598 0.03125 2.389397245 0.9349430875 0.03125 1.239610241 0.4498787652 0.03125 1.072164458 0.4559932276 0.03125 0.9068853629 0.4634149107 0.03125 0.7416278632 0.4704836148 0.03125 0.5950024722 0.4769965281 0.03125 0.4679053053 0.482760499 0.03125 0.3808750465 0.4876478789 0.03125 0.3346937594 0.4915855141 0.03125 0.3312789754 0.4945683735 0.03125 0.3710458565 0.496676309 0.03125 0.4364195906 0.4980059801 0.03125 0.5274915441 0.4987290637 0.03125 0.625389975 0.4989805974 0.03125 0.7300539123 0.4989394953 0.03125 0.836216083 0.4987471373 0.03125 0.9437687787 0.4985925566 0.03125 1 3 1 1 1 1 500 0.0004
-1.719078443 76.9 59.47969818 33.33089828 60.83139801 118.947934 48.41933557 61.29472652 0.390354083 0.1491517933 0.9085028522 0.8062182902 0.2209705973 -0.5488023903 0.390354083 -0.1491517933 -0.9085028522 0 0.1491517933 0.9839995741 -0.09746066223 0 0.9085028522 -0.09746066223 0.4063545089 0 0 0 0 1 1 0 0 59.47969818 0 1 0 33.33089828 0 0 1 60.83139801 0 0 0 1 0.390354083 0.1491517933 0.9085028522 -0 -0.1491517933 0.9839995741 -0.09746066223 -0 -0.9085028522 -0.09746066223 0.4063545089 -0 0 0 0 1 32 1.810291941 0.9282116975 0.03125 1.507840026 0.9205468144 0.03125 1.271917088 0.9034298892 0.03125 1.101925028 0.8747140704 0.03125 1.15331269 0.8328438187 0.03125 1.423219868 0.7786924728 0.03125 1.865532017 0.7143620203 0.03125 2.466827789 0.6458350397 0.03125 3.067418203 0.5785877327 0.03125 3.654708921 0.5192191856 0.03125 4.167960082 0.4734781036 0.03125 4.596439396 0.4473066759 0.03125 4.816992839 0.4444962207 0.03125 4.823364241 0.4669022916 0.03125 4.637484243 0.5128043147 0.03125 4.248312069 0.5675350031 0.03125 2.854190677 0.1556973278 0.03125 2.335007793 0.1976501009 0.03125 1.812121039 0.2471114858 0.03125 1.273081863 0.293302275 0.03125 0.7666455238 0.3348768736 0.03125 0.2982368502 0.3706676848 0.03125 -0.06155073049 0.4005166743 0.03125 -0.3085956638 0.424519968 0.03125 -0.4222861552 0.4434174442 0.03125 -0.4012292008 0.4580345806 0.03125 -0.2961763647 0.4691290738 0.03125 -0.1073926782 0.4774226905 0.03125 0.1069484255 0.4833628045 0.03125 0.3465043451 0.4874032244 0.03125 0.5955673473 0.4898122513 0.03125 0.8526379063 0.4909517268 0.03125 1 3 1 1 1 1 500 0.0004
-1.762663509 76.9 59.47969818 33.33089828 60.83139801 118.4117898 42.24854295 63.28817529 0.3302510042 0.1520422167 0.9315671949 0.8391848334 0.08746418139 -0.5367670187 0.3302510042 -0.1520422167 -0.9315671949 0 0.1520422167 0.9826222002 -0.1064742976 0 0.9315671949 -0.1064742976 0.347628804 0 0 0 0 1 1 0 0 59.47969818 0 1 0 33.33089828 0 0 1 60.83139801 0 0 0 1 0.3302510042 0.1520422167 0.9315671949 -0 -0.1520422167 0.9826222002 -0.1064742976 -0 -0.9315671949 -0.1064742976 0.347628804 -0 0 0 0 1 32 1.75918595 0.930861058 0.03125 1.410172679 0.916051495 0.03125 1.135584668 0.8810480852 0.03125 0.9354074373 0.8228370218 0.03125 0.9890257351 0.7396464538 0.03125 1.29124658 0.6350838643 0.03125 1.795296115 0.5135547566 0.03125 2.483034229 0.3870974659 0.03125 3.171482741 0.2651203267 0.03125 3.843634178 0.1595199329 0.03125 4.424186671 0.07943343684 0.03125 4.899797339 0.0341627314 0.03125 5.159399879 0.0289880683 0.03125 5.195537716 0.06646731197 0.03125 5.014179454 0.1435503577 0.03125 4.609908901 0.2439335488 0.03125 3.158833604 -0.1305516525 0.03125 2.583920256 -0.04742014607 0.03125 1.991941701 0.04073747578 0.03125 1.376987309 0.1234478787 0.03125 0.8017489281 0.1984224849 0.03125 0.2734804388 0.2634191327 0.03125 -0.1296914363 0.3182120395 0.03125 -0.4023572164 0.3628035496 0.03125 -0.5258718169 0.3984512849 0.03125 -0.4982543283 0.4264816452 0.03125 -0.3835022076 0.4481804961 0.03125 -0.1816933431 0.4647245207 0.03125 0.04718359846 0.4768674785 0.03125 0.3028701841 0.4853150479 0.03125 0.5699784288 0.4905030589 0.03125 0.8473771107 0.4930153214 0.03125 1 3 1 1 1 1 500 0.0004
-1.572420768 76.9 59.47969818 33.33089828 60.83139801 112.5022814 49.22606703 65.25433394 0.217710997 0.1088522954 0.9699242752 0.7890664362 0.2223598409 -0.572651954 0.217710997 -0.1088522954 -0.9699242752 0 0.1088522954 0.9902695941 -0.08670241459 0 0.9699242752 -0.08670241459 0.2274414028 0 0 0 0 1 1 0 0 59.47969818 0 1 0 33.33089828 0 0 1 60.83139801 0 0 0 1 0.217710997 0.1088522954 0.9699242752 -0 -0.1088522954 0.9902695941 -0.08670241459 -0 -0.9699242752 -0.08670241459 0.2274414028 -0 0 0 0 1 32 1.793546925 0.9377092292 0.03125 1.285822229 0.921640689 0.03125 0.8778757033 0.8874757911 0.03125 0.5718047399 0.8314303925 0.03125 0.6000468177 0.7510542311 0.03125 0.9583622683 0.6482409775 0.03125 1.566917143 0.5263980978 0.03125 2.406562304 0.3954274345 0.03125 3.2476681 0.2641854885 0.03125 4.070863177 0.1438875993 0.03125 4.795476266 0.04424402376 0.03125 5.404599707 -0.02472980187 0.03125 5.77528487 -0.05588154715 0.03125 5.895470236 -0.0436632864 0.03125 5.757428555 0.01142264601 0.03125 5.357473372 0.09785786629 0.03125 3.866387547 -0.2856917537 0.03125 3.234801861 -0.1972622582 0.03125 2.560124558 -0.0996510187 0.03125 1.841817361 -0.002553483196 0.03125 1.152953344 0.09058130526 0.03125 0.5040526747 0.1756913553 0.03125 -0.002787479154 0.2508658162 0.03125 -0.3594105492 0.3140636047 0.03125 -0.5418199959 0.3655107575 0.03125 -0.5470540318 0.405842826 0.03125 -0.4526025018 0.4364846546 0.03125 -0.2586097707 0.4590809167 0.03125 -0.02933419708 0.4749733796 0.03125 0.2349618551 0.4854680632 0.03125 0.5229284858 0.4915462881 0.03125 0.8337633904 0.4943122518 0.03125 1 3 1 1 1 1 500 0.0004
-1.526087705 76.9 59.47969818 33.33089828 60.83139801 106.8207132 42.34424047 69.50510308 0.05811026663 0.09845127089 0.9934437801 0.8022964217 0.04735693405 -0.595044345 0.05811026663 -0.09845127089 -0.9934437801 0 0.09845127089 0.9908396572 -0.09243441425 0 0.9934437801 -0.09243441425 0.06727060941 0 0 0 0 1 1 0 0 59.47969818 0 1 0 33.33089828 0 0 1 60.83139801 0 0 0 1 0.05811026663 0.09845127089 0.9934437801 -0 -0.09845127089 0.9908396572 -0.09243441425 -0 -0.9934437801 -0.09243441425 0.06727060941 -0 0 0 0 1 32 1.818597001 0.9361406099 0.03125 1.024533571 0.9014353429 0.03125 0.3599082634 0.8423852341 0.03125 -0.1631696793 0.7527046629 0.03125 -0.2367562098 0.6269347177 0.03125 0.1398160707 0.465332921 0.03125 0.8871401897 0.2708939768 0.03125 1.976262926 0.05742077798 0.03125 3.106181547 -0.1618759387 0.03125 4.24064924 -0.3684682481 0.03125 5.253465981 -0.546546933 0.03125 6.115924694 -0.6804229798 0.03125 6.713488979 -0.7572703167 0.03125 7.027005322 -0.7662012017 0.03125 7.005970974 -0.7037945876 0.03125 6.651289957 -0.5788449128 0.03125 5.098774837 -0.9157669934 0.03125 4.356196849 -0.7642445115 0.03125 3.529191246 -0.5969101271 0.03125 2.629467767 -0.4258320221 0.03125 1.753814935 -0.2580020911 0.03125 0.9179719006 -0.1015802965 0.03125 0.2454046988 0.03884359576 0.03125 -0.2517552486 0.1584735865 0.03125 -0.5369254846 0.2566015769 0.03125 -0.6037427103 0.3335694062 0.03125 -0.5388406479 0.3915244646 0.03125 -0.3402390007 0.4335932765 0.03125 -0.09667524065 0.4624866509 0.03125 0.192339135 0.4811712355 0.03125 0.5013480373 0.4917700068 0.03125 0.8305025229 0.4965234218 0.03125 1 3 1 1 1 1 500 0.0004
-1.391518185 76.9 59.57970047 32.73089981 60.83139801 100.9180328 41.99206459 72.11874485 -0.05344596319 0.1174504818 0.9916395078 0.7924090995 -0.01460107698 -0.6098152406 -0.05344596319 -0.1174504818 -0.9916395078 0 0.1174504818 0.985426489 -0.123044785 0 0.9916395078 -0.123044785 -0.03887245217 0 0 0 0 1 1 0 0 59.57970047 0 1 0 32.73089981 0 0 1 60.83139801 0 0 0 1 -0.05344596319 0.1174504818 0.9916395078 -0 -0.1174504818 0.985426489 -0.123044785 -0 -0.9916395078 -0.123044785 -0.03887245217 0 0 0 0 1 32 1.350577524 0.9271351208 0.03125 0.5354949785 0.8652635316 0.03125 -0.1435478588 0.7800173114 0.03125 -0.6766044293 0.6657633829 0.03125 -0.720052534 0.5168983506 0.03125 -0.2713141344 0.3312846918 0.03125 0.5701916911 0.1096332393 0.03125 1.778839931 -0.1364092637 0.03125 3.035417952 -0.3945481747 0.03125 4.302343483 -0.6447446635 0.03125 5.438439636 -0.8691276219 0.03125 6.410537795 -1.048758252 0.03125 7.125609619 -1.166943374 0.03125 7.559841316 -1.207937776 0.03125 7.653176338 -1.163553223 0.03125 7.402403106 -1.037370488 0.03125 5.906100111 -1.356771729 0.03125 5.185643949 -1.17351124 0.03125 4.338701807 -0.9637980979 0.03125 3.382933354 -0.7430462236 0.03125 2.425747957 -0.521542897 0.03125 1.488797881 -0.3116970944 0.03125 0.7041421348 -0.1210412503 0.03125 0.08751426634 0.04247784487 0.03125 -0.3066272042 0.1769648297 0.03125 -0.4707475365 0.2819618352 0.03125 -0.4785030978 0.3603217635 0.03125 -0.3274392673 0.4163112999 0.03125 -0.113789682 0.4539962321 0.03125 0.16343072 0.4778171548 0.03125 0.4753790911 0.4909553436 0.03125 0.822494732 0.4967744919 0.03125 1 3 1 1 1 1 500 0.0004
-0.9252355479 76.9 59.27969742 33.53089905 60.9314003 96.60852261 48.48465864 72.04130241 -0.1153698838 0.0175722599 0.9931671589 0.7733337043 0.1031077599 -0.6255587675 -0.1153698838 -0.0175722599 -0.9931671589 0 0.0175722599 0.9996509453 -0.0197282357 0 0.9931671589 -0.0197282357 -0.1150208291 0 0 0 0 1 1 0 0 59.27969742 0 1 0 33.53089905 0 0 1 60.9314003 0 0 0 1 -0.1153698838 0.0175722599 0.9931671589 -0 -0.0175722599 0.9996509453 -0.0197282357 -0 -0.9931671589 -0.0197282357 -0.1150208291 0 0 0 0 1 32 2.083633625 0.9182325964 0.03125 0.9106587268 0.8019270543 0.03125 -0.06752141033 0.6550725529 0.03125 -0.8284666865 0.4762778399 0.03125 -0.9630143845 0.262770918 0.03125 -0.4666564093 0.01777391492 0.03125 0.4540585261 -0.256607131 0.03125 1.769063176 -0.5480749663 0.03125 3.119419587 -0.8435085662 0.03125 4.463393226 -1.123882802 0.03125 5.670734471 -1.370360316 0.03125 6.703947808 -1.563627345 0.03125 7.463054995 -1.685575396 0.03125 7.9212983 -1.719888604 0.03125 8.013008941 -1.656947452 0.03125 7.736543757 -1.499307338 0.03125 6.194543236 -1.782869035 0.03125 5.419690709 -1.56023494 0.03125 4.512885196 -1.305886457 0.03125 3.49736709 -1.037016348 0.03125 2.498810513 -0.7661185766 0.03125 1.542606105 -0.5083921338 0.03125 0.7573179153 -0.2732935477 0.03125 0.1590855201 -0.07074411762 0.03125 -0.2235822626 0.09662224485 0.03125 -0.384225549 0.2278389052 0.03125 -0.404611798 0.3261910386 0.03125 -0.2825234775 0.3965060753 0.03125 -0.09253535371 0.4437980899 0.03125 0.1665709207 0.4735264181 0.03125 0.4711013542 0.4897710324 0.03125 0.8212316501 0.4969502774 0.03125 1 3 1 1 1 1 500 0.0004
-1.400421822 76.9 59.47969818 33.23089981 60.63139725 95.99250875 49.02394171 72.88126777 0.1251793527 0.1849335225 0.9747459782 0.7246892123 0.09163266773 -0.6829560746 0.1251793527 -0.1849335225 -0.9747459782 0 0.1849335225 0.9696044834 -0.1602084208 0 0.9747459782 -0.1602084208 0.1555748693 0 0 0 0 1 1 0 0 59.47969818 0 1 0 33.23089981 0 0 1 60.63139725 0 0 0 1 0.1251793527 0.1849335225 0.9747459782 -0 -0.1849335225 0.9696044834 -0.1602084208 -0 -0.9747459782 -0.1602084208 0.1555748693 -0 0 0 0 1 32 -3.522955957 0.9493149515 0.03125 -3.025217156 0.9316043099 0.03125 -2.452135957 0.8937906405 0.03125 -1.819667528 0.8275559779 0.03125 -0.9740528436 0.7258690297 0.03125 0.06838403976 0.5862656919 0.03125 1.239627642 0.4094819709 0.03125 2.51632002 0.2045462469 0.03125 3.73021625 -0.0176122712 0.03125 4.854545213 -0.24091796 0.03125 5.810012418 -0.4491022494 0.03125 6.57449033 -0.6253006859 0.03125 7.09660968 -0.7535361127 0.03125 7.365627542 -0.8194903896 0.03125 7.363840638 -0.8144216261 0.03125 7.096782037 -0.7381185548 0.03125 5.639350753 -1.11256085 0.03125 5.023690364 -0.9756284699 0.03125 4.310631629 -0.8108046941 0.03125 3.516759709 -0.6298940465 0.03125 2.726390236 -0.4421985336 0.03125 1.959182812 -0.2593504788 0.03125 1.314868917 -0.08903350155 0.03125 0.8068691762 0.0602716604 0.03125 0.4624935891 0.1857008473 0.03125 0.2870605422 0.2855212104 0.03125 0.2160961589 0.3614749667 0.03125 0.2513937246 0.4165941044 0.03125 0.3351761721 0.4542829425 0.03125 0.4693221309 0.4783007924 0.03125 0.6511305762 0.4916536843 0.03125 0.882268774 0.4975793962 0.03125 1 3 1 1 1 1 500 0.0004
-1.301585453 76.9 59.37969971 32.93090057 60.83139801 91.70494873 46.81345186 77.87949577 -0.1587948433 0.1445839206 0.9766676444 0.7887861767 0.07869614272 -0.6096091244 -0.1587948433 -0.1445839206 -0.9766676444 0 0.1445839206 0.975149332 -0.167866823 0 0.9766676444 -0.167866823 -0.1339441753 0 0 0 0 1 1 0 0 59.37969971 0 1 0 32.93090057 0 0 1 60.83139801 0 0 0 1 -0.1587948433 0.1445839206 0.9766676444 -0 -0.1445839206 0.975149332 -0.167866823 -0 -0.9766676444 -0.167866823 -0.1339441753 0 0 0 0 1 32 1.332779288 0.9088567918 0.03125 -0.1053570729 0.846904839 0.03125 -1.306925931 0.7580399677 0.03125 -2.203728083 0.6401012496 0.03125 -2.359125713 0.4836788197 0.03125 -1.762311758 0.280479478 0.03125 -0.6849642499 0.0360731501 0.03125 0.8341059344 -0.2212133049 0.03125 2.426052426 -0.4555758479 0.03125 4.034480325 -0.6288522432 0.03125 5.494163577 -0.7159053357 0.03125 6.745936591 -0.7241792695 0.03125 7.677648257 -0.6735169481 0.03125 8.241558601 -0.6067717375 0.03125 8.398057343 -0.5509757025 0.03125 8.122980476 -0.5295458447 0.03125 6.628827347 -0.9785635539 0.03125 5.788532992 -0.991177515 0.03125 4.858158901 -0.9646668356 0.03125 3.86747775 -0.8904157631 0.03125 2.927354998 -0.7631178711 0.03125 2.078200412 -0.5920738889 0.03125 1.388621099 -0.3946394494 0.03125 0.8748575695 -0.1946617649 0.03125 0.5240491103 -0.00916852 0.03125 0.3357358298 0.1479046016 0.03125 0.2449634586 0.2716976712 0.03125 0.2484761674 0.3621481651 0.03125 0.31130287 0.4228415385 0.03125 0.4333951844 0.4595576889 0.03125 0.614312447 0.4781822405 0.03125 0.8481496738 0.4853641123 0.03125 1 3 1 1 1 1 500 0.0004
-1.195576815 76.9 59.27969742 33.33089828 60.83139801 89.88062736 46.79633441 79.49621204 -0.1800633688 0.1332189555 0.9745921676 0.7996285311 0.03934038674 -0.5992049284 -0.1800633688 -0.1332189555 -0.9745921676 0 0.1332189555 0.9783552906 -0.1583465669 0 0.9745921676 -0.1583465669 -0.1584186594 0 0 0 0 1 1 0 0 59.27969742 0 1 0 33.33089828 0 0 1 60.83139801 0 0 0 1 -0.1800633688 0.1332189555 0.9745921676 -0 -0.1332189555 0.9783552906 -0.1583465669 -0 -0.9745921676 -0.1583465669 -0.1584186594 0 0 0 0 1 32 1.036120585 0.944883185 0.03125 -0.3587419763 0.9156224154 0.03125 -1.494352021 0.8523991832 0.03125 -2.332727811 0.7536698981 0.03125 -2.453562839 0.6071214736 0.03125 -1.858072956 0.3986199534 0.03125 -0.7920176531 0.1273429611 0.03125 0.7121904939 -0.1802581155 0.03125 2.298484596 -0.48641779 0.03125 3.918728093 -0.7458287889 0.03125 5.404945041 -0.9250570748 0.03125 6.700187408 -1.021382346 0.03125 7.674981388 -1.045747146 0.03125 8.276776358 -1.035854046 0.03125 8.470766886 -1.014219853 0.03125 8.238532338 -0.9967113774 0.03125 6.7261436 -1.44780819 0.03125 5.899686689 -1.423647093 0.03125 4.96736061 -1.353919306 0.03125 3.975550834 -1.229754195 0.03125 3.060744634 -1.048418372 0.03125 2.264698646 -0.8239684492 0.03125 1.631814336 -0.5760771811 0.03125 1.175731557 -0.3317177256 0.03125 0.8540605831 -0.1083518828 0.03125 0.6667782523 0.07949809557 0.03125 0.5530864585 0.2277028772 0.03125 0.5119210276 0.336667901 0.03125 0.5220871599 0.4108221126 0.03125 0.584744286 0.4566387902 0.03125 0.7078660479 0.4807835573 0.03125 0.8908254263 0.4906257505 0.03125 1 3 1 1 1 1 500 0.0004
-1.361579673 76.9 59.37969971 32.93090057 60.83139801 84.27395192 46.40859657 83.82510681 -0.2397439625 0.160597876 0.9574607849 0.8234318177 0.05161040954 -0.5650631888 -0.2397439625 -0.160597876 -0.9574607849 0 0.160597876 0.9660750109 -0.2022557676 0 0.9574607849 -0.2022557676 -0.2058189734 0 0 0 0 1 1 0 0 59.37969971 0 1 0 32.93090057 0 0 1 60.83139801 0 0 0 1 -0.2397439625 0.160597876 0.9574607849 -0 -0.160597876 0.9660750109 -0.2022557676 -0 -0.9574607849 -0.2022557676 -0.2058189734 0 0 0 0 1 32 0.5064279952 0.9252705891 0.03125 -0.9902674368 0.8819141697 0.03125 -2.217056818 0.8249712849 0.03125 -3.117909334 0.7540675206 0.03125 -3.239655224 0.657913454 0.03125 -2.576317883 0.5153233616 0.03125 -1.416348911 0.319177445 0.03125 0.2023144049 0.08430430298 0.03125 1.900415795 -0.1605774092 0.03125 3.619906616 -0.3758380646 0.03125 5.176198966 -0.5281111427 0.03125 6.512449529 -0.6056708587 0.03125 7.525481873 -0.6125017656 0.03125 8.173104261 -0.5825177928 0.03125 8.434463044 -0.5397144411 0.03125 8.291561195 -0.5096140007 0.03125 6.886318329 -0.9626777032 0.03125 6.173665094 -0.9599252735 0.03125 5.341231226 -0.9253677301 0.03125 4.432284913 -0.849548422 0.03125 3.573711306 -0.7248880168 0.03125 2.812332198 -0.5604307637 0.03125 2.200995283 -0.3712190104 0.03125 1.756916676 -0.1794756537 0.03125 1.427899771 -0.001206626021 0.03125 1.212488506 0.1509899007 0.03125 1.048303865 0.2723569442 0.03125 0.9326862087 0.362483207 0.03125 0.8579908165 0.4242917463 0.03125 0.8253717987 0.4625039487 0.03125 0.8524735482 0.4824412173 0.03125 0.9399914056 0.4904512239 0.03125 1 3 1 1 1 1 500 0.0004
-1.202098562 76.9 59.37969971 33.63090134 60.33139801 82.82991127 46.82660267 84.89803653 -0.2631990887 0.1412002932 0.9543525119 0.8335306496 0.04492282794 -0.5506438011 -0.2631990887 -0.1412002932 -0.9543525119 0 0.1412002932 0.9729404206 -0.182891813 0 0.9543525119 -0.182891813 -0.2361395093 0 0 0 0 1 1 0 0 59.37969971 0 1 0 33.63090134 0 0 1 60.33139801 0 0 0 1 -0.2631990887 0.1412002932 0.9543525119 -0 -0.1412002932 0.9729404206 -0.182891813 -0 -0.9543525119 -0.182891813 -0.2361395093 0 0 0 0 1 32 0.760177023 0.9266665241 0.03125 -0.8125537029 0.866274301 0.03125 -2.124609962 0.7958937475 0.03125 -3.122345138 0.7273993453 0.03125 -3.346510137 0.6489547679 0.03125 -2.795209088 0.5216008958 0.03125 -1.713767885 0.3219651148 0.03125 -0.1394499594 0.05452526321 0.03125 1.553124293 -0.251370716 0.03125 3.305352886 -0.545978936 0.03125 4.916651234 -0.7826051675 0.03125 6.326757197 -0.9336990173 0.03125 7.416081521 -0.9914685032 0.03125 8.135525915 -0.988433966 0.03125 8.46313243 -0.9483341188 0.03125 8.377793069 -0.9026121138 0.03125 7.006282651 -1.334250518 0.03125 6.326733836 -1.3009404 0.03125 5.515028022 -1.232333404 0.03125 4.621252482 -1.119756268 0.03125 3.775872867 -0.9557244148 0.03125 3.028272398 -0.751918802 0.03125 2.42705724 -0.5244570189 0.03125 1.989586586 -0.2978372481 0.03125 1.657941479 -0.08884849002 0.03125 1.43095369 0.08904136602 0.03125 1.246915762 0.2311276417 0.03125 1.103789507 0.3371616119 0.03125 0.9972759305 0.4105535621 0.03125 0.9288078079 0.4565442663 0.03125 0.9170697603 0.4811209881 0.03125 0.9638995349 0.4913379907 0.03125 1 3 1 1 1 1 500 0.0004
-1.790414868 76.9 59.37969971 33.63090134 60.33139801 82.74513767 47.75422269 86.37041847 -0.1109607519 -0.04326518875 0.9928825887 0.8175460322 -0.003454869304 -0.5758528884 -0.1109607519 0.04326518875 -0.9928825887 0 -0.04326518875 0.997894495 0.04831873587 0 0.9928825887 0.04831873587 -0.1088552469 0 0 0 0 1 1 0 0 59.37969971 0 1 0 33.63090134 0 0 1 60.33139801 0 0 0 1 -0.1109607519 -0.04326518875 0.9928825887 -0 0.04326518875 0.997894495 0.04831873587 -0 -0.9928825887 0.04831873587 -0.1088552469 -0 0 0 0 1 32 0.3861117908 0.8409749249 0.03125 -1.999440498 0.7485730175 0.03125 -3.730848278 0.9477730298 0.03125 -4.652413495 1.660407866 0.03125 -4.438042 2.771558294 0.03125 -3.247403077 3.761014188 0.03125 -1.611459686 4.279293153 0.03125 0.2992448777 4.17643311 0.03125 2.154518896 3.542150273 0.03125 3.872285525 2.594880366 0.03125 5.325605434 1.559577389 0.03125 6.472821994 0.6194030259 0.03125 7.245220291 -0.08322058443 0.03125 7.610317252 -0.5425323811 0.03125 7.644982058 -0.7351700357 0.03125 7.318052905 -0.7678746824 0.03125 6.041560103 -1.062437973 0.03125 5.478833453 -0.9325070068 0.03125 4.902435779 -0.7542990327 0.03125 4.319380131 -0.581738595 0.03125 3.76179284 -0.4174830963 0.03125 3.284101801 -0.262837959 0.03125 2.904627953 -0.118163589 0.03125 2.643778855 0.01474021153 0.03125 2.414975986 0.1324098053 0.03125 2.216098838 0.2322197162 0.03125 1.995229213 0.3128585872 0.03125 1.750306849 0.374422892 0.03125 1.516054365 0.4183162877 0.03125 1.295516231 0.446887119 0.03125 1.124836973 0.4628998627 0.03125 1.005083439 0.4700181441 0.03125 1 3 1 1 1 1 500 0.0004
-1.707734622 76.9 59.37969971 33.63090134 60.33139801 81.12817713 50.49512677 93.80728158 -0.05951441057 0.009824175597 0.9981791024 0.9047806401 0.08599971385 -0.4171043544 -0.05951441057 -0.009824175597 -0.9981791024 0 0.009824175597 0.9998973781 -0.01042683364 0 0.9981791024 -0.01042683364 -0.05941178866 0 0 0 0 1 1 0 0 59.37969971 0 1 0 33.63090134 0 0 1 60.33139801 0 0 0 1 -0.05951441057 0.009824175597 0.9981791024 -0 -0.009824175597 0.9998973781 -0.01042683364 -0 -0.9981791024 -0.01042683364 -0.05941178866 0 0 0 0 1 32 0.01077995826 0.8510045651 0.03125 -2.238355995 0.7379599162 0.03125 -3.861808292 0.8340442256 0.03125 -4.725955842 1.358040243 0.03125 -4.531365569 2.258942339 0.03125 -3.416195991 3.129742997 0.03125 -1.874538994 3.659570953 0.03125 -0.05056334629 3.669438532 0.03125 1.748503179 3.188874968 0.03125 3.422187272 2.377142899 0.03125 4.777009463 1.426628129 0.03125 5.768154119 0.5253274084 0.03125 6.379820069 -0.1788656677 0.03125 6.620712122 -0.6499811087 0.03125 6.660398681 -0.8595230853 0.03125 6.464605331 -0.9208757538 0.03125 5.388613887 -1.251574681 0.03125 5.063831198 -1.150915198 0.03125 4.717973146 -0.9858580766 0.03125 4.332835338 -0.7993681999 0.03125 3.917242968 -0.5968937282 0.03125 3.51093649 -0.3930578262 0.03125 3.135456587 -0.1981416384 0.03125 2.814005005 -0.02589604163 0.03125 2.529003372 0.1169521815 0.03125 2.287547368 0.2303043267 0.03125 2.052543149 0.3152356392 0.03125 1.823838099 0.3778098673 0.03125 1.597930941 0.4212036573 0.03125 1.376987989 0.4488940991 0.03125 1.186335781 0.464062092 0.03125 1.033707357 0.4706499999 0.03125 1 3 1 1 1 1 500 0.0004
-1.799403843 76.9 59.37969971 32.93090057 60.83139801 80.93580171 50.87012344 90.10109859 -0.0768217059 0.03164502497 0.9965425319 0.8637973627 0.03639884101 -0.5025228756 -0.0768217059 -0.03164502497 -0.9965425319 0 0.03164502497 0.9989152609 -0.0341598297 0 0.9965425319 -0.0341598297 -0.07573696678 0 0 0 0 1 1 0 0 59.37969971 0 1 0 32.93090057 0 0 1 60.83139801 0 0 0 1 -0.0768217059 0.03164502497 0.9965425319 -0 -0.03164502497 0.9989152609 -0.0341598297 -0 -0.9965425319 -0.0341598297 -0.07573696678 0 0 0 0 1 32 -0.6229182443 0.8744974243 0.03125 -2.606561304 0.8822263271 0.03125 -4.063950885 1.100217036 0.03125 -4.813161881 1.649674746 0.03125 -4.52227823 2.442625887 0.03125 -3.289448747 3.142643471 0.03125 -1.617016033 3.516150358 0.03125 0.3239840516 3.457435115 0.03125 2.176259059 3.015184782 0.03125 3.826914684 2.327875138 0.03125 5.154533519 1.546976327 0.03125 6.119303656 0.8103235711 0.03125 6.728511444 0.2217158996 0.03125 6.989831591 -0.1991905388 0.03125 7.005281164 -0.4345575995 0.03125 6.74615686 -0.5618145815 0.03125 5.579857486 -0.970947859 0.03125 5.13022002 -0.9388231177 0.03125 4.678609627 -0.83050975 0.03125 4.215964462 -0.6888482983 0.03125 3.777390596 -0.5229451664 0.03125 3.403116245 -0.3506287825 0.03125 3.092317687 -0.1824514993 0.03125 2.86248084 -0.02958985785 0.03125 2.642318483 0.1026145672 0.03125 2.430344594 0.2123481947 0.03125 2.193342947 0.2995584159 0.03125 1.927822019 0.3658688146 0.03125 1.668197817 0.4131592383 0.03125 1.41659274 0.4438399344 0.03125 1.203214552 0.4609419988 0.03125 1.033018377 0.4684613709 0.03125 1 3 1 1 1 1 500 0.0004
-1.758693428 76.9 59.27969742 33.33089828 60.63139725 80.26140911 53.0791427 88.5923881 -0.1607502417 0.1135553857 0.9804409896 0.8553230471 0.0215927568 -0.5176448956 -0.1607502417 -0.1135553857 -0.9804409896 0 0.1135553857 0.9846352942 -0.1326593826 0 0.9804409896 -0.1326593826 -0.1453855359 0 0 0 0 1 1 0 0 59.27969742 0 1 0 33.33089828 0 0 1 60.63139725 0 0 0 1 -0.1607502417 0.1135553857 0.9804409896 -0 -0.1135553857 0.9846352942 -0.1326593826 -0 -0.9804409896 -0.1326593826 -0.1453855359 0 0 0 0 1 32 0.48603386 0.8597126296 0.03125 -1.628810556 0.826965154 0.03125 -3.299302976 0.9630947673 0.03125 -4.32550619 1.393046172 0.03125 -4.301895177 2.056367162 0.03125 -3.288403366 2.661043317 0.03125 -1.779950916 2.999135362 0.03125 0.07674129038 2.972237547 0.03125 1.92115914 2.622013199 0.03125 3.646891338 2.068897785 0.03125 5.095887694 1.439741969 0.03125 6.210672449 0.8365403833 0.03125 6.950201063 0.332571056 0.03125 7.294854437 -0.06994477657 0.03125 7.319332851 -0.3548116102 0.03125 6.991919976 -0.5672456909 0.03125 5.732074904 -1.059817218 0.03125 5.149548585 -1.102428314 0.03125 4.600048287 -1.046690488 0.03125 4.077924661 -0.9344486186 0.03125 3.614091882 -0.7752693414 0.03125 3.247031576 -0.5892204379 0.03125 2.970776739 -0.3916631987 0.03125 2.796865452 -0.2011476856 0.03125 2.642137445 -0.02856745202 0.03125 2.50113865 0.1179288211 0.03125 2.311439206 0.2359594209 0.03125 2.069916417 0.3258204897 0.03125 1.80909666 0.3898910815 0.03125 1.531878883 0.431700436 0.03125 1.27878493 0.4554002469 0.03125 1.056120361 0.4658635796 0.03125 1 3 1 1 1 1 500 0.0004
-0.7152558285 76.9 59.37969971 33.63090134 60.33139801 78.57419164 59.11200458 84.36494827 -0.40213231 0.181480764 0.8974153651 0.8735056347 0.05564923486 -0.4836228581 -0.40213231 -0.181480764 -0.8974153651 0 0.181480764 0.9449121131 -0.2724074721 0 0.8974153651 -0.2724074721 -0.3470444231 0 0 0 0 1 1 0 0 59.37969971 0 1 0 33.63090134 0 0 1 60.33139801 0 0 0 1 -0.40213231 0.181480764 0.8974153651 -0 -0.181480764 0.9449121131 -0.2724074721 -0 -0.8974153651 -0.2724074721 -0.3470444231 0 0 0 0 1 32 0.9184873665 0.9142573886 0.03125 -0.1740952959 0.7891239459 0.03125 -1.054185082 0.6513534153 0.03125 -1.711502185 0.5333879829 0.03125 -1.813732001 0.4212800602 0.03125 -1.389296388 0.2595109799 0.03125 -0.5623007584 0.004188571448 0.03125 0.6426999404 -0.3483082395 0.03125 1.924693753 -0.7649239057 0.03125 3.251131362 -1.182818448 0.03125 4.484581153 -1.538497133 0.03125 5.587900415 -1.787517278 0.03125 6.455198212 -1.902865537 0.03125 7.04416674 -1.910418003 0.03125 7.322206919 -1.82268671 0.03125 7.266612564 -1.67572941 0.03125 6.017681304 -1.975077863 0.03125 5.5300337 -1.804140122 0.03125 4.957573159 -1.595169609 0.03125 4.329956204 -1.358547235 0.03125 3.748310274 -1.097742237 0.03125 3.247787544 -0.8281497926 0.03125 2.838843225 -0.5626774521 0.03125 2.535394935 -0.3177906459 0.03125 2.270982133 -0.1027465412 0.03125 2.048502137 0.07638047441 0.03125 1.833079156 0.2186573605 0.03125 1.626670055 0.3259023725 0.03125 1.437084664 0.4017522448 0.03125 1.267425354 0.4508261923 0.03125 1.132475455 0.4783561553 0.03125 1.036984097 0.4904978302 0.03125 1 3 1 1 1 1 500 0.0004
-0.7350284298 76.9 59.27969742 33.33089828 60.83139801 78.91413194 63.45916101 80.52210616 -0.3792883606 0.256276467 0.8890796994 0.8280795889 0.1637734673 -0.5361552442 -0.3792883606 -0.256276467 -0.8890796994 0 0.256276467 0.8941897922 -0.3670789941 0 0.8890796994 -0.3670789941 -0.2734781529 0 0 0 0 1 1 0 0 59.27969742 0 1 0 33.33089828 0 0 1 60.83139801 0 0 0 1 -0.3792883606 0.256276467 0.8890796994 -0 -0.256276467 0.8941897922 -0.3670789941 -0 -0.8890796994 -0.3670789941 -0.2734781529 0 0 0 0 1 32 0.8401399943 0.8926376377 0.03125 -0.247397402 0.7253139406 0.03125 -1.116229024 0.5372061403 0.03125 -1.764247172 0.3545468124 0.03125 -1.829046986 0.1641028003 0.03125 -1.327091462 -0.07415930416 0.03125 -0.4249304162 -0.3854262916 0.03125 0.8620507445 -0.754925716 0.03125 2.199977246 -1.1416092 0.03125 3.557144565 -1.486211958 0.03125 4.799043616 -1.73459049 0.03125 5.883397586 -1.855808939 0.03125 6.703468002 -1.836191766 0.03125 7.217417694 -1.709833918 0.03125 7.399637267 -1.497994935 0.03125 7.236939664 -1.245169599 0.03125 5.880155658 -1.472765272 0.03125 5.297927847 -1.260849989 0.03125 4.642262544 -1.038599761 0.03125 3.944312665 -0.8169201994 0.03125 3.302442479 -0.5971900626 0.03125 2.751035871 -0.3879332692 0.03125 2.306553526 -0.1953816785 0.03125 1.983120572 -0.02555949728 0.03125 1.729715491 0.1178032427 0.03125 1.547849398 0.2345566203 0.03125 1.388884249 0.3253730974 0.03125 1.252770133 0.3928282396 0.03125 1.138946556 0.4396834488 0.03125 1.049289264 0.469294006 0.03125 0.9997545771 0.4851899929 0.03125 0.9929523693 0.4920459995 0.03125 1 3 1 1 1 1 500 0.0004
-0.485503659 76.9 59.17969894 32.93090057 60.9314003 77.24834015 66.37501732 75.19640239 -0.2950062486 0.1950961944 0.9353655907 0.7066273946 0.3051987298 -0.6383819081 -0.2950062486 -0.1950961944 -0.9353655907 0 0.1950961944 0.9460101242 -0.2588480633 0 0.9353655907 -0.2588480633 -0.2410163728 0 0 0 0 1 1 0 0 59.17969894 0 1 0 32.93090057 0 0 1 60.9314003 0 0 0 1 -0.2950062486 0.1950961944 0.9353655907 -0 -0.1950961944 0.9460101242 -0.2588480633 -0 -0.9353655907 -0.2588480633 -0.2410163728 0 0 0 0 1 32 1.011639012 0.9191229958 0.03125 -0.0522880901 0.7857594125 0.03125 -0.9153347668 0.6150457564 0.03125 -1.573511052 0.4187629567 0.03125 -1.650802055 0.1869408281 0.03125 -1.161934111 -0.09579892591 0.03125 -0.2470476514 -0.436657901 0.03125 1.075390968 -0.8102393248 0.03125 2.450288852 -1.176415942 0.03125 3.84611269 -1.484212861 0.03125 5.122709532 -1.689904234 0.03125 6.236941108 -1.773217069 0.03125 7.070777994 -1.729543319 0.03125 7.581629307 -1.593683343 0.03125 7.728005425 -1.388271094 0.03125 7.500851193 -1.151119921 0.03125 6.051936121 -1.398903165 0.03125 5.357198327 -1.204241601 0.03125 4.580897293 -1.000077196 0.03125 3.755492384 -0.7941036379 0.03125 3.000404693 -0.5866933475 0.03125 2.349260546 -0.384894254 0.03125 1.838239014 -0.1954523433 0.03125 1.480295961 -0.02574576162 0.03125 1.221431866 0.1192243183 0.03125 1.062453856 0.2375317492 0.03125 0.9441906919 0.3292927301 0.03125 0.8664620406 0.3967424118 0.03125 0.8229843903 0.4428555386 0.03125 0.8153161716 0.4714700465 0.03125 0.8553433859 0.4864219606 0.03125 0.9439702883 0.4926242386 0.03125 1 3 1 1 1 1 500 0.0004
-0.2355008273 76.9 59.07970047 33.53089905 60.9314003 76.28906449 65.23152403 76.16592789 -0.2690390452 0.02852193922 0.9627068563 0.6700226856 0.3286857124 -0.6656089717 -0.2690390452 -0.02852193922 -0.9627068563 0 0.02852193922 0.9988870801 -0.03756461445 0 0.9627068563 -0.03756461445 -0.2679261253 0 0 0 0 1 1 0 0 59.07970047 0 1 0 33.53089905 0 0 1 60.9314003 0 0 0 1 -0.2690390452 0.02852193922 0.9627068563 -0 -0.02852193922 0.9988870801 -0.03756461445 -0 -0.9627068563 -0.03756461445 -0.2679261253 0 0 0 0 1 32 1.94060497 0.9520877369 0.03125 0.6563799039 0.8424827963 0.03125 -0.4259529741 0.6742561295 0.03125 -1.278326412 0.4704538527 0.03125 -1.503662258 0.2300627573 0.03125 -1.108952732 -0.05208521982 0.03125 -0.2564360966 -0.3844301326 0.03125 1.028975215 -0.7468283563 0.03125 2.393820737 -1.106511874 0.03125 3.800158038 -1.41772193 0.03125 5.099757721 -1.639805962 0.03125 6.246345389 -1.751326992 0.03125 7.113654511 -1.744994577 0.03125 7.656408319 -1.649308332 0.03125 7.830623582 -1.482558653 0.03125 7.625764238 -1.276664832 0.03125 6.178762609 -1.548581868 0.03125 5.482738025 -1.361918071 0.03125 4.698683683 -1.158600031 0.03125 3.864367789 -0.9456525803 0.03125 3.108415455 -0.7244473599 0.03125 2.46633122 -0.5043392288 0.03125 1.968219249 -0.2941262676 0.03125 1.626544333 -0.1036833381 0.03125 1.377828094 0.06063442177 0.03125 1.222097185 0.1956520621 0.03125 1.098225829 0.3012049277 0.03125 1.00573013 0.3793741336 0.03125 0.9414671719 0.4334297749 0.03125 0.9067845485 0.4674512689 0.03125 0.9142598549 0.485753267 0.03125 0.9653015887 0.4935410375 0.03125 1 3 1 1 1 1 500 0.0004
