34
-0.98499908194399798944 0.11024406225749411314 0.1327518561318328516 -0.12732074176782556818 -0.9835829989549494945 -0.1278824181913939817 0.11647419149825322116 -0.1428661293090621176 0.98286470676847204064 -0.99133087555130094959 -0.1294086686920345175 -0.022726452561862588858 0.12873170089952437611 -0.92202851294683363381 -0.36509118107202476189 0.026291526433562695253 -0.3648517750818895955 0.93069433105471743861 99.824700000000007094 20.813300000000001688 82.388450000000005957 0 96.869702754168017123 20.431337774696526566 82.737872574494758737 0.090868299122390680522 93.877845166985039782 20.609981137198346346 82.607969814304681222 0.28205431440630035489 90.983947573014219756 19.8195242378851475 82.631091366865447867 -0.17988318352734991579 88.115872011613134873 19.907866874472784247 81.755683945786046252 0.23062404597020583208 85.294008747274574489 19.13964431559984547 81.087161831281562741 -0.14534039865277675885 82.485170678868286132 19.439374323098029151 80.076918975271411227 0.22399058763360787938 79.984181300799392034 19.84392772259011295 78.470248916493346769 0.11569309371610519976 77.350971597033492344 19.806581541620438713 77.033303573494961825 0.32960106087193974389 74.647962365489348713 18.779589831888433338 76.233910602299900461 0.11640610772256203276 71.967394759646822422 18.479139553365058646 74.92078953375563799 0.15421757767497634717 69.26965572036611718 18.204741852965902638 73.637469628994082882 0.21719901291224591455 66.567555532767485715 18.262015706565087214 72.335404238211026495 0.30369197083529975156 63.720612003866925477 18.397795685942323729 71.399201086938575145 0.37102620111630102429 60.845288190664689409 18.449829994184362647 70.544914601034534485 0.30346188046368682834 57.875920194720954726 18.38565251569719905 70.12214402977852501 0.33689050055237768078 54.906002644869722928 18.048401104304556242 70.378758979850488231 0.32401782362394970782 51.957465133862761775 17.710374466378695502 70.81678242469965312 0.25202219057801944491 49.058566232927098838 17.634871675854931539 71.585342435874991907 0.25548147944868337955 46.119381028672130185 18.119671262647454313 71.940532097515415444 0.1643044046197549013 43.266320314362069155 18.180007545766915911 72.865953133260887853 0.12085610495130366671 40.491112022220271172 18.254139904999266975 74.002933048889190104 0.18342524202864024518 37.674911982768193752 18.654179463865691702 74.956340458726629095 0.2671564128450624187 35.298270947800773456 17.719883261247897366 76.530719065252142741 0.23340192847574353641 32.538890091527967741 18.509942672681198417 77.40342945045593126 0.13422022531601460194 30.001530765221080088 17.927856665162810401 78.894396763664175865 0.068086196310450250446 27.265896100181848283 18.10108779147633129 80.113533325461929735 0.071382962808458530479 24.56499953581952056 17.711528175258088424 81.359888432976532613 -0.076487142677551064884 21.78021750406387369 17.757118283187704577 82.47474742750000587 -0.11421783921589209743 18.916593127947638919 17.925270533709223741 83.353029986337105584 -0.21852716836430291503 15.99962722193316722 18.281922764509037194 83.956444511696517452 -0.20395811099371852215 13.05053993530068901 18.163727557728776674 84.493951785058357018 -0.29088700144207246812 10.076257626653902122 18.057204897301424751 84.871175420699316305 -0.26683357388528916587 7.1022650000000000503 18.44340000000000046 84.950050000000004502 0 
-0.99520202548629344008 0.053180387460219774587 0.082126578265259778111 -0.064466148280149251915 -0.98783239074088968756 -0.14153191699775694024 0.073600571967211980695 -0.14614723463931519887 0.98652113084990744607 -0.99438831703937036188 -0.031316830771779199938 0.10105014124691219513 -0.043830928635776686408 -0.74738413212149945597 -0.662944800679452384 0.096284602250487794084 -0.66365368616726949647 0.74181740354757164102 99.770800000000008367 20.576100000000000279 82.521299999999996544 0 96.785193923541129379 20.382701555159552953 82.74210171590162588 -0.23936782415329435625 93.945860316155517467 21.29288363908345616 82.410811450311868498 0.36434573220668720062 91.105239360207264099 20.345917719971090776 82.595549461201088093 -0.3106391029905133383 88.115272969812394876 20.16361263876037313 82.431641433106648265 -0.48913018093170379519 85.237245143446102702 19.930380190541463037 81.61766449500636611 -0.57871565818284986804 82.576174813914150263 20.681919187802762394 80.454095057078305331 -0.45565520107206958222 79.881045625516023279 20.85510425012824598 79.147846385487866883 -0.43076260541985272878 77.243902388509937396 21.366512438447337274 77.812205261370593234 -0.25172581618404554771 74.932834221604977643 21.842751535912739769 75.95959622275400136 -0.1894656413301505915 72.139572684952213422 21.75324516907198813 74.868872335534504714 -0.14136360794021221587 69.604064260766620009 22.23319456381650383 73.338890110354014951 -0.099612165208829886454 66.905528131244011547 22.462896383872887895 72.048487137820274029 0.13236639281687404002 64.134991872637939991 23.171117826935887507 71.141541038355228466 0.034327718818235562759 61.221423390541666265 23.362145530110215219 70.452609171800077092 0.063010220965368776702 58.233497960820372441 23.432556460629410111 70.193102086563030184 0.16849828962268317833 55.254095570571323037 23.290791316442238212 70.514137973765443235 0.35467384396615647679 52.464262167213661314 24.370996376891646662 70.290561121454416593 0.34952295749697520622 49.860085611503123459 23.355461444179990593 71.380034970213500856 -0.096505728625975409352 46.994983110959530848 23.243227802838962504 72.262413160747570373 -0.0952842261036003918 44.211733721806986352 22.85903167517307466 73.314038651722640338 -0.17855213710175615871 41.396902227995454382 22.90469059703858079 74.350686578600814869 -0.18927668149819917853 38.663810320752681093 22.881802495314328638 75.587490832055451051 -0.15182970303910156562 35.994754658853807427 22.407733464971183679 76.87255909022506728 -0.21399617862899319998 33.350084015309924723 21.900696618693476836 78.194917144495519779 -0.21741905716372630919 30.507413516490927918 22.252437796127356506 79.086826657417987008 -0.21310885134620963233 27.953721569146090076 21.302793787954509952 80.34254704660003199 -0.14478371442291729232 25.246104672232771549 20.966760201906566863 81.589901113654477172 -0.18566737431574095729 22.296845205390635414 21.110551985058943814 82.120177004431994305 -0.28716147661162322313 19.348211124249043991 20.985779753484838039 82.65868322144189051 -0.30624276609040934627 16.44039355515018741 20.726263825121254314 83.349514943184303206 -0.37828145375190480593 13.457181363033548394 21.039239572602831174 83.399426848527539846 -0.44208560182023348695 10.464609951118111653 21.213042785907333609 83.519046193248541954 -0.58281101888333464167 7.481445000000000789 21.081550000000000011 83.807900000000003615 0 
-0.9959554843088896936 0.013397735840243887515 0.08884353634001804223 -0.027449718290072228077 -0.98691476341487782697 -0.15888915230295408421 0.085552242757514759819 -0.16068525267774486087 0.98329093524299748807 -0.99405368641221247827 -0.10480188523103386999 0.029560672900195116009 -0.00081515222711701885386 -0.26430050588474651718 -0.96444003344734408056 0.1088880344993781446 -0.95872926702019933831 0.26264346270519262072 99.787299999999987676 20.666949999999999932 82.414150000000006457 0 96.799433547073320483 20.58460084512978483 82.670806728272552277 -0.12426812538761278226 93.850086423221583232 20.26025878628718857 83.113699234312463204 -0.27467922082434281794 90.866849645671820213 19.94805471396717067 83.166868269689885551 -0.27850738300972205375 87.941997197096213768 20.002493038471602205 82.501830960286312688 -0.42157161394229486495 85.120178820730458824 20.217426634154911369 81.506268506054695422 -0.45698184779783418419 82.313913563659866668 20.787022961969135793 80.611597991046849643 -0.47207813476336413228 79.614846084978722729 20.853840846506308537 79.303710336829894345 -0.49797538170506172595 77.24373536090502057 21.690421870351968892 77.667261093843279696 -0.35238819415899319543 74.791179829746468499 22.413107965497879093 76.097963106049760995 -0.45712422022060988924 72.51727508779678999 23.292853526265741237 74.349991432023642801 -0.43950126771594094643 69.722510320450155064 23.071412008061592758 73.282164877783444012 -0.2513383927647737659 67.208226684613492807 23.844692387900643382 71.839800411774888289 -0.42427272395762244406 64.782253606600605167 25.041533813526598351 70.542794156168852737 -0.43096935759513255171 61.892472664773734436 24.237612272736622998 70.489163332770260695 -0.17383848809041946293 58.918435549427989883 24.520608571572143575 70.2152722386427115 -0.28272061128636200023 55.962375754665572458 25.003474825676448745 70.04630280205806514 -0.2470117461383080637 53.02843426475988764 24.670130106653090252 70.576273208907153389 -0.33973896898075234274 50.167532227868591121 24.125586888789776197 71.296489995189162414 -0.46595084101629147266 47.242964666526063411 24.316037909529271133 71.937296508927957461 -0.41917065908835515753 44.611643995972144694 23.437780397998903226 73.079581618856181535 -0.45756276378460197796 41.795352459377319576 23.222817796511659338 74.090666709719940286 -0.45512701836629709806 39.11705405557464843 22.406853789004053112 75.168126870778365856 -0.50328533188487145633 36.510796563175446749 21.66771125257135111 76.456959751411403658 -0.55286897839282211908 33.612335335371192002 21.510511389649625613 77.214726677418966005 -0.63463242558961729944 30.936609723250892756 20.728302258322148788 78.323167620196443295 -0.56259875438010953363 28.020712752600843487 20.443158359350704245 78.968332570824330219 -0.72117801688218985401 25.280011701756517795 19.711111825828414368 79.94437848306928629 -0.7096134084223749694 22.294725202468914205 19.939981506797295197 80.13327842066048845 -0.71228597809206994906 19.334512528755237071 19.935604685657381197 80.620229927312990981 -0.78586466411698030488 16.355530097211694596 19.91481099330241733 80.974110267164235211 -0.98519694946826519288 13.434901249790975442 20.600317258308901813 80.976990602379188999 -0.9707162853777405731 10.444736059236637615 20.617695456681349953 81.219085896501866273 -1.0985406683850045262 7.4625750000000001805 20.615249999999999631 81.545749999999998181 0 
-0.98903140133781075605 0.07500680143687851742 0.12724333737361259722 -0.095777232019906774485 -0.9814814879390997282 -0.16589397415052731244 0.11244380371710688271 -0.17626136437421435765 0.97789995522781836268 -0.97619304995850730844 -0.18114016315832870418 0.11931207191094257702 -0.14274407951402023897 0.12234243658897879514 -0.98216926034832019443 0.1633133704765258043 -0.97581789771475546669 -0.14528652216620563387 99.83449999999999136 20.875250000000001194 82.325599999999994338 0 96.867405795986556427 20.587918303940281106 82.662931411151319594 -0.044755124633179939331 93.868930555355859724 20.516766768526981224 82.599027652783973963 -0.2285868615235039647 90.94924091437663094 19.941114053131009598 82.978548866450793753 -0.31440289635122536938 88.215896810419110352 20.631380218858822673 81.952701592327628077 -0.3895110708008454603 85.329493512687520251 19.891492726606912811 81.604502652534804952 -0.39333789912711952796 82.895321969085628666 20.993290990649157379 80.240373083290378986 -0.39110847549056315664 80.112571423232196821 21.189979758934658349 79.136918087385751619 -0.38853016957158215128 77.55504263120781161 21.717072532211155078 77.660022801210729426 -0.2981898028008647672 75.305226797259706473 22.609756016341467699 75.887610628356014786 -0.31982863215827445069 72.664575687781450597 22.889679233598677399 74.491686307176408377 -0.23273572863035693614 70.312360137554904327 23.793122186576361798 72.863536180190095592 -0.22703101167494993406 67.519533794833805018 23.777022346679601128 71.768154139710617301 0.32886666986081181108 65.263835145580515018 25.21955047534532568 70.415033227937186666 0.20094024802961771292 62.309871772424990866 24.877877584327009686 70.018346921538579863 -0.18994753342244105609 59.413071787939770729 25.436954391115577323 69.474303748567578509 -0.14714622742525507171 56.429032881508931041 25.21711283142427007 69.691516762830332254 -0.24094213152574689429 53.437461115532215672 25.199701991046911331 69.915559686561110198 -0.31669073288039323311 50.563616794823509792 24.686711291485469388 70.606833411299049885 -0.35863317285821205704 47.665202104491406487 24.223902423467404077 71.227317282652123254 -0.43461249398596651927 45.103986821143010388 23.163049059111685324 72.373949923007501184 -0.58963064269280907048 42.178882062281310539 22.943407160647016241 73.00285340236503373 -0.60000836427374248938 39.428722283685942784 22.175690588640819101 73.923305713647380344 -0.71112223285775899573 36.565283370987302192 21.60412954895120663 74.611808125565488581 -0.82553498883811149422 33.865379970927143916 20.655664353879330974 75.512327644599182008 -0.83598281676820207498 31.064577845957078495 20.088344964236934942 76.42537537991171348 -0.88753799275447509132 28.082966985790001502 19.924405614171888601 76.713681759035083019 -0.96894335456111002625 25.184123010454573688 19.655338647763684889 77.437771929081492317 -0.96451069845105175116 22.220546541520487693 19.663254993025269357 77.903767470110565796 -1.0898890633989433141 19.241299233532327406 19.966084985985801836 78.083710443536560319 -1.1609613409752057578 16.412569389700458089 19.545456191524969825 78.989998967909301086 -1.2947490274372044361 13.523085181257020082 20.350022868003943444 79.049609984503902638 -1.5077506536660116865 10.548774149875521644 20.619132238542068336 79.334309888570430758 -1.5307614875306574387 7.6201949999999998298 20.190899999999999181 79.824250000000006366 0 
-0.99076136597783626137 0.055125752650506336383 0.12390749404473931639 -0.084648836541509162035 -0.96519881817916641786 -0.24743850924564922411 0.10595513275863881197 -0.25564114062540005401 0.96094803036472464797 -0.93575442793958851784 -0.34834243012288151897 0.054965461587599961923 -0.25393922886463959898 0.55743530108352734587 -0.79043073899586557829 0.24470087583636571105 -0.75360695092468632517 -0.61008035936498783425 99.79224999999999568 20.73259999999999792 82.436599999999998545 0 96.819965902066485341 20.478653490375471335 82.754465398275911525 -0.073809185207245220361 93.836841064368599064 20.591151737175756864 83.051635967439182195 -0.40672373767835240388 90.952749674648330824 19.910261804276156994 83.518974982520745698 -0.22459237085329561423 87.964062662500666079 19.950896721360390274 83.261878216820676357 -0.42759458764611490977 85.053502916623699548 20.201207735352497252 82.579246279423372812 -0.51082408508211707421 82.110770432218728843 20.373707739707334952 82.021958854726406685 -0.69749776086363746153 79.573958983962725711 21.246130717403410415 80.679027053038325334 -0.70233860278181259318 76.758093481535297542 21.570176676234385837 79.696227129959154922 -0.7527236865349462569 74.737182075207257981 23.03007882214501123 78.02751420913101299 -0.5531557014163113184 72.513833910049271481 24.306509300799827855 76.469487197282489888 -0.37927752020748739525 70.029280867494307472 25.158307171217124676 75.019853944806740742 -0.36529279880401749336 67.597221067217802215 26.057583865597852224 73.511084063472054595 -0.38765685409267441885 65.099208444667837625 27.253983200142460674 72.358451611264371195 -0.23759245022175648487 62.280576174576822268 27.865391781086504608 71.532926521912443718 -0.30080459197938902438 59.302921226484293982 28.126037045155250382 71.276733125395992374 -0.46036854303030921853 56.308240157719865238 27.997387940847254129 71.152899752088714536 -0.62112422484018670055 53.439505542019546169 28.845720659481727921 70.927748018413353748 -0.74121147280840227189 50.746792649399623087 27.674209822522609414 71.541636963423584916 -0.62159577191979309418 47.810354822856886869 27.336504885167695278 72.054753194052764798 -0.76168630464222175647 44.865490778946259809 26.802540658094478943 72.261291246450994663 -0.83135147705148759734 42.04607501844237305 25.96958170796904497 72.858848069546681359 -0.9351720164017292003 39.148598747040971091 25.309909897581380989 73.2705085598122281 -1.0858598756306574451 36.341984321315642603 24.424285710430140739 73.85238935898264856 -1.2514576244708932595 33.360667673852709925 24.090887878367496455 73.87682157411558137 -1.3343026079217670254 30.737121199662077231 22.860707988500358567 74.653778031279287575 -1.3471565411313835003 27.800397329288550452 22.289996764832910259 74.877254223206591632 -1.4080384348662204896 24.83000579687012177 22.08948885777677873 75.246808986868060742 -1.4796592771702345992 21.90366920642659565 21.516103029404376912 75.575111973837479695 -1.6665998563266055665 18.929811134887831514 21.770962090442310455 75.87713023379971844 -1.7144948121673488917 16.105411301247304579 21.084555485664008501 76.619835796353342516 -1.7624020190805158581 13.167792280800190596 20.88555975623881622 77.194983768946357827 -1.8924568970733757212 10.19845828381876629 21.277767686593914931 77.365947372490893486 -1.894117884573910171 7.3911949999999997374 20.515950000000000131 78.100049999999995975 0 
-0.98569399257480161403 -0.021113710557239543514 0.167217117031875806 -0.017882184619345240645 -0.97342204373124263661 -0.22831940839825790035 0.1675934977115358937 -0.22804327660467418881 0.95911870147558775379 -0.89267181901643899433 -0.44701478256875920581 -0.057574366682466640577 -0.39898198682900859469 0.84316912324246195976 -0.36038757442025631805 0.20964350149684890523 -0.29873669639926025976 -0.93102416107456498207 99.785300000000006548 20.486950000000000216 82.599950000000006867 0 96.828218022275606813 20.433303446141962922 83.102730493134615131 -0.064306340895568706029 93.962331426426160874 20.003500178000482634 83.878593348557757281 -0.22201978991557275167 91.040690556014141066 20.413458255940316377 84.422605295733532671 -0.36860891629157044314 88.521136574835779243 19.257025886084775834 85.569126952693650878 -0.51166738077797080386 85.546352950537880133 19.552305655905175996 85.821063941132948116 -0.52193106551281465144 82.572868589166432685 19.466668176159974024 86.209724428888506509 -0.6973035054068525973 79.578254342104202124 19.499763159369550181 86.386331997747291211 -0.8133762794356396153 76.586197716798281476 19.7162570496633478 86.413305066323303549 -1.0284272122224671353 74.075237272095407093 21.266535379144730911 85.8731988302197351 -1.0086588976592389955 71.314845895137437992 22.236251578214698554 85.209956838728388107 -1.0582122049187709933 68.553339786941819511 23.398352380483334656 85.056315243563346939 -0.8526634812789832818 66.217858853290437082 25.146187023775127045 84.355884755748945736 -0.78051283409832272753 64.204060332325767035 27.065838604148716229 83.233586521352364684 -0.81257691512181118298 61.367002769905703019 28.004808951563770592 82.970073572542716533 -0.8907067753094066731 58.720940514241789288 29.31434130332920418 82.437645587900192368 -0.90474644039860496747 55.89866966544425253 30.224861152325399161 81.984058925164632115 -0.9316114206549692689 53.022350384903077725 31.005444475927692594 81.641309641721051094 -1.0046333043374995331 50.059181071659615725 31.471929160403647074 81.596369011978595154 -1.0884752551681131649 47.067914156753339228 31.305112332446704215 81.439862176033742003 -1.3177482113301253186 44.08963444839650947 31.419347852630700402 81.098101697455149406 -1.358163485742487353 41.113072959205510415 31.450785882988203213 80.725149486961242928 -1.3542345337816612538 38.355819119988524335 30.277293319504508418 80.86821055633947708 -1.5233554327866645206 35.395602041746045074 30.144871262050902061 80.399617717745755385 -1.6600567170518940596 32.518028539477128902 29.852587150068316646 79.603288177340317588 -1.7519758801775187074 29.743001457015829203 28.740003719672614579 79.355532648612339131 -1.9111348942138168816 26.955248268631986974 27.768244429533083917 78.822507280845258038 -2.0118906360494368535 24.159292785296216266 26.945368657708741011 78.111516142117693562 -2.080168672662832563 21.299576363282454849 26.301910807415431748 77.472779905036432524 -2.148411972806977932 18.555599030824243556 25.105920601217530219 77.272290938671147842 -2.2994312177622457938 15.626202711377590759 24.490707457451438955 77.071916311160975965 -2.3807937904770057891 12.973759972699182796 23.136655237089495785 77.433979983137433578 -2.4712425456911368826 10.104640457049312019 23.779895960487028361 76.838669495509449803 -2.637370110870623563 7.4266249999999995879 22.582950000000000301 77.467600000000004457 0 
-0.98520441424415472476 -0.1394549301952088538 0.099622209361574315389 0.11572470923407990329 -0.97006729341211339612 -0.21348826179625035593 0.12641223764540987506 -0.19880082669935278394 0.97185296083159322666 -0.97998082703924271897 -0.18694838070722424872 -0.068468106344690166098 -0.19783413474659899967 0.9529892531046838533 0.22950629315127929475 0.022343539660169164929 0.23845709554954161447 -0.97089596755653051474 99.813150000000007367 20.53954999999999842 82.629250000000013188 0 96.857536757267538974 20.886724127702237297 83.008486712936246477 -0.13430934000553890195 94.145579242409340281 19.894411020957171843 83.82126044270994214 -0.17336095860225231302 91.348700608635382991 19.892265024581117672 84.906371175632898485 -0.24949668996281731959 88.711266671838089337 19.198266389651813313 86.156294422784753806 -0.3169579814132538198 85.927168289682711588 18.699790104417065351 87.156453205951734731 -0.44858888935962598632 83.039289398040679657 18.958709367417920788 87.926593662294891374 -0.57351643033835641994 80.095181011500429236 18.685779333489765719 88.434269744950682934 -0.63923792218658137543 77.301751760173573302 18.181521736183469784 89.405082442390977349 -0.77106895796207752802 74.384321937592034146 18.875521091114883632 89.488557742495601133 -1.0569861766071495524 71.480211860090861364 19.617387463662527836 89.614172005439172608 -1.0157393598994481909 68.746410374991469894 20.843626372228190036 89.463614443944067034 -0.99890167514652461467 65.818101871482681986 21.272958776482326471 89.954208976465778846 -1.1238469711194527534 63.379887684582385532 22.985480205342142312 89.604377681570639425 -1.2703669907221444291 60.528082636090871915 23.914736388678214496 89.665130551769692602 -1.3878590412243505536 57.810078963602300917 25.182262466867037176 89.588752036985908944 -1.414406092968885531 54.855115260139477584 25.688343961406424398 89.698620286608601759 -1.4895784814414014807 52.296314802243081488 27.20856978853892727 89.322517040972272184 -1.6858891445501926754 49.349587583877109864 27.717403820083049482 89.0819206384447142 -1.7472102989052356037 46.364813733064607959 27.911749707170042001 88.850934197932701863 -1.8370753867478701871 43.551527999588046214 28.634302748341546874 88.100374084013566289 -1.9634767085157034394 40.661965779220047068 27.854170580614848518 87.895864975054536217 -2.0256852401613079095 37.909838283121807478 28.223528124767881309 86.760361012088836219 -2.1412954820225817976 35.097135605502117528 27.251343048414504722 86.381468118604601614 -2.2388334729039045534 32.541563268796423358 27.729732242810950282 84.884740417714908745 -2.4820819340404560727 29.748329553887767673 27.387040722844353979 83.845313683381959891 -2.5341609148988832878 27.139249034890084999 26.646326637532602888 82.563111870402110526 -2.5491160934648009473 24.524522045694379102 25.637746936419134158 81.492612099977094431 -2.6852931887429236646 21.891892747454566148 25.659852267457107899 80.054288654991495378 -2.9106842803413606191 19.094217213414928835 25.563226603826585404 78.975550926271438357 -2.9332493651061315454 16.234022100446317438 25.183502060698458536 78.153910380109564926 -3.0426518580291324056 13.296886482722912959 24.989937651211072023 77.57445616925186016 -3.1821088336838423416 10.320482481117727147 24.648502404239803099 77.418119381019508296 -3.2792206926347979845 7.3805399999999998784 24.054999999999999716 77.485150000000004411 0 
-0.98852766184755203049 -0.08677837495267391732 0.12362271394361534771 0.059988532571127572979 -0.97672512933668509394 -0.20593542114507307206 0.13861615245769368099 -0.19615691515419225732 0.97072551574325915968 -0.99228410398207733678 -0.092943997973694778003 -0.082058943602455816646 -0.12368658745062251214 0.78795026106777310559 0.60318820791528071634 0.008595642460266337756 0.60868366112776017829 -0.7933664447194636038 99.752250000000003638 20.667300000000000892 82.558050000000008595 0 96.786667014457350433 20.847265597713384722 82.973898457373095994 -0.10381426011782607377 93.958089398938668069 20.180843802480126215 83.718902258588926202 -0.14410687856009957164 91.084322643743831804 19.953355549531117674 84.549392313623840778 -0.44949692227610332784 88.417309595109827569 19.436207963619068551 85.822027285956096421 -0.63021223365677392358 85.87897067787204719 18.416558784157732731 87.053754159936900692 -0.71662097151691339647 82.957540122450296849 18.738926082671831352 87.654855511398082513 -0.61068764302727673865 80.053179807587511618 18.352530567766049074 88.299362817419122962 -0.69377652186056204542 77.197625871932558539 18.011259018169983648 89.153380059636432975 -0.94195973344993566556 74.223404517345358045 18.19522226490329686 89.500028091175224176 -1.1606293694260945148 71.365438508930452599 19.06230319641548121 89.78322581884184217 -1.1523960932531291945 68.441889858715470041 19.662935482011519639 90.086712469827972427 -1.2747672187154437395 65.616316960927036916 20.633027218728045682 90.360682945679144495 -1.2584224421592615784 63.114818909916692746 22.271194474703083444 90.117957705439920346 -1.3610921667589630513 60.221712835479820569 22.8717803662793564 90.63683517546868984 -1.538720462170810821 57.730722358628867141 24.534768615365752709 90.465264409766234621 -1.6017232009727100372 54.759444259974294766 24.907606892428191259 90.645536647273644348 -1.7464729438565109731 52.101424333317233106 26.279633831907027286 90.416468651167406279 -1.8500682038320821476 49.113064727336833926 26.02048094503406972 90.466932961046239825 -1.9898123351628789202 46.396300580247640255 27.070537477569896367 89.748202241255981448 -2.1682823124990173724 43.42653081722696129 26.788253582910389383 89.43073829454050383 -2.3157419501101648152 40.550252919126634765 27.088984739031268134 88.632874756936629979 -2.4605340698661013477 37.745600581772634996 27.033370664558177054 87.569468747316946633 -2.5540886378011258273 34.986388992712683432 25.982312964047554971 87.038404610894019697 -2.9116406978893794033 32.230627895228487034 25.826390616679869794 85.863045518878280404 -2.9729228623004200216 29.812089038037029809 26.647703563994998177 84.289477967475548326 -2.9383783525973585782 27.109277280279197697 26.713424087517068983 82.989289744596263176 -2.993977752829062311 24.608492430554086638 27.440119771236624047 81.499998463936663029 -3.0972819290731328223 21.795706536871964687 27.13894772264468358 80.501233770202546225 -3.1655698587907714625 18.948035671193828477 27.319668926114484719 79.574891237774963315 -3.3029684981742724048 16.034990770567567608 27.388023558192106321 78.86110061636776436 -3.4170458705287138912 13.092386480114670988 26.871994342688257262 78.587615994213805948 -3.6346391531094948135 10.117892311946231843 26.836559762351864578 78.198863072619204218 -3.6763631329959509664 7.1410400000000002763 26.465499999999998693 78.224649999999996908 0 
-0.99176545378294578281 -0.01943582196984624394 0.12658409658035318923 -0.0074677187405048379293 -0.97795868898123639035 -0.20866488881197522987 0.12784959076790372579 -0.2078919225714594976 0.96976050170648930848 -0.97897249158675980762 -0.070297789376083177904 -0.19149694912777823208 -0.20363021477281878502 0.39267264709214483309 0.89685167550561184502 0.012148923737793410407 0.91698768423271814765 -0.39873047365047181723 99.841450000000008913 20.58814999999999884 82.631799999999998363 0 96.866153638651169899 20.565746843778484276 83.015348772303710234 -0.068146822403066728557 93.987493538190193476 20.346413811368268654 83.830952258643335995 -0.17919744035417470296 91.037247664529019175 19.99200411708525138 84.243799753239315464 -0.31240817605054255202 88.501733645657935767 19.088057835530356954 85.568205197433044873 -0.38099542832739413667 85.645325791167763896 18.796858003611973231 86.437766481618297121 -0.47675724922127848959 83.018292003862498518 17.884201414130242114 87.562822671484084935 -0.64110738594831362391 80.074705331037961287 17.936342383439225046 88.139519141999471685 -0.8119348872379710258 77.188274759706104078 17.633285218222098933 88.898910287357921334 -0.9110051506532976795 74.312242290522831922 18.451646916177065094 89.141235209333345324 -1.0288988188029601911 71.390053718107708391 18.254416761882747977 89.790784448138012408 -1.324560909738696779 68.493459155330555177 18.867578363555359999 90.27428500566134062 -1.3464179700704899112 65.8772054547243755 20.33480552048419554 90.323893917194396863 -1.4868126558262491077 63.086689330563217482 21.255894578016864216 90.927727262507374917 -1.6735604342712171455 60.298356638239233973 22.310684943760602295 91.263313438108852438 -1.720627503644472478 57.842532166602325105 24.032672656254646881 91.202613499075923187 -1.7500522956286492793 54.923329100852541274 23.975018610163019162 91.8917647683723402 -2.1626990607307727821 52.109488911158997837 24.994348652118226539 91.683751181187730595 -2.2418354240173643532 49.17622953582361589 25.621743611764738802 91.635119898884980216 -2.3733398315121840838 46.233306296534813384 25.92216008448022535 91.136168247343775306 -2.5734645180312178958 43.309948489040685615 26.089635466076682491 90.483534256562137443 -2.4658850770915847761 41.020832148336154432 27.592017236203112418 89.25764870092538672 -3.0002783560063202017 38.179987735976943952 26.700184614325571886 88.891264204353490186 -3.0405011660960457043 35.57198808138060997 27.275794166464887525 87.524877932059879981 -3.0999301619895187621 32.803307071079849777 27.456299568107692011 86.383903233314185854 -3.127313401388192915 30.054030564881461629 27.798010320626541869 85.232941698735984914 -3.272437482601624037 27.365844530454641159 28.043154242390713193 83.923911408049491456 -3.4770475681684804847 24.833065448501113082 29.032672317542839835 82.656676583335993769 -3.5382561964636565222 21.920297847793893453 28.624508382806787665 82.065756024671856039 -3.6444657832314915069 19.056742955366441805 29.050490277699879016 81.279249315686826094 -3.820745393619205732 16.097603002083296531 28.796763081809032769 80.856031585731159339 -3.950925375551547436 13.12645723280761878 28.408808344540091184 80.708437752710139534 -4.0659418499955473081 10.144757474760279337 28.108790644318457197 80.568953228786625687 -4.1737499015366381627 7.2078400000000000247 27.497900000000001342 80.605400000000003047 0 
-0.97011938451593671129 0.091664459792222249823 0.22464640348205050513 -0.14060765346058828884 -0.9669595310618745998 -0.21264701520808296231 0.19773180719026284269 -0.23787999516478811057 0.95095490972268137408 -0.98639697005140869468 -0.040366063287924643099 -0.1593474141868506111 -0.16000726120916491935 0.013659543063793499681 0.98702132360128369548 -0.037665552348831281282 0.99909158630123706679 -0.01993259512290936758 99.811000000000007049 20.721350000000001046 82.532550000000000523 0 96.900641846452202799 20.299527039618237012 83.125745421570783833 -0.16559639102447307191 93.93482217247095889 20.695957704025538249 83.341977680365445735 -0.26999581662668215021 91.137761739048258391 20.000596688276139901 84.174399442188857279 -0.33479164275891132307 88.635194444089449917 18.885381478528589838 85.39646816781377936 -0.47917638725468120198 85.752111815141503826 18.670365542995263297 86.197469230313402022 -0.6777392939764951274 82.986234650383607914 17.949320084130420128 87.10852189384132771 -0.72555235907319282074 80.121537540481455153 17.615325460268426383 87.934329413636078243 -0.95874675093736672071 77.270952981013891758 17.048189728537632703 88.677649486767279541 -0.99803904308297541892 74.438523536921081813 17.969428677260946614 89.036344682709753329 -1.2021200467598300854 71.507668700415081275 17.850809400292405371 89.665645401334359121 -1.4074761806542968046 68.669279350975770626 18.671146868932261498 90.185830309357584156 -1.4748560888002937297 66.042531432261213808 20.042333383892053433 90.65491762822416888 -1.6276847440966863978 63.156151096972692471 20.551956927821549925 91.294520945549024304 -1.7849299267714853201 60.649894167339652995 22.104288003767823767 91.8503486466563146 -2.039952042415432043 57.813701877986837019 23.064978420909895362 92.032247575259759742 -2.1366668318581933939 55.004261155038136621 24.04239970340631416 92.421722171043143135 -2.2460580572158868051 52.050302647069187856 24.062559135574240088 92.944907349056208545 -2.3723212037239327366 49.063361622982000654 24.033624773509206562 93.223019055600445881 -2.7983776692957360588 46.263569848965758524 24.908945510851058458 92.594545007663455749 -2.7563813224773907606 44.205414192140793261 26.757969688080549986 91.43475843923748414 -2.8631408378518909963 41.270326067617233434 26.691242176673792841 90.817664329312961513 -2.9936653051902610834 38.675665556728063166 27.764437068082319371 89.761260259703291808 -3.2063640034638569709 35.839587978685734981 27.931821830397876028 88.797597293375872596 -3.2990857636274402154 33.291534365291390429 28.919183464893748692 87.559639383754387154 -3.4980569794969484931 30.593151957871615565 29.287160680832034387 86.30133689552738474 -3.6002467945453942022 27.828977069746276385 30.113318432060157903 85.478658004377635393 -3.7636778010979670128 25.008362295998988856 30.545384574664939947 84.552671424273341927 -3.9952115709398894339 22.089689848907948289 30.816515788046672242 83.914048678262972203 -3.9926725363250481493 19.129266551052896972 30.588412436381510418 83.485256469289652159 -4.231060258905992022 16.160881631915586354 30.271132040091551119 83.188567875021718123 -4.3273562018292235365 13.210198459122002745 30.562231251573940938 82.731698021705696533 -4.4835712499934565756 10.300765910154225935 29.905871783627503646 82.408596657046501832 -4.6259036514720595079 7.3415750000000006281 29.425850000000000506 82.295600000000007412 0 
-0.9971402673128240135 0.051552920975170411777 0.055259240333518963584 -0.058097563208225309894 -0.99054919838158117518 -0.12424555820983390619 0.048331774771634847254 -0.127100676333899959 0.99071159154563703808 -0.99194345847652676262 -0.1234878262330886961 -0.028265384445540834429 0.12588877216881919074 -0.93596691645071994348 -0.32881293823625429296 0.014148930258322273829 -0.32972213768862740357 0.94397199094601702551 94.444150000000007594 21.531399999999997874 82.621250000000003411 0 91.452729198061533111 21.357107310375322839 82.766245324314908771 -0.1220504357408930679 88.453445022043254653 21.371814855511068743 82.702385167701848445 -0.1762705391490396456 85.601758102171373821 20.831656867648007392 81.943365366128901428 -0.18649757255174942427 82.897851348673640359 21.225224382961066283 80.704820704326252212 -0.2416913190077333573 80.369541948036243184 21.587047718739786006 79.131055967037113419 -0.29329230662842187272 77.809694894748432148 21.093217833106525205 77.646699167669282815 -0.14052544652024029359 75.428484826381307471 21.02221662362456911 75.82329645884183833 -0.33411997013179783877 73.580148088080719049 21.814031989863028826 73.596936261650483857 -0.091701629045150861996 71.36208535976682299 21.830244561257512004 71.577051392210222502 -0.14203898216037610935 69.345990446667997276 21.667470469835649283 69.361455333236705201 -0.076208153521301946753 67.213579166313863311 22.027621872206854192 67.28224560384704489 0.061371422391427489507 64.859490525789667004 22.082378568344708469 65.423410383397666124 0.088922213487713536173 62.346425105565096203 22.338176561998572822 63.805056410957099899 0.19308436910257961716 59.863771580632835878 22.855354979964559448 62.20225949333719484 0.15411027514418407236 56.915805058719200815 22.811339104814475576 61.647682187264088327 0.17103880333353288501 53.96286018500508419 22.297692621031906413 61.520073948879613113 -0.11367492676400782481 50.983133201574382554 22.61513819839566608 61.663096358409347886 -0.12259464593584451508 48.127686794105677848 22.119817089128897436 62.438391665237247707 -0.10904655875523258657 45.312395858294920004 22.465448929410591461 63.415466676546891733 0.098732779180354682258 42.677233185343958155 22.156811331455877223 64.815702556752455621 0.11842721892215508916 40.107731003663708691 22.467576026398308642 66.332634935838015622 -0.081311409535067047383 37.981724222321155082 22.029554987758164231 68.403439787917108106 -0.024782813246257896778 35.857319040223195827 21.565281855698874125 70.470164994886616228 -0.031071430445147492361 33.835401911364137106 21.101825079363013771 72.637434922813170601 -0.08771039889337145512 31.693692940055516516 21.093806747468057949 74.73815346382957614 -0.1767316336197063964 29.913176428108229743 20.331147121220535468 77.029029114137941292 -0.18721518005638740356 27.457102518660811086 20.706055925048001853 78.710440527250469245 -0.068338238927646788312 25.171612242560279071 20.219002755747808919 80.591746830892887488 -0.058261160467808333074 22.829610271580317971 19.906194916645098658 82.44030789932473624 -0.037537606182384941622 20.093883975998036107 19.824329405565130457 83.668762079892857741 -0.16318396481433147804 17.191256549618014304 20.112542535128625332 84.369966198230585519 -0.13956483791066376376 14.287230375429585294 19.819783683493579218 85.06345320922503106 -0.17303961061569236857 11.311400000000000787 20.197449999999999903 85.105899999999991223 0 
