-1.56918781 79.4 61.34550095 33.70640182 59.87229919 125.7395756 33.4829387 22.21776834 0.9487940787 -0.24267955 0.2022286631 0.6865394804 0.1449798249 -0.7124916787 0.9487940787 0.24267955 -0.2022286631 0 -0.24267955 0.9697795859 0.02518314352 0 0.2022286631 0.02518314352 0.9790144928 0 0 0 0 1 1 0 0 61.34550095 0 1 0 33.70640182 0 0 1 59.87229919 0 0 0 1 0.9487940787 -0.24267955 0.2022286631 -0 0.24267955 0.9697795859 0.02518314352 -0 -0.2022286631 0.02518314352 0.9790144928 -0 0 0 0 1 32 2.04184513 0.9506488915 0.03125 2.20906421 0.9580613043 0.03125 2.340136707 0.9732719867 0.03125 2.435229397 0.9960523973 0.03125 2.481041032 1.025916939 0.03125 2.479769354 1.061233844 0.03125 2.431934366 1.100766558 0.03125 2.341528736 1.141935978 0.03125 2.222093344 1.183255468 0.03125 2.078089882 1.222229485 0.03125 1.92464748 1.257585706 0.03125 1.765626264 1.28744956 0.03125 1.611347316 1.310907607 0.03125 1.464667342 1.326682311 0.03125 1.3309636 1.334102512 0.03125 1.210452402 1.331526741 0.03125 0.1106219676 0.8273440447 0.03125 0.02050689357 0.8196863766 0.03125 -0.04820485007 0.8093982801 0.03125 -0.09735303158 0.7954396549 0.03125 -0.1189971481 0.7775046293 0.03125 -0.1140299345 0.7555335834 0.03125 -0.0738825404 0.7294374603 0.03125 -0.0004156965548 0.6998917037 0.03125 0.1037776691 0.6674076638 0.03125 0.2358818653 0.6338779442 0.03125 0.3761220466 0.6005416082 0.03125 0.5218570821 0.5699451414 0.03125 0.6553066585 0.5434554945 0.03125 0.7755665838 0.5225099613 0.03125 0.8773918222 0.5080006925 0.03125 0.9607520826 0.5005070505 0.03125 1 3 1 1 1 1 500 0.0004
-1.56328683 79.4 61.44549942 33.10639954 60.07229996 125.7001523 33.32549318 21.9920037 0.9497752587 -0.2285506276 0.2137558622 0.709308453 0.09631802091 -0.69828673 0.9497752587 0.2285506276 -0.2137558622 0 -0.2285506276 0.9732095332 0.02505623981 0 0.2137558622 0.02505623981 0.9765657255 0 0 0 0 1 1 0 0 61.44549942 0 1 0 33.10639954 0 0 1 60.07229996 0 0 0 1 0.9497752587 -0.2285506276 0.2137558622 -0 0.2285506276 0.9732095332 0.02505623981 -0 -0.2137558622 0.02505623981 0.9765657255 -0 0 0 0 1 32 2.05179328 0.9508464224 0.03125 2.225334551 0.9569883113 0.03125 2.363877194 0.9699334502 0.03125 2.467527621 0.9895745257 0.03125 2.523978178 1.015479694 0.03125 2.535479523 1.045996821 0.03125 2.50396741 1.079982294 0.03125 2.433265077 1.114970003 0.03125 2.335686309 1.149641087 0.03125 2.215104629 1.181840495 0.03125 2.082991787 1.210508548 0.03125 1.942335674 1.234214573 0.03125 1.799468249 1.252244813 0.03125 1.656326753 1.263746401 0.03125 1.515158381 1.268194154 0.03125 1.375891098 1.264433522 0.03125 0.2437635344 0.7596345049 0.03125 0.1118903931 0.7524549252 0.03125 -0.0113102061 0.7430922973 0.03125 -0.1273280335 0.7308788048 0.03125 -0.2313131675 0.7156867816 0.03125 -0.3239903221 0.6976350784 0.03125 -0.3783914905 0.6767266222 0.03125 -0.3959345209 0.653560037 0.03125 -0.3484271063 0.6284884925 0.03125 -0.2379507802 0.6029085887 0.03125 -0.08235029764 0.5776591496 0.03125 0.1166810198 0.5543913033 0.03125 0.3213228531 0.5340890825 0.03125 0.5308620581 0.5178353189 0.03125 0.727401723 0.5064103748 0.03125 0.9106857862 0.5004228809 0.03125 1 3 1 1 1 1 500 0.0004
-1.612771319 79.4 61.44549942 33.10639954 60.07229996 124.1097628 33.61528001 21.81463193 0.9379007753 -0.2156499234 0.271730098 0.6460364411 0.1426494732 -0.7498586831 0.9379007753 0.2156499234 -0.271730098 0 -0.2156499234 0.9760024403 0.0302381709 0 0.271730098 0.0302381709 0.961898335 0 0 0 0 1 1 0 0 61.44549942 0 1 0 33.10639954 0 0 1 60.07229996 0 0 0 1 0.9379007753 -0.2156499234 0.271730098 -0 0.2156499234 0.9760024403 0.0302381709 -0 -0.271730098 0.0302381709 0.961898335 -0 0 0 0 1 32 2.042059812 0.9491152876 0.03125 2.205323041 0.9542217547 0.03125 2.339778197 0.9651241305 0.03125 2.444982388 0.9819269543 0.03125 2.513053356 1.004463024 0.03125 2.545390799 1.031404266 0.03125 2.543666899 1.061843484 0.03125 2.510738739 1.0934757 0.03125 2.455531934 1.125103098 0.03125 2.380979255 1.154631144 0.03125 2.294179491 1.1810462 0.03125 2.197311134 1.202987666 0.03125 2.093029644 1.219744563 0.03125 1.982754245 1.230553186 0.03125 1.867239298 1.234909508 0.03125 1.746211828 1.231680787 0.03125 0.6264463017 0.7271995731 0.03125 0.500989302 0.7191563077 0.03125 0.3787950297 0.7087335816 0.03125 0.258437604 0.6955180414 0.03125 0.1419646771 0.6796673949 0.03125 0.02872828512 0.6618056115 0.03125 -0.0700381296 0.6422124929 0.03125 -0.1551252629 0.62163194 0.03125 -0.1934539645 0.6004135363 0.03125 -0.185967646 0.5795116718 0.03125 -0.1018171852 0.5594148476 0.03125 0.0579787399 0.5412566596 0.03125 0.2497963926 0.5256335639 0.03125 0.4731487155 0.5132588847 0.03125 0.6891559333 0.5046311469 0.03125 0.897549681 0.5001324731 0.03125 1 3 1 1 1 1 500 0.0004
-1.708894499 79.4 61.44549942 33.10639954 60.07229996 123.1552362 33.06265914 22.84725361 0.9142171428 -0.1898286926 0.3580112894 0.5984499195 0.1598421868 -0.7850529722 0.9142171428 0.1898286926 -0.3580112894 0 -0.1898286926 0.9811751072 0.03550319005 0 0.3580112894 0.03550319005 0.9330420356 0 0 0 0 1 1 0 0 61.44549942 0 1 0 33.10639954 0 0 1 60.07229996 0 0 0 1 0.9142171428 -0.1898286926 0.3580112894 -0 0.1898286926 0.9811751072 0.03550319005 -0 -0.3580112894 0.03550319005 0.9330420356 -0 0 0 0 1 32 2.060561349 0.9461081594 0.03125 2.263762925 0.9529143918 0.03125 2.43656277 0.9671661622 0.03125 2.57797777 0.9893374526 0.03125 2.678175402 1.019553235 0.03125 2.73793312 1.056815929 0.03125 2.755284091 1.100273104 0.03125 2.732878431 1.147457402 0.03125 2.677946735 1.196807207 0.03125 2.594170534 1.24523583 0.03125 2.4913422 1.291014325 0.03125 2.373099588 1.331369361 0.03125 2.246673797 1.364854994 0.03125 2.114929682 1.389527199 0.03125 1.981163818 1.404390484 0.03125 1.84563646 1.407508964 0.03125 0.7167566751 0.9054462301 0.03125 0.5830543272 0.8954968307 0.03125 0.4555189577 0.8810294177 0.03125 0.3327252091 0.8612340242 0.03125 0.222636255 0.8361821532 0.03125 0.125209818 0.8061984412 0.03125 0.06299700339 0.771605732 0.03125 0.03506839374 0.73354018 0.03125 0.06226511661 0.69283233 0.03125 0.1421101822 0.6519796207 0.03125 0.2587235317 0.6123440619 0.03125 0.4091210538 0.5769803353 0.03125 0.5563736354 0.5471227214 0.03125 0.6994603749 0.524081579 0.03125 0.8288856766 0.5084401538 0.03125 0.9445803491 0.5004984639 0.03125 1 3 1 1 1 1 500 0.0004
-1.706944555 79.4 61.44549942 33.10639954 60.07229996 121.8773661 32.70881166 23.52375591 0.8731176242 -0.2026594835 0.4433900632 0.5821473571 0.1474629154 -0.7995993642 0.8731176242 0.2026594835 -0.4433900632 0 -0.2026594835 0.9780735253 0.04797200135 0 0.4433900632 0.04797200135 0.8950440989 0 0 0 0 1 1 0 0 61.44549942 0 1 0 33.10639954 0 0 1 60.07229996 0 0 0 1 0.8731176242 -0.2026594835 0.4433900632 -0 0.2026594835 0.9780735253 0.04797200135 -0 -0.4433900632 0.04797200135 0.8950440989 -0 0 0 0 1 32 2.07139831 0.9457586624 0.03125 2.294461189 0.9485449497 0.03125 2.491962269 0.9551528282 0.03125 2.662233567 0.9663527865 0.03125 2.798131013 0.9826843971 0.03125 2.899262969 1.003914233 0.03125 2.962814015 1.029831541 0.03125 2.989791761 1.059051052 0.03125 2.983550416 1.09070371 0.03125 2.945969941 1.122841148 0.03125 2.881495188 1.154311429 0.03125 2.79228658 1.183246101 0.03125 2.68192682 1.208553324 0.03125 2.552444599 1.228853279 0.03125 2.406438224 1.243268873 0.03125 2.244400107 1.25025733 0.03125 1.075906177 0.7528485985 0.03125 0.8949629606 0.7478830815 0.03125 0.7110026799 0.7395259722 0.03125 0.523298331 0.7272097787 0.03125 0.3372910696 0.7110632865 0.03125 0.1533916054 0.691511036 0.03125 -0.006904343721 0.6689097104 0.03125 -0.1436294582 0.6442440459 0.03125 -0.2013932609 0.6181808271 0.03125 -0.1811195955 0.5925181355 0.03125 -0.08268798433 0.5680649292 0.03125 0.09252400363 0.5465057372 0.03125 0.286418698 0.5284417835 0.03125 0.4984544365 0.5145033842 0.03125 0.7038160553 0.5050051064 0.03125 0.9023487836 0.5001573578 0.03125 1 3 1 1 1 1 500 0.0004
-2.098352015 79.4 61.44549942 33.3064003 60.17230225 108.8479637 33.68747188 32.6875744 0.6756178907 -0.1979241117 0.7101876595 0.3447211434 0.2743667386 -0.8977138887 0.6756178907 0.1979241117 -0.7101876595 0 -0.1979241117 0.976621189 0.08388741995 0 0.7101876595 0.08388741995 0.6989967018 0 0 0 0 1 1 0 0 61.44549942 0 1 0 33.3064003 0 0 1 60.17230225 0 0 0 1 0.6756178907 -0.1979241117 0.7101876595 -0 0.1979241117 0.976621189 0.08388741995 -0 -0.7101876595 0.08388741995 0.6989967018 -0 0 0 0 1 32 1.935072377 0.930028609 0.03125 1.880506134 0.9493090355 0.03125 1.836679662 0.9935018765 0.03125 1.80492389 1.065398667 0.03125 1.863379575 1.16577891 0.03125 2.016272769 1.289992857 0.03125 2.306523882 1.433779463 0.03125 2.731576235 1.585534269 0.03125 3.241323598 1.738294381 0.03125 3.822705359 1.87976518 0.03125 4.38098893 2.004431246 0.03125 4.89967101 2.10509418 0.03125 5.316312939 2.179621177 0.03125 5.617287183 2.224440116 0.03125 5.753332073 2.239890928 0.03125 5.710993473 2.220700879 0.03125 4.521054899 1.691528315 0.03125 4.146617708 1.629711705 0.03125 3.656559074 1.553873605 0.03125 3.050571628 1.463883045 0.03125 2.370143556 1.362913714 0.03125 1.623263651 1.254895165 0.03125 0.8599832277 1.143060191 0.03125 0.08738973589 1.031669564 0.03125 -0.584165567 0.9238323827 0.03125 -1.151211634 0.8244649626 0.03125 -1.413255548 0.7350329337 0.03125 -1.374377845 0.6593897791 0.03125 -1.063073293 0.5966928354 0.03125 -0.4856104796 0.5489994413 0.03125 0.1035312365 0.5163026782 0.03125 0.7032661802 0.499306235 0.03125 1 3 1 1 1 1 500 0.0004
