0.8606537538 77.9 61.24549866 33.50640106 60.17230225 69.92255786 77.11938575 114.5163839 0.5321753639 0.03681064507 0.8458335288 0.003341873527 0.9633834372 0.2681066669 0.5321753639 -0.03681064507 -0.8458335288 0 0.03681064507 0.9991156211 -0.02032122338 0 0.8458335288 -0.02032122338 0.5330597428 0 0 0 0 1 1 0 0 61.24549866 0 1 0 33.50640106 0 0 1 60.17230225 0 0 0 1 0.5321753639 0.03681064507 0.8458335288 -0 -0.03681064507 0.9991156211 -0.02032122338 -0 -0.8458335288 -0.02032122338 0.5330597428 -0 0 0 0 1 32 1.847242563 0.7801656004 0.03125 2.348819577 0.5204549025 0.03125 2.731026242 0.1235811372 0.03125 2.947709763 -0.2874763153 0.03125 2.768925963 -0.6515062431 0.03125 2.154872199 -0.9302696711 0.03125 1.434461291 -1.15396601 0.03125 0.6491067353 -1.368768989 0.03125 -0.002037289385 -1.619267339 0.03125 -0.479282391 -1.925208252 0.03125 -0.6336245189 -2.273827969 0.03125 -0.429510132 -2.618871365 0.03125 0.146629315 -2.891529076 0.03125 1.068142799 -3.017440569 0.03125 2.044077182 -2.940589754 0.03125 2.839590823 -2.719074729 0.03125 2.934694699 -2.620261957 0.03125 3.169983242 -2.28738814 0.03125 3.256388394 -1.855960462 0.03125 3.081590709 -1.423343854 0.03125 2.763868353 -1.018677506 0.03125 2.348465389 -0.6645931059 0.03125 1.925555164 -0.3715495613 0.03125 1.530476208 -0.1429793248 0.03125 1.176122161 0.02451788968 0.03125 0.8881391378 0.1475064745 0.03125 0.6773646378 0.235777189 0.03125 0.558133406 0.3024055437 0.03125 0.5015876929 0.3515790912 0.03125 0.5181646648 0.38584309 0.03125 0.6052743251 0.4065245831 0.03125 0.7639401637 0.4160711277 0.03125 1 3 1 1 1 1 500 0.0004
0.848404137 77.9 61.24549866 33.50640106 60.17230225 60.60324669 76.62669732 114.9936942 0.4542728439 0.03403491037 0.8902122265 -0.09929252792 0.9822886969 0.158902202 0.4542728439 -0.03403491037 -0.8902122265 0 0.03403491037 0.9992034678 -0.02083398137 0 0.8902122265 -0.02083398137 0.4550693761 0 0 0 0 1 1 0 0 61.24549866 0 1 0 33.50640106 0 0 1 60.17230225 0 0 0 1 0.4542728439 0.03403491037 0.8902122265 -0 -0.03403491037 0.9992034678 -0.02083398137 -0 -0.8902122265 -0.02083398137 0.4550693761 -0 0 0 0 1 32 1.952471341 0.9378898368 0.03125 2.101929783 0.7696643568 0.03125 2.208738376 0.4966790223 0.03125 2.272055063 0.1866019305 0.03125 2.155108683 -0.125632325 0.03125 1.805796723 -0.4132346211 0.03125 1.471858429 -0.6889313007 0.03125 1.130042988 -0.9667194643 0.03125 0.8898110569 -1.264603667 0.03125 0.7455697325 -1.584956437 0.03125 0.7217137694 -1.9165514 0.03125 0.824691164 -2.229990052 0.03125 1.048082902 -2.489228893 0.03125 1.393711768 -2.658217486 0.03125 1.790944249 -2.707435341 0.03125 2.171502432 -2.647065986 0.03125 1.70912556 -2.902469501 0.03125 2.035979211 -2.710008693 0.03125 2.307084678 -2.422594011 0.03125 2.464373794 -2.084581736 0.03125 2.515048466 -1.714025225 0.03125 2.471525723 -1.340860886 0.03125 2.348793214 -0.9819316453 0.03125 2.16851595 -0.6568667281 0.03125 1.96064353 -0.3728175178 0.03125 1.740569507 -0.1344950551 0.03125 1.535561515 0.05886703848 0.03125 1.351336941 0.2099767165 0.03125 1.193658269 0.3224089176 0.03125 1.065069709 0.4002499205 0.03125 0.9868872333 0.4477430698 0.03125 0.957115228 0.4701115693 0.03125 1 3 1 1 1 1 500 0.0004
7.846878506 77.9 61.44549942 33.70640182 60.17230225 38.63505385 53.41659114 105.9803419 0.455701739 -0.4765703885 0.7518088786 0.5937724903 -0.4146145439 0.6895861148 0.455701739 0.4765703885 -0.7518088786 0 -0.4765703885 0.8439794849 0.2461286125 0 0.7518088786 0.2461286125 0.6117222541 0 0 0 0 1 1 0 0 61.44549942 0 1 0 33.70640182 0 0 1 60.17230225 0 0 0 1 0.455701739 -0.4765703885 0.7518088786 -0 0.4765703885 0.8439794849 0.2461286125 -0 -0.7518088786 0.2461286125 0.6117222541 -0 0 0 0 1 32 9.526586969 1.284222897 0.03125 9.862241542 1.298592124 0.03125 9.567094847 1.111743052 0.03125 8.638444572 0.6910347413 0.03125 7.446634655 0.02941614953 0.03125 6.017075203 -0.8126189989 0.03125 4.715526913 -1.791475767 0.03125 3.437579967 -2.827113286 0.03125 2.202628908 -3.891599056 0.03125 1.027276989 -4.934699292 0.03125 0.2998500157 -5.93150546 0.03125 0.2803045688 -6.846271858 0.03125 0.8907295521 -7.563375881 0.03125 2.131601623 -7.865133725 0.03125 3.408291446 -7.532277344 0.03125 4.398898264 -6.599280734 0.03125 3.988896513 -5.910305036 0.03125 4.067827184 -4.905131016 0.03125 3.973890899 -4.115242121 0.03125 3.796877652 -3.557017038 0.03125 3.902710671 -3.167275798 0.03125 4.348452176 -2.823193397 0.03125 4.800552375 -2.461402013 0.03125 5.322126419 -2.058558345 0.03125 5.803691723 -1.620618802 0.03125 6.294372715 -1.164998341 0.03125 6.402889402 -0.7154941234 0.03125 6.142237809 -0.3142062143 0.03125 5.404546985 0.02156019183 0.03125 4.210187216 0.2628683622 0.03125 2.951641711 0.4110897009 0.03125 1.65938348 0.4790763469 0.03125 1 3 1 1 1 1 500 0.0004
1.323422057 77.9 61.24549866 33.40639877 60.17230225 48.9794685 58.97409827 102.7657204 0.2274387568 -0.4507531406 0.8631878232 0.7830551661 -0.3867257744 0.4871014086 0.2274387568 0.4507531406 -0.8631878232 0 -0.4507531406 0.8344696282 0.3169890311 0 0.8631878232 0.3169890311 0.3929691286 0 0 0 0 1 1 0 0 61.24549866 0 1 0 33.40639877 0 0 1 60.17230225 0 0 0 1 0.2274387568 -0.4507531406 0.8631878232 -0 0.4507531406 0.8344696282 0.3169890311 -0 -0.8631878232 0.3169890311 0.3929691286 -0 0 0 0 1 32 6.283159303 0.7958610517 0.03125 6.870343261 0.4635763239 0.03125 7.222418856 0.2820874437 0.03125 7.266822554 0.1099608447 0.03125 7.141314013 -0.1595452962 0.03125 6.771319328 -0.5829107173 0.03125 6.272987188 -1.226129354 0.03125 5.504197878 -2.143467226 0.03125 4.367891064 -3.397655984 0.03125 2.878729583 -4.966371777 0.03125 1.24324825 -6.703381334 0.03125 -0.1134655001 -8.272011255 0.03125 -0.657113018 -9.248631529 0.03125 -0.148024272 -9.289834315 0.03125 1.173695598 -8.346395245 0.03125 2.900876224 -6.729231537 0.03125 3.566303079 -5.474450585 0.03125 4.8277808 -3.989138465 0.03125 5.622288917 -2.767592672 0.03125 5.962372019 -1.841604174 0.03125 6.047747666 -1.17245945 0.03125 6.023308981 -0.6944873434 0.03125 5.893529309 -0.3583562231 0.03125 5.775540117 -0.1225945686 0.03125 5.666924788 0.03790374065 0.03125 5.611574068 0.1553682435 0.03125 5.403565522 0.2466014329 0.03125 5.040808981 0.3234127739 0.03125 4.398197147 0.3907723857 0.03125 3.482973936 0.4410729511 0.03125 2.514756566 0.474149951 0.03125 1.517042534 0.4910892132 0.03125 1 3 1 1 1 1 500 0.0004
1.475101015 77.9 61.24549866 33.40639877 60.17230225 51.80252023 61.84095277 100.2607689 -0.9998697595 -0.01532786048 0.005051814216 0.9682307394 0.1071444207 -0.2259409399 -0.9998697595 0.01532786048 -0.005051814216 0 -0.01532786048 -0.8039182894 0.594542211 0 0.005051814216 0.594542211 0.8040485299 0 0 0 0 1 1 0 0 61.24549866 0 1 0 33.40639877 0 0 1 60.17230225 0 0 0 1 -0.9998697595 -0.01532786048 0.005051814216 -0 0.01532786048 -0.8039182894 0.594542211 -0 -0.005051814216 0.594542211 0.8040485299 -0 0 0 0 1 32 9.866293508 1.230145662 0.03125 7.928409281 1.556108927 0.03125 6.104423316 1.759998029 0.03125 4.304994887 1.777128064 0.03125 2.617923162 1.572526761 0.03125 1.020333998 1.177415982 0.03125 -0.2728747478 0.6423995734 0.03125 -1.215689145 0.09141280514 0.03125 -1.694612406 -0.3890756886 0.03125 -1.667120067 -0.6969879959 0.03125 -1.212263214 -0.8009630846 0.03125 -0.3348932494 -0.697590561 0.03125 0.7448635202 -0.4313697511 0.03125 1.998060239 -0.06675442495 0.03125 3.196761646 0.3287071174 0.03125 4.322703039 0.6947368082 0.03125 4.277888917 0.4229451815 0.03125 5.090110725 0.485579706 0.03125 5.681549461 0.4587603793 0.03125 6.062004393 0.3700061419 0.03125 6.220358995 0.2521946398 0.03125 6.161838917 0.139443661 0.03125 5.930359076 0.05741792249 0.03125 5.528550396 0.02035196386 0.03125 5.045951965 0.03114431119 0.03125 4.483291218 0.08113828335 0.03125 3.912265603 0.1582729714 0.03125 3.331786594 0.2474884154 0.03125 2.766093972 0.3356950994 0.03125 2.212626706 0.411428721 0.03125 1.70205594 0.4662675585 0.03125 1.228365186 0.4950310854 0.03125 1 3 1 1 1 1 500 0.0004
-4.369749484 77.9 61.44549942 33.10639954 60.07229996 51.30300661 69.93083122 93.95942306 -0.9969614225 -0.07717584099 0.01057410288 0.6702210019 0.689514942 0.274541351 -0.9969614225 0.07717584099 -0.01057410288 0 -0.07717584099 -0.9601640556 0.2685681958 0 0.01057410288 0.2685681958 0.9632026332 0 0 0 0 1 1 0 0 61.44549942 0 1 0 33.10639954 0 0 1 60.07229996 0 0 0 1 -0.9969614225 -0.07717584099 0.01057410288 -0 0.07717584099 -0.9601640556 0.2685681958 -0 -0.01057410288 0.2685681958 0.9632026332 -0 0 0 0 1 32 2.582276995 0.8525974894 0.03125 2.776694271 0.8295974459 0.03125 2.94654131 0.8051071079 0.03125 3.090049737 0.779353359 0.03125 3.213786029 0.7526506723 0.03125 3.316871626 0.726111285 0.03125 3.404827091 0.700540353 0.03125 3.477204367 0.6778605395 0.03125 3.533001422 0.6591503296 0.03125 3.571946517 0.6462524211 0.03125 3.589846293 0.6400426456 0.03125 3.586765949 0.641562201 0.03125 3.560266606 0.6511392024 0.03125 3.511067065 0.6688350368 0.03125 3.440725088 0.6943553728 0.03125 3.3507152 0.7269447094 0.03125 2.252394315 0.2552007767 0.03125 2.156159956 0.2758045812 0.03125 2.061828483 0.2978517216 0.03125 1.970501492 0.3206874158 0.03125 1.882261243 0.343911186 0.03125 1.798209586 0.3668468322 0.03125 1.716000419 0.3891227889 0.03125 1.636602608 0.4101418589 0.03125 1.557091374 0.4295996276 0.03125 1.478243905 0.4470586909 0.03125 1.398538348 0.4622917129 0.03125 1.31859924 0.4750342097 0.03125 1.239606944 0.4851516728 0.03125 1.162142382 0.4925580642 0.03125 1.092486574 0.4972731836 0.03125 1.031498512 0.4996062251 0.03125 1 3 1 1 1 1 500 0.0004
1.087088657 77.9 60.94549942 33.70640182 60.07229996 65.21928676 76.75061073 87.07796001 0.5221124552 -0.2145646777 0.8254456876 0.9371424626 0.3047061071 -0.1700535007 0.5221124552 0.2145646777 -0.8254456876 0 -0.2145646777 0.9697538768 0.1163590031 0 0.8254456876 0.1163590031 0.5523585785 0 0 0 0 1 1 0 0 60.94549942 0 1 0 33.70640182 0 0 1 60.07229996 0 0 0 1 0.5221124552 -0.2145646777 0.8254456876 -0 0.2145646777 0.9697538768 0.1163590031 -0 -0.8254456876 0.1163590031 0.5523585785 -0 0 0 0 1 32 8.21074646 0.9542756593 0.03125 8.454037472 0.6596051609 0.03125 8.242075737 0.150229121 0.03125 7.560642658 -0.5182183709 0.03125 6.525908575 -1.298225886 0.03125 5.175539279 -2.096504304 0.03125 3.799558133 -2.891732525 0.03125 2.455045955 -3.642008748 0.03125 1.258827561 -4.337689467 0.03125 0.2987345859 -4.93956573 0.03125 -0.2151605612 -5.406712241 0.03125 -0.1579438418 -5.672693597 0.03125 0.5891696333 -5.664957594 0.03125 1.951179898 -5.338344512 0.03125 3.469380241 -4.676926885 0.03125 4.882612179 -3.764041268 0.03125 5.002623025 -3.313824963 0.03125 5.716365753 -2.492207475 0.03125 5.984230545 -1.716334959 0.03125 5.831834005 -1.059871636 0.03125 5.396129134 -0.5531394641 0.03125 4.79353059 -0.1973035897 0.03125 4.214406811 0.02846501325 0.03125 3.751783254 0.1669027582 0.03125 3.354664606 0.2474160259 0.03125 3.051893057 0.3005434309 0.03125 2.762129899 0.3413899577 0.03125 2.48645532 0.3793267225 0.03125 2.187120047 0.4162113005 0.03125 1.862768757 0.4498789845 0.03125 1.522518139 0.4763562747 0.03125 1.174756498 0.4917835621 0.03125 1 3 1 1 1 1 500 0.0004
-1.941321488 77.9 61.24549866 33.50640106 60.17230225 88.27125265 58.8655588 85.31912489 0.4605545609 -0.01061267068 0.887567951 0.2938593775 0.3259349167 -0.898561682 0.4605545609 0.01061267068 -0.887567951 0 -0.01061267068 0.9999228863 0.00644923964 0 0.887567951 0.00644923964 0.4606316746 0 0 0 0 1 1 0 0 61.24549866 0 1 0 33.50640106 0 0 1 60.17230225 0 0 0 1 0.4605545609 -0.01061267068 0.887567951 -0 0.01061267068 0.9999228863 0.00644923964 -0 -0.887567951 0.00644923964 0.4606316746 -0 0 0 0 1 32 -0.9658341947 0.9103100865 0.03125 -2.389221831 0.9630511015 0.03125 -3.399859263 1.141658958 0.03125 -3.959382113 1.495622212 0.03125 -3.857740001 2.005414142 0.03125 -3.202117996 2.534716868 0.03125 -2.253268088 2.97031043 0.03125 -1.114817407 3.205635456 0.03125 0.06436868032 3.213583068 0.03125 1.245320958 3.01782085 0.03125 2.336220345 2.675715164 0.03125 3.313628649 2.262693097 0.03125 4.117814951 1.854575916 0.03125 4.741953593 1.505975318 0.03125 5.220437425 1.260184202 0.03125 5.52559316 1.090801493 0.03125 4.875686798 0.5914719232 0.03125 5.030960781 0.5667477786 0.03125 5.162053282 0.5926075067 0.03125 5.250813504 0.6239210407 0.03125 5.265145697 0.6505188005 0.03125 5.22099979 0.658413605 0.03125 5.06998668 0.646463096 0.03125 4.822151166 0.6190977665 0.03125 4.476605133 0.5825331229 0.03125 4.040243683 0.5476864886 0.03125 3.562355776 0.5185853228 0.03125 3.047500252 0.498566424 0.03125 2.52465794 0.4868653673 0.03125 2.00054021 0.4816617039 0.03125 1.543156667 0.4802820007 0.03125 1.171845799 0.4805543444 0.03125 1 3 1 1 1 1 500 0.0004
-1.959583394 77.9 60.94549942 33.3064003 60.17230225 91.52622295 62.47045865 87.44006377 0.4991681174 0.06873439063 0.8637747242 0.3910855451 0.432507086 -0.8123975117 0.4991681174 -0.06873439063 -0.8637747242 0 0.06873439063 0.9968486413 -0.03960264937 0 0.8637747242 -0.03960264937 0.5023194761 0 0 0 0 1 1 0 0 60.94549942 0 1 0 33.3064003 0 0 1 60.17230225 0 0 0 1 0.4991681174 0.06873439063 0.8637747242 -0 -0.06873439063 0.9968486413 -0.03960264937 -0 -0.8637747242 -0.03960264937 0.5023194761 -0 0 0 0 1 32 -0.5042579337 0.9267293281 0.03125 -1.886816458 0.9520014604 0.03125 -2.921881321 1.036805678 0.03125 -3.554694202 1.27812134 0.03125 -3.588838515 1.692632105 0.03125 -3.089771224 2.176556407 0.03125 -2.30845995 2.620570982 0.03125 -1.316242682 2.911636891 0.03125 -0.2511774355 3.006134371 0.03125 0.8501656769 2.910043001 0.03125 1.899233084 2.664741663 0.03125 2.86964375 2.332294696 0.03125 3.685506373 1.97796935 0.03125 4.332270131 1.654775202 0.03125 4.834667895 1.404538042 0.03125 5.159839545 1.212068399 0.03125 4.519630489 0.6785876383 0.03125 4.681238101 0.6271870179 0.03125 4.810391593 0.6221275093 0.03125 4.88665246 0.6256617403 0.03125 4.880731021 0.6300831556 0.03125 4.80778002 0.6247462855 0.03125 4.624081542 0.6087368741 0.03125 4.341610076 0.5846630364 0.03125 3.978119227 0.5564174331 0.03125 3.542454396 0.5308434739 0.03125 3.098169506 0.5099364612 0.03125 2.648838678 0.4955820775 0.03125 2.206243096 0.4869958999 0.03125 1.774671774 0.4829666074 0.03125 1.409261975 0.4817129025 0.03125 1.125041047 0.4817027329 0.03125 1 3 1 1 1 1 500 0.0004
-2.036059897 77.9 61.44549942 33.40639877 60.17230225 93.97648703 64.94064289 88.42103021 0.4711397021 0.07247824428 0.8790758131 0.4638905637 0.5065774611 -0.7267632495 0.4711397021 -0.07247824428 -0.8790758131 0 0.07247824428 0.9964292338 -0.0433091918 0 0.8790758131 -0.0433091918 0.4747104683 0 0 0 0 1 1 0 0 61.44549942 0 1 0 33.40639877 0 0 1 60.17230225 0 0 0 1 0.4711397021 0.07247824428 0.8790758131 -0 -0.07247824428 0.9964292338 -0.0433091918 -0 -0.8790758131 -0.0433091918 0.4747104683 -0 0 0 0 1 32 -0.3728174353 0.9232558093 0.03125 -1.69464136 0.964278794 0.03125 -2.662216496 1.090841589 0.03125 -3.202812025 1.429871267 0.03125 -3.163010081 1.988368009 0.03125 -2.624422297 2.606661985 0.03125 -1.822042116 3.13684439 0.03125 -0.861860093 3.446386184 0.03125 0.138620736 3.499836243 0.03125 1.127644673 3.323480862 0.03125 2.023297598 2.978522655 0.03125 2.799722762 2.545104776 0.03125 3.44236421 2.102975823 0.03125 3.952619109 1.710061822 0.03125 4.40328486 1.410222905 0.03125 4.757709669 1.16930803 0.03125 4.235695186 0.627442658 0.03125 4.469434166 0.5414303733 0.03125 4.645142272 0.5086760027 0.03125 4.72206077 0.4902479603 0.03125 4.673591418 0.4811101688 0.03125 4.513615811 0.4745533528 0.03125 4.226389578 0.4694033677 0.03125 3.829835855 0.4657286325 0.03125 3.388198799 0.4632796169 0.03125 2.914902122 0.4632853273 0.03125 2.48303753 0.46443022 0.03125 2.094976862 0.4664957933 0.03125 1.742511163 0.4686530543 0.03125 1.427068545 0.470758414 0.03125 1.188366471 0.4724498045 0.03125 1.039173094 0.473296486 0.03125 1 3 1 1 1 1 500 0.0004
-1.879005152 77.9 61.04550171 33.40639877 60.17230225 95.69906329 68.34509882 92.54466811 0.614939514 0.1092114169 0.7809751984 0.5305524145 0.6545906797 -0.538539857 0.614939514 -0.1092114169 -0.7809751984 0 0.1092114169 0.9926145014 -0.05281399533 0 0.7809751984 -0.05281399533 0.6223250126 0 0 0 0 1 1 0 0 61.04550171 0 1 0 33.40639877 0 0 1 60.17230225 0 0 0 1 0.614939514 0.1092114169 0.7809751984 -0 -0.1092114169 0.9926145014 -0.05281399533 -0 -0.7809751984 -0.05281399533 0.6223250126 -0 0 0 0 1 32 -2.441284664 0.897885675 0.03125 -3.06137225 0.984379597 0.03125 -3.370274216 1.204897597 0.03125 -3.346585119 1.580233242 0.03125 -2.923666119 2.070459784 0.03125 -2.201368847 2.538983722 0.03125 -1.349031238 2.894176985 0.03125 -0.4466589949 3.064886104 0.03125 0.4287898828 3.042551201 0.03125 1.252565556 2.853574561 0.03125 1.990074615 2.543949504 0.03125 2.631920621 2.169836134 0.03125 3.187758211 1.786942137 0.03125 3.658415217 1.438668955 0.03125 4.058192847 1.160551851 0.03125 4.336262559 0.9274920292 0.03125 3.754293478 0.3968641663 0.03125 3.885093644 0.3053264979 0.03125 3.991436598 0.2779979992 0.03125 4.024287155 0.2727017012 0.03125 3.963368372 0.2835627377 0.03125 3.819540079 0.3014314027 0.03125 3.555507076 0.3235373786 0.03125 3.185608626 0.347831603 0.03125 2.765987293 0.3727594121 0.03125 2.309543021 0.3974647231 0.03125 1.917936623 0.4197568329 0.03125 1.596009096 0.4381722701 0.03125 1.336141928 0.4518676672 0.03125 1.139539204 0.4611212121 0.03125 1.015928731 0.4664744731 0.03125 0.9703723335 0.4688344296 0.03125 1 3 1 1 1 1 500 0.0004
-1.248205038 77.9 61.54550171 32.8064003 60.17230225 98.35168125 68.75135738 90.95625937 0.3593589246 0.2315600412 0.9040138885 0.5639360356 0.6882156728 -0.4564376578 0.3593589246 -0.2315600412 -0.9040138885 0 0.2315600412 0.9605548971 -0.1539942759 0 0.9040138885 -0.1539942759 0.3988040275 0 0 0 0 1 1 0 0 61.54550171 0 1 0 32.8064003 0 0 1 60.17230225 0 0 0 1 0.3593589246 0.2315600412 0.9040138885 -0 -0.2315600412 0.9605548971 -0.1539942759 -0 -0.9040138885 -0.1539942759 0.3988040275 -0 0 0 0 1 32 1.023469504 0.9464809812 0.03125 0.1060628261 0.9358337388 0.03125 -0.697089087 0.9155979613 0.03125 -1.364861396 0.8974331977 0.03125 -1.694828915 0.8855418498 0.03125 -1.690624451 0.8758921029 0.03125 -1.392330313 0.8582102145 0.03125 -0.8131353579 0.8225840817 0.03125 -0.09058468908 0.7636963922 0.03125 0.7575678863 0.6830277697 0.03125 1.617761534 0.5864670774 0.03125 2.471418156 0.4836356073 0.03125 3.251484136 0.3856638518 0.03125 3.942775711 0.3033681653 0.03125 4.513630252 0.2470623232 0.03125 4.937387871 0.2145296751 0.03125 4.277520889 -0.2543968011 0.03125 4.424216967 -0.2371157445 0.03125 4.429170873 -0.1905797586 0.03125 4.279565211 -0.1270196956 0.03125 3.973489755 -0.0495800705 0.03125 3.521849355 0.03511726898 0.03125 2.98365995 0.1221562368 0.03125 2.372681951 0.2052472417 0.03125 1.80005554 0.2805078227 0.03125 1.276510078 0.3443097385 0.03125 0.9072840517 0.3954488323 0.03125 0.6965699667 0.4336375028 0.03125 0.609112143 0.4601976695 0.03125 0.6460963695 0.4772441003 0.03125 0.7440595211 0.4867505867 0.03125 0.9069223277 0.4909956871 0.03125 1 3 1 1 1 1 500 0.0004
-0.9843455496 77.9 61.44549942 33.40639877 60.17230225 99.74957068 69.19963483 90.29262964 0.3395215161 0.1315454909 0.9313543493 0.5310874601 0.7290082015 -0.4318485289 0.3395215161 -0.1315454909 -0.9313543493 0 0.1315454909 0.987081793 -0.0914621106 0 0.9313543493 -0.0914621106 0.3524397231 0 0 0 0 1 1 0 0 61.44549942 0 1 0 33.40639877 0 0 1 60.17230225 0 0 0 1 0.3395215161 0.1315454909 0.9313543493 -0 -0.1315454909 0.987081793 -0.0914621106 -0 -0.9313543493 -0.0914621106 0.3524397231 -0 0 0 0 1 32 1.526510674 0.9408924999 0.03125 0.6633156452 0.8853309181 0.03125 -0.09411978295 0.8118591923 0.03125 -0.7302550151 0.7391638674 0.03125 -1.059854958 0.675274979 0.03125 -1.09265848 0.6209944013 0.03125 -0.8516774752 0.5656334485 0.03125 -0.3507609757 0.4998896767 0.03125 0.2808856387 0.4179563817 0.03125 1.029411819 0.3216172749 0.03125 1.789802378 0.2175817678 0.03125 2.547126807 0.1164825837 0.03125 3.243520059 0.03077465886 0.03125 3.866373935 -0.02834853458 0.03125 4.383649523 -0.05031743532 0.03125 4.775262332 -0.03741167572 0.03125 4.078533581 -0.4717805308 0.03125 4.220147919 -0.4168102118 0.03125 4.218515158 -0.3346987497 0.03125 4.06540239 -0.2381778375 0.03125 3.759510233 -0.1318449668 0.03125 3.310382934 -0.02339935735 0.03125 2.781487481 0.08211709973 0.03125 2.184283725 0.1790510706 0.03125 1.627299388 0.2642180547 0.03125 1.11961514 0.3350352389 0.03125 0.7620065979 0.3909487137 0.03125 0.5585016969 0.4323314351 0.03125 0.4892337976 0.4608403646 0.03125 0.5554994943 0.4789675395 0.03125 0.6883954494 0.4888970261 0.03125 0.8899374548 0.4933110557 0.03125 1 3 1 1 1 1 500 0.0004
-0.9921237046 77.9 61.44549942 33.40639877 60.17230225 99.18205442 68.66643715 87.49287799 0.3528626553 0.1270959565 0.9270030013 0.5009119566 0.7090469289 -0.4963261674 0.3528626553 -0.1270959565 -0.9270030013 0 0.1270959565 0.9880598506 -0.08708817019 0 0.9270030013 -0.08708817019 0.3648028046 0 0 0 0 1 1 0 0 61.44549942 0 1 0 33.40639877 0 0 1 60.17230225 0 0 0 1 0.3528626553 0.1270959565 0.9270030013 -0 -0.1270959565 0.9880598506 -0.08708817019 -0 -0.9270030013 -0.08708817019 0.3648028046 -0 0 0 0 1 32 1.527743695 0.9670992051 0.03125 0.5897061723 0.9561109324 0.03125 -0.2310261168 0.9095056269 0.03125 -0.9193569382 0.8473012586 0.03125 -1.265209658 0.7807950358 0.03125 -1.277681801 0.7149264759 0.03125 -0.9877295298 0.643163712 0.03125 -0.4095352435 0.5595053247 0.03125 0.3052306573 0.4599050421 0.03125 1.141103543 0.3469268817 0.03125 1.978547529 0.2272291403 0.03125 2.801461347 0.1110281442 0.03125 3.550431416 0.01024217408 0.03125 4.21164974 -0.06388334622 0.03125 4.749908204 -0.1006646151 0.03125 5.143197921 -0.1011894688 0.03125 4.42934806 -0.5438208515 0.03125 4.534419776 -0.4926111216 0.03125 4.489228968 -0.4103698709 0.03125 4.285440664 -0.3099185129 0.03125 3.930497889 -0.1963684791 0.03125 3.434723746 -0.07840792098 0.03125 2.861068704 0.03788439988 0.03125 2.221802687 0.1455731524 0.03125 1.626017544 0.2406497337 0.03125 1.083425608 0.3196028884 0.03125 0.7025087241 0.3816838546 0.03125 0.4876210621 0.4271910452 0.03125 0.4158384818 0.4581808331 0.03125 0.4887778795 0.4777132812 0.03125 0.6406431614 0.4883539756 0.03125 0.87435599 0.4930492197 0.03125 1 3 1 1 1 1 500 0.0004
-0.8479101143 77.9 61.44549942 33.40639877 60.17230225 96.74880832 67.55729508 86.69765855 0.343740172 0.04927492815 0.9377711211 0.4030625084 0.7291900748 -0.55301216 0.343740172 -0.04927492815 -0.9377711211 0 0.04927492815 0.9981930893 -0.03438805029 0 0.9377711211 -0.03438805029 0.3455470828 0 0 0 0 1 1 0 0 61.44549942 0 1 0 33.40639877 0 0 1 60.17230225 0 0 0 1 0.343740172 0.04927492815 0.9377711211 -0 -0.04927492815 0.9981930893 -0.03438805029 -0 -0.9377711211 -0.03438805029 0.3455470828 -0 0 0 0 1 32 1.859513694 0.9478288119 0.03125 0.8606363656 0.9025823889 0.03125 -0.02944869255 0.8395126605 0.03125 -0.791046555 0.7726429579 0.03125 -1.2123476 0.707890584 0.03125 -1.295668994 0.646163769 0.03125 -1.059509982 0.5791008121 0.03125 -0.5146421973 0.4997784072 0.03125 0.1950812756 0.4040868064 0.03125 1.052520421 0.2945307515 0.03125 1.934018912 0.17822014 0.03125 2.819570434 0.06596282169 0.03125 3.638647749 -0.02949826518 0.03125 4.373560924 -0.09627447557 0.03125 4.979563974 -0.1231624818 0.03125 5.431640016 -0.111843506 0.03125 4.764183754 -0.5412564563 0.03125 4.900185753 -0.4779607273 0.03125 4.869949617 -0.3856183924 0.03125 4.666223465 -0.2780428545 0.03125 4.299755396 -0.1606934794 0.03125 3.783042161 -0.04210931272 0.03125 3.182745814 0.07196672642 0.03125 2.513324636 0.1753735775 0.03125 1.881575202 0.2647331901 0.03125 1.297926867 0.3377941694 0.03125 0.8691363913 0.3942928413 0.03125 0.5988204586 0.4352951628 0.03125 0.4881711036 0.4628771354 0.03125 0.5379446157 0.4799979219 0.03125 0.6687856966 0.489136547 0.03125 0.8838114696 0.4931234032 0.03125 1 3 1 1 1 1 500 0.0004
-1.327202884 77.9 61.44549942 33.40639877 60.17230225 112.2074851 65.27478415 72.62798691 0.6048255803 0.08503428898 0.7918050184 0.5165304926 0.6817366687 -0.5181036235 0.6048255803 -0.08503428898 -0.7918050184 0 0.08503428898 0.9954943201 -0.04195507448 0 0.7918050184 -0.04195507448 0.6093312601 0 0 0 0 1 1 0 0 61.44549942 0 1 0 33.40639877 0 0 1 60.17230225 0 0 0 1 0.6048255803 0.08503428898 0.7918050184 -0 -0.08503428898 0.9954943201 -0.04195507448 -0 -0.7918050184 -0.04195507448 0.6093312601 -0 0 0 0 1 32 1.700190066 0.9440316314 0.03125 1.035264945 0.9449751709 0.03125 0.4095151141 0.945958917 0.03125 -0.1625519983 0.9457379796 0.03125 -0.5253836068 0.942903078 0.03125 -0.6732338425 0.9368691078 0.03125 -0.553192002 0.9265469848 0.03125 -0.168173019 0.911703433 0.03125 0.3920680807 0.8930062562 0.03125 1.115966869 0.8715060314 0.03125 1.873169371 0.8501112408 0.03125 2.648472491 0.8314784036 0.03125 3.374916109 0.819696413 0.03125 4.037695241 0.8179972542 0.03125 4.593657942 0.8296795239 0.03125 5.014822515 0.8475399248 0.03125 4.328620406 0.402663797 0.03125 4.428243553 0.42649563 0.03125 4.349756482 0.4593720265 0.03125 4.079704326 0.4902081031 0.03125 3.645800788 0.5168201627 0.03125 3.056269774 0.5371762612 0.03125 2.380395241 0.5502648913 0.03125 1.628325093 0.5558004823 0.03125 0.8958971179 0.5541167641 0.03125 0.1920113728 0.5469629992 0.03125 -0.286618557 0.5357260248 0.03125 -0.5342339016 0.5235920816 0.03125 -0.488203719 0.5118591585 0.03125 -0.146792127 0.5026433072 0.03125 0.2649405415 0.4962004489 0.03125 0.7480761625 0.4929340782 0.03125 1 3 1 1 1 1 500 0.0004
-1.478567535 77.9 61.44549942 33.40639877 60.17230225 116.0958443 65.75042414 70.71272662 0.6479960116 0.1410478053 0.7484695622 0.5776434917 0.6593032731 -0.4812974035 0.6479960116 -0.1410478053 -0.7484695622 0 0.1410478053 0.9879280755 -0.06405961444 0 0.7484695622 -0.06405961444 0.6600679361 0 0 0 0 1 1 0 0 61.44549942 0 1 0 33.40639877 0 0 1 60.17230225 0 0 0 1 0.6479960116 0.1410478053 0.7484695622 -0 -0.1410478053 0.9879280755 -0.06405961444 -0 -0.7484695622 -0.06405961444 0.6600679361 -0 0 0 0 1 32 1.732917569 0.9353412502 0.03125 1.200107165 0.9391255194 0.03125 0.6844234579 0.9470136898 0.03125 0.1987624567 0.9573089174 0.03125 -0.1469279563 0.9683959697 0.03125 -0.3482988617 0.9802089665 0.03125 -0.3428962891 0.992401097 0.03125 -0.1318620565 1.00591709 0.03125 0.2575585143 1.022363546 0.03125 0.8188773309 1.042552905 0.03125 1.456689012 1.068733358 0.03125 2.161203689 1.099881302 0.03125 2.844611443 1.136891643 0.03125 3.495578315 1.177465045 0.03125 4.063896784 1.220859677 0.03125 4.5188022 1.254194187 0.03125 3.896641869 0.8167938489 0.03125 4.053544935 0.8274307557 0.03125 4.025223807 0.8374161062 0.03125 3.792221687 0.8353205224 0.03125 3.390139647 0.8207979067 0.03125 2.825493474 0.7956078038 0.03125 2.178899705 0.7614116283 0.03125 1.459115261 0.7212590022 0.03125 0.7597822667 0.6773725625 0.03125 0.08826329041 0.6337639082 0.03125 -0.3617986416 0.5925004887 0.03125 -0.5854177627 0.5577608834 0.03125 -0.5176495109 0.5300533601 0.03125 -0.1564692088 0.5102703567 0.03125 0.2643646381 0.4976052775 0.03125 0.7456811964 0.491400649 0.03125 1 3 1 1 1 1 500 0.0004
-1.354639738 77.9 61.44549942 33.10639954 60.07229996 120.3327731 65.80666733 67.98756036 0.6938749698 0.140871126 0.7061818832 0.689807121 0.613894894 -0.3837957724 0.6938749698 -0.140871126 -0.7061818832 0 0.140871126 0.9882844516 -0.0587296222 0 0.7061818832 -0.0587296222 0.7055905182 0 0 0 0 1 1 0 0 61.44549942 0 1 0 33.10639954 0 0 1 60.07229996 0 0 0 1 0.6938749698 0.140871126 0.7061818832 -0 -0.140871126 0.9882844516 -0.0587296222 -0 -0.7061818832 -0.0587296222 0.7055905182 -0 0 0 0 1 32 1.706865433 0.9351154957 0.03125 1.172632581 0.9327227751 0.03125 0.6746808517 0.9283465866 0.03125 0.2246792241 0.9207299084 0.03125 -0.03533765636 0.9087019768 0.03125 -0.1016855117 0.8914590778 0.03125 0.06121606324 0.8685193086 0.03125 0.447980782 0.8406487352 0.03125 0.9264122834 0.8090367771 0.03125 1.486147232 0.7764485765 0.03125 2.035101576 0.7457460545 0.03125 2.564558606 0.7202645047 0.03125 3.048004126 0.7033963955 0.03125 3.477600537 0.6985536535 0.03125 3.805890259 0.7085747757 0.03125 4.004291315 0.7236314015 0.03125 3.14908751 0.2906283686 0.03125 3.075334268 0.3121183687 0.03125 2.895603597 0.3491739773 0.03125 2.590558212 0.3869868032 0.03125 2.200039322 0.4233527022 0.03125 1.729029028 0.4556170847 0.03125 1.22358025 0.4824892913 0.03125 0.688360075 0.5028780812 0.03125 0.1767357573 0.5163535739 0.03125 -0.3071418377 0.5226185083 0.03125 -0.6176811892 0.5222081634 0.03125 -0.751817032 0.516739058 0.03125 -0.611544554 0.5078461893 0.03125 -0.1985125778 0.4994822268 0.03125 0.2517871148 0.4929085005 0.03125 0.7378278324 0.4893338036 0.03125 1 3 1 1 1 1 500 0.0004
-1.362444013 77.9 61.44549942 33.10639954 60.07229996 119.7626895 65.46071245 66.67581577 0.6960922585 0.126942655 0.7066407362 0.6457270421 0.6260854687 -0.4370967547 0.6960922585 -0.126942655 -0.7066407362 0 0.126942655 0.9904990795 -0.0528879551 0 0.7066407362 -0.0528879551 0.7055931789 0 0 0 0 1 1 0 0 61.44549942 0 1 0 33.10639954 0 0 1 60.07229996 0 0 0 1 0.6960922585 0.126942655 0.7066407362 -0 -0.126942655 0.9904990795 -0.0528879551 -0 -0.7066407362 -0.0528879551 0.7055931789 -0 0 0 0 1 32 1.712797303 0.9324152051 0.03125 1.205000738 0.9317561165 0.03125 0.7292054414 0.930665198 0.03125 0.2979904145 0.9276745879 0.03125 0.04394660683 0.9214500997 0.03125 -0.02854048386 0.9109468296 0.03125 0.1137698481 0.8955381742 0.03125 0.4667978387 0.8755144521 0.03125 0.9179657601 0.851804276 0.03125 1.4574708 0.8265298728 0.03125 1.993713009 0.8022402592 0.03125 2.517758551 0.7819165931 0.03125 3.003161032 0.7687272972 0.03125 3.441988048 0.765789047 0.03125 3.790375094 0.775745902 0.03125 4.016341874 0.7870438696 0.03125 3.205808711 0.3551163437 0.03125 3.1683946 0.3715721428 0.03125 3.026595027 0.4037907503 0.03125 2.757567327 0.435779209 0.03125 2.398402186 0.4655613372 0.03125 1.953912164 0.4909572598 0.03125 1.468094011 0.5109369072 0.03125 0.9457530142 0.5247515921 0.03125 0.4343249141 0.532187334 0.03125 -0.06209432255 0.5333021023 0.03125 -0.4106060651 0.5287268162 0.03125 -0.6080382339 0.5201592581 0.03125 -0.5232996814 0.5091423198 0.03125 -0.1573744133 0.4993755525 0.03125 0.2642444926 0.4919215802 0.03125 0.7401758311 0.4879402118 0.03125 1 3 1 1 1 1 500 0.0004
-1.512468079 77.9 61.34550095 32.8064003 60.17230225 123.0247688 62.90711926 64.22366004 0.7151669662 0.19432396 0.6713973556 0.7454259028 0.5133944936 -0.4251662232 0.7151669662 -0.19432396 -0.6713973556 0 0.19432396 0.9779836003 -0.07606757558 0 0.6713973556 -0.07606757558 0.7371833658 0 0 0 0 1 1 0 0 61.34550095 0 1 0 32.8064003 0 0 1 60.17230225 0 0 0 1 0.7151669662 0.19432396 0.6713973556 -0 -0.19432396 0.9779836003 -0.07606757558 -0 -0.6713973556 -0.07606757558 0.7371833658 -0 0 0 0 1 32 1.71015933 0.9275252018 0.03125 1.197889574 0.9249114163 0.03125 0.7208430252 0.9202024564 0.03125 0.2903663254 0.912216705 0.03125 0.03976315338 0.8998926203 0.03125 -0.02789171871 0.8827996632 0.03125 0.1179919173 0.8607149386 0.03125 0.4722050342 0.8348383663 0.03125 0.9172178894 0.8065581519 0.03125 1.443389505 0.7787546855 0.03125 1.961812034 0.7542156087 0.03125 2.464542301 0.7360865387 0.03125 2.926884853 0.7274774361 0.03125 3.341803262 0.7314733776 0.03125 3.659990006 0.7505796429 0.03125 3.850548622 0.7732195577 0.03125 2.997178292 0.3510596354 0.03125 2.911851526 0.3752585517 0.03125 2.722963466 0.4155007526 0.03125 2.408669427 0.4550503823 0.03125 2.015156097 0.4914908572 0.03125 1.547550009 0.5218179753 0.03125 1.054738587 0.54482212 0.03125 0.5411730666 0.5594607121 0.03125 0.06179994177 0.5655606589 0.03125 -0.3796356748 0.5630766223 0.03125 -0.6405525219 0.5530232704 0.03125 -0.7192001445 0.5380664261 0.03125 -0.5528185299 0.5203560523 0.03125 -0.1451200401 0.5052180244 0.03125 0.2893881903 0.4941274321 0.03125 0.7488629208 0.4882994363 0.03125 1 3 1 1 1 1 500 0.0004
-1.187352657 77.9 61.44549942 33.40639877 59.97230148 122.4992117 61.88257019 66.01019681 0.6756911759 0.1292057962 0.7257735853 0.7395767299 0.4834041796 -0.468344595 0.6756911759 -0.1292057962 -0.7257735853 0 0.1292057962 0.9900374616 -0.05596147744 0 0.7257735853 -0.05596147744 0.6856537143 0 0 0 0 1 1 0 0 61.44549942 0 1 0 33.40639877 0 0 1 59.97230148 0 0 0 1 0.6756911759 0.1292057962 0.7257735853 -0 -0.1292057962 0.9900374616 -0.05596147744 -0 -0.7257735853 -0.05596147744 0.6856537143 -0 0 0 0 1 32 1.696929063 0.9378721077 0.03125 1.149806865 0.9053404948 0.03125 0.6694339972 0.8447568844 0.03125 0.2646142088 0.7594173854 0.03125 0.0544954914 0.6511758732 0.03125 0.03506337823 0.523577651 0.03125 0.233781729 0.3766131844 0.03125 0.6348104456 0.2157864065 0.03125 1.140492002 0.04357940164 0.03125 1.731526119 -0.1290504461 0.03125 2.295736411 -0.2938386717 0.03125 2.819430582 -0.436957368 0.03125 3.257446604 -0.5476900547 0.03125 3.601328238 -0.6141617955 0.03125 3.830335181 -0.6277326269 0.03125 3.920158231 -0.5920119773 0.03125 2.959178276 -0.9812244263 0.03125 2.816965745 -0.8926798172 0.03125 2.586831949 -0.7641159121 0.03125 2.253776324 -0.6136963311 0.03125 1.866256426 -0.4487192896 0.03125 1.432292808 -0.2818267691 0.03125 1.009829297 -0.1203066561 0.03125 0.6074233211 0.02575242126 0.03125 0.2679485064 0.1527727421 0.03125 -0.002552849832 0.257074559 0.03125 -0.1638777062 0.3389018158 0.03125 -0.2125233346 0.3991509089 0.03125 -0.1130632803 0.4404956626 0.03125 0.1341850988 0.4672517201 0.03125 0.4392565243 0.4821840722 0.03125 0.7993415436 0.4890600144 0.03125 1 3 1 1 1 1 500 0.0004
-1.454133109 77.9 61.44549942 33.40639877 60.17230225 122.2039626 61.47335332 67.31320632 0.6720560563 0.1860572545 0.7167449722 0.7356604545 0.4780264051 -0.4798900413 0.6720560563 -0.1860572545 -0.7167449722 0 0.1860572545 0.9792965661 -0.07975546108 0 0.7167449722 -0.07975546108 0.6927594902 0 0 0 0 1 1 0 0 61.44549942 0 1 0 33.40639877 0 0 1 60.17230225 0 0 0 1 0.6720560563 0.1860572545 0.7167449722 -0 -0.1860572545 0.9792965661 -0.07975546108 -0 -0.7167449722 -0.07975546108 0.6927594902 -0 0 0 0 1 32 1.657281963 0.9330149963 0.03125 1.014629425 0.92153844 0.03125 0.435747619 0.9012592594 0.03125 -0.06566675066 0.8728294978 0.03125 -0.3216364664 0.8361100407 0.03125 -0.3298645476 0.7907427392 0.03125 -0.1004465566 0.7352212228 0.03125 0.3575842727 0.6697973892 0.03125 0.90315209 0.5947069085 0.03125 1.523005127 0.513616528 0.03125 2.125745597 0.430282595 0.03125 2.700256819 0.3508837862 0.03125 3.205580573 0.2814401445 0.03125 3.631932292 0.2298612207 0.03125 3.937589809 0.2026659444 0.03125 4.096028183 0.1962573326 0.03125 3.187062836 -0.2470996486 0.03125 3.072131071 -0.2162367298 0.03125 2.859693019 -0.1580043195 0.03125 2.533727665 -0.08607641971 0.03125 2.134996681 -0.004191607365 0.03125 1.669999638 0.08149466679 0.03125 1.200326628 0.1667089689 0.03125 0.7331592181 0.2455511076 0.03125 0.3349648966 0.3152191752 0.03125 0.01158589721 0.3723112436 0.03125 -0.1727723994 0.4164404726 0.03125 -0.2145313039 0.4477625148 0.03125 -0.1061484153 0.4680212034 0.03125 0.1523917855 0.4804255582 0.03125 0.456995493 0.4868691574 0.03125 0.8062908357 0.4896602007 0.03125 1 3 1 1 1 1 500 0.0004
-1.512344379 77.9 61.54550171 32.8064003 60.07229996 80.69661631 50.6698953 81.11445271 0.325834063 -0.07833603622 0.9421760073 0.1640627725 0.2832212207 -0.9449175344 0.325834063 0.07833603622 -0.9421760073 0 -0.07833603622 0.9953715667 0.05566785157 0 0.9421760073 0.05566785157 0.3304624963 0 0 0 0 1 1 0 0 61.54550171 0 1 0 32.8064003 0 0 1 60.07229996 0 0 0 1 0.325834063 -0.07833603622 0.9421760073 -0 0.07833603622 0.9953715667 0.05566785157 -0 -0.9421760073 0.05566785157 0.3304624963 -0 0 0 0 1 32 -0.4600035149 0.9308147331 0.03125 -1.982638976 0.9519921876 0.03125 -3.140398777 1.06944639 0.03125 -3.871226989 1.353119628 0.03125 -3.923595935 1.789069052 0.03125 -3.365721198 2.237556664 0.03125 -2.438026762 2.578381864 0.03125 -1.217499346 2.714230047 0.03125 0.120124716 2.626004279 0.03125 1.524994931 2.349805115 0.03125 2.873762187 1.955428618 0.03125 4.124258196 1.531156619 0.03125 5.210473391 1.162555094 0.03125 6.112387498 0.896199411 0.03125 6.831346087 0.7631852075 0.03125 7.327056107 0.7071745181 0.03125 6.736787166 0.2758494554 0.03125 6.850239127 0.2915707209 0.03125 6.795471313 0.3261710897 0.03125 6.566590791 0.3537853763 0.03125 6.197638712 0.3761561938 0.03125 5.726603465 0.390194557 0.03125 5.2012495 0.3995345813 0.03125 4.650573052 0.4073246011 0.03125 4.102038485 0.4148017558 0.03125 3.564687603 0.4255347261 0.03125 3.046669447 0.4379954503 0.03125 2.547238927 0.4511915101 0.03125 2.076410911 0.4633254039 0.03125 1.637503213 0.4732356672 0.03125 1.30461801 0.4799051473 0.03125 1.090647953 0.4832241488 0.03125 1 3 1 1 1 1 500 0.0004
