30.49713762   -29.83929677   5.345065178   0.3896538665   0.8974535248   -0.2067535615   -0.3745365156   0.3595139237   0.8546766273   0.8413633358   -0.2555912939   0.4762151065   

-0.1821649257   3.113383426   -0.05663301741   0.9796894411   -0.1898229469   0.06462080042   0.1971544719   0.970655683   -0.1376868155   -0.03658843011   0.1476305991   0.9883655665   

0.3184151638   -1.261102392   0.5393554353   0.983319089   0.172842763   -0.05664758177   -0.1644788062   0.9779390844   0.1287706085   0.07765495202   -0.1173052708   0.9900551408   

-10.05791093   21.91724628   5.801024446   0.731693347   -0.6185144275   0.2864694553   0.6779855818   0.6169602207   -0.399619365   0.07043008442   0.4866209911   0.8707695529   

7.030488803   -11.73899083   1.32681867   0.8038707343   0.5864213379   -0.09950807566   -0.5299125714   0.7820621769   0.3279808198   0.2701564534   -0.2109236022   0.9394289354   

-34.02063734   27.58109005   -1.478621272   0.4893430216   -0.7182720556   0.4945994958   0.8703232271   0.4383123324   -0.2245434916   -0.05550574334   0.54034022   0.8396139346   

-1.869678442   0.711919641   0.6105745941   0.9950283654   0.08713321529   -0.04823230003   -0.08932535137   0.9949705258   -0.04532807534   0.04404013597   0.04941108786   0.997807101   

17.88010248   -23.71052387   22.23011175   -0.3237024654   0.9446392357   0.05360436769   -0.7585168924   -0.2929545889   0.5820908287   0.5655694811   0.147764418   0.8113549401   

-2.903667518   7.474494618   0.518424287   0.9292043996   -0.3492918193   0.1207245163   0.3589004175   0.9307957773   -0.06935208186   -0.08814575516   0.1077703389   0.9902605111   

-21.44325129   18.44180502   -7.149567062   0.1040615411   -0.9945493213   -0.006545469546   0.9754186268   0.1033407599   -0.1946257688   0.1942413401   0.01386848453   0.980855732   

2.975579779   -19.92499284   19.28551142   0.2119060217   0.8407820337   -0.4981780905   -0.95742228   0.07633731509   -0.2784155025   -0.1960571745   0.5359647248   0.8211597884   

-4.577621831   1.350366421   3.441380186   0.9839727416   -0.1781402042   0.007981944806   0.1767654633   0.9803185673   0.0879174476   -0.02348648076   -0.08509743978   0.996095784   

-6.981403859   1.211900053   -2.503845329   0.9310026864   -0.1396123469   -0.3372571579   0.1887372396   0.9749845077   0.1174029988   0.3124295959   -0.1729554923   0.9340632448   

-4.8037211   -0.7040404205   3.256811128   0.9611444939   0.0167996233   -0.2755340896   -0.02949503582   0.9986822945   -0.04199663623   0.2744654892   0.04849172351   0.960373494   

-4.324102835   8.193922285   -8.302050584   0.9169956573   -0.07901398654   -0.3909932919   0.1721652592   0.9625859692   0.2092543322   0.3598306379   -0.2592007753   0.896290617   

-1.232271753   -14.68190348   17.6289746   0.9920964575   0.1027228867   0.07205988923   -0.04633421131   0.8336072879   -0.5504107833   -0.1166094334   0.5427217501   0.8317784212   

10.33500502   23.6551363   -47.46474127   0.9090506566   -0.2964615879   -0.2928095467   0.01780687366   -0.6744296898   0.7381243179   -0.4163049591   -0.6762064185   -0.6078116983   

-18.7988636   -27.86844093   49.65036626   0.976430145   -5.245012481e-05   0.2158336609   0.1989041085   -0.3880125099   -0.8999352464   0.08379336221   0.9216541051   -0.3788566788   

-4.559932424   2.077899891   -1.485685172   0.9635586183   0.03563081759   -0.2651136245   0.01468203165   0.9825505915   0.1854151371   0.2670940415   -0.18255076   0.9462219576   

0.853012445   8.159167771   -8.300643271   0.9824052681   0.1782564074   -0.05571842029   -0.1352265248   0.8847024198   0.4461114383   0.1288164436   -0.4307276188   0.8932413124   

13.9056068   16.39041916   -16.87125179   0.9563794473   0.2598075942   0.1335603488   -0.2901898732   0.8974970844   0.3320976077   -0.03358854316   -0.3563691872   0.9337412983   

21.61233762   -35.88438781   16.73699746   0.6424470809   0.6719023217   -0.3685227514   0.118353737   -0.5621180442   -0.8185448658   -0.757135484   0.4822557148   -0.4406532473   

7.291396559   -13.87201362   6.388054093   0.9840542486   0.1766487061   0.02079592366   -0.1667611499   0.9569439902   -0.2375898115   -0.06187046694   0.2303333113   0.9711429406   

-4.315246456   33.26099201   -13.55679367   0.8071495279   0.5573374311   0.1946397378   0.3833301179   -0.7455427914   0.5451825079   0.4489628718   -0.3654325302   -0.8154087353   

10.65370327   10.33316182   -7.72450829   0.9351324586   0.354296603   0.001096329845   -0.2402379819   0.6318050553   0.7369586719   0.2604092873   -0.6894173548   0.6759369156   

-0.3760666204   -11.05058868   -4.457888526   0.9112097863   0.3854063991   -0.1454600732   -0.3586224298   0.9159148076   0.1802498765   0.2026984908   -0.1120802066   0.9728059154   

8.149423442   -14.31132482   0.9893999931   0.6642972425   0.7471427548   -0.02206530052   -0.6198810373   0.5671620021   0.5422866059   0.4176801087   -0.3465616356   0.83990378   

-1.803822012   23.28391183   0.03149759077   0.2542427247   -0.4615217354   0.8499166575   0.9557437035   0.2544085047   -0.1477507561   -0.1480358406   0.8498670487   0.5057780041   

-2.309028449   -53.60115318   13.21537503   0.5649471156   -0.3450838666   -0.7495010885   0.02449634235   -0.900931402   0.4332695905   -0.824763412   -0.2631344407   -0.5005253044   

2.906064703   -1.215109021   2.06255255   0.9965135438   -0.08263685672   0.0114850782   0.08136941605   0.993049134   0.08504372774   -0.0184329933   -0.0838126924   0.9963110244   

-4.389438445   13.61340462   -1.791087217   0.9804605501   0.1915871974   -0.0446257272   -0.1887639889   0.9801460835   0.06067793222   0.05536484672   -0.05106858853   0.9971593318   

2.320183262   5.938799096   -4.310786607   0.9930911982   -0.1095494597   0.04205696165   0.104752118   0.9891489886   0.1030110293   -0.05288540368   -0.09789379068   0.9937906922   

-23.68439689   40.74705191   -32.6878004   -0.9072732049   0.4189899208   0.03609401441   -0.2684559029   -0.6430922506   0.717191596   0.323707831   0.6409990666   0.6959406848   

6.959882467   0.4996605675   -2.781735537   0.9657976226   0.2337718106   -0.1121859737   -0.2219017928   0.9689782191   0.1088154641   0.1341437531   -0.0801994478   0.9877112443   

8.517910515   0.6232323344   -0.8971336168   0.7381341911   0.5999241945   -0.3086241676   -0.6124310131   0.7877235081   0.06648254674   0.2829950003   0.1399379708   0.9488578366   

13.25671489   -25.57731075   29.12651586   0.008065543535   0.2931622835   -0.9560286724   -0.9598361782   0.2704006991   0.07481960321   0.2804451071   0.9170274464   0.2835686944   

-16.8911839   18.03834844   -25.76268134   0.1451673829   -0.921274779   -0.360803565   0.1979157976   -0.3302572154   0.92290818   -0.9694100103   -0.2053848905   0.1343922571   

17.27204019   -16.07466814   23.62112436   -0.1781891387   0.373984093   -0.9101563212   -0.9400020123   -0.3381782116   0.04507453964   -0.2909378761   0.8635805668   0.4118054842   

-1.34008516   3.216127813   -1.30857855   0.9898191396   -0.1320229331   0.05317909375   0.127144517   0.9881019038   0.08653842772   -0.06397142084   -0.07889596188   0.9948281683   

-1.065423958   2.046909395   -0.2607529154   0.999236465   -0.0277033676   0.02755014299   0.02742829811   0.9995705765   0.01031266806   -0.02782400794   -0.009549140441   0.9995672256   

-19.64902698   16.52310177   -19.21571693   0.06120614458   -0.9210288109   -0.3846553487   0.5853522806   -0.2790280404   0.7612529542   -0.8084655314   -0.271752244   0.5220480844   

-0.3874798694   1.289701257   -5.106096049   0.9864580044   -0.1586337649   0.04166454286   0.1419558018   0.9530234836   0.2675720278   -0.08215324593   -0.258034045   0.9626366271   

4.098372122   1.732727068   -1.958396604   0.9784867026   0.1859283329   -0.08941156459   -0.1811591397   0.9816910804   0.05885566113   0.09871747039   -0.04139175967   0.994254285   

2.353496451   -5.00331983   -1.357932256   0.9942595322   0.1069562685   0.002887764643   -0.1040901967   0.9606653078   0.2574633904   0.0247631482   -0.2562860181   0.9662837386   

24.58645489   -11.12444317   27.59069023   0.6523304235   0.3432949713   -0.6757318856   -0.580348919   0.7996768084   -0.1539874488   0.4875040007   0.492610967   0.7208843766   

-0.3285504205   -30.45623984   11.52535245   -0.02166840653   0.8234635903   -0.5669551972   -0.9791653082   0.09704547745   0.1783745342   0.2019053722   0.5590079523   0.8042041593   

-4.75183278   14.53686266   -4.220840452   0.9856625486   -0.1661109276   0.0296057422   0.1624267305   0.9816344325   0.1000569744   -0.04568257277   -0.09381364844   0.9945411514   

0.7517225361   3.048594335   -6.797630312   0.9764115011   -0.1862921423   0.1091596   0.1834460056   0.9823831651   0.03564940455   -0.1138777573   -0.01478359601   0.9933847702   

-2.911852866   4.644016766   -2.868896503   0.9925387842   -0.1112751773   0.04984573035   0.1099007784   0.9935040324   0.02952213571   -0.05280701499   -0.02382378012   0.998320513   

4.039958029   -3.230581139   1.342407232   0.9998700676   -0.006157607618   0.01489737581   0.006235708199   0.999967028   -0.005201814738   -0.01486485388   0.005294034543   0.9998754969   

11.92917059   -4.453122726   4.193008545   0.9036157757   -0.3948377886   0.1660772427   0.3786317661   0.917560534   0.1213286947   -0.200291077   -0.04675240283   0.9786203029   

-3.468801295   0.238883899   0.1011328014   0.9697985921   0.2005424025   -0.1388287992   -0.20627836   0.9780900231   -0.02809172174   0.1301534821   0.05588068923   0.9899178853   

-14.80280942   7.185415744   -9.935229965   0.9614062217   0.2591490545   -0.09241127881   -0.2659017714   0.9614447667   -0.07014419842   0.07067053769   0.09200939151   0.9932471732   

-7.379743933   2.758512391   8.553068303   0.9413177926   0.2384009822   -0.2389263173   -0.2271786187   0.971046862   0.0738773777   0.2496210901   -0.01526313937   0.9682232945   

0.4396362623   15.84142995   -4.14177579   -0.4703958703   -0.8822381364   0.01958560392   0.4074647237   -0.197460126   0.8916176297   -0.7827517002   0.4273936936   0.4523653463   

-13.95227657   6.220585702   -22.2083078   0.9410662613   -0.3047353514   0.1467332866   0.3034755963   0.9523200037   0.03145111946   -0.149321312   0.01493238426   0.988675968   

6.83431383   -54.323679   23.68527935   -0.7422203794   -0.4089645271   -0.530901991   -0.1687358245   -0.6526397069   0.7386403959   -0.64856544   0.63781614   0.4153955242   

-2.200104099   42.59284726   -15.36093437   -0.9617743031   0.272953641   -0.02205673873   -0.2075188238   -0.6739111782   0.7090695746   0.1786788393   0.6865420845   0.7047934723   

-15.63229945   -40.36363678   8.211075775   -0.1521845225   -0.9865399133   0.05982366257   0.781880648   -0.08314672967   0.6178586194   -0.6045680469   0.140803483   0.7840101121   

24.47685883   -30.8000302   18.8322114   0.5161270336   -0.822529706   0.2388676789   0.7047120457   0.5663162052   0.4273954708   -0.4868201083   -0.05225742583   0.8719376948   

4.38837291   -2.579873842   7.796957107   0.9718604082   -0.2159273917   0.0941419597   0.2081302492   0.9743043254   0.08609808844   -0.1103138542   -0.06408153384   0.9918288212   

-2.561899873   1.062281681   4.701961657   0.9999235135   -0.01129820771   -0.005031672804   0.01180630674   0.9931605703   0.1161580503   0.003684881252   -0.1162085713   0.993217997   

-1.545720184   0.2789063888   0.5554925657   0.9966581736   0.06675248488   -0.04708068256   -0.06479055681   0.9970131341   0.04203562968   0.04974604161   -0.03884477027   0.99800622   

-23.9538597   33.24006035   -32.5134254   -0.03979871947   0.5014437772   -0.8642743778   -0.976021375   0.1657436815   0.1411074327   0.2140054613   0.8491661618   0.4828234587   

34.75732056   -21.05169703   33.39055817   -0.1855162515   -0.980100277   0.07061987967   0.4677561324   -0.02487825043   0.8835073702   -0.8641689192   0.1969378573   0.4630632347   

0.9260679278   10.48601743   -0.09220670432   0.9989353731   0.03900192085   -0.02463677286   -0.03956700075   0.9989549078   -0.02288109788   0.02371861839   0.02383154126   0.9994345825   

