0.1340331256   0.235424058   -0.1376011508   0.9998860646   0.007233048107   -0.01324917892   -0.007269571528   0.9999699026   -0.002710572134   0.01322917446   0.002806579158   0.9999085518   

0.1105189152   -0.510272355   0.4550558848   0.9996784457   0.02077143899   0.0145448448   -0.02086038379   0.9997644519   0.005990420015   -0.01441698914   -0.006291904814   0.9998762735   

-0.7530088952   1.36782591   -0.3073205988   0.9923261998   -0.1149477484   0.0455601611   0.1150917308   0.9933547205   -0.0005410738309   -0.04519520588   0.005780519535   0.9989614502   

-3.711170875   1.979169524   2.070497852   0.9933591933   -0.1111638778   0.02966656848   0.11141486   0.9937497465   -0.006940476357   -0.02870961464   0.01019968257   0.9995357545   

-4.457317385   1.225046566   3.10523765   0.997666312   -0.04977739505   0.04673479284   0.04913370431   0.9986822082   0.01482315843   -0.04741106433   -0.01249231231   0.9987973434   

0.02235490033   0.1470829636   -0.08526897956   0.999789504   -0.006141172324   -0.01957635718   0.005885751925   0.9998971512   -0.01307841452   0.01965466057   0.01296043999   0.9997228222   

-6.574768836   -0.4663155898   3.884096646   0.9933741991   -0.08388259833   0.07855832451   0.08177969228   0.9962102002   0.02961956958   -0.08074517064   -0.02299884061   0.9964694028   

-0.8388753437   -1.020981116   2.333782368   0.9998025965   -0.01912095399   0.005399731252   0.01913825899   0.9998118166   -0.003171508066   -0.005338072852   0.003274223455   0.999980392   

-4.370249837   -1.489972681   4.323527379   0.9943074844   -0.09812625271   0.04151945408   0.09839031352   0.9951383502   -0.004360074108   -0.0408897633   0.008420366421   0.9991281823   

-6.269962126   -0.2808752881   3.586867172   0.9600449715   -0.2333860687   0.1544169537   0.2262465834   0.9720598463   0.06254709168   -0.1647001401   -0.02511171265   0.9860239681   

0.1654544771   -0.6000268403   1.385626801   0.998410463   0.05022263159   -0.02557801219   -0.05008477514   0.9987269325   0.006002469876   0.02584690949   -0.004711859739   0.9996548082   

-10.29709828   -20.50373803   15.17463648   0.6781681067   0.1875734533   0.7105661254   -0.7296945294   0.05691293409   0.6814006249   0.08737226525   -0.9806003863   0.1754678595   

6.97406526   13.84707549   -4.770189596   0.5976156528   -0.8017621523   -0.005743049312   0.2148064679   0.1670047448   -0.9622721011   0.7724724674   0.5738352258   0.2720283456   

-6.118014138   -2.109288342   6.697873658   0.9986737505   0.04841443688   0.01751520515   -0.04924837021   0.9974932305   0.05081193915   -0.01501126715   -0.05160714515   0.9985546377   

-0.08339636711   -0.2447951323   0.2540134269   0.9998711877   -0.0125194617   0.01004346308   0.01251628738   0.9999215964   0.000378854034   -0.01004741869   -0.0002530983627   0.9999494914   

-1.591664236   -1.382538178   3.363561986   0.9999782705   0.006060461591   0.002594084793   -0.006078771614   0.9999562496   0.007109668107   -0.00255088343   -0.007125282467   0.9999713613   

-16.66673535   -38.72402448   37.11194939   -0.1169540265   0.5040798456   0.8557016215   -0.5052698588   -0.7719714264   0.3856974028   0.8549994886   -0.3872513732   0.3449815191   

0.04793367422   1.697551124   -1.51303676   0.9999598927   -0.008091056856   0.003840291398   0.008033253544   0.9998576723   0.01483583341   -0.00395978239   -0.01480438835   0.9998825682   

15.51655631   33.73872928   -28.99267844   0.01272219571   -0.4294219415   0.9030143641   0.4196833473   -0.8173985484   -0.3946207054   0.9075814199   0.3840005328   0.1698221335   

-11.40497123   -32.2053044   32.66492971   0.1089005659   0.44948693   0.8866240277   -0.5351051378   -0.7251645913   0.4333575972   0.8377369266   -0.5216299601   0.1615519313   

-1.043705053   9.353581219   -5.68506725   0.994246088   -0.1057733855   -0.01693243614   0.08107543476   0.8463590908   -0.5264057972   0.07001064459   0.5220041   0.8500648383   

1.610628208   -2.54343725   4.88890719   0.98477063   0.1458986937   0.09455356921   -0.1577895626   0.9783789299   0.133705361   -0.07300178234   -0.146588679   0.9865001262   

2.751693467   0.9000110662   6.246488699   0.9998685697   0.002490390937   0.01602002808   -0.003847374577   0.9963529484   0.08524083449   -0.01574931921   -0.08529126631   0.9962315789   

4.628470879   65.29209754   11.2021329   0.7010508301   -0.4137427811   -0.580813778   0.3413100391   -0.5204527938   0.7827108959   -0.6261271363   -0.7469576966   -0.2236492983   

-2.386780759   -62.43126347   -5.014066398   0.7330197422   0.4650177157   -0.4964278211   -0.4011584357   -0.2938447022   -0.8675985249   -0.5493213695   0.8351130553   -0.02884818845   

0.6300270318   4.302324818   3.460947202   0.9999976018   -0.001329108134   0.001740665825   0.001026263393   0.9865121673   0.1636847291   -0.00193474272   -0.1636825502   0.9865111654   

-1.000774099   5.220108931   4.119842113   0.9984454073   -0.05529469971   0.007018890074   0.05572489352   0.9874860836   -0.1475329487   0.001226733826   0.147694722   0.9890322362   

-1.298248047   5.424733038   2.597541804   0.9908020662   0.1352767329   0.003386917421   -0.1300511887   0.9588477452   -0.2523840128   -0.03738922281   0.2496221287   0.967621227   

0.2921363445   0.5236765065   1.516525406   0.9869026294   -0.1537841675   -0.04871991221   0.1612276263   0.9503525166   0.2661498575   0.005371456905   -0.27051899   0.9626996538   

0.1071234934   -0.3162857835   -0.1210274461   0.9999914465   0.003999199511   0.001055122606   -0.003985920473   0.9999163986   -0.01230074348   -0.001104227524   0.01229643263   0.9999237863   

-0.0349706221   0.04621085184   -0.8469428984   0.9925045329   0.1218634769   0.009167616704   -0.1154453941   0.9595502676   -0.2567793702   -0.0400888159   0.2537963298   0.9664265672   

0.3532263653   -0.4141865647   1.574011138   0.9999430784   -0.01013521356   -0.003334290111   0.01013749934   0.9999483902   0.0006693504685   0.003327334019   -0.0007031137318   0.9999942172   

1.869258632   1.056703599   3.550399304   0.9513581691   -0.2589172453   -0.1669715371   0.3056966026   0.7259386949   0.6160865186   -0.03830432453   -0.6371615739   0.7697778299   

-3.634219522   6.87282755   2.619307951   0.9596519587   0.2790374675   -0.03473053147   -0.2532572668   0.8040337157   -0.5379503144   -0.1221837751   0.5250408324   0.8422607965   

-4.288519337   108.0731304   -80.63216657   0.9828780462   -0.1189920975   0.140682718   -0.007438825698   -0.7885154377   -0.6149699736   0.184107062   0.6033939718   -0.7758996742   

5.124007962   -98.23758724   87.06452331   0.189462216   0.7806770459   0.5955228112   -0.1461453606   -0.577331045   0.8033245907   0.9709508753   -0.2392325531   0.004709909267   

-4.214027138   3.613248225   0.03879264675   0.9990761979   -0.04224075379   0.007903770971   0.04244691644   0.9987050747   -0.02804341358   -0.006708961249   0.02835299772   0.9995754586   

-11.32528128   18.97408086   4.24515513   0.9488690058   0.2842781353   -0.1372353876   -0.1948986214   0.8695701271   0.4537205322   0.2483186203   -0.4037743624   0.8805135587   

6.61811215   -9.634981266   -2.552656163   0.8549557121   -0.3464951887   0.3859945784   0.4963680175   0.762532705   -0.4149248908   -0.1505640116   0.5463377691   0.8239208217   

-12.80268255   22.60404697   -0.4168855041   0.8224103202   0.5193142295   -0.2322799954   -0.2533491632   0.6999066306   0.6677910676   0.5093677127   -0.4903503233   0.7071782616   

10.85737286   -13.64295999   -1.427374819   0.8497642731   -0.2454493009   0.4665354444   0.4745280699   0.7416265782   -0.4741446291   -0.2296166175   0.6242953301   0.7466803532   

-1.303883899   5.551013955   -3.238339362   0.9998895346   0.009954076978   -0.01103788433   -0.009765440433   0.9998075597   0.01701410486   0.01120511991   -0.01690443559   0.9997943215   

-22.56236838   37.63677611   -16.98069855   -0.1133897105   0.0869704368   -0.9897367916   0.9929881443   -0.02359420833   -0.1158354805   -0.03342631839   -0.9959314517   -0.0836852722   

18.46890291   -28.07519482   13.79519265   -0.5455766034   0.7840852027   0.2958995856   -0.209110185   0.2145459091   -0.9540665508   -0.8115535105   -0.5823920053   0.04690897345   

-1.818845407   3.259693266   -0.2126079888   0.9959131115   -0.08156664471   0.03878088213   0.08432493036   0.9935508315   -0.07580271361   -0.03234780468   0.07876311156   0.9963684016   

-1.664428726   3.24895594   2.052867662   0.9874402506   -0.1331672391   -0.08501904454   0.1309799504   0.9909054779   -0.03083158197   0.08835159361   0.01930855479   0.9959021918   

4.646996907   6.452404196   -3.945823949   0.9592478891   -0.2216626989   0.1752402211   0.2511591304   0.9530176398   -0.1693412808   -0.1294703765   0.2064534477   0.96985277   

0.04876255427   -0.9029828081   0.3023413611   0.999345232   0.01843755523   -0.03113139485   -0.0179174879   0.999696585   0.01690270867   0.03143359374   -0.01633384492   0.9993723704   

-0.3289553627   -2.847071556   1.246436074   0.9808732904   0.1826607185   -0.06725065121   -0.1721705042   0.9753519677   0.1380067267   0.09080146284   -0.1237885336   0.9881454818   

-1.08538443   2.3297526   -3.218911383   0.9624708705   -0.0733761394   0.2612771815   0.1134287992   0.9833943773   -0.141666532   -0.246543568   0.1659862674   0.9548114097   

-3.440938852   -2.424282501   -0.568906104   0.926759023   0.2672737555   -0.2639743415   -0.1746323218   0.9286815264   0.3271913427   0.3325977533   -0.257129077   0.9073386205   

0.7268102744   7.101764223   -5.384738833   0.9326663552   -0.2870863543   0.2184373937   0.3345942816   0.914770691   -0.2263653012   -0.1348337366   0.2842112032   0.9492332987   

1.264633461   4.286013574   -2.266598992   0.9979154774   -0.05976763605   -0.02434193057   0.05874397098   0.9974391248   -0.04079630207   0.02671789245   0.0392813196   0.9988709287   

3.787301016   9.58402197   -2.162582161   0.9372066613   -0.3093862121   0.1610088378   0.3390733278   0.9163634294   -0.2128552176   -0.08168814127   0.2540831302   0.9637265227   

0.2976008119   4.559459184   -6.336533683   0.9998668085   0.01195606622   -0.0111093502   -0.01189903715   0.9999157586   0.005185427231   0.01117041164   -0.005052546005   0.999924844   

0.9125602855   -1.53974068   -4.472003896   0.8733896063   0.4810616971   -0.07596209088   -0.4245909701   0.8285134024   0.3650863599   0.2385646742   -0.2866098142   0.927869447   

4.666152642   7.36719656   -9.564006353   0.95787898   -0.2642717878   0.1123756284   0.2812714012   0.9423003723   -0.1815389967   -0.05791596131   0.2055004394   0.9769418155   

11.50291949   -8.062690387   -7.7996155   0.9002706047   0.2368582972   -0.3652546856   -0.191863719   0.9690262451   0.1554877794   0.3907699472   -0.06990195484   0.9178303575   

4.536658654   2.879170529   -9.600572668   0.9896494196   -0.1369135853   0.04299647129   0.1385748538   0.9896084689   -0.03836780264   -0.0372965987   0.04392890334   0.9983382268   

0.8441132954   -4.189617546   -0.1401607053   0.8353142944   0.4792656277   0.2693594025   -0.5162432687   0.8522614414   0.08451818202   -0.1890579731   -0.209654224   0.9593238187   

-0.4316029493   -1.897023361   3.553908867   0.994465941   0.1019491151   0.02537459445   -0.1030495311   0.993579977   0.04668643784   -0.02045204794   -0.0490429124   0.9985872553   

2.732971721   -7.567171892   4.518421406   0.9997037596   0.02422814597   0.002321617739   -0.02425907148   0.9996023488   0.01437504145   -0.001972413943   -0.01442710327   0.9998939785   

-2.773717311   -7.760636439   2.176957951   0.9992697956   -0.03687921637   -0.009989946815   0.03672662218   0.9992120113   -0.01505030353   0.01053711825   0.01467241673   0.9998368314   

-3.262448444   -8.241837436   2.434505495   0.9650004029   0.2569847423   0.05227872131   -0.2618118201   0.9555553499   0.135530602   -0.01512591501   -0.1444742727   0.9893929408   

-0.886903371   -4.703392132   7.397322464   0.9651580521   0.2601933143   -0.02773758628   -0.2380183567   0.9170194798   0.3200352097   0.1087069289   -0.3022825049   0.94699952   

7.078903023   -7.603174011   -5.9923384   0.9695881495   -0.2170163095   0.1131492011   0.2423586654   0.915740802   -0.3204388565   -0.03407488211   0.3381164073   0.9404872128   

2.512248779   -6.336952129   0.598505029   0.9820773043   -0.1855076971   -0.03333260831   0.1822025749   0.9796686431   -0.08397363572   0.04823266693   0.07639531474   0.9959103201   

-1.300173063   -2.950439077   1.19385571   0.9988727107   -0.04010015003   -0.02540247712   0.04013533394   0.9991938684   0.0008765198299   0.02534685081   -0.001895068641   0.9996769207   

1.356588977   0.3115620556   -0.4607899849   0.9323375438   -0.3371551659   -0.1306640678   0.3282867579   0.9407476615   -0.08498024412   0.1515734445   0.0363349889   0.9877779404   

-0.85496124   -1.473773695   -0.2661519554   0.9952144124   0.01994848925   -0.09565736352   -0.01526785413   0.9986615816   0.04941596934   0.09651510788   -0.04771900221   0.9941869697   

-0.1292372601   -0.7685887641   -2.205442917   0.9471858155   0.1696990828   0.2721052228   -0.1436206415   0.9831373601   -0.1131991274   -0.2867265985   0.06814068118   0.9555860533   

-1.344018787   5.258993249   0.8332435259   0.7714646102   0.04339091789   0.6347909762   0.3351656709   0.8203190676   -0.4634011226   -0.5408385418   0.5702577098   0.6183039836   

-0.2286630956   -3.639819493   6.316943204   0.9393743794   0.1811917477   -0.2911105047   -0.03808077455   0.8988582062   0.4365819279   0.3407721086   -0.3990281641   0.8512642917   

0.3862927186   2.655250311   0.7231113164   0.9719975127   -0.1863540786   -0.1431537379   0.1624093201   0.9730148365   -0.1639065002   0.1698353557   0.1360672092   0.9760336401   

1.115331183   7.245482842   -1.720951643   0.7081594634   -0.5109880105   0.4872385736   0.6922903397   0.3669360259   -0.6213630488   0.1387236823   0.7773346808   0.6136012825   

1.764651273   -9.346922246   3.121059719   0.7494615832   0.6587857833   0.06564013192   -0.5060336574   0.5060947897   0.6984253728   0.4268925776   -0.5566591017   0.7126663818   

-4.638351886   24.12057507   -6.695316052   0.4615746724   -0.5027879658   0.7308577722   0.8220294119   -0.06730160733   -0.5654539235   0.3334913308   0.8617857942   0.3822417785   

0.1763259573   0.3284857472   -0.2213979692   0.9944630854   -0.1028175375   0.02171924832   0.1038708477   0.9930817724   -0.05476714637   -0.01593796649   0.05671990209   0.9982629082   

-0.1179909766   0.2189416817   -0.004869744784   0.9996668768   0.02544704073   0.004310872806   -0.0253847633   0.9995806571   -0.01393282632   -0.004663614271   0.01381875449   0.9998936407   

-1.802114711   -3.293822103   0.8468370636   0.9982597204   0.05750421417   -0.01306889199   -0.05677694574   0.9971093735   0.05049035323   0.01593452279   -0.04966047413   0.998639038   

-2.273780438   -8.71563145   3.350492166   0.9987794643   -0.04797225366   0.01175774812   0.04837081217   0.9981677155   -0.03635211596   -0.009992311655   0.03687647873   0.999269873   

-10.52179104   -1.637481549   14.06974294   0.9908833317   0.1324884183   -0.02443444074   -0.129139491   0.9857377471   0.1079077652   0.0383824797   -0.1037685546   0.99386059   

-0.9979990872   3.335952314   5.375111415   0.9976975974   -0.06042536032   0.03079415645   0.06386199088   0.9898871656   -0.1266690393   -0.0228287179   0.1283439723   0.9914669306   

-2.622841022   47.953548   -58.72506802   0.9442861739   0.328748187   -0.01575599598   -0.2912688824   0.857005325   0.4250932969   0.1532516231   -0.3968204915   0.9050123963   

-13.4306964   -44.30698454   78.33103269   0.9679349532   -0.2277071201   0.1060725879   0.2504589715   0.8423846407   -0.4771356418   0.01929326404   0.4884030964   0.8724048289   

-5.482603872   4.04984786   4.108696004   0.9994933705   0.03059552985   0.00877016741   -0.03012638996   0.998325111   -0.04939001376   -0.01026659199   0.04910077784   0.9987410629   

-4.99113134   3.986428721   4.615510943   0.9999749177   -0.001779133035   0.006855551845   0.002238465952   0.9977108406   -0.06758748234   -0.006719611272   0.06760113302   0.9976897983   

-0.8880278362   9.185593239   -6.26056852   0.9998612435   -0.009759112002   -0.01350013133   0.01106789006   0.9948715416   0.1005391342   0.0124497238   -0.1006746017   0.9948415095   

1.334907768   8.601165199   -5.806861983   0.9996179532   0.02706277365   -0.005617284366   -0.02651047138   0.9962678039   0.08214412885   0.007819367525   -0.08196382909   0.9966046298   

1.015718958   5.729721674   -8.655667129   0.9999047422   0.0007078816899   -0.01378424356   0.001397354248   0.9883609918   0.1521203379   0.01373149184   -0.1521251087   0.9882658536   

1.859184179   6.937651945   -5.575189358   0.9993795217   0.03410507983   -0.008798589519   -0.03351235403   0.9976080403   0.0604575892   0.01083945455   -0.06012521513   0.9981319876   

-4.446702954   7.279079811   -4.294783919   0.9980520552   -0.06111389649   0.01253741323   0.0612359506   0.998077212   -0.009593599918   -0.01192700417   0.01034265253   0.9998753803   

-1.531369911   5.684068356   -2.984863895   0.9999422866   -0.008370975403   0.006734253647   0.008646157071   0.9990832021   -0.04192850113   -0.006377097246   0.04198430671   0.9990979184   

-0.9325163532   5.770910461   -2.14071354   0.9996754834   -0.02450471406   0.006960383538   0.024674548   0.9993711919   -0.02546345278   -0.006332032163   0.02562693378   0.9996515221   

-1.161473897   -52.69550193   21.62262441   0.5304497683   -0.5446747901   0.6495786453   0.7998888387   0.06785133397   -0.5963002953   0.2807149606   0.8358980617   0.4716710097   

2.481698638   6.666295498   -6.057487828   0.9444898221   0.3274056653   0.02728564137   -0.3160924705   0.8829197291   0.3471862641   0.0895797187   -0.3365386786   0.9373991635   

12.27749173   -7.803241019   -8.567714741   0.8966545276   0.2425660742   0.3703678681   -0.2178126137   0.9700006837   -0.1079645266   -0.3854456166   0.0161360882   0.9225894554   

12.47047762   -2.564680991   -2.566538161   0.9351774701   0.1915483217   0.2979133094   -0.1719469766   0.9809006904   -0.09092894328   -0.3096406574   0.03380940628   0.9502523809   

4.48698235   -2.157668196   -0.1324198348   0.9980765748   0.01485343287   0.06018742644   -0.02046672796   0.9953855371   0.09374830956   -0.05851720957   -0.09479983139   0.9937749887   

0.8686050139   -4.036161604   1.612627834   0.9975140016   0.007020369163   -0.07011797914   -0.02434981489   0.9680737182   -0.2494801851   0.06612792978   0.2505673375   0.9658380331   

8.065718735   9.449525966   -4.370381967   0.9253320815   -0.2959250408   0.2370419988   -0.1925582601   0.1717792757   0.9661331155   -0.3266218845   -0.9396383616   0.1019700637   

3.552678665   -11.99359739   6.916615537   0.7741990767   0.340879754   -0.5333074   -0.62264665   0.5615285768   -0.544974134   0.1136966966   0.7539805374   0.6469825426   

-25.00826862   -25.86764122   -34.38559216   0.4488822948   0.3564239971   -0.819430668   -0.8551672334   -0.09466501084   -0.509634711   -0.2592174538   0.9295162559   0.2623086762   

27.25974875   6.375642556   34.36438025   0.7155464858   -0.696943644   0.04756872707   0.4826998137   0.5425096074   0.6875203385   -0.5049694215   -0.4689913464   0.7246054101   

-0.7037613068   -11.15801832   0.3861623739   0.9814383801   0.1572115418   0.109832769   -0.1331274823   0.9707330728   -0.1998859047   -0.1380426726   0.1815539385   0.9736438712   

-1.118495028   -44.2140693   5.799197642   0.9748795818   -0.1003825381   0.1988294422   0.1054398153   0.9943127735   -0.01498512088   -0.1961944096   0.03557322804   0.979919537   

-1.524545523   82.7782511   -31.56938407   -0.338615487   -0.4624273719   -0.8194513272   0.6826844992   -0.7200727268   0.1242462987   -0.647519441   -0.517354998   0.5595197758   

0.9247377723   -3.368242182   1.60778806   0.9827739248   0.1787548844   0.0469265823   -0.1688127092   0.9716171203   -0.1657179554   -0.07521756472   0.154941482   0.985056067   

1.060345212   0.9072214619   -0.2646102735   0.9978199123   0.06595718248   0.002252280171   -0.06595748811   0.9978224321   6.161192872e-05   -0.002243311929   -0.0002100323519   0.9999974617   

-1.293487402   0.9585920249   2.75470047   0.9997680156   -0.00311529091   0.0213122021   0.004781145224   0.996897464   -0.07856581208   -0.02100132487   0.07864948277   0.996681094   

-2.516814196   -4.685466371   2.665314659   0.997741847   0.04570549679   -0.04921599699   -0.03422851703   0.9764708355   0.2129157486   0.05778940576   -0.2107503616   0.9758302463   

0.2235620855   -27.62510364   9.659173568   0.7902695148   0.612155831   -0.02719066948   -0.5561983823   0.7352375482   0.3873875415   0.2571331436   -0.2910171581   0.9215159034   

0.08437552401   -26.59965256   5.980116546   -0.1340777382   0.9407180456   -0.3115649512   -0.8294180646   0.06552552438   0.5547720971   0.5422995798   0.3328001869   0.7714630266   

7.419489132   44.73763761   -15.89295817   -0.5891182893   -0.8029911935   0.09024845936   0.7708106063   -0.5249410932   0.3609540938   -0.2424678337   0.2822091279   0.9282065275   

5.603256813   -13.4240329   11.08158839   0.9451324969   0.3207629137   -0.06193316105   -0.3170119883   0.9463056368   0.06331698799   0.07891744096   -0.04020938843   0.9960698984   

0.2837556091   0.144043486   4.316774215   0.9998699186   -0.01504891137   -0.005803115304   0.01485080088   0.9993518971   -0.0327908459   0.006292820822   0.03270039951   0.9994453883   

-31.62955971   -53.82576186   10.60438384   -0.6946946972   0.1719673963   -0.698445769   -0.5644429456   -0.7322193236   0.3811286178   -0.4458737925   0.659000817   0.605734665   

51.43073805   50.54164989   -15.38677652   -0.6961285733   -0.654144599   -0.2958037407   0.3246105757   -0.654304738   0.6830177772   -0.640338179   0.3794471683   0.6678224787   

-0.7848666356   1.920372072   -0.5364906947   0.9994112241   0.03408904355   0.003891304889   -0.03417012549   0.9991484164   0.02312670513   -0.00309962386   -0.02324605506   0.9997249688   

-3.865845568   5.504899178   -1.740493385   0.9999315344   -0.008936600726   0.007554052528   0.008853864264   0.9999012203   0.0109159809   -0.007650858104   -0.01084835097   0.9999118849   

1.783662363   1.905487873   -12.82320902   0.9955587526   -0.08750199264   0.03472997757   0.08648155093   0.9958054677   0.02987326236   -0.03719827154   -0.02673708549   0.9989501573   

0.5249185881   0.6022471706   -14.35520797   0.9996404329   0.0121018577   0.02392801584   -0.01377942546   0.9973643876   0.07123486323   -0.02300287669   -0.07153896383   0.9971725249   

-11.09180048   -52.18920984   21.5117466   -0.4399358057   0.8825063358   0.166249975   -0.6806419777   -0.4484419034   0.579332683   0.5858182185   0.1417124789   0.7979565077   

3.091410319   71.69940992   -40.4560145   -0.7240295176   -0.6351006748   0.2691252321   0.6855924444   -0.7054803612   0.179611971   0.07579088199   0.3145545944   0.9462088297   

0.9776303916   11.92142984   5.762653039   0.9974900176   -0.07078659892   0.001709447504   0.07061221206   0.9926620837   -0.09816263605   0.005251695425   0.09803695743   0.9951689177   

-0.7053204574   14.02935567   -4.864106114   0.9805040776   0.1925961288   -0.03896774182   -0.1964341298   0.9657995162   -0.1692481233   0.005038492837   0.1736030695   0.9848028167   

2.28667293   6.451955172   -1.28559423   0.9975350105   -0.06999105392   0.005015488915   0.06957872226   0.995855502   0.05857149889   -0.009094183169   -0.05807814945   0.9982706168   

0.6362383061   8.469361831   -1.824370438   0.9998729626   -0.00952145248   -0.01278282098   0.008656046945   0.9977735808   -0.06612831652   0.01338399869   0.06600926705   0.9977292445   

6.44741042   7.221577262   -0.6094660015   0.9996431028   0.02146597611   0.01590216767   -0.02250435664   0.9974118982   0.06828659714   -0.01439517277   -0.0686200939   0.9975390026   

8.709671004   3.46211856   -8.55545119   0.9750541737   0.2113512462   0.0678233663   -0.2201229823   0.9600128071   0.1729776947   -0.02855224892   -0.1835921049   0.982587761   

3.304573152   -12.78574279   8.305221213   0.9890255171   -0.1452380715   0.02710035127   0.1447911902   0.9893022567   0.01779202741   -0.02939451841   -0.013672877   0.9994743692   

-3.017241527   -4.58419767   6.916713394   0.9980498379   -0.05387231186   -0.03153244436   0.04821682368   0.9861523045   -0.1586781973   0.039644154   0.1568483548   0.9868266994   

-7.288251202   -66.88931559   14.19317088   0.1505887427   0.8025588859   0.5772540734   -0.9234826569   -0.09421155106   0.3718924119   0.3528495614   -0.5890869361   0.7269620133   

-2.218875692   40.31978014   -17.42288112   0.3034308682   -0.6645775784   0.6828369867   0.9259336123   0.03651458106   -0.3759170534   0.2248925385   0.7463265556   0.6264343689   

5.139986325   -7.787797534   -3.015925041   0.9882938863   0.1347655873   -0.07150825698   -0.1420357935   0.9838601101   -0.1088352752   0.0556868718   0.1177179691   0.9914844689   

3.766900439   -5.009022369   2.05710713   0.9997357964   0.02285485013   -0.002448119257   -0.02282750091   0.9996824699   0.01067073306   0.002691219911   -0.01061202937   0.9999400693   

-9.723717335   -53.27528809   24.1503335   0.5002984902   0.4963512641   0.7094623622   -0.6627873333   -0.3077091395   0.6826624615   0.5571484287   -0.8117576659   0.1750289129   

15.43434185   39.51138976   -26.93690387   0.4731679383   -0.7638659785   0.4388859408   0.504834123   -0.1731722011   -0.8456677226   0.7219796468   0.6217074518   0.303686078   

-7.821421045   -7.500884893   6.774527984   0.9911026906   0.1329201189   -0.006906421571   -0.1321839082   0.9890350657   0.06585630702   0.01558432127   -0.06435744528   0.9978052155   

-31.43292603   -38.49770173   38.07026146   -0.5204009378   0.8461903662   0.11465046   -0.6816087811   -0.492505511   0.5411541289   0.5143853939   0.2034703559   0.8330711139   

-7.638000925   -31.81199026   12.37820482   0.9560315656   0.288936911   -0.05019070666   -0.2889583226   0.9573161778   0.006987384819   0.05006728885   0.007822861958   0.9987152094   

2.885032087   28.714584   -11.18833701   0.9201939472   -0.3877236134   0.05397683951   0.3846053454   0.9211345048   0.05991621105   -0.07295085918   -0.03437475374   0.9967429701   

-3.574163053   -28.13436856   13.54094078   0.9544490653   0.2126126912   -0.2093390198   -0.1117989077   0.9053213678   0.4097489783   0.2766369208   -0.3676806556   0.887853   

-0.07443972291   0.2111295797   -0.8742118897   0.9984999765   0.05324255085   -0.01276822677   -0.05441710979   0.990787107   -0.1240148649   0.006047726713   0.1245236497   0.9921982089   

0.3908760305   -1.077367618   0.9683414414   0.9966693524   -0.07681493093   0.02738007159   0.07419229262   0.9934829723   0.08652795722   -0.03384827396   -0.08420837281   0.9958731065   

20.26959407   67.03359434   -48.54390263   -0.6045037553   -0.7892792127   0.1077661091   0.3941214236   -0.1787658975   0.9015048848   -0.6922741605   0.5874360206   0.4191365033   

-9.724597982   -9.12232682   8.701887686   0.9628777978   -0.1086333308   0.2471136298   0.01993539059   0.9415646351   0.3362419043   -0.2692005327   -0.3188335576   0.9087773301   

3.942310912   8.981983038   -3.1770823   0.989818693   0.002672575302   -0.1423088626   -0.03337253137   0.9763105411   -0.2137849421   0.1383662863   0.2163575389   0.9664596144   

-1.209551277   -0.7259909676   2.273217187   0.9991720535   -0.02097753347   0.03485901029   0.01975272615   0.9991879996   0.03511653786   -0.03556736311   -0.03439890276   0.9987750889   

