0.1340331256   0.235424058   -0.1376011508   0.9998860646   0.007233048107   -0.01324917892   -0.007269571528   0.9999699026   -0.002710572134   0.01322917446   0.002806579158   0.9999085518   

0.1105189152   -0.510272355   0.4550558848   0.9996784457   0.02077143899   0.0145448448   -0.02086038379   0.9997644519   0.005990420015   -0.01441698914   -0.006291904814   0.9998762735   

-0.7530088952   1.36782591   -0.3073205988   0.9923261998   -0.1149477484   0.0455601611   0.1150917308   0.9933547205   -0.0005410738309   -0.04519520588   0.005780519535   0.9989614502   

-3.711170875   1.979169524   2.070497852   0.9933591933   -0.1111638778   0.02966656848   0.11141486   0.9937497465   -0.006940476357   -0.02870961464   0.01019968257   0.9995357545   

-4.457317385   1.225046566   3.10523765   0.997666312   -0.04977739505   0.04673479284   0.04913370431   0.9986822082   0.01482315843   -0.04741106433   -0.01249231231   0.9987973434   

0.02235490033   0.1470829636   -0.08526897956   0.999789504   -0.006141172324   -0.01957635718   0.005885751925   0.9998971512   -0.01307841452   0.01965466057   0.01296043999   0.9997228222   

-6.574768836   -0.4663155898   3.884096646   0.9933741991   -0.08388259833   0.07855832451   0.08177969228   0.9962102002   0.02961956958   -0.08074517064   -0.02299884061   0.9964694028   

-0.8388753437   -1.020981116   2.333782368   0.9998025965   -0.01912095399   0.005399731252   0.01913825899   0.9998118166   -0.003171508066   -0.005338072852   0.003274223455   0.999980392   

-4.370249837   -1.489972681   4.323527379   0.9943074844   -0.09812625271   0.04151945408   0.09839031352   0.9951383502   -0.004360074108   -0.0408897633   0.008420366421   0.9991281823   

-9.427540672   -7.53756467   15.37694085   0.9930033318   -0.06303766273   0.0998530728   0.05611304415   0.9959178854   0.0707028414   -0.103902403   -0.06460509719   0.9924870136   

-6.118014138   -2.109288342   6.697873658   0.9986737505   0.04841443688   0.01751520515   -0.04924837021   0.9974932305   0.05081193915   -0.01501126715   -0.05160714515   0.9985546377   

-0.08339636711   -0.2447951323   0.2540134269   0.9998711877   -0.0125194617   0.01004346308   0.01251628738   0.9999215964   0.000378854034   -0.01004741869   -0.0002530983627   0.9999494914   

-1.591664236   -1.382538178   3.363561986   0.9999782705   0.006060461591   0.002594084793   -0.006078771614   0.9999562496   0.007109668107   -0.00255088343   -0.007125282467   0.9999713613   

-1.102245363   -3.287744078   6.606234194   0.9953411002   -0.08156205721   0.05141716707   0.08226440033   0.9965419637   -0.01169115517   -0.05028580997   0.01586648967   0.9986088282   

2.003395273   56.34755031   26.12489881   0.6891965091   -0.6403276298   0.3390998355   0.7225178198   0.572097983   -0.388164782   0.05455430289   0.5125274865   0.8569360557   

0.1763259573   0.3284857472   -0.2213979692   0.9944630854   -0.1028175375   0.02171924832   0.1038708477   0.9930817724   -0.05476714637   -0.01593796649   0.05671990209   0.9982629082   

-0.1179909766   0.2189416817   -0.004869744784   0.9996668768   0.02544704073   0.004310872806   -0.0253847633   0.9995806571   -0.01393282632   -0.004663614271   0.01381875449   0.9998936407   

-1.802114711   -3.293822103   0.8468370636   0.9982597204   0.05750421417   -0.01306889199   -0.05677694574   0.9971093735   0.05049035323   0.01593452279   -0.04966047413   0.998639038   

-2.273780438   -8.71563145   3.350492166   0.9987794643   -0.04797225366   0.01175774812   0.04837081217   0.9981677155   -0.03635211596   -0.009992311655   0.03687647873   0.999269873   

-11.51979012   1.698470765   19.44485435   0.9975749445   0.06943707206   0.004766888453   -0.06933175254   0.9974024999   -0.01952847563   -0.006110506629   0.01915062127   0.9997979373   

-16.05353743   3.646563454   19.60596467   0.9966541875   0.08045312208   0.01441268962   -0.07918661838   0.9941421938   -0.0735579905   -0.02024623287   0.0721705871   0.9971867911   

-5.482603872   4.04984786   4.108696004   0.9994933705   0.03059552985   0.00877016741   -0.03012638996   0.998325111   -0.04939001376   -0.01026659199   0.04910077784   0.9987410629   

-4.99113134   3.986428721   4.615510943   0.9999749177   -0.001779133035   0.006855551845   0.002238465952   0.9977108406   -0.06758748234   -0.006719611272   0.06760113302   0.9976897983   

-0.8880278362   9.185593239   -6.26056852   0.9998612435   -0.009759112002   -0.01350013133   0.01106789006   0.9948715416   0.1005391342   0.0124497238   -0.1006746017   0.9948415095   

40.17081659   -20.58650959   -44.79820248   0.9770550221   -0.2094411993   -0.0387022976   0.2116501056   0.9750858964   0.06642083551   0.0238268051   -0.07308815628   0.997040824   

1.060345212   0.9072214619   -0.2646102735   0.9978199123   0.06595718248   0.002252280171   -0.06595748811   0.9978224321   6.161192872e-05   -0.002243311929   -0.0002100323519   0.9999974617   

-1.293487402   0.9585920249   2.75470047   0.9997680156   -0.00311529091   0.0213122021   0.004781145224   0.996897464   -0.07856581208   -0.02100132487   0.07864948277   0.996681094   

-2.516814196   -4.685466371   2.665314659   0.997741847   0.04570549679   -0.04921599699   -0.03422851703   0.9764708355   0.2129157486   0.05778940576   -0.2107503616   0.9758302463   

23.34540601   29.34277191   -37.13882017   0.8854759953   0.4615915845   -0.05353009378   -0.46178481   0.8612408195   -0.2121769076   -0.05183677314   0.2125969426   0.9757640539   

2.28667293   6.451955172   -1.28559423   0.9975350105   -0.06999105392   0.005015488915   0.06957872226   0.995855502   0.05857149889   -0.009094183169   -0.05807814945   0.9982706168   

0.6362383061   8.469361831   -1.824370438   0.9998729626   -0.00952145248   -0.01278282098   0.008656046945   0.9977735808   -0.06612831652   0.01338399869   0.06600926705   0.9977292445   

6.44741042   7.221577262   -0.6094660015   0.9996431028   0.02146597611   0.01590216767   -0.02250435664   0.9974118982   0.06828659714   -0.01439517277   -0.0686200939   0.9975390026   

8.709671004   3.46211856   -8.55545119   0.9750541737   0.2113512462   0.0678233663   -0.2201229823   0.9600128071   0.1729776947   -0.02855224892   -0.1835921049   0.982587761   

3.304573152   -12.78574279   8.305221213   0.9890255171   -0.1452380715   0.02710035127   0.1447911902   0.9893022567   0.01779202741   -0.02939451841   -0.013672877   0.9994743692   

-3.017241527   -4.58419767   6.916713394   0.9980498379   -0.05387231186   -0.03153244436   0.04821682368   0.9861523045   -0.1586781973   0.039644154   0.1568483548   0.9868266994   

5.11038438   -53.13025369   -6.97509853   0.9766520587   0.1950289839   0.09008025103   -0.2122393271   0.9408533433   0.2641012202   -0.03324491274   -0.2770535722   0.960279175   

