-4.03169403 87.9 60.70769882 33.33289719 60.54160309 85.74231726 -6.151891502 69.51731246 0.7327957503 -0.004924760179 0.6804308452 0.6766486027 0.4393568334 -0.590857209 0.7327957503 0.004924760179 -0.6804308452 0 -0.004924760179 0.9999860034 0.001933845192 0 0.6804308452 0.001933845192 0.7328097469 0 0 0 0 1 1 0 0 60.70769882 0 1 0 33.33289719 0 0 1 60.54160309 0 0 0 1 0.7327957503 -0.004924760179 0.6804308452 -0 0.004924760179 0.9999860034 0.001933845192 -0 -0.6804308452 0.001933845192 0.7328097469 -0 0 0 0 1 32 2.514841104 0.7454570514 0.03125 2.969970111 0.7465174088 0.03125 3.301718662 0.8076864853 0.03125 3.497267594 0.9525482157 0.03125 3.564178436 1.184273569 0.03125 3.509784464 1.481605001 0.03125 3.368048737 1.835677661 0.03125 3.140722094 2.222754037 0.03125 2.897138346 2.632770937 0.03125 2.659882157 3.043777838 0.03125 2.511686013 3.437810942 0.03125 2.496322822 3.785960625 0.03125 2.672746646 4.054894177 0.03125 3.069672349 4.210097687 0.03125 3.674212215 4.21441806 0.03125 4.376679152 4.018333303 0.03125 4.460921323 3.357725843 0.03125 5.178923995 2.951615444 0.03125 5.826242126 2.515290863 0.03125 6.263467815 2.069605002 0.03125 6.444368257 1.658906262 0.03125 6.374713583 1.317416319 0.03125 6.106448142 1.060678551 0.03125 5.693629585 0.8816170368 0.03125 5.212518565 0.7679562517 0.03125 4.710191878 0.6960231407 0.03125 4.23685997 0.6500005032 0.03125 3.813182974 0.613924373 0.03125 3.45106696 0.5806965487 0.03125 3.157761053 0.5462887061 0.03125 2.930004544 0.5102423563 0.03125 2.791386028 0.4778824739 0.03125 1 3 1 1 1 1 500 0.0004
-4.147523474 87.9 60.70769882 33.33289719 60.54160309 80.67087371 -2.716106079 66.82265939 0.7210445517 0.01208221245 0.6927833533 0.6527670493 0.4409318526 -0.616014838 0.7210445517 -0.01208221245 -0.6927833533 0 0.01208221245 0.9999151795 -0.004863532234 0 0.6927833533 -0.004863532234 0.7211293722 0 0 0 0 1 1 0 0 60.70769882 0 1 0 33.33289719 0 0 1 60.54160309 0 0 0 1 0.7210445517 0.01208221245 0.6927833533 -0 -0.01208221245 0.9999151795 -0.004863532234 -0 -0.6927833533 -0.004863532234 0.7211293722 -0 0 0 0 1 32 2.108178218 0.8771869172 0.03125 2.622152778 0.9914440274 0.03125 3.023914101 1.154058108 0.03125 3.305948095 1.358997543 0.03125 3.461748792 1.60439053 0.03125 3.503733863 1.87892087 0.03125 3.475252851 2.173780427 0.03125 3.395840789 2.471630612 0.03125 3.322352688 2.758470458 0.03125 3.275110599 3.014595577 0.03125 3.301463031 3.22308355 0.03125 3.413249313 3.36655567 0.03125 3.642535318 3.430261409 0.03125 3.983509366 3.40705051 0.03125 4.423107336 3.29373909 0.03125 4.88554414 3.078644816 0.03125 4.557831346 2.427720611 0.03125 5.009670746 2.169755336 0.03125 5.448327202 1.931250999 0.03125 5.81001648 1.704062771 0.03125 6.056171939 1.500795933 0.03125 6.184428449 1.325256709 0.03125 6.183346473 1.179728833 0.03125 6.059060619 1.058068556 0.03125 5.826432027 0.9561828028 0.03125 5.496353432 0.8676470518 0.03125 5.112018735 0.7886176548 0.03125 4.686055868 0.7170888186 0.03125 4.271665927 0.6517163431 0.03125 3.880569032 0.5931456534 0.03125 3.559042935 0.540962468 0.03125 3.323207691 0.497211948 0.03125 1 3 1 1 1 1 500 0.0004
-4.316567698 87.9 60.70769882 33.33289719 60.54160309 78.46451265 3.230113861 68.36167567 0.7463635782 0.0516485055 0.6635313414 0.5798685022 0.4651024962 -0.6689037211 0.7463635782 -0.0516485055 -0.6635313414 0 0.0516485055 0.9984725013 -0.01962386445 0 0.6635313414 -0.01962386445 0.7478910769 0 0 0 0 1 1 0 0 60.70769882 0 1 0 33.33289719 0 0 1 60.54160309 0 0 0 1 0.7463635782 0.0516485055 0.6635313414 -0 -0.0516485055 0.9984725013 -0.01962386445 -0 -0.6635313414 -0.01962386445 0.7478910769 -0 0 0 0 1 32 1.81092662 0.7336515877 0.03125 2.485745117 0.7679941752 0.03125 3.009889301 0.891286297 0.03125 3.337591198 1.109765999 0.03125 3.442352292 1.417605773 0.03125 3.351170504 1.782475527 0.03125 3.182404856 2.18345559 0.03125 2.985210077 2.583761444 0.03125 2.883341288 2.960021282 0.03125 2.922863274 3.279759993 0.03125 3.132012752 3.515861242 0.03125 3.518268068 3.643854808 0.03125 4.050573639 3.641019081 0.03125 4.686007855 3.508304794 0.03125 5.379863814 3.247626897 0.03125 5.963298303 2.85042835 0.03125 5.908662211 2.164711444 0.03125 6.257461048 1.777796881 0.03125 6.540563243 1.48418635 0.03125 6.657369817 1.251712912 0.03125 6.628431436 1.086509854 0.03125 6.477594455 0.9730491282 0.03125 6.228741552 0.899857778 0.03125 5.905684968 0.8436655348 0.03125 5.510805648 0.7932385762 0.03125 5.061964064 0.7395445618 0.03125 4.581805887 0.6806974123 0.03125 4.085802581 0.6213015898 0.03125 3.622729836 0.5641349181 0.03125 3.206721359 0.5153953981 0.03125 2.87954018 0.4761210754 0.03125 2.671826965 0.449486933 0.03125 1 3 1 1 1 1 500 0.0004
-4.270755152 87.9 60.70769882 33.33289719 60.54160309 79.33646015 8.112589452 64.7708944 0.7659112818 0.2074894039 0.6085458533 0.5355087127 0.4865304457 -0.6903032262 0.7659112818 -0.2074894039 -0.6085458533 0 0.2074894039 0.9756206027 -0.07150235555 0 0.6085458533 -0.07150235555 0.7902906791 0 0 0 0 1 1 0 0 60.70769882 0 1 0 33.33289719 0 0 1 60.54160309 0 0 0 1 0.7659112818 0.2074894039 0.6085458533 -0 -0.2074894039 0.9756206027 -0.07150235555 -0 -0.6085458533 -0.07150235555 0.7902906791 -0 0 0 0 1 32 2.325844195 0.7968283935 0.03125 2.776693332 0.8610322757 0.03125 3.095663677 0.9919148225 0.03125 3.282021114 1.18259399 0.03125 3.354330938 1.427857303 0.03125 3.336577702 1.707108169 0.03125 3.303000533 2.006711048 0.03125 3.283414507 2.30042743 0.03125 3.346253648 2.568555275 0.03125 3.512877972 2.785207302 0.03125 3.798418259 2.929584882 0.03125 4.198591258 2.987569452 0.03125 4.68985193 2.949585443 0.03125 5.238878736 2.826892143 0.03125 5.807483525 2.632044022 0.03125 6.261547852 2.355895728 0.03125 6.008429869 1.772707298 0.03125 6.296778274 1.540385747 0.03125 6.5509183 1.390758915 0.03125 6.679275656 1.280610863 0.03125 6.666971067 1.207912157 0.03125 6.526687676 1.15338215 0.03125 6.268000011 1.106054398 0.03125 5.907595813 1.049292133 0.03125 5.472395209 0.9780725752 0.03125 4.97807365 0.8933491128 0.03125 4.479052462 0.7991254995 0.03125 3.988420889 0.7070145127 0.03125 3.562688456 0.6223373188 0.03125 3.211588938 0.5535354536 0.03125 2.95444771 0.5014089703 0.03125 2.81280602 0.467632776 0.03125 1 3 1 1 1 1 500 0.0004
-5.122581476 87.9 60.40769958 33.23289871 60.4416008 82.74001223 40.55134152 66.31755115 0.7138927376 0.6925691081 0.1034658869 0.5471271391 0.63370542 -0.54687232 0.7138927376 -0.6925691081 -0.1034658869 0 0.6925691081 0.7201388635 -0.04180966254 0 0.1034658869 -0.04180966254 0.9937538741 0 0 0 0 1 1 0 0 60.40769958 0 1 0 33.23289871 0 0 1 60.4416008 0 0 0 1 0.7138927376 0.6925691081 0.1034658869 -0 -0.6925691081 0.7201388635 -0.04180966254 -0 -0.1034658869 -0.04180966254 0.9937538741 -0 0 0 0 1 32 1.201305461 0.6540132491 0.03125 2.358303317 0.6956455507 0.03125 3.303950951 0.8162681545 0.03125 3.880612051 1.036620906 0.03125 4.061121428 1.359701831 0.03125 3.880051885 1.756896137 0.03125 3.531208624 2.200471152 0.03125 3.105229045 2.638494028 0.03125 2.896943995 3.02100255 0.03125 3.002994914 3.281240343 0.03125 3.565088524 3.351689671 0.03125 4.576522902 3.187109134 0.03125 5.885431891 2.77011808 0.03125 7.339413776 2.179863128 0.03125 8.647101171 1.525960473 0.03125 9.493356989 0.924678443 0.03125 9.648469869 0.4673737089 0.03125 9.631146786 0.4402926441 0.03125 9.455822765 0.7637894842 0.03125 9.04441166 1.240228383 0.03125 8.521097944 1.752013635 0.03125 7.965608456 2.151313812 0.03125 7.425648394 2.37285967 0.03125 6.937253455 2.382660914 0.03125 6.461621746 2.207228994 0.03125 5.99359845 1.910597871 0.03125 5.466182721 1.551835074 0.03125 4.871964315 1.204888368 0.03125 4.217884515 0.9025884794 0.03125 3.515652017 0.6749088097 0.03125 2.869611185 0.5190714198 0.03125 2.346246014 0.4325984423 0.03125 1 3 1 1 1 1 500 0.0004
-4.675367854 87.9 60.90769958 33.33289719 60.54160309 75.84078739 7.379182957 83.35376054 0.6865492711 0.3268955172 0.6494531694 0.8010132203 0.24166465 -0.5477006645 0.6865492711 -0.3268955172 -0.6494531694 0 0.3268955172 0.9366394561 -0.1258803009 0 0.6494531694 -0.1258803009 0.749909815 0 0 0 0 1 1 0 0 60.90769958 0 1 0 33.33289719 0 0 1 60.54160309 0 0 0 1 0.6865492711 0.3268955172 0.6494531694 -0 -0.3268955172 0.9366394561 -0.1258803009 -0 -0.6494531694 -0.1258803009 0.749909815 -0 0 0 0 1 32 0.4848513072 0.8416615515 0.03125 1.692559996 0.8985372782 0.03125 2.733709284 0.9720266723 0.03125 3.550158818 1.073107512 0.03125 4.096557689 1.214352405 0.03125 4.36467373 1.402426815 0.03125 4.417355166 1.639997469 0.03125 4.266418941 1.918956628 0.03125 4.038709008 2.227751521 0.03125 3.76649765 2.54348012 0.03125 3.563285221 2.842706642 0.03125 3.467735792 3.095875087 0.03125 3.529285772 3.276227597 0.03125 3.768743681 3.361284336 0.03125 4.178061389 3.335324155 0.03125 4.692434335 3.17591788 0.03125 4.469703463 2.540413343 0.03125 5.075035167 2.267842089 0.03125 5.676384282 1.993002888 0.03125 6.195003639 1.719503233 0.03125 6.572489125 1.47016018 0.03125 6.797889574 1.259195796 0.03125 6.863076732 1.094688865 0.03125 6.775647125 0.9710849183 0.03125 6.563077999 0.882319142 0.03125 6.241733063 0.8148694833 0.03125 5.857439314 0.7598870551 0.03125 5.427435156 0.708890255 0.03125 5.003266516 0.6577172449 0.03125 4.599330241 0.6056043521 0.03125 4.262184907 0.552415677 0.03125 4.008474768 0.502859858 0.03125 1 3 1 1 1 1 500 0.0004
-4.62819818 87.9 60.90769958 33.33289719 60.54160309 79.25202562 7.742091727 88.60115495 0.6227547354 0.3011242971 0.7221500517 0.8275625846 0.2487963586 -0.503230107 0.6227547354 -0.3011242971 -0.7221500517 0 0.3011242971 0.9441222753 -0.1340048018 0 0.7221500517 -0.1340048018 0.6786324601 0 0 0 0 1 1 0 0 60.90769958 0 1 0 33.33289719 0 0 1 60.54160309 0 0 0 1 0.6227547354 0.3011242971 0.7221500517 -0 -0.3011242971 0.9441222753 -0.1340048018 -0 -0.7221500517 -0.1340048018 0.6786324601 -0 0 0 0 1 32 -0.1779134305 0.8300318824 0.03125 1.005722291 0.8167515543 0.03125 2.072549456 0.7849794857 0.03125 2.948881304 0.777976975 0.03125 3.57767976 0.8314904481 0.03125 3.941877045 0.9700624751 0.03125 4.087899108 1.208070442 0.03125 4.013497603 1.542310933 0.03125 3.823927689 1.962226535 0.03125 3.542425047 2.437313946 0.03125 3.295147886 2.932735184 0.03125 3.130601176 3.39838134 0.03125 3.145091479 3.78549964 0.03125 3.381203283 4.046350123 0.03125 3.84365349 4.144596122 0.03125 4.478920528 4.048042948 0.03125 4.380704799 3.390856877 0.03125 5.151784607 3.061291874 0.03125 5.888630926 2.685735574 0.03125 6.494886712 2.289760645 0.03125 6.905040812 1.912013864 0.03125 7.103794017 1.583683418 0.03125 7.096096269 1.323084968 0.03125 6.903332737 1.130187266 0.03125 6.573834318 0.9985110446 0.03125 6.138185619 0.9085649184 0.03125 5.649875693 0.845079166 0.03125 5.131712342 0.7902934763 0.03125 4.629407087 0.7345813019 0.03125 4.157339071 0.6715509349 0.03125 3.762107563 0.5995327076 0.03125 3.459014279 0.5243193185 0.03125 1 3 1 1 1 1 500 0.0004
-4.785310721 87.9 60.90769958 33.33289719 60.54160309 82.30218518 9.649206253 90.24150471 0.691974045 0.299276432 0.6569669233 0.8259619898 0.3699680804 -0.425335645 0.691974045 -0.299276432 -0.6569669233 0 0.299276432 0.9470639736 -0.1162043338 0 0.6569669233 -0.1162043338 0.7449100714 0 0 0 0 1 1 0 0 60.90769958 0 1 0 33.33289719 0 0 1 60.54160309 0 0 0 1 0.691974045 0.299276432 0.6569669233 -0 -0.299276432 0.9470639736 -0.1162043338 -0 -0.6569669233 -0.1162043338 0.7449100714 -0 0 0 0 1 32 1.315804668 0.8337499277 0.03125 2.1553335 0.90351167 0.03125 2.834412428 1.020187286 0.03125 3.324133696 1.191874925 0.03125 3.606810071 1.425476524 0.03125 3.687829353 1.717454718 0.03125 3.631385243 2.062728455 0.03125 3.458954833 2.443606246 0.03125 3.276023941 2.843120585 0.03125 3.118650291 3.232661781 0.03125 3.077188653 3.585908319 0.03125 3.185612702 3.870579569 0.03125 3.467598127 4.059480774 0.03125 3.926072848 4.132092097 0.03125 4.503820753 4.077324125 0.03125 5.112593769 3.880335517 0.03125 4.908853237 3.209339041 0.03125 5.447961003 2.906121598 0.03125 5.935665948 2.608580976 0.03125 6.301957103 2.318825887 0.03125 6.529294646 2.057011055 0.03125 6.622182783 1.832643185 0.03125 6.594354223 1.650098378 0.03125 6.463744577 1.500913305 0.03125 6.255980402 1.377756954 0.03125 5.988263211 1.267153157 0.03125 5.680944951 1.160786865 0.03125 5.345870422 1.050953193 0.03125 5.006321634 0.9340066965 0.03125 4.671163024 0.8096501091 0.03125 4.383148022 0.6782061757 0.03125 4.155632347 0.5501118677 0.03125 1 3 1 1 1 1 500 0.0004
-4.743908856 87.9 60.90769958 33.33289719 60.54160309 85.0847214 9.338418741 93.88560106 0.6841811239 0.2959325879 0.6665733966 0.8169323759 0.3545834081 -0.4548539325 0.6841811239 -0.2959325879 -0.6665733966 0 0.2959325879 0.9480007849 -0.117125639 0 0.6665733966 -0.117125639 0.7361803391 0 0 0 0 1 1 0 0 60.90769958 0 1 0 33.33289719 0 0 1 60.54160309 0 0 0 1 0.6841811239 0.2959325879 0.6665733966 -0 -0.2959325879 0.9480007849 -0.117125639 -0 -0.6665733966 -0.117125639 0.7361803391 -0 0 0 0 1 32 1.181815342 0.8302644737 0.03125 2.073208753 0.899467729 0.03125 2.787252678 1.019448876 0.03125 3.291524347 1.197762239 0.03125 3.568093066 1.440575526 0.03125 3.622133429 1.743323806 0.03125 3.520348127 2.100879888 0.03125 3.284859182 2.495986704 0.03125 3.025626871 2.913372614 0.03125 2.78155488 3.325960662 0.03125 2.658289591 3.708678447 0.03125 2.695618192 4.028383213 0.03125 2.932617713 4.255143443 0.03125 3.376893797 4.363662633 0.03125 3.97027186 4.337190746 0.03125 4.618908786 4.15536116 0.03125 4.479416753 3.493892914 0.03125 5.068541395 3.182665766 0.03125 5.603440506 2.869023085 0.03125 6.007209364 2.55636695 0.03125 6.276289833 2.266431552 0.03125 6.416346721 2.011532948 0.03125 6.454006571 1.798542209 0.03125 6.408092645 1.621663311 0.03125 6.283963866 1.475776509 0.03125 6.098680769 1.347337316 0.03125 5.852233574 1.227795282 0.03125 5.557204067 1.106911225 0.03125 5.241822053 0.9795516899 0.03125 4.916267053 0.843706204 0.03125 4.637964653 0.6990247169 0.03125 4.420907673 0.5576836107 0.03125 1 3 1 1 1 1 500 0.0004
-4.751911522 87.9 60.90769958 33.33289719 60.54160309 86.15152602 9.212168139 93.71502305 0.6915125051 0.2874286126 0.6627180758 0.845473125 0.3251836066 -0.423592749 0.6915125051 -0.2874286126 -0.6627180758 0 0.2874286126 0.9511589734 -0.1126117226 0 0.6627180758 -0.1126117226 0.7403535317 0 0 0 0 1 1 0 0 60.90769958 0 1 0 33.33289719 0 0 1 60.54160309 0 0 0 1 0.6915125051 0.2874286126 0.6627180758 -0 -0.2874286126 0.9511589734 -0.1126117226 -0 -0.6627180758 -0.1126117226 0.7403535317 -0 0 0 0 1 32 1.305098143 0.8455787674 0.03125 2.155568759 0.9351259079 0.03125 2.836989825 1.074953923 0.03125 3.321922379 1.270003438 0.03125 3.590218797 1.525548469 0.03125 3.645590298 1.837853295 0.03125 3.547868706 2.201964541 0.03125 3.316131542 2.60174411 0.03125 3.053913812 3.021410537 0.03125 2.79758452 3.433973658 0.03125 2.652453917 3.813827047 0.03125 2.659335469 4.127883338 0.03125 2.874669559 4.347104569 0.03125 3.310700599 4.446491489 0.03125 3.917260833 4.411064932 0.03125 4.606451094 4.222132385 0.03125 4.503110978 3.546721303 0.03125 5.157051218 3.232315485 0.03125 5.747215462 2.915662187 0.03125 6.196862805 2.602123448 0.03125 6.479649962 2.314487093 0.03125 6.599298004 2.064740173 0.03125 6.571465655 1.85847774 0.03125 6.419061924 1.687190683 0.03125 6.177530574 1.54288573 0.03125 5.869660383 1.410783082 0.03125 5.528894755 1.281858014 0.03125 5.169198374 1.148497511 0.03125 4.818577376 1.007478343 0.03125 4.484995912 0.8599532531 0.03125 4.20594778 0.7068538883 0.03125 3.9932179 0.5602116903 0.03125 1 3 1 1 1 1 500 0.0004
-4.760084026 87.9 60.90769958 33.33289719 60.54160309 85.85507917 8.788434859 94.16655256 0.6986449741 0.3071766715 0.646171566 0.8499814588 0.3014697057 -0.4320272402 0.6986449741 -0.3071766715 -0.646171566 0 0.3071766715 0.9444513074 -0.1168512749 0 0.646171566 -0.1168512749 0.7541936667 0 0 0 0 1 1 0 0 60.90769958 0 1 0 33.33289719 0 0 1 60.54160309 0 0 0 1 0.6986449741 0.3071766715 0.646171566 -0 -0.3071766715 0.9444513074 -0.1168512749 -0 -0.646171566 -0.1168512749 0.7541936667 -0 0 0 0 1 32 1.336634962 0.8506719298 0.03125 2.214141246 0.947520098 0.03125 2.919523033 1.091440226 0.03125 3.422619279 1.287380751 0.03125 3.699657837 1.541321516 0.03125 3.753381585 1.850332099 0.03125 3.644737726 2.209799327 0.03125 3.393508529 2.603551014 0.03125 3.110722574 3.015577145 0.03125 2.834554642 3.418418637 0.03125 2.676444395 3.786353536 0.03125 2.677620246 4.086815841 0.03125 2.882821318 4.29186434 0.03125 3.302332436 4.378714415 0.03125 3.881056139 4.334188561 0.03125 4.53095647 4.141048084 0.03125 4.387646743 3.468449042 0.03125 4.999611504 3.160574297 0.03125 5.55886777 2.852702693 0.03125 5.990226881 2.548446457 0.03125 6.271888679 2.269205714 0.03125 6.407363802 2.026449957 0.03125 6.407529954 1.825907864 0.03125 6.293295502 1.659630239 0.03125 6.089256599 1.52037787 0.03125 5.816579865 1.393458136 0.03125 5.503858194 1.269923118 0.03125 5.164669703 1.141429884 0.03125 4.827132162 1.004373721 0.03125 4.499409396 0.8594195462 0.03125 4.22145655 0.707343374 0.03125 4.005007361 0.5606203676 0.03125 1 3 1 1 1 1 500 0.0004
