-1.192495263   -0.7836327505   1.309577449   0.9974877892   0.02730558368   0.06536448254   -0.02944758352   0.9990528843   0.03203395436   -0.06442786899   -0.03387830438   0.9973471363   

-3.825984102   2.699498075   3.174889363   0.9966581556   0.00261159939   0.0816437407   -0.0009841471533   0.9998001458   -0.0199674727   -0.08167957089   0.01982039506   0.9964615395   

-4.646820068   2.534819261   4.697433935   0.9983122488   -0.03284373708   0.04789512346   0.03709136053   0.9951893145   -0.09067777768   -0.044686518   0.09230123144   0.9947279014   

-3.320995564   0.3787488183   0.6514379361   0.9971338634   0.01708708675   0.07370271361   -0.02025908599   0.9988907431   0.04250709024   -0.07289463604   -0.04387840872   0.9963739545   

-5.91245272   5.26695074   7.764924435   0.9954640274   -0.001976692923   0.09511815212   0.005151090763   0.9994374698   -0.03313925379   -0.09499913916   0.03347889728   0.994914231   

-0.1865041026   0.3397584409   0.650220411   0.9999802168   -0.004213798366   -0.004670118138   0.004123639899   0.9998081232   -0.01914973309   0.004749915165   0.01913009636   0.99980572   

1.556877803   4.300443279   0.39000284   0.9978131004   -0.02351576456   -0.06177398719   0.01773874166   0.9955587493   -0.09245600954   0.06367380718   0.09115802473   0.9937987024   

-3.287819334   8.729250088   8.142338025   0.9993901812   -0.03332810357   0.01041648646   0.03432475216   0.9924350454   -0.1178748998   -0.006409139344   0.1181605608   0.9929738188   

-8.403816469   4.270653604   11.86534555   0.9953023552   -0.02279262676   0.09409419688   0.02399356522   0.9996442129   -0.01165145747   -0.09379515206   0.01385437831   0.9954951158   

-8.914566039   6.215892567   -0.4649687444   0.9950231589   -0.03038118868   0.09489940318   0.03751858696   0.9965258266   -0.07435477477   -0.09231071976   0.07754521438   0.9927061351   

-2.347923278   5.283483853   5.732364213   0.9983316942   -0.02366083903   0.05266871006   0.03380786305   0.9790037783   -0.2010189804   -0.04680658841   0.2024642358   0.978170423   

-1.112281798   1.613335932   -0.6300717576   0.9997540459   -0.01066765125   0.01944348201   0.01078107476   0.9999254189   -0.005738039361   -0.01938082049   0.005946249699   0.9997944918   

-3.573310851   2.437367699   0.9576715021   0.9999696924   -0.002192270494   0.007470490125   0.002825104901   0.996309868   -0.08578266505   -0.007254864225   0.0858011701   0.9962858657   

-4.359191887   3.495955706   2.316207887   0.9983514883   -0.02620634208   0.0510640135   0.03269552144   0.9908822918   -0.1307030476   -0.04717317795   0.1321571467   0.9901056408   

31.54586165   -39.79113834   -4.577928215   0.8780184632   0.3920115129   -0.2746098178   -0.1337745564   0.7518730775   0.6455937139   0.4595518973   -0.530107394   0.7125996102   

-7.917929833   -11.80138337   0.3660116901   0.9994180666   0.03065263478   0.0149647619   -0.03167389147   0.9967848815   0.07359799379   -0.01266067599   -0.0740291569   0.9971757073   

-7.30942223   -0.9954701008   -0.1105351496   0.9986170123   -0.02034626358   -0.04847774975   0.01837178364   0.9989970772   -0.04083279789   0.04925992518   0.0398857039   0.9979892737   

-0.6342827557   -0.4150771922   0.2963792936   0.9989937121   -0.004735017998   -0.04459980815   0.004337549935   0.9999500516   -0.009004441875   0.04464021666   0.008801926918   0.9989643523   

-5.599174503   -0.9808100404   5.049027334   0.9942879112   0.08127534079   0.069179973   -0.0915880672   0.9825247551   0.1620392901   -0.0548012375   -0.1674497673   0.9843563378   

-8.223376524   -1.530089273   6.448624989   0.9956813823   0.05558917963   0.07435340008   -0.06273007065   0.9932631775   0.09743304615   -0.06843627131   -0.1016764641   0.9924607667   

-5.764533174   2.735332811   7.306760398   0.962677383   -0.08078473465   -0.2583139233   0.08278211065   0.9965626813   -0.003153473575   0.2576807685   -0.01834799409   0.9660558848   

-0.5705923979   0.6889995422   3.982669798   0.9930347933   0.03247420094   -0.1132577839   -0.02202272395   0.9954839716   0.09233992607   0.1157449739   -0.08920251448   0.9892653903   

-0.08971171347   0.6790546652   1.669866836   0.9982002654   0.001223543811   -0.05995609374   0.0007362059835   0.9994664635   0.03265342839   0.05996405787   -0.03263880092   0.9976667883   

-0.2129685561   -0.2199979723   1.263224428   0.9945589721   0.02440904963   -0.1012751169   -0.01680297564   0.9970202743   0.075287666   0.1028110452   -0.07317630039   0.9920056038   

0.02098014508   -1.043679004   0.1068731839   0.9987373084   0.04593136733   0.02034940733   -0.0463628061   0.9986983465   0.02126271088   -0.01934629407   -0.02217931826   0.9995668055   

0.04091803643   3.730693144   -0.03626941173   0.9881849912   -0.137006102   0.06870044527   0.1456312526   0.979056217   -0.1422689786   -0.04776987985   0.1505930013   0.9874410294   

-5.600239489   0.3337355532   9.624928872   0.960004334   0.01529029107   -0.2795673187   0.01603043974   0.9938680787   0.1094041463   0.2795258551   -0.1095100417   0.9538725529   

-9.12754382   4.417515198   0.03336494811   0.9910531765   -0.1285435591   -0.03591872411   0.1270188915   0.9910137887   -0.04192698095   0.04098539422   0.03698951113   0.9984748237   

2.798094642   10.56495244   -8.174475053   0.8967872349   -0.354177469   0.265199879   0.4011233434   0.9037502683   -0.1494507141   -0.1867423861   0.2404033547   0.9525405547   

-5.089388314   4.874947216   3.113845942   0.9817714651   -0.05890209825   -0.1807078669   0.04284177249   0.9948805538   -0.09152740643   0.185173899   0.08211715058   0.9792688092   

-1.869978497   6.55213818   -3.804343741   0.9992374951   -0.01279817338   -0.03688678793   0.01211396359   0.9997515049   -0.01871310829   0.03711711535   0.01825199424   0.9991442261   

-6.240329159   8.254966477   -5.084945893   0.977970539   -0.1711777623   -0.1194646334   0.1568545781   0.980242009   -0.1205082786   0.1377325897   0.09911497145   0.9854978215   

3.179857841   3.096338871   -3.859901324   0.988441589   0.08478036584   0.1256802081   -0.09586686293   0.9917624018   0.08495223891   -0.1174426232   -0.0960188933   0.9884268321   

4.826629662   6.717007486   -4.361602669   0.9858767964   -0.04997813918   0.1598409454   0.04048214803   0.997247042   0.0621251396   -0.1625058089   -0.0547770288   0.9851859414   

9.816933522   2.290545865   -8.338393865   0.9444658084   0.1054535981   0.3112296185   -0.1804034693   0.9580138228   0.2228544447   -0.2746614735   -0.2666253062   0.9238354946   

10.34816596   0.6704105876   -2.79398044   0.9757127801   0.2156125989   0.03867528877   -0.2180585801   0.9392107227   0.265204966   0.02085728604   -0.2671973532   0.9634160825   

8.993925113   -0.8063758249   -5.525503938   0.9943355253   -0.08704941793   0.06098575188   0.09426393484   0.9873330592   -0.1276234337   -0.04910370335   0.1326492709   0.9899459567   

7.840702231   0.3453731287   -8.7504412   0.9959122965   -0.06565961212   0.06202832377   0.07152278056   0.9926536414   -0.0975870895   -0.05516511101   0.1016246206   0.9932921257   

3.794989398   0.5528344796   -1.267330144   0.9904463092   -0.1359091728   -0.02334106601   0.1276834261   0.9677755748   -0.2170423449   0.05208695912   0.2119885221   0.975883095   

6.711648012   -11.53461852   4.754599002   0.8764910868   0.3931127177   0.2778952427   -0.4717346514   0.5861275275   0.6587267569   0.09607181412   -0.7084609465   0.6991804444   

9.110761137   -5.430418624   3.597259183   0.8333572511   -0.5202289617   0.1867552393   0.430839512   0.399716366   -0.8090761037   0.3462556958   0.7547109739   0.557241724   

-2.645888045   -1.902893435   -0.8859166506   0.9891328594   0.1384804449   0.04938980497   -0.1463468057   0.9595731576   0.2404203979   -0.01409960743   -0.2450357558   0.9694115119   

-4.109502583   -1.199882548   1.143060344   0.9500280427   -0.01569711406   0.3117696565   -0.04227290937   0.9830658332   0.1783103157   -0.3092890545   -0.1825792106   0.9332765467   

10.777894   -6.967466289   -6.141179101   0.9843740952   -0.005598393794   -0.1760008483   -0.006549828298   0.9976387365   -0.06836703306   0.1759680095   0.06845151165   0.9820130601   

-2.750810218   -1.651791013   2.391849724   0.99690149   -0.01830647819   0.07650027503   0.01928842955   0.9997405366   -0.0121167647   -0.07625861072   0.01355479095   0.9969959338   

-11.6322128   -0.4262504427   8.739040328   0.9752714654   -0.04288389835   0.2168099168   0.0449098589   0.998981249   -0.004423660953   -0.2163993377   0.01405117307   0.9762038164   

-10.33050831   0.4295561198   7.048324981   0.9989884552   -0.0006244724897   0.04496305546   -0.003738990829   0.9952874928   0.09689595796   -0.04481167559   -0.09696605981   0.99427838   

-9.494680123   1.342823771   7.530810374   0.999276493   0.002001373996   -0.03798006132   -0.002812958131   0.99976859   -0.0213272978   0.03792858846   0.02141870367   0.9990508802   

-3.61959826   0.5292824077   5.612803962   0.9889240923   -0.005661670274   -0.1483141433   -0.0143404504   0.9909522079   -0.1334468926   0.1477277601   0.1340957388   0.9798953218   

-9.000502317   2.613952444   11.45271818   0.9925964118   -0.1144731561   -0.0405987666   0.08407525955   0.8887974805   -0.4505223517   0.08765679697   0.4437735179   0.8918415503   

-9.688785484   0.6470773011   5.087329224   0.9919664072   -0.1141452395   0.05452991247   0.1235150685   0.9670552161   -0.2225943323   -0.0273253529   0.227541366   0.9733849454   

0.765234464   -0.001237945174   0.4039748962   0.998175018   -0.04993089835   0.03396378829   0.04957591183   0.9987073855   0.01121548228   -0.03447988531   -0.00951122845   0.9993601323   

5.12523528   0.7272096554   1.832035192   0.9965210939   0.06848255629   -0.04749577837   -0.06904684523   0.9975598129   -0.01034179701   0.04667164709   0.01358525253   0.9988179005   

7.45719036   7.136072392   -7.511298437   0.9956494963   0.09134337781   -0.01839749563   -0.08694373435   0.9817542552   0.1691134813   0.03350921623   -0.1667782055   0.985424864   

5.923540216   5.678864938   -17.60572162   0.976911875   -0.08875208163   0.1943354224   -0.02196057461   0.8630940964   0.5045654703   -0.2125109916   -0.4971837172   0.8412178254   

5.804941554   2.078338631   -4.284293904   0.9999806012   0.003065798881   -0.005422005595   -0.002899134434   0.9995310584   0.03048373949   0.005512920006   -0.03046742902   0.9995205568   

14.47168751   -1.896790531   -17.81080435   0.9989276134   0.006390422334   -0.04585614142   -0.009348822345   0.9978678794   -0.06459330243   0.04534559211   0.06495273435   0.9968575222   

6.997212718   -5.30800851   5.430154678   0.9999167295   0.01073609168   -0.007160332349   -0.01014492947   0.996899414   0.07802973064   0.007975865464   -0.077950592   0.9969253186   

2.084381093   -3.594412238   2.351577188   0.9938516073   0.01191951689   -0.1100768264   -0.0209576372   0.9964677383   -0.08131927188   0.1087187199   0.08312623926   0.9905908683   

4.807449487   0.4173100008   -6.923262824   0.9779868015   0.08185918192   -0.1919398092   -0.07075871186   0.995438027   0.06400264906   0.1963033895   -0.04901233239   0.9793175024   

0.5331120503   -3.777314515   2.404835985   0.9999579649   0.002072618331   0.008931559047   -0.002156148536   0.9999539371   0.009352795139   -0.008911762858   -0.009371659761   0.9999163727   

-8.254344875   -9.54122139   1.864814437   0.9938189703   0.03728437722   0.1045644749   -0.05279749981   0.9873112575   0.1497628287   -0.0976538694   -0.1543578831   0.9831771792   

2.547526401   -9.823352379   3.243987358   0.9965373644   0.04353961797   -0.0708349002   -0.03593016525   0.9937846996   0.105361255   0.0749820288   -0.1024513177   0.991907971   

-2.17067563   -3.136295243   1.570301814   0.9995293873   0.006645216858   -0.02994737185   -0.006072554348   0.9997977426   0.01917284398   0.03006872248   -0.01898196395   0.9993675785   

-12.38659156   -2.241741281   10.26749571   0.998042408   0.06034188812   -0.01643801876   -0.05763253653   0.9894464012   0.1329447626   0.02428667649   -0.1317371462   0.9909871249   

-12.95978753   1.824907799   13.62457499   0.9868901252   0.005282304524   -0.1613070926   0.007621986669   0.9968236602   0.07927481239   0.1612134802   -0.07946501003   0.9837151651   

-4.225833983   3.244535897   4.8443753   0.9938164275   0.02921411214   -0.107123499   -0.01960995894   0.9957814783   0.08963647125   0.1092902461   -0.08698151022   0.9901968789   

-7.092099543   3.25289099   9.047670562   0.9716166688   0.1274510571   -0.1992919389   -0.07702301464   0.9669898767   0.2428951081   0.2236705257   -0.2206508698   0.9493601475   

-3.319516327   4.840454692   5.358691487   0.9900033257   0.01264493163   -0.1404760509   0.00373666417   0.9932721255   0.1157433454   0.1409945123   -0.1151112087   0.9832954577   

3.592847133   -2.034794195   -1.86505731   0.9940654591   -0.03212848241   0.1039308597   0.04192810203   0.9947338172   -0.09352361819   -0.1003787689   0.09732622214   0.990177615   

4.27475622   -4.435039277   -2.737771949   0.9983740133   -0.008024708044   0.05643521662   0.01065245525   0.998865368   -0.04641661181   -0.05599870366   0.04694231264   0.997326709   

4.505078994   -3.684194687   -9.816864366   0.9811877297   -0.03001360828   0.1907087369   0.06125462176   0.985197988   -0.160102454   -0.1830806115   0.1687723549   0.9685026494   

13.35419494   7.297034092   -17.63431665   0.9627873268   -0.04155917819   0.2670456855   0.1050149589   0.9679885216   -0.2279694725   -0.2490229344   0.2475299107   0.9363314165   

9.023079667   10.03669471   -11.61554959   0.9926143754   -0.06534797479   0.1022073578   0.08265314552   0.9810062313   -0.1754857021   -0.08879841963   0.1826373902   0.9791621032   

-0.09790080324   9.339532072   -12.27634006   0.9974972622   -0.02671455035   0.06546407249   0.03110519262   0.9972683336   -0.06699505856   -0.06349550361   0.06886366008   0.9956033936   

0.2715602705   9.535653408   -5.054553868   0.9982613627   -0.04429600229   -0.03888593538   0.03835207852   0.9891011501   -0.1421549613   0.04475901989   0.1404164489   0.9890803056   

-0.7403106314   6.767755208   6.642384192   0.995488991   -0.07888406905   0.0527159608   0.08750329646   0.9781166974   -0.188761488   -0.03667208723   0.1925228035   0.9806070202   

-13.55007174   4.328262751   12.17862372   0.9865646769   -0.1125228964   0.1184429654   0.1363184645   0.9665595999   -0.2172091527   -0.09004118223   0.2304368408   0.9689125079   

7.051559511   2.384621234   -15.22904156   0.9995363378   -0.01759147337   0.02485255355   0.01685482089   0.9994213142   0.02954575617   -0.02535792511   -0.02911317158   0.9992544215   

15.5621032   1.377179256   -6.099769321   0.9831397089   0.1030351503   -0.1510631346   -0.1159429304   0.9900879064   -0.07926647786   0.1413985492   0.09544472446   0.9853409333   

8.285546283   -8.613507447   2.503925636   0.9943971958   0.08888629917   -0.05721400907   -0.08452607027   0.9936259729   0.07458397534   0.06347881897   -0.06933002058   0.9955720907   

1.258884957   -5.889462672   0.5198109907   0.9988231507   0.04501454697   0.01805558575   -0.04680450059   0.9922007229   0.1155294947   -0.01271425736   -0.1162386166   0.9931399356   

1.278757552   -4.080844826   -1.192405333   0.9959445282   0.08429054442   -0.03145792191   -0.07975599238   0.988963885   0.1248575825   0.04163506226   -0.1218422683   0.9916758459   

0.4211733718   -1.784489941   -0.3400310802   0.9987949789   0.03205446177   -0.03716317543   -0.03099101806   0.9991033022   0.02884697995   0.03805452571   -0.02766049409   0.9988927621   

-19.29659506   -11.16213474   22.97348645   0.9606667885   0.08602906166   0.2640422731   -0.1826199482   0.9120054653   0.3672818886   -0.2092110799   -0.4010548987   0.8918439843   

-9.770780448   -0.08729139643   14.11303249   0.9992254671   -0.02245144638   -0.03231715342   0.02037443413   0.9977913911   -0.06322358989   0.03366523851   0.06251617743   0.9974760044   

-3.981430027   1.591374476   11.16456517   0.968957247   -0.1124520814   -0.2201735289   0.05593339537   0.9671879788   -0.2478283052   0.2408179991   0.2278199793   0.9434536281   

4.744133172   0.7102911958   -4.091817376   0.9959379926   0.003692521328   0.0899659942   -0.008112478138   0.9987749797   0.04881319121   -0.08967554028   -0.04934475883   0.9947479039   

7.067794618   1.030761109   -6.495388976   0.9969081512   0.01905303851   0.07623070077   -0.02476259521   0.9969009029   0.0746686264   -0.07457179021   -0.07632543228   0.9942904387   

2.520533049   2.463466878   -5.452611937   0.9995977811   0.02830921889   -0.001692374365   -0.02812306981   0.9971823554   0.06954454049   0.003656357474   -0.0694689736   0.9975774119   

6.133314244   7.531733952   -3.915830168   0.9778157099   -0.08398553332   -0.1918928548   0.04808080321   0.9816317612   -0.1846275219   0.203874162   0.1713053288   0.9638930493   

1.462661251   2.770245914   -0.7433716214   0.9955191018   -0.05036989589   -0.08002869213   0.04192227345   0.9936997239   -0.1039393174   0.08475990187   0.1001185912   0.9913586771   

3.484139129   2.851632641   -2.016395388   0.9928391828   -0.05794698572   -0.1044629305   0.0447031545   0.991156821   -0.1249391215   0.1107789916   0.1193746328   0.9866497413   

2.516028678   1.753577038   -0.8319259134   0.9977543812   -0.01982360733   -0.06397827313   0.01589140462   0.9979869964   -0.06139558887   0.06506656668   0.06024101315   0.996060923   

4.614474929   0.3459111426   -1.195258496   0.9913801572   0.036470984   -0.125838195   -0.04359092206   0.9975728558   -0.05429759625   0.1235524808   0.05931496246   0.9905637383   

6.016704873   -1.317897937   0.234416793   0.9802810232   0.07791687906   -0.1815986659   -0.08989790614   0.9942200059   -0.0586936661   0.1759757994   0.07386162688   0.9816195689   

3.167822589   -0.6383932696   -0.7216470502   0.9947035622   -0.02373045962   -0.1000084428   0.01791421312   0.9981172966   -0.05865955353   0.1012121748   0.05655729429   0.9932559429   

4.541588062   -2.128532418   -11.53865846   0.9962175583   -0.01841404159   0.08492054826   0.01472074473   0.9989268465   0.04391417859   -0.08563805298   -0.04249798206   0.9954195324   

3.18907277   -0.1694768059   -6.044907105   0.9993891259   -0.001546637859   0.03491393505   0.0008738765325   0.9998138153   0.0192761771   -0.03493724788   -0.01923389131   0.9992044066   

1.406571483   -0.659649735   -5.872162847   0.9994946745   -0.02558501172   0.018862736   0.0255431071   0.9996706968   0.002459185921   -0.01891944274   -0.001976130346   0.9998190584   

-1.905295905   2.026117431   -0.1757725713   0.998977803   -0.02271522452   0.03908155189   0.02210405002   0.9996276337   0.01600015288   -0.0394304463   -0.01511993699   0.9991079158   

-1.229242821   -0.9205950802   0.4840337838   0.9998543791   -0.01703477513   0.001018304522   0.01704102427   0.9998337906   -0.006480322571   -0.0009077444325   0.006496731853   0.999978484   

-1.078458511   -1.827990361   -1.610011566   0.9765018404   0.06368310252   0.2058849634   -0.09723056167   0.9827728625   0.1571741662   -0.1923288163   -0.1734991732   0.9658714528   

0.1626649322   -3.595762521   0.7788283009   0.9912682294   0.06435368235   -0.1150908377   -0.06555323214   0.9978268187   -0.006664355185   0.1144118486   0.01415073996   0.9933326157   

-0.8933769954   1.066692127   0.8247702133   0.995037764   0.03187550818   0.09425391369   -0.03733655699   0.9976897354   0.05675538189   -0.09222705557   -0.05999286491   0.9939290852   

-0.2756119278   2.872536982   0.229734021   0.9989772675   -0.04487358802   0.005547984847   0.04502200777   0.9985234949   -0.03039488478   -0.004175865681   0.03061358036   0.9995225715   

-1.983756115   -2.332803596   -0.8188570303   0.9979359005   -0.01742508099   0.06180861569   0.01651745915   0.9997485649   0.0151651065   -0.06205732805   -0.01411288293   0.9979728025   

-2.848796786   -5.184891538   0.826149964   0.9956128786   0.08544779395   -0.03812703068   -0.08334709086   0.9950752925   0.05365095231   0.04252362172   -0.05023780198   0.9978316014   

-2.612532887   2.672876666   -0.7153767616   0.9923880287   -0.07573772709   0.09710714262   0.07852178141   0.9965945811   -0.02517083083   -0.09487007061   0.03260425701   0.994955593   

-3.323997125   1.350490851   1.076387139   0.9971860638   -0.00510177931   0.07479255376   0.00280296311   0.999521369   0.03080870453   -0.07491393494   -0.03051237003   0.9967230797   

-4.170112607   0.8887759928   2.101227095   0.9879128829   -0.0118110505   0.1545594863   0.001679239346   0.9978498538   0.06551984012   -0.1550010189   -0.06446835177   0.9858085594   

-0.3303597077   2.233490621   -0.06221044567   0.9994888068   -0.02007078105   0.02488551627   0.02056984653   0.9995890891   -0.01996332357   -0.02447461104   0.02046500971   0.9994909588   

-0.5208674755   -1.684426293   0.6137775542   0.9996148698   0.0238926771   0.01411566391   -0.02455004925   0.998526543   0.04839460785   -0.01293858835   -0.04872250987   0.9987285467   

5.015844623   -1.536293807   -2.633795875   0.9826581223   -0.01971426091   -0.184375602   0.0002831959591   0.9944905353   -0.1048260229   0.1854263587   0.1029559284   0.977249785   

2.445852963   -0.5965829357   3.049206875   0.9977910167   -0.009371951026   -0.06576665988   0.006594217943   0.999082055   -0.04232686699   0.06610297503   0.04179968796   0.9969369001   

-0.1147657952   -0.8143858126   0.7031677041   0.9980207597   0.04544177056   -0.0434696306   -0.04450958221   0.9987627557   0.02217780387   0.04442364673   -0.02019909357   0.9988085583   

0.9563175938   2.238704625   1.001177018   0.9916372292   -0.05472923942   -0.1168773543   0.04342589393   0.9943210237   -0.09715911437   0.121531055   0.09127109137   0.9883824111   

-0.7158105602   1.461838012   3.240471603   0.9933398859   -0.109979831   0.0343556078   0.1117934547   0.9921357445   -0.05629287602   -0.02789434553   0.05975869113   0.9978230326   

-2.051477443   2.415899117   6.13328401   0.9975840477   -0.06175268744   -0.03182252773   0.05942414522   0.9958071445   -0.06954783858   0.03598386641   0.06748878781   0.9970709227   

-8.160365285   4.805885296   4.754271293   0.9897875654   -0.1058311153   0.0955005261   0.1045864156   0.9943536138   0.01796030178   -0.09686205201   -0.00778882566   0.9952673395   

-6.693718842   11.47027568   1.741570395   0.9775058708   -0.2005386813   0.06531852553   0.2071982196   0.9709297545   -0.1198511976   -0.03938489884   0.1306891315   0.9906407929   

0.7393721232   2.973275258   2.44703732   0.9926454639   -0.08363791965   -0.08751960522   0.05609026955   0.9584330509   -0.2797498321   0.1072793762   0.2727834037   0.9560754939   

12.63011171   -0.7421636776   -14.07237288   0.9898062318   0.1333809688   -0.04993135925   -0.1358925017   0.9894192685   -0.05082065704   0.04262454047   0.05708790036   0.9974588313   

0.1687774417   -0.51101632   2.081423854   0.9997614002   -0.01427563076   0.01653326928   0.01383204289   0.9995493765   0.02664054183   -0.01690612954   -0.02640549651   0.9995083454   

-4.97955323   -1.852749658   1.525997049   0.9954224088   -0.04290551543   0.08540108254   0.02955883497   0.9879659492   0.1518208106   -0.0908873117   -0.1486014805   0.984711682   

-0.8426050012   -0.0886130941   -0.006469807741   0.999863068   0.01570326631   -0.005220410758   -0.01569981327   0.9998765041   0.0007017758171   0.005230786231   -0.0006197202474   0.9999861273   

7.705847711   -4.271537729   -10.11771157   0.9988268014   0.04711989896   -0.01116852224   -0.04700445535   0.9988407144   0.01038308775   0.01164482477   -0.009845936018   0.999883721   

0.9896603841   -1.48840326   1.586987799   0.9985121815   0.05268482058   -0.0140617583   -0.05256025362   0.9985764184   0.009086056497   0.01452043749   -0.008333448512   0.9998598454   

1.629310081   -5.779847983   -1.60517242   0.9886737446   0.05007512167   0.141480419   -0.08226185435   0.9692822859   0.2317861893   -0.1255277423   -0.2407993613   0.9624232195   

