4.263256415e-14   -0.3854662036   1.004173761   1   0   0   0   1   0   0   0   1   

4.97379915e-14   -0.3854662036   1.004173761   1   0   0   0   1   0   0   0   1   

4.97379915e-14   -0.7709324072   2.008347522   1   0   0   0   1   0   0   0   1   

1.075615673   -1.156398611   3.012521284   1   0   0   0   1   0   0   0   1   

5.684341886e-14   -0.3854662036   1.004173761   1   0   0   0   1   0   0   0   1   

4.97379915e-14   -0.3854662036   1.004173761   1   0   0   0   1   0   0   0   1   

0   -0.3854662036   1.004173761   1   0   0   0   1   0   0   0   1   

5.684341886e-14   -0.3854662036   1.004173761   1   0   0   0   1   0   0   0   1   

4.97379915e-14   -0.3854662036   1.004173761   1   0   0   0   1   0   0   0   1   

5.684341886e-14   -0.3854662036   1.004173761   1   0   0   0   1   0   0   0   1   

5.684341886e-14   -0.3854662036   1.004173761   1   0   0   0   1   0   0   0   1   

1.075615673   -0.3854662036   1.004173761   1   0   0   0   1   0   0   0   1   

1.075615673   0   0   1   0   0   0   1   0   0   0   1   

2.151231347   0   0   1   0   0   0   1   0   0   0   1   

2.151231347   -0.3854662036   1.004173761   1   0   0   0   1   0   0   0   1   

2.151231347   1.705302566e-13   -8.526512829e-14   1   0   0   0   1   0   0   0   1   

1.075615673   0   -8.526512829e-14   1   0   0   0   1   0   0   0   1   

3.22684702   0   -1.847411113e-13   1   0   0   0   1   0   0   0   1   

5.378078366   0   -8.526512829e-14   1   0   0   0   1   0   0   0   1   

1.075615673   0   0   1   0   0   0   1   0   0   0   1   

1.075615673   0   0   1   0   0   0   1   0   0   0   1   

2.689039183   0   0   1   0   0   0   1   0   0   0   1   

1.075615673   0   0   1   0   0   0   1   0   0   0   1   

3.764654856   0   0   1   0   0   0   1   0   0   0   1   

6.45369404   0   0   1   0   0   0   1   0   0   0   1   

8.604925386   0   0   1   0   0   0   1   0   0   0   1   

5.378078366   -0.3854662036   1.004173761   1   0   0   0   1   0   0   0   1   

3.764654856   -0.3854662036   1.004173761   1   0   0   0   1   0   0   0   1   

3.764654856   -0.3854662036   1.004173761   1   0   0   0   1   0   0   0   1   

1.075615673   0   0   1   0   0   0   1   0   0   0   1   

1.075615673   0   0   1   0   0   0   1   0   0   0   1   

2.151231347   0   0   1   0   0   0   1   0   0   0   1   

0   0   0   0.9384645133   0.1029313792   -0.3296808888   -0.1441066576   0.984194291   -0.1029313792   0.3138751798   0.1441066576   0.9384645133   

0   0   0   -0.1784904745   0.1815868207   -0.967040525   -0.2108922448   0.9529223748   0.2178609849   0.9610752372   0.2428274577   -0.1317923146   

0   0   0   0.9783937696   0.05064046377   -0.2004524257   -0.05064046377   0.9987037684   0.005130931949   0.2004524257   0.005130931949   0.9796900013   

0   0   0   0.9996739853   0.006253886686   -0.02475504098   -0.006253886686   0.9999804413   7.742023067e-05   0.02475504098   7.742023067e-05   0.999693544   

0   0   0   0.9205758051   -0.1411027493   0.3641842956   0.1416827752   0.9895894416   0.02527307213   -0.3639590337   0.02833286297   0.9309839261   

0   0.3854662036   -1.004173761   1   0   0   0   1   0   0   0   1   

-2.151231347   1.541864814   -4.016695045   1   0   0   0   1   0   0   0   1   

0   0.3854662036   -1.004173761   1   0   0   0   1   0   0   0   1   

-1.075615673   0.3854662036   -1.004173761   1   0   0   0   1   0   0   0   1   

0   0.3854662036   -1.004173761   1   0   0   0   1   0   0   0   1   

0   0.3854662036   -1.004173761   1   0   0   0   1   0   0   0   1   

-1.075615673   0.7709324072   -2.008347522   1   0   0   0   1   0   0   0   1   

-0.5378078366   1.156398611   -3.012521284   1   0   0   0   1   0   0   0   1   

-1.075615673   0.7709324072   -2.008347522   1   0   0   0   1   0   0   0   1   

0   0.7709324072   -2.008347522   1   0   0   0   1   0   0   0   1   

-0.5378078366   0.7709324072   -2.008347522   1   0   0   0   1   0   0   0   1   

-1.075615673   0.7709324072   -2.008347522   1   0   0   0   1   0   0   0   1   

0   0.7709324072   -2.008347522   1   0   0   0   1   0   0   0   1   

-1.075615673   0.7709324072   -2.008347522   1   0   0   0   1   0   0   0   1   

0   0.3854662036   -1.004173761   1   0   0   0   1   0   0   0   1   

0   0.7709324072   -2.008347522   1   0   0   0   1   0   0   0   1   

-1.075615673   0.7709324072   -2.008347522   1   0   0   0   1   0   0   0   1   

-1.075615673   0.3854662036   -1.004173761   1   0   0   0   1   0   0   0   1   

0   0.3854662036   -1.004173761   1   0   0   0   1   0   0   0   1   

