-3.350897015 83.9 60.40769958 33.33289719 60.54160309 108.3183621 -16.95910919 61.94758799 0.8780240649 -0.1875441018 0.4403418574 0.6723588773 0.2431769534 -0.6991412657 0.8780240649 0.1875441018 -0.4403418574 0 -0.1875441018 0.9812713848 0.04397362082 0 0.4403418574 0.04397362082 0.8967526801 0 0 0 0 1 1 0 0 60.40769958 0 1 0 33.33289719 0 0 1 60.54160309 0 0 0 1 0.8780240649 -0.1875441018 0.4403418574 -0 0.1875441018 0.9812713848 0.04397362082 -0 -0.4403418574 0.04397362082 0.8967526801 -0 0 0 0 1 32 2.568575192 0.9174568469 0.03125 3.478751904 1.061970622 0.03125 4.060830129 1.322137225 0.03125 4.322146234 1.646197543 0.03125 4.268117691 1.975960169 0.03125 3.922133441 2.249960336 0.03125 3.309308926 2.430766887 0.03125 2.487214694 2.505881978 0.03125 1.553431071 2.502831063 0.03125 0.6007970232 2.476993708 0.03125 -0.2208199601 2.493729755 0.03125 -0.820611394 2.606899558 0.03125 -1.119974958 2.84408838 0.03125 -1.074200249 3.194391567 0.03125 -0.7188417196 3.620691506 0.03125 -0.06189436767 4.058215475 0.03125 -0.1423583333 3.883771805 0.03125 0.9840494639 4.073981114 0.03125 2.220961586 4.15542374 0.03125 3.516241055 4.078184785 0.03125 4.675517127 3.813501775 0.03125 5.635200928 3.40406832 0.03125 6.160395312 2.887965949 0.03125 6.229404829 2.359287273 0.03125 5.998946713 1.864837259 0.03125 5.488110389 1.442588697 0.03125 4.844412251 1.105009273 0.03125 4.095173803 0.8545589172 0.03125 3.322607536 0.6834892317 0.03125 2.552179974 0.5785813933 0.03125 1.869497663 0.5243149928 0.03125 1.29843569 0.5021817915 0.03125 1 3 1 1 1 1 500 0.0004
-3.428658948 83.9 60.40769958 33.33289719 60.54160309 107.373162 -17.62957645 63.09313255 0.8438017997 -0.2886677781 0.4524040635 0.6507709225 0.141161404 -0.7460366375 0.8438017997 0.2886677781 -0.4524040635 0 -0.2886677781 0.9548058332 0.07082891221 0 0.4524040635 0.07082891221 0.8889959665 0 0 0 0 1 1 0 0 60.40769958 0 1 0 33.33289719 0 0 1 60.54160309 0 0 0 1 0.8438017997 -0.2886677781 0.4524040635 -0 0.2886677781 0.9548058332 0.07082891221 -0 -0.4524040635 0.07082891221 0.8889959665 -0 0 0 0 1 32 1.973556008 0.9168888139 0.03125 2.464352495 1.026747098 0.03125 2.77995454 1.208169421 0.03125 2.921562362 1.435774224 0.03125 2.888121525 1.682832133 0.03125 2.69472706 1.920267352 0.03125 2.364630159 2.133638338 0.03125 1.935193946 2.315878388 0.03125 1.467104624 2.479550197 0.03125 1.012211729 2.641023092 0.03125 0.6336994628 2.822498887 0.03125 0.3777229702 3.034936656 0.03125 0.2707642783 3.282837676 0.03125 0.3364926008 3.554126169 0.03125 0.5651514328 3.829359718 0.03125 0.9568333759 4.077407012 0.03125 0.5196160062 3.744929292 0.03125 1.212770985 3.826427161 0.03125 2.002620608 3.842080922 0.03125 2.867677241 3.76655592 0.03125 3.732223856 3.580325299 0.03125 4.567199045 3.282387978 0.03125 5.180777224 2.881996862 0.03125 5.542087762 2.429269611 0.03125 5.594556499 1.9625594 0.03125 5.328417375 1.540987172 0.03125 4.893652518 1.188145042 0.03125 4.299968952 0.9165443902 0.03125 3.620507707 0.7234240836 0.03125 2.867047641 0.5994311469 0.03125 2.115645996 0.5312192963 0.03125 1.381220229 0.5029288679 0.03125 1 3 1 1 1 1 500 0.0004
-3.798841936 83.9 60.40769958 33.33289719 60.54160309 97.48414491 -13.99540532 69.31382358 0.7908078928 -0.2142218161 0.5733514543 0.5930655147 0.1162859569 -0.7967125401 0.7908078928 0.2142218161 -0.5733514543 0 -0.2142218161 0.9743741433 0.06858602214 0 0.5733514543 0.06858602214 0.8164337495 0 0 0 0 1 1 0 0 60.40769958 0 1 0 33.33289719 0 0 1 60.54160309 0 0 0 1 0.7908078928 -0.2142218161 0.5733514543 -0 0.2142218161 0.9743741433 0.06858602214 -0 -0.5733514543 0.06858602214 0.8164337495 -0 0 0 0 1 32 2.562409295 0.9106387214 0.03125 2.670950207 1.01967258 0.03125 2.665723145 1.189730525 0.03125 2.549706254 1.40353681 0.03125 2.344496292 1.644104968 0.03125 2.07088075 1.890516347 0.03125 1.785828457 2.137000041 0.03125 1.523979775 2.377776341 0.03125 1.338603193 2.621426931 0.03125 1.261116359 2.870651421 0.03125 1.284121752 3.131536566 0.03125 1.427364854 3.398111657 0.03125 1.658620506 3.662374301 0.03125 1.984158945 3.906949982 0.03125 2.384591153 4.112003384 0.03125 2.855132673 4.253123175 0.03125 2.403755204 3.814530233 0.03125 2.999518753 3.797202096 0.03125 3.625121441 3.699005281 0.03125 4.262689978 3.512166752 0.03125 4.825465051 3.234608197 0.03125 5.291253487 2.884827523 0.03125 5.564868091 2.48242499 0.03125 5.628921749 2.069523363 0.03125 5.492897621 1.673671961 0.03125 5.154088358 1.327381985 0.03125 4.690914511 1.043165066 0.03125 4.110751205 0.8267806774 0.03125 3.464338809 0.6742186771 0.03125 2.760338183 0.5770099921 0.03125 2.05515551 0.5238717327 0.03125 1.359276088 0.5022132164 0.03125 1 3 1 1 1 1 500 0.0004
1.435180978 83.9 60.40769958 33.33289719 60.54160309 86.16453934 16.22470198 77.28360854 0.7552241583 0.4602893999 0.4666584822 0.5513757718 0.02333678966 -0.8339305442 0.7552241583 -0.4602893999 -0.4666584822 0 0.4602893999 0.8792938608 -0.1223763653 0 0.4666584822 -0.1223763653 0.8759302976 0 0 0 0 1 1 0 0 60.40769958 0 1 0 33.33289719 0 0 1 60.54160309 0 0 0 1 0.7552241583 0.4602893999 0.4666584822 -0 -0.4602893999 0.8792938608 -0.1223763653 -0 -0.4666584822 -0.1223763653 0.8759302976 -0 0 0 0 1 32 1.932531026 1.046111122 0.03125 2.092839889 1.074677637 0.03125 2.211779839 1.14887337 0.03125 2.293423696 1.278479691 0.03125 2.372410836 1.468418688 0.03125 2.461292432 1.713081435 0.03125 2.622467552 2.004218317 0.03125 2.868994566 2.31933729 0.03125 3.226567397 2.640578897 0.03125 3.695769308 2.939568224 0.03125 4.238897989 3.19862023 0.03125 4.841542017 3.397266625 0.03125 5.440176541 3.526049408 0.03125 6.015279087 3.578411252 0.03125 6.524372257 3.554732843 0.03125 6.951198537 3.458639044 0.03125 6.278720915 2.816729231 0.03125 6.507957462 2.643316838 0.03125 6.642686983 2.437190207 0.03125 6.679040656 2.206584364 0.03125 6.608341105 1.960660781 0.03125 6.43028624 1.711442452 0.03125 6.149087961 1.468792735 0.03125 5.767281729 1.244817711 0.03125 5.307284413 1.046242286 0.03125 4.774018842 0.8800412354 0.03125 4.19461707 0.7472746646 0.03125 3.575292872 0.6483188383 0.03125 2.947610475 0.5792047808 0.03125 2.318691525 0.5354590036 0.03125 1.751978069 0.5111779629 0.03125 1.256112351 0.5009599307 0.03125 1 3 1 1 1 1 500 0.0004
1.402746911 83.9 60.40769958 33.33289719 60.54160309 87.7323914 15.7285942 77.19884945 0.7823689703 0.449167813 0.4314476448 0.58986538 0.01532063089 -0.8073562484 0.7823689703 -0.449167813 -0.4314476448 0 0.449167813 0.8868069813 -0.1087274286 0 0.4314476448 -0.1087274286 0.895561989 0 0 0 0 1 1 0 0 60.40769958 0 1 0 33.33289719 0 0 1 60.54160309 0 0 0 1 0.7823689703 0.449167813 0.4314476448 -0 -0.449167813 0.8868069813 -0.1087274286 -0 -0.4314476448 -0.1087274286 0.895561989 -0 0 0 0 1 32 2.049190147 1.044438727 0.03125 2.250915235 1.074209849 0.03125 2.380222238 1.157157013 0.03125 2.442679468 1.305471041 0.03125 2.498968904 1.523877472 0.03125 2.564896765 1.802767449 0.03125 2.723222439 2.129384383 0.03125 2.987011341 2.474188612 0.03125 3.375640982 2.815553788 0.03125 3.883337913 3.122077968 0.03125 4.452272363 3.377248421 0.03125 5.061328731 3.563766112 0.03125 5.644190336 3.676654083 0.03125 6.180041809 3.714127812 0.03125 6.638527867 3.679380368 0.03125 7.006616272 3.577379451 0.03125 6.268182655 2.936179097 0.03125 6.443396348 2.769217566 0.03125 6.533938817 2.568160898 0.03125 6.539447979 2.338999719 0.03125 6.449661067 2.089162729 0.03125 6.265853959 1.830191685 0.03125 5.989343276 1.572577217 0.03125 5.622383728 1.330236414 0.03125 5.182204143 1.111897972 0.03125 4.673070409 0.9270912755 0.03125 4.117991644 0.7782752707 0.03125 3.523486311 0.6669159862 0.03125 2.916054477 0.5891046685 0.03125 2.304511399 0.539880801 0.03125 1.747565617 0.5126830094 0.03125 1.256810219 0.5013009285 0.03125 1 3 1 1 1 1 500 0.0004
1.402068294 83.9 60.40769958 33.33289719 60.54160309 86.70341321 17.19212591 76.25063713 0.7772420364 0.441913408 0.4478921262 0.613605114 0.09999072844 -0.7832564192 0.7772420364 -0.441913408 -0.4478921262 0 0.441913408 0.8901176901 -0.1113689255 0 0.4478921262 -0.1113689255 0.8871243463 0 0 0 0 1 1 0 0 60.40769958 0 1 0 33.33289719 0 0 1 60.54160309 0 0 0 1 0.7772420364 0.441913408 0.4478921262 -0 -0.441913408 0.8901176901 -0.1113689255 -0 -0.4478921262 -0.1113689255 0.8871243463 -0 0 0 0 1 32 1.980698315 1.046012475 0.03125 2.209324007 1.074627891 0.03125 2.387177593 1.150863556 0.03125 2.517488204 1.28676592 0.03125 2.63999147 1.489028208 0.03125 2.766766235 1.752974003 0.03125 2.957034622 2.070157965 0.03125 3.224498235 2.415915382 0.03125 3.592777326 2.769583214 0.03125 4.063332789 3.098071186 0.03125 4.599873093 3.379815409 0.03125 5.188191212 3.590111944 0.03125 5.76750358 3.717310597 0.03125 6.317697763 3.753917429 0.03125 6.79882725 3.701861755 0.03125 7.194406734 3.568568897 0.03125 6.48146678 2.886208906 0.03125 6.672527844 2.677876432 0.03125 6.768499078 2.439797906 0.03125 6.766978178 2.183578262 0.03125 6.660194617 1.919826258 0.03125 6.449144269 1.661147136 0.03125 6.140438075 1.416408478 0.03125 5.737830341 1.196346551 0.03125 5.262935013 1.005591787 0.03125 4.721325437 0.8494166517 0.03125 4.141204956 0.7269441721 0.03125 3.529473812 0.6366595497 0.03125 2.913249527 0.5738948944 0.03125 2.29996208 0.5338545679 0.03125 1.744138272 0.5112244428 0.03125 1.254322855 0.5014434819 0.03125 1 3 1 1 1 1 500 0.0004
-4.815145125 83.9 60.40769958 33.33289719 60.54160309 90.86175013 14.78736785 77.36410155 0.777499113 0.4421019956 0.4472593821 0.7287735611 0.1079588678 -0.6761907863 0.777499113 -0.4421019956 -0.4472593821 0 0.4421019956 0.8900397907 -0.1112429615 0 0.4472593821 -0.1112429615 0.8874593223 0 0 0 0 1 1 0 0 60.40769958 0 1 0 33.33289719 0 0 1 60.54160309 0 0 0 1 0.777499113 0.4421019956 0.4472593821 -0 -0.4421019956 0.8900397907 -0.1112429615 -0 -0.4472593821 -0.1112429615 0.8874593223 -0 0 0 0 1 32 1.768827981 0.8430519372 0.03125 2.285082409 0.8662977055 0.03125 2.657188278 0.9624562912 0.03125 2.888508882 1.151644459 0.03125 3.06007799 1.440654117 0.03125 3.189504746 1.813973978 0.03125 3.38111136 2.249517307 0.03125 3.647890984 2.701887793 0.03125 4.01764627 3.137260568 0.03125 4.479935178 3.512312871 0.03125 4.982516606 3.806274668 0.03125 5.499415289 4.002806586 0.03125 5.976274618 4.102114135 0.03125 6.393010916 4.110369213 0.03125 6.728962512 4.038313872 0.03125 6.975931569 3.897111456 0.03125 6.120349485 3.223507705 0.03125 6.205130787 3.030558272 0.03125 6.230198163 2.808996833 0.03125 6.199788384 2.56083398 0.03125 6.092312301 2.291054684 0.03125 5.910334848 2.009407692 0.03125 5.647700837 1.725887034 0.03125 5.305772276 1.456032503 0.03125 4.903021323 1.209583996 0.03125 4.442880521 0.9982967182 0.03125 3.938198682 0.8259298794 0.03125 3.395899102 0.6959386148 0.03125 2.831001166 0.6046086655 0.03125 2.255546799 0.5467020132 0.03125 1.723409204 0.5147028925 0.03125 1.25216245 0.5012605073 0.03125 1 3 1 1 1 1 500 0.0004
-4.945702548 83.9 60.40769958 33.33289719 60.54160309 91.78688111 14.76405605 78.5445366 0.7704605984 0.3855108772 0.5077123496 0.7342997011 0.1154989031 -0.6689274642 0.7704605984 -0.3855108772 -0.5077123496 0 0.3855108772 0.9160565129 -0.1105523802 0 0.5077123496 -0.1105523802 0.8544040855 0 0 0 0 1 1 0 0 60.40769958 0 1 0 33.33289719 0 0 1 60.54160309 0 0 0 1 0.7704605984 0.3855108772 0.5077123496 -0 -0.3855108772 0.9160565129 -0.1105523802 -0 -0.5077123496 -0.1105523802 0.8544040855 -0 0 0 0 1 32 1.537316288 0.8804174425 0.03125 2.030612546 1.003064928 0.03125 2.385700287 1.224314315 0.03125 2.612573126 1.551149772 0.03125 2.804979208 1.97502828 0.03125 2.982648874 2.463335232 0.03125 3.248197744 2.97966641 0.03125 3.605332415 3.467848268 0.03125 4.063294585 3.890031711 0.03125 4.598759701 4.206402701 0.03125 5.150461294 4.403453302 0.03125 5.687314166 4.477931292 0.03125 6.1607204 4.441774248 0.03125 6.552934608 4.314078484 0.03125 6.856821792 4.115563916 0.03125 7.066873703 3.866689755 0.03125 6.168053015 3.121203824 0.03125 6.21189318 2.890732741 0.03125 6.201029994 2.651039344 0.03125 6.142184318 2.400356639 0.03125 6.00982301 2.140457555 0.03125 5.807498566 1.877215077 0.03125 5.530836211 1.617140685 0.03125 5.181385224 1.372186851 0.03125 4.778956758 1.149450789 0.03125 4.326877579 0.9579679764 0.03125 3.835113769 0.8007867427 0.03125 3.310152193 0.6814610574 0.03125 2.764554184 0.5970655563 0.03125 2.210390746 0.543386938 0.03125 1.697288695 0.5137752062 0.03125 1.243791591 0.5012003351 0.03125 1 3 1 1 1 1 500 0.0004
1.274396518 83.9 60.40769958 33.33289719 60.54160309 88.37116705 17.38863864 80.20040513 0.7543166172 0.459848845 0.4685568064 0.7702661222 0.01581922686 -0.6375263548 0.7543166172 -0.459848845 -0.4685568064 0 0.459848845 0.879462488 -0.1228200794 0 0.4685568064 -0.1228200794 0.8748541292 0 0 0 0 1 1 0 0 60.40769958 0 1 0 33.33289719 0 0 1 60.54160309 0 0 0 1 0.7543166172 0.459848845 0.4685568064 -0 -0.459848845 0.879462488 -0.1228200794 -0 -0.4685568064 -0.1228200794 0.8748541292 -0 0 0 0 1 32 1.705415286 1.034505833 0.03125 2.034101064 1.054667914 0.03125 2.302268739 1.13304791 0.03125 2.511714454 1.284137828 0.03125 2.707255807 1.515019003 0.03125 2.901230283 1.817773264 0.03125 3.163697799 2.180222171 0.03125 3.50677303 2.570783854 0.03125 3.950056878 2.965011193 0.03125 4.489817807 3.326265728 0.03125 5.072962194 3.633518176 0.03125 5.681304936 3.864394364 0.03125 6.243402047 4.010435566 0.03125 6.742111498 4.06684202 0.03125 7.142293907 4.035725932 0.03125 7.435796264 3.92177379 0.03125 6.61289461 3.255898393 0.03125 6.687846954 3.05666186 0.03125 6.674037771 2.818258199 0.03125 6.572644468 2.54946507 0.03125 6.383725071 2.260441923 0.03125 6.10844032 1.965539131 0.03125 5.758640159 1.676557838 0.03125 5.336031952 1.408639836 0.03125 4.865399301 1.169952436 0.03125 4.349984375 0.9693885211 0.03125 3.810188143 0.8082285176 0.03125 3.25084748 0.6871857065 0.03125 2.692473117 0.6016773674 0.03125 2.141626715 0.5465784827 0.03125 1.649011552 0.5153028649 0.03125 1.22297773 0.5017211748 0.03125 1 3 1 1 1 1 500 0.0004
0.921032052 83.9 60.40769958 33.33289719 60.54160309 79.68063859 20.95204865 87.93772643 0.755911102 0.4519372299 0.4736572032 0.7615741762 -0.2848632071 -0.5821148747 0.755911102 -0.4519372299 -0.4736572032 0 0.4519372299 0.883680182 -0.121910115 0 0.4736572032 -0.121910115 0.8722309199 0 0 0 0 1 1 0 0 60.40769958 0 1 0 33.33289719 0 0 1 60.54160309 0 0 0 1 0.755911102 0.4519372299 0.4736572032 -0 -0.4519372299 0.883680182 -0.121910115 -0 -0.4736572032 -0.121910115 0.8722309199 -0 0 0 0 1 32 1.888813709 1.026478315 0.03125 2.122848319 1.047455248 0.03125 2.301960463 1.118346369 0.03125 2.429450504 1.251729644 0.03125 2.543036486 1.454973648 0.03125 2.654856546 1.724255334 0.03125 2.826608202 2.051978508 0.03125 3.073280076 2.413675022 0.03125 3.426728252 2.788591439 0.03125 3.891014056 3.142131479 0.03125 4.433262287 3.451071668 0.03125 5.041178725 3.687849016 0.03125 5.6471 3.838537244 0.03125 6.231205912 3.893294292 0.03125 6.745926368 3.852550411 0.03125 7.174592564 3.722923004 0.03125 6.49328065 3.036419581 0.03125 6.712810652 2.818220375 0.03125 6.833226845 2.566193721 0.03125 6.851474597 2.29332441 0.03125 6.759543249 2.011417236 0.03125 6.557748166 1.734955124 0.03125 6.254011343 1.4736796 0.03125 5.851551472 1.239377014 0.03125 5.373338508 1.036840656 0.03125 4.824703824 0.8712118517 0.03125 4.233859583 0.741393806 0.03125 3.607568079 0.645591233 0.03125 2.974742176 0.5788592325 0.03125 2.342646303 0.5361960535 0.03125 1.769223985 0.5120158974 0.03125 1.262838648 0.5015463297 0.03125 1 3 1 1 1 1 500 0.0004
0.8687599844 83.9 60.40769958 33.33289719 60.54160309 78.15438964 21.03431727 89.45833105 0.7577501653 0.4513361608 0.4712858548 0.7479192616 -0.3707339974 -0.5506115521 0.7577501653 -0.4513361608 -0.4712858548 0 0.4513361608 0.8841107604 -0.1210117072 0 0.4712858548 -0.1210117072 0.8736394049 0 0 0 0 1 1 0 0 60.40769958 0 1 0 33.33289719 0 0 1 60.54160309 0 0 0 1 0.7577501653 0.4513361608 0.4712858548 -0 -0.4513361608 0.8841107604 -0.1210117072 -0 -0.4712858548 -0.1210117072 0.8736394049 -0 0 0 0 1 32 1.90947479 1.024989684 0.03125 2.130969071 1.046211808 0.03125 2.29900547 1.11708288 0.03125 2.416990981 1.249757561 0.03125 2.522847304 1.451408809 0.03125 2.628649149 1.718045178 0.03125 2.796317191 2.042141705 0.03125 3.040636448 2.399456389 0.03125 3.391436419 2.769606069 0.03125 3.852600823 3.118515436 0.03125 4.388970709 3.423454505 0.03125 4.988521801 3.657543499 0.03125 5.584270349 3.807125709 0.03125 6.157106566 3.862537406 0.03125 6.66212186 3.82412977 0.03125 7.083127226 3.69816845 0.03125 6.397117458 3.016017952 0.03125 6.614354663 2.802371077 0.03125 6.735235924 2.554996971 0.03125 6.756672891 2.286390886 0.03125 6.670223142 2.008078385 0.03125 6.476034558 1.734100474 0.03125 6.180053751 1.474230947 0.03125 5.785198725 1.240527404 0.03125 5.314845214 1.038000938 0.03125 4.774043006 0.872198645 0.03125 4.191636893 0.7421479326 0.03125 3.574204062 0.6461121909 0.03125 2.950152588 0.5791762439 0.03125 2.326570591 0.5363546689 0.03125 1.760395745 0.5120727884 0.03125 1.259775372 0.5015548537 0.03125 1 3 1 1 1 1 500 0.0004
0.6169501552 83.9 60.40769958 33.63290024 60.54160309 77.12505553 49.94363934 86.03972358 0.6997284061 0.652390309 0.2911478017 0.0557091356 -0.3455444514 -0.9367473108 0.6997284061 -0.652390309 -0.2911478017 0 0.652390309 0.7495993397 -0.1117484438 0 0.2911478017 -0.1117484438 0.9501290664 0 0 0 0 1 1 0 0 60.40769958 0 1 0 33.63290024 0 0 1 60.54160309 0 0 0 1 0.6997284061 0.652390309 0.2911478017 -0 -0.652390309 0.7495993397 -0.1117484438 -0 -0.2911478017 -0.1117484438 0.9501290664 -0 0 0 0 1 32 3.192091242 1.043000407 0.03125 4.587520978 1.292157158 0.03125 5.337473568 1.793062275 0.03125 5.435884809 2.449012056 0.03125 4.810866834 3.123493169 0.03125 3.647613079 3.634380841 0.03125 2.281135929 3.91737847 0.03125 0.931852212 3.988784842 0.03125 -0.06540748518 3.957008974 0.03125 -0.6342916727 3.945898239 0.03125 -0.737310167 4.038122049 0.03125 -0.3848033869 4.249775112 0.03125 0.3886408542 4.53248293 0.03125 1.543849035 4.785199326 0.03125 3.034026517 4.884074783 0.03125 4.750906298 4.741616184 0.03125 5.501064377 3.870582132 0.03125 7.095469082 3.307587484 0.03125 8.398359866 2.576980808 0.03125 9.306542642 1.774101547 0.03125 9.734059226 0.997667365 0.03125 9.675854154 0.3590376876 0.03125 9.284317699 -0.06302370901 0.03125 8.671938379 -0.2513356273 0.03125 7.992507051 -0.2309685038 0.03125 7.318938038 -0.09828354456 0.03125 6.548627742 0.07933858694 0.03125 5.688488005 0.2424690878 0.03125 4.712627809 0.365000529 0.03125 3.631050046 0.4424314098 0.03125 2.560442328 0.4812175408 0.03125 1.534687248 0.4941400363 0.03125 1 3 1 1 1 1 500 0.0004
3.639979258 83.9 60.40769958 33.33289719 60.54160309 80.80210645 52.41218633 88.29427073 0.4512919763 0.6311952234 0.630815458 -0.06861348242 -0.1295050486 -0.989202018 0.4512919763 -0.6311952234 -0.630815458 0 0.6311952234 0.7254808704 -0.2743539622 0 0.630815458 -0.2743539622 0.7258111058 0 0 0 0 1 1 0 0 60.40769958 0 1 0 33.33289719 0 0 1 60.54160309 0 0 0 1 0.4512919763 0.6311952234 0.630815458 -0 -0.6311952234 0.7254808704 -0.2743539622 -0 -0.630815458 -0.2743539622 0.7258111058 -0 0 0 0 1 32 1.638778429 1.178176661 0.03125 0.0253402407 1.719661017 0.03125 -1.76320949 2.582967719 0.03125 -3.572938426 3.362509602 0.03125 -5.051435287 3.692200811 0.03125 -5.638666762 3.340388966 0.03125 -5.600529973 2.281208921 0.03125 -4.603561025 0.7096452885 0.03125 -3.071726195 -1.060452533 0.03125 -1.107462622 -2.621461686 0.03125 0.6563470223 -3.694109974 0.03125 1.959482741 -4.175782606 0.03125 3.064154357 -4.129951659 0.03125 3.896492248 -3.690033194 0.03125 4.545965039 -2.981188674 0.03125 4.970121479 -2.126703487 0.03125 4.60764462 -1.663390476 0.03125 5.091081665 -0.8326910197 0.03125 5.714057023 -0.0001601155145 0.03125 6.426130659 0.7617837182 0.03125 7.147856338 1.37586398 0.03125 7.874095241 1.810910832 0.03125 8.489190232 2.026130892 0.03125 8.962006456 2.035581462 0.03125 9.150935401 1.867395311 0.03125 9.017391276 1.583078367 0.03125 8.483945091 1.249487687 0.03125 7.552437171 0.9492279266 0.03125 6.328513898 0.7179174493 0.03125 4.858913967 0.573726645 0.03125 3.318616455 0.5019496005 0.03125 1.818753365 0.4776733542 0.03125 1 3 1 1 1 1 500 0.0004
-2.135956324 83.9 60.40769958 33.63290024 60.54160309 85.14253752 51.90322452 88.25982137 0.6533536964 0.2596825327 0.7111215998 -0.07684940851 0.1677471884 -0.9828301223 0.6533536964 -0.2596825327 -0.7111215998 0 0.2596825327 0.9592131932 -0.1116916837 0 0.7111215998 -0.1116916837 0.6941405032 0 0 0 0 1 1 0 0 60.40769958 0 1 0 33.63290024 0 0 1 60.54160309 0 0 0 1 0.6533536964 0.2596825327 0.7111215998 -0 -0.2596825327 0.9592131932 -0.1116916837 -0 -0.7111215998 -0.1116916837 0.6941405032 -0 0 0 0 1 32 -4.163898769 0.8938171249 0.03125 -3.910420921 0.7617146535 0.03125 -3.718382495 0.5582633606 0.03125 -3.594617399 0.3005975599 0.03125 -3.433019767 0.004252863907 0.03125 -3.233051432 -0.3104857568 0.03125 -2.890203375 -0.6219107711 0.03125 -2.395582086 -0.8997530936 0.03125 -1.736152845 -1.116974278 0.03125 -0.9041274713 -1.246300524 0.03125 0.03490487267 -1.267795149 0.03125 1.077413791 -1.168240196 0.03125 2.137678346 -0.9377787647 0.03125 3.203067133 -0.5766717952 0.03125 4.210927082 -0.08857007511 0.03125 5.148597797 0.5019085557 0.03125 5.040385019 0.6007657647 0.03125 5.90213391 1.154246266 0.03125 6.685214171 1.687564358 0.03125 7.377163274 2.143274333 0.03125 7.924218973 2.469016075 0.03125 8.312016561 2.623398807 0.03125 8.491278309 2.589183911 0.03125 8.449021164 2.38141402 0.03125 8.166285828 2.0420227 0.03125 7.638549449 1.650306671 0.03125 6.903873892 1.265365004 0.03125 5.972588838 0.9520331548 0.03125 4.915802141 0.7274469541 0.03125 3.755955827 0.5915016386 0.03125 2.627029912 0.5242808993 0.03125 1.556097136 0.5015020115 0.03125 1 3 1 1 1 1 500 0.0004
-2.12741527 83.9 60.40769958 33.63290024 60.54160309 86.32368808 56.43386442 91.99515156 0.5343048464 0.2261491126 0.8144783054 0.009669098617 0.3769218634 -0.9261945894 0.5343048464 -0.2261491126 -0.8144783054 0 0.2261491126 0.9666667147 -0.1200501624 0 0.8144783054 -0.1200501624 0.5676381316 0 0 0 0 1 1 0 0 60.40769958 0 1 0 33.63290024 0 0 1 60.54160309 0 0 0 1 0.5343048464 0.2261491126 0.8144783054 -0 -0.2261491126 0.9666667147 -0.1200501624 -0 -0.8144783054 -0.1200501624 0.5676381316 -0 0 0 0 1 32 -1.661921472 0.9118874375 0.03125 -2.009067114 0.8561521353 0.03125 -2.394473761 0.7703096409 0.03125 -2.819077621 0.6443757019 0.03125 -3.130646785 0.4698215263 0.03125 -3.322391564 0.2446141267 0.03125 -3.257111232 -0.02235925333 0.03125 -2.926642584 -0.3083006426 0.03125 -2.333311933 -0.5809722613 0.03125 -1.479143664 -0.8007530494 0.03125 -0.4848555419 -0.9284080467 0.03125 0.6354851846 -0.9280646076 0.03125 1.758570988 -0.7681661258 0.03125 2.867024964 -0.4314179277 0.03125 3.899202165 0.09037438238 0.03125 4.844690091 0.7713824118 0.03125 4.751195663 0.997300208 0.03125 5.636305521 1.692933346 0.03125 6.44168522 2.378017683 0.03125 7.157243398 2.969580089 0.03125 7.710944163 3.395136567 0.03125 8.091856032 3.596737533 0.03125 8.250609937 3.546787657 0.03125 8.181295401 3.254862685 0.03125 7.874502594 2.772787958 0.03125 7.327840826 2.205340465 0.03125 6.601325318 1.637868907 0.03125 5.69867428 1.175092356 0.03125 4.688543504 0.8432503589 0.03125 3.590772905 0.6406396266 0.03125 2.526966369 0.5389790682 0.03125 1.523554968 0.5031695873 0.03125 1 3 1 1 1 1 500 0.0004
-2.006594156 83.9 60.40769958 33.63290024 60.54160309 87.65924306 59.38038005 95.30103071 0.4836057965 0.1840351179 0.8557198776 0.1164543055 0.6426298201 -0.757274923 0.4836057965 -0.1840351179 -0.8557198776 0 0.1840351179 0.9771712104 -0.1061484856 0 0.8557198776 -0.1061484856 0.5064345862 0 0 0 0 1 1 0 0 60.40769958 0 1 0 33.63290024 0 0 1 60.54160309 0 0 0 1 0.4836057965 0.1840351179 0.8557198776 -0 -0.1840351179 0.9771712104 -0.1061484856 -0 -0.8557198776 -0.1061484856 0.5064345862 -0 0 0 0 1 32 0.2317925682 0.9296509782 0.03125 -0.6723224468 0.920881571 0.03125 -1.591608304 0.8985856079 0.03125 -2.506401794 0.8399499021 0.03125 -3.212579888 0.7253863356 0.03125 -3.687768007 0.544471741 0.03125 -3.786972415 0.3005926301 0.03125 -3.49914887 0.0156302036 0.03125 -2.843883503 -0.2761828907 0.03125 -1.835807416 -0.5303737998 0.03125 -0.6493764067 -0.6988292028 0.03125 0.6820005709 -0.73448807 0.03125 1.987229644 -0.5922814221 0.03125 3.232003855 -0.2424424347 0.03125 4.342337918 0.3325662302 0.03125 5.296297515 1.107571015 0.03125 5.162563658 1.45141732 0.03125 5.958220465 2.27014451 0.03125 6.628196447 3.083634973 0.03125 7.167466346 3.785435898 0.03125 7.496582691 4.286692283 0.03125 7.616571695 4.515716952 0.03125 7.483617775 4.439453491 0.03125 7.109666009 4.067368274 0.03125 6.553378343 3.459766301 0.03125 5.825724434 2.735763887 0.03125 5.085306357 2.001621358 0.03125 4.32594411 1.398366779 0.03125 3.550751507 0.9614119612 0.03125 2.769235686 0.6922559716 0.03125 2.031036043 0.5550323911 0.03125 1.359296209 0.5049149765 0.03125 1 3 1 1 1 1 500 0.0004
-1.930821753 83.9 60.40769958 33.63290024 60.54160309 83.21734965 59.84745809 100.9008676 0.4800848881 0.1426475918 0.8655461656 0.1671265843 0.5232842643 -0.8356089298 0.4800848881 -0.1426475918 -0.8655461656 0 0.1426475918 0.9862519132 -0.08341959109 0 0.8655461656 -0.08341959109 0.4938329749 0 0 0 0 1 1 0 0 60.40769958 0 1 0 33.63290024 0 0 1 60.54160309 0 0 0 1 0.4800848881 0.1426475918 0.8655461656 -0 -0.1426475918 0.9862519132 -0.08341959109 -0 -0.8655461656 -0.08341959109 0.4938329749 -0 0 0 0 1 32 0.3953517984 0.9165969378 0.03125 -0.8672566395 0.8927159233 0.03125 -2.030170054 0.8646191198 0.03125 -3.04462672 0.8436393146 0.03125 -3.699999555 0.8347287981 0.03125 -3.984589571 0.8250152615 0.03125 -3.884922153 0.7963228284 0.03125 -3.415027358 0.7216714318 0.03125 -2.685317581 0.5964786782 0.03125 -1.71929433 0.4365736951 0.03125 -0.6874375316 0.2802929521 0.03125 0.388676017 0.1787110045 0.03125 1.424747487 0.1815971664 0.03125 2.397492441 0.3262144795 0.03125 3.267138124 0.6360025576 0.03125 4.003857895 1.096345838 0.03125 3.76075049 1.150394691 0.03125 4.463678261 1.680448134 0.03125 5.16665767 2.238620507 0.03125 5.863346444 2.736887442 0.03125 6.452841945 3.107131028 0.03125 6.934533964 3.289361038 0.03125 7.226458044 3.25490425 0.03125 7.320952993 3.006866178 0.03125 7.186889407 2.587940684 0.03125 6.810967575 2.080575105 0.03125 6.218672959 1.56192588 0.03125 5.409519372 1.131691946 0.03125 4.485007187 0.8179692917 0.03125 3.465014609 0.6255551173 0.03125 2.459268911 0.5294502096 0.03125 1.49934663 0.4962897746 0.03125 1 3 1 1 1 1 500 0.0004
-1.879038486 83.9 60.50769806 33.63290024 60.54160309 75.91643606 62.08218225 105.3049889 0.4422419127 0.06802247887 0.8943126036 0.1998483378 0.6947132693 -0.6909660739 0.4422419127 -0.06802247887 -0.8943126036 0 0.06802247887 0.9967917604 -0.04217972009 0 0.8943126036 -0.04217972009 0.4454501523 0 0 0 0 1 1 0 0 60.50769806 0 1 0 33.63290024 0 0 1 60.54160309 0 0 0 1 0.4422419127 0.06802247887 0.8943126036 -0 -0.06802247887 0.9967917604 -0.04217972009 -0 -0.8943126036 -0.04217972009 0.4454501523 -0 0 0 0 1 32 0.9514067696 0.9198593528 0.03125 -0.7254329786 0.8814371227 0.03125 -2.23122926 0.8379434869 0.03125 -3.48604325 0.834204701 0.03125 -4.255152627 0.8985843711 0.03125 -4.533445344 1.019767115 0.03125 -4.376699579 1.162679893 0.03125 -3.826082187 1.260873744 0.03125 -2.985340708 1.274058975 0.03125 -1.904407957 1.187865401 0.03125 -0.7680477719 1.032698494 0.03125 0.3883455795 0.8723566814 0.03125 1.455042018 0.7824578098 0.03125 2.413928336 0.8311843644 0.03125 3.252866851 1.067565357 0.03125 3.954810014 1.488707717 0.03125 3.695318711 1.535053658 0.03125 4.42084612 2.077216436 0.03125 5.141569936 2.663327653 0.03125 5.84684102 3.191213299 0.03125 6.408149369 3.581224812 0.03125 6.820199347 3.759198872 0.03125 6.993599697 3.689022906 0.03125 6.924065801 3.372325606 0.03125 6.608756334 2.861329097 0.03125 6.049592881 2.264127269 0.03125 5.374318382 1.669813518 0.03125 4.592569832 1.187202963 0.03125 3.766787405 0.8427111488 0.03125 2.914560167 0.6346725569 0.03125 2.110119725 0.5322465918 0.03125 1.380931754 0.4968560507 0.03125 1 3 1 1 1 1 500 0.0004
-1.76279461 83.9 60.70769882 33.53289795 60.54160309 67.40137834 65.47364374 100.676178 0.4927694803 0.02313480426 0.8698522979 0.2091597725 0.6433427302 -0.7364525246 0.4927694803 -0.02313480426 -0.8698522979 0 0.02313480426 0.9996414589 -0.013480891 0 0.8698522979 -0.013480891 0.4931280213 0 0 0 0 1 1 0 0 60.70769882 0 1 0 33.53289795 0 0 1 60.54160309 0 0 0 1 0.4927694803 0.02313480426 0.8698522979 -0 -0.02313480426 0.9996414589 -0.013480891 -0 -0.8698522979 -0.013480891 0.4931280213 -0 0 0 0 1 32 -0.06724841638 0.8536636952 0.03125 -1.996772835 0.6665592466 0.03125 -3.582274066 0.5332271322 0.03125 -4.690061279 0.6130146328 0.03125 -5.143003916 0.9980021235 0.03125 -5.017563028 1.655382332 0.03125 -4.431676771 2.464928899 0.03125 -3.50625355 3.199619347 0.03125 -2.325987687 3.688271109 0.03125 -1.040269177 3.817959441 0.03125 0.1784917076 3.585846972 0.03125 1.227749096 3.076406048 0.03125 2.035428356 2.426414937 0.03125 2.66690556 1.790846489 0.03125 3.294281035 1.319049829 0.03125 3.955763815 1.098295142 0.03125 3.819804702 0.6993692588 0.03125 4.773032006 0.9713799475 0.03125 5.666377776 1.450252463 0.03125 6.413618649 1.976677467 0.03125 6.817292693 2.433389451 0.03125 6.904263495 2.686721823 0.03125 6.66208725 2.694486489 0.03125 6.162794623 2.470704691 0.03125 5.539056388 2.085473667 0.03125 4.840761623 1.651288055 0.03125 4.156145818 1.240022678 0.03125 3.498706518 0.9215557052 0.03125 2.851821927 0.7034989601 0.03125 2.228927347 0.5760167809 0.03125 1.68173852 0.5140131679 0.03125 1.229654493 0.4928946043 0.03125 1 3 1 1 1 1 500 0.0004
1.381348401 83.9 60.70769882 33.53289795 60.54160309 66.27733533 65.54252278 99.49861078 0.6096099662 -0.1835228797 0.7711647306 0.1931238915 0.5907133751 -0.7834289189 0.6096099662 0.1835228797 -0.7711647306 0 -0.1835228797 0.9790752741 0.08792587961 0 0.7711647306 0.08792587961 0.6305346921 0 0 0 0 1 1 0 0 60.70769882 0 1 0 33.53289795 0 0 1 60.54160309 0 0 0 1 0.6096099662 -0.1835228797 0.7711647306 -0 0.1835228797 0.9790752741 0.08792587961 -0 -0.7711647306 0.08792587961 0.6305346921 -0 0 0 0 1 32 2.527938212 0.8636208312 0.03125 4.441068506 0.5472974107 0.03125 5.765907063 0.06137048581 0.03125 6.32316209 -0.5589438799 0.03125 5.919902335 -1.319699086 0.03125 4.701578253 -2.162755022 0.03125 3.321951219 -3.052746296 0.03125 1.791635823 -3.879145275 0.03125 0.3916895013 -4.555335861 0.03125 -0.8467843051 -4.999782969 0.03125 -1.535294131 -5.20980398 0.03125 -1.482179704 -5.300072783 0.03125 -0.6535041634 -5.405939577 0.03125 0.8157930901 -5.537756057 0.03125 2.440377443 -5.483683507 0.03125 3.892414916 -4.983529717 0.03125 4.61316194 -4.408144793 0.03125 5.949551913 -3.009833733 0.03125 6.765860907 -1.119020892 0.03125 6.86312353 0.8634427926 0.03125 6.665959964 2.478948782 0.03125 6.46469658 3.403514973 0.03125 6.160415111 3.592576267 0.03125 5.792649184 3.270340099 0.03125 5.387284019 2.692917656 0.03125 5.010010218 2.07562435 0.03125 4.514691542 1.510397781 0.03125 3.948388223 1.072533869 0.03125 3.322911887 0.7726778198 0.03125 2.612916052 0.5954498413 0.03125 1.933224257 0.5080245978 0.03125 1.289386196 0.4767964846 0.03125 1 3 1 1 1 1 500 0.0004
-1.780244951 83.9 60.50769806 33.63290024 60.54160309 65.69362331 67.53551479 99.79423163 0.5831291558 0.02033545345 0.8121249024 0.1883366763 0.6354959085 -0.7487818418 0.5831291558 -0.02033545345 -0.8121249024 0 0.02033545345 0.9997387891 -0.01043182616 0 0.8121249024 -0.01043182616 0.5833903667 0 0 0 0 1 1 0 0 60.50769806 0 1 0 33.63290024 0 0 1 60.54160309 0 0 0 1 0.5831291558 0.02033545345 0.8121249024 -0 -0.02033545345 0.9997387891 -0.01043182616 -0 -0.8121249024 -0.01043182616 0.5833903667 -0 0 0 0 1 32 -1.055564472 0.8777641611 0.03125 -3.282232588 0.7796028832 0.03125 -5.039588944 0.9200159909 0.03125 -6.200121494 1.426739386 0.03125 -6.456447541 2.234841333 0.03125 -5.817889494 3.085185733 0.03125 -4.34074724 3.771005421 0.03125 -2.435733521 4.132446955 0.03125 -0.4936989956 4.146705439 0.03125 1.063238249 3.847510325 0.03125 2.010601337 3.316770776 0.03125 2.319475096 2.651040375 0.03125 2.286155742 1.949267519 0.03125 2.134247846 1.313459641 0.03125 2.260294025 0.8583676081 0.03125 2.798786325 0.6571454219 0.03125 2.763483714 0.2673683267 0.03125 4.081863515 0.5829319864 0.03125 5.350488959 1.125391817 0.03125 6.405827171 1.72123018 0.03125 6.997015459 2.231804713 0.03125 7.156358029 2.512309517 0.03125 6.882708143 2.525601378 0.03125 6.275167559 2.307041588 0.03125 5.528167504 1.939733519 0.03125 4.711791413 1.540489123 0.03125 3.973997768 1.170320389 0.03125 3.337086412 0.88816904 0.03125 2.727523965 0.6937913626 0.03125 2.159826997 0.5786241349 0.03125 1.653427859 0.5201916195 0.03125 1.225107251 0.4986100279 0.03125 1 3 1 1 1 1 500 0.0004
-1.847215427 83.9 60.50769806 33.33289719 60.54160309 64.69229563 72.41389121 97.1721323 0.7640192514 0.08288470422 0.639847411 0.2160659271 0.6388629943 -0.7383560047 0.7640192514 -0.08288470422 -0.639847411 0 0.08288470422 0.996105556 -0.03006405024 0 0.639847411 -0.03006405024 0.7679136954 0 0 0 0 1 1 0 0 60.50769806 0 1 0 33.33289719 0 0 1 60.54160309 0 0 0 1 0.7640192514 0.08288470422 0.639847411 -0 -0.08288470422 0.996105556 -0.03006405024 -0 -0.639847411 -0.03006405024 0.7679136954 -0 0 0 0 1 32 -4.793960017 0.8980315825 0.03125 -6.570113108 1.033942733 0.03125 -7.512193603 1.564583638 0.03125 -7.540959828 2.424878466 0.03125 -6.625883677 3.405710727 0.03125 -5.063637276 4.185263361 0.03125 -3.021221289 4.629983597 0.03125 -1.051819772 4.689781194 0.03125 0.6002639156 4.411161119 0.03125 1.655521467 3.849449046 0.03125 2.113768142 3.079223254 0.03125 2.061670891 2.204144502 0.03125 1.845402099 1.345727599 0.03125 1.692904559 0.6318539479 0.03125 1.944903522 0.1936890458 0.03125 2.676980761 0.09411651436 0.03125 2.834267946 -0.1525708934 0.03125 4.265403989 0.2883576049 0.03125 5.537038282 0.9091325538 0.03125 6.493683294 1.509894228 0.03125 6.932396785 1.959014449 0.03125 6.908676717 2.156322254 0.03125 6.476675199 2.110192059 0.03125 5.740333188 1.885583233 0.03125 4.918104599 1.565556325 0.03125 4.086695024 1.248067343 0.03125 3.376052903 0.9700318966 0.03125 2.808909964 0.768014818 0.03125 2.291288824 0.6334923618 0.03125 1.834160937 0.5543770983 0.03125 1.451133343 0.5130659115 0.03125 1.15487045 0.4971594011 0.03125 1 3 1 1 1 1 500 0.0004
1.192366845 83.9 60.50769806 33.33289719 60.54160309 61.38884702 80.62855728 95.53699131 0.8414870434 -0.07649682309 0.5348343593 0.2694274078 0.8420868445 -0.4672243768 0.8414870434 0.07649682309 -0.5348343593 0 -0.07649682309 0.9968222617 0.0222174408 0 0.5348343593 0.0222174408 0.8446647817 0 0 0 0 1 1 0 0 60.50769806 0 1 0 33.33289719 0 0 1 60.54160309 0 0 0 1 0.8414870434 -0.07649682309 0.5348343593 -0 0.07649682309 0.9968222617 0.0222174408 -0 -0.5348343593 0.0222174408 0.8446647817 -0 0 0 0 1 32 9.926524691 0.8189878142 0.03125 9.097133091 0.3710486636 0.03125 8.03955507 -0.186682379 0.03125 6.742603297 -0.8296945434 0.03125 5.278064544 -1.54721986 0.03125 3.674407334 -2.280227598 0.03125 2.200953971 -3.004091653 0.03125 0.8902727728 -3.661115584 0.03125 -0.1402566302 -4.233074303 0.03125 -0.8747914856 -4.690796277 0.03125 -1.29972459 -5.015101897 0.03125 -1.360377726 -5.171287823 0.03125 -0.9320336068 -5.115191398 0.03125 0.04251763226 -4.795847874 0.03125 1.551190825 -4.160828444 0.03125 3.41716558 -3.217929431 0.03125 4.403936427 -2.625089693 0.03125 6.131316364 -1.587527399 0.03125 7.264940664 -0.5028919369 0.03125 7.70941051 0.4574241293 0.03125 7.457092862 1.168266881 0.03125 6.62427729 1.55463098 0.03125 5.408065671 1.632851663 0.03125 3.962337834 1.485261482 0.03125 2.634561828 1.216303653 0.03125 1.508680143 0.94949612 0.03125 0.6818283636 0.7363814311 0.03125 0.1578169845 0.6056322567 0.03125 -0.06493745702 0.5398192698 0.03125 0.009389596497 0.5110493751 0.03125 0.2830145111 0.4973833814 0.03125 0.7485930313 0.4911127772 0.03125 1 3 1 1 1 1 500 0.0004
1.110591962 83.9 60.50769806 33.63290024 60.54160309 55.52237034 83.39204758 93.4645651 0.8252642179 0.07698986679 0.5594743345 0.1544132739 0.788815873 -0.5949168508 0.8252642179 -0.07698986679 -0.5594743345 0 0.07698986679 0.9967525581 -0.0235986955 0 0.5594743345 -0.0235986955 0.8285116599 0 0 0 0 1 1 0 0 60.50769806 0 1 0 33.63290024 0 0 1 60.54160309 0 0 0 1 0.8252642179 0.07698986679 0.5594743345 -0 -0.07698986679 0.9967525581 -0.0235986955 -0 -0.5594743345 -0.0235986955 0.8285116599 -0 0 0 0 1 32 8.46724036 0.8014875983 0.03125 8.243025965 0.2994770254 0.03125 7.71237237 -0.3126961684 0.03125 6.855804988 -0.9748464805 0.03125 5.719048505 -1.64044071 0.03125 4.320609449 -2.24100855 0.03125 2.871655567 -2.767530719 0.03125 1.4277386 -3.210204243 0.03125 0.1690780705 -3.601057192 0.03125 -0.8468231215 -3.956568492 0.03125 -1.545001601 -4.286591895 0.03125 -1.852377868 -4.567825982 0.03125 -1.661420397 -4.750701532 0.03125 -0.9172156055 -4.757048063 0.03125 0.4152710414 -4.489744666 0.03125 2.184328658 -3.880203455 0.03125 3.23698369 -3.525736383 0.03125 5.209001637 -2.574258975 0.03125 6.658202045 -1.397407023 0.03125 7.419732802 -0.2053575354 0.03125 7.424219666 0.8229290015 0.03125 6.781246646 1.536451324 0.03125 5.693606477 1.887199787 0.03125 4.331558471 1.912634754 0.03125 3.14061192 1.706632365 0.03125 2.222300484 1.409587036 0.03125 1.65568023 1.100105349 0.03125 1.442679925 0.8505479951 0.03125 1.299874864 0.6726372496 0.03125 1.215877487 0.5653410059 0.03125 1.127980192 0.5112804221 0.03125 1.042092534 0.4930610434 0.03125 1 3 1 1 1 1 500 0.0004
1.014832037 83.9 60.50769806 33.63290024 60.54160309 57.30572318 86.86295956 93.40504334 0.7170998496 0.1246064156 0.685741239 0.1774588675 0.7753348626 -0.6061057673 0.7170998496 -0.1246064156 -0.685741239 0 0.1246064156 0.9909575679 -0.04976283576 0 0.685741239 -0.04976283576 0.7261422817 0 0 0 0 1 1 0 0 60.50769806 0 1 0 33.63290024 0 0 1 60.54160309 0 0 0 1 0.7170998496 0.1246064156 0.685741239 -0 -0.1246064156 0.9909575679 -0.04976283576 -0 -0.685741239 -0.04976283576 0.7261422817 -0 0 0 0 1 32 4.815854934 0.7752858686 0.03125 5.737576275 0.2672438265 0.03125 6.223602726 -0.3611716722 0.03125 6.250296318 -1.047765085 0.03125 5.774156268 -1.743559875 0.03125 4.834767149 -2.377226373 0.03125 3.62687834 -2.930720425 0.03125 2.236645145 -3.390848896 0.03125 0.898697031 -3.782224801 0.03125 -0.2954209295 -4.121996945 0.03125 -1.180337255 -4.420464582 0.03125 -1.665053418 -4.657077128 0.03125 -1.557224358 -4.780093495 0.03125 -0.8491938286 -4.705993133 0.03125 0.4044418903 -4.339542615 0.03125 1.970493376 -3.642143437 0.03125 2.714144231 -3.231652873 0.03125 4.254571486 -2.321164586 0.03125 5.388769859 -1.234288453 0.03125 6.020300831 -0.1352248236 0.03125 6.136789425 0.8424931286 0.03125 5.824825888 1.570264406 0.03125 5.224955329 1.984749663 0.03125 4.453697906 2.080480813 0.03125 3.679916729 1.914997996 0.03125 2.978659355 1.608501413 0.03125 2.456700446 1.250154778 0.03125 2.119656812 0.9447091685 0.03125 1.838125036 0.7186096685 0.03125 1.603708264 0.5799081779 0.03125 1.359881581 0.5104781319 0.03125 1.120382373 0.487495598 0.03125 1 3 1 1 1 1 500 0.0004
