-3.543121436 87.9 61.10770035 33.33289719 60.54160309 104.4070791 -11.9653635 65.86383638 0.7032052293 -0.2712275393 0.6572199232 0.7546938488 0.3734713071 -0.5394037239 0.7032052293 0.2712275393 -0.6572199232 0 -0.2712275393 0.9568082714 0.1046592269 0 0.6572199232 0.1046592269 0.7463969579 0 0 0 0 1 1 0 0 61.10770035 0 1 0 33.33289719 0 0 1 60.54160309 0 0 0 1 0.7032052293 -0.2712275393 0.6572199232 -0 0.2712275393 0.9568082714 0.1046592269 -0 -0.6572199232 0.1046592269 0.7463969579 -0 0 0 0 1 32 1.992604936 0.9013310933 0.03125 2.24683598 0.9763636995 0.03125 2.376606258 1.120575332 0.03125 2.382521717 1.322633511 0.03125 2.29113615 1.568842978 0.03125 2.118479888 1.838297639 0.03125 1.932059258 2.12233824 0.03125 1.765677814 2.408306951 0.03125 1.683894412 2.700092598 0.03125 1.718637954 2.993955361 0.03125 1.832540476 3.292167636 0.03125 2.038686309 3.587502178 0.03125 2.288197033 3.871539668 0.03125 2.586307356 4.129001403 0.03125 2.92371853 4.342502742 0.03125 3.300700565 4.490708266 0.03125 2.728097395 4.057006622 0.03125 3.192444026 4.045749966 0.03125 3.687460848 3.956967698 0.03125 4.201828351 3.781245648 0.03125 4.683028366 3.514656395 0.03125 5.113154561 3.166607989 0.03125 5.396413544 2.752430876 0.03125 5.51235459 2.310149262 0.03125 5.42848663 1.869860416 0.03125 5.134254342 1.47528751 0.03125 4.701829835 1.144837705 0.03125 4.135916906 0.8906214506 0.03125 3.49434243 0.7099314183 0.03125 2.786377803 0.5937992213 0.03125 2.073695019 0.5296020254 0.03125 1.367658011 0.5032238092 0.03125 1 3 1 1 1 1 500 0.0004
-4.104721879 87.9 60.70769882 33.33289719 60.54160309 85.74231726 -6.151891502 69.51731246 0.6695972574 -0.1217293789 0.732681016 0.7041493812 0.2604210103 -0.6605713787 0.6695972574 0.1217293789 -0.732681016 0 -0.1217293789 0.9911247808 0.05341935284 0 0.732681016 0.05341935284 0.6784724766 0 0 0 0 1 1 0 0 60.70769882 0 1 0 33.33289719 0 0 1 60.54160309 0 0 0 1 0.6695972574 -0.1217293789 0.732681016 -0 0.1217293789 0.9911247808 0.05341935284 -0 -0.732681016 0.05341935284 0.6784724766 -0 0 0 0 1 32 1.91851636 0.8898598229 0.03125 2.13011677 0.9605727245 0.03125 2.273117433 1.08698994 0.03125 2.349826373 1.271714627 0.03125 2.377608783 1.513457445 0.03125 2.368918175 1.799770622 0.03125 2.387094209 2.121255525 0.03125 2.447762577 2.456295364 0.03125 2.595360891 2.793271395 0.03125 2.837900582 3.112145075 0.03125 3.154341625 3.402987487 0.03125 3.544030605 3.651291185 0.03125 3.959674761 3.847893267 0.03125 4.397934785 3.981453665 0.03125 4.834569658 4.042337791 0.03125 5.264359039 4.021848081 0.03125 4.673805646 3.433477597 0.03125 5.05782481 3.292315714 0.03125 5.399309814 3.091368884 0.03125 5.687428129 2.837897515 0.03125 5.877512278 2.541502221 0.03125 5.958813506 2.220787448 0.03125 5.905402809 1.892298371 0.03125 5.711106106 1.578783709 0.03125 5.393269357 1.294574904 0.03125 4.952894001 1.053790207 0.03125 4.432663213 0.8607087659 0.03125 3.838709256 0.7158910848 0.03125 3.205731396 0.6148303732 0.03125 2.541037518 0.550967853 0.03125 1.905626397 0.5160878929 0.03125 1.308744167 0.501760257 0.03125 1 3 1 1 1 1 500 0.0004
-4.140419727 87.9 60.70769882 33.33289719 60.54160309 80.67087371 -2.716106079 66.82265939 0.6848117099 -0.06383612067 0.7259186398 0.6397148184 0.2973056473 -0.7087836787 0.6848117099 0.06383612067 -0.7259186398 0 -0.06383612067 0.9975813022 0.0275044562 0 0.7259186398 0.0275044562 0.6872304077 0 0 0 0 1 1 0 0 60.70769882 0 1 0 33.33289719 0 0 1 60.54160309 0 0 0 1 0.6848117099 -0.06383612067 0.7259186398 -0 0.06383612067 0.9975813022 0.0275044562 -0 -0.7259186398 0.0275044562 0.6872304077 -0 0 0 0 1 32 2.217235729 0.8707991286 0.03125 2.360017829 0.9051069794 0.03125 2.448123912 0.9948905684 0.03125 2.486175143 1.144815537 0.03125 2.50338748 1.355299216 0.03125 2.512292017 1.615648822 0.03125 2.571846013 1.916178086 0.03125 2.694098011 2.234329392 0.03125 2.905130425 2.555427413 0.03125 3.207039111 2.855948408 0.03125 3.572495607 3.12267066 0.03125 3.994772076 3.338928636 0.03125 4.434565091 3.495523186 0.03125 4.883405327 3.583450576 0.03125 5.322215662 3.597788146 0.03125 5.741793075 3.536792086 0.03125 5.126331186 2.918768639 0.03125 5.472506968 2.759707076 0.03125 5.759790827 2.558754132 0.03125 5.979610343 2.324726827 0.03125 6.09337061 2.067433741 0.03125 6.095241414 1.80140452 0.03125 5.969662219 1.538881575 0.03125 5.715057471 1.295172499 0.03125 5.351530248 1.079250485 0.03125 4.882292571 0.8995917752 0.03125 4.345091204 0.7577598773 0.03125 3.746419937 0.6528707699 0.03125 3.117678862 0.5805974134 0.03125 2.466149533 0.5354668507 0.03125 1.854056791 0.5110201416 0.03125 1.290619177 0.5010248754 0.03125 1 3 1 1 1 1 500 0.0004
-4.243514064 87.9 60.70769882 33.33289719 60.54160309 78.46451265 3.230113861 68.36167567 0.701907743 0.04149129592 0.711058361 0.5732301433 0.3429069973 -0.7441921754 0.701907743 -0.04149129592 -0.711058361 0 0.04149129592 0.9989884718 -0.01733509527 0 0.711058361 -0.01733509527 0.7029192711 0 0 0 0 1 1 0 0 60.70769882 0 1 0 33.33289719 0 0 1 60.54160309 0 0 0 1 0.701907743 0.04149129592 0.711058361 -0 -0.04149129592 0.9989884718 -0.01733509527 -0 -0.711058361 -0.01733509527 0.7029192711 -0 0 0 0 1 32 2.433324983 0.8450011635 0.03125 2.447801131 0.8369765321 0.03125 2.419063023 0.8873552043 0.03125 2.356092996 1.001019891 0.03125 2.297400237 1.178140007 0.03125 2.259106455 1.407727539 0.03125 2.315710632 1.680047956 0.03125 2.478479772 1.972832105 0.03125 2.769430751 2.271442859 0.03125 3.184117453 2.552688585 0.03125 3.674834174 2.803311378 0.03125 4.226178164 3.006845978 0.03125 4.785798854 3.154531682 0.03125 5.337937534 3.238386725 0.03125 5.858780685 3.254890761 0.03125 6.334328096 3.203942662 0.03125 5.747194452 2.599878668 0.03125 6.096825913 2.455227147 0.03125 6.3613766 2.273912595 0.03125 6.534030078 2.06412772 0.03125 6.587272989 1.835176767 0.03125 6.518360319 1.600513495 0.03125 6.323685318 1.371305405 0.03125 6.004888532 1.160695966 0.03125 5.584321165 0.9763054531 0.03125 5.067426948 0.8245846448 0.03125 4.485772516 0.7063885488 0.03125 3.84693244 0.6202970159 0.03125 3.181443343 0.562068535 0.03125 2.497409793 0.5265910297 0.03125 1.864858514 0.5079080068 0.03125 1.293844508 0.5005293866 0.03125 1 3 1 1 1 1 500 0.0004
-4.187057621 87.9 60.70769882 33.33289719 60.54160309 79.33646015 8.112589452 64.7708944 0.7127517136 0.1598485981 0.6829593109 0.4666358322 0.4238798981 -0.7762582251 0.7127517136 -0.1598485981 -0.6829593109 0 0.1598485981 0.9850815655 -0.06373958792 0 0.6829593109 -0.06373958792 0.7276701482 0 0 0 0 1 1 0 0 60.70769882 0 1 0 33.33289719 0 0 1 60.54160309 0 0 0 1 0.7127517136 0.1598485981 0.6829593109 -0 -0.1598485981 0.9850815655 -0.06373958792 -0 -0.6829593109 -0.06373958792 0.7276701482 -0 0 0 0 1 32 1.967854304 0.844842157 0.03125 2.126684301 0.8259793379 0.03125 2.244666885 0.8547552808 0.03125 2.329327659 0.9383784352 0.03125 2.415690399 1.07993756 0.03125 2.516337373 1.272903156 0.03125 2.689794441 1.509636393 0.03125 2.944010833 1.7708999 0.03125 3.295055272 2.041916908 0.03125 3.737299922 2.299318033 0.03125 4.235608913 2.528098698 0.03125 4.77390728 2.71055333 0.03125 5.310496437 2.837498383 0.03125 5.827887033 2.901980298 0.03125 6.300369197 2.903109959 0.03125 6.712138909 2.843299994 0.03125 6.050834872 2.238631408 0.03125 6.315048399 2.097555647 0.03125 6.491857821 1.929774529 0.03125 6.575810521 1.743037078 0.03125 6.546525661 1.54614445 0.03125 6.403882408 1.350282368 0.03125 6.149439061 1.164029393 0.03125 5.786967651 0.9969866607 0.03125 5.338637919 0.8538340896 0.03125 4.810945981 0.7383145558 0.03125 4.232275493 0.6498398587 0.03125 3.610411174 0.5864120929 0.03125 2.976471617 0.5440522712 0.03125 2.338512878 0.518534689 0.03125 1.762692927 0.5051445536 0.03125 1.258886084 0.499884485 0.03125 1 3 1 1 1 1 500 0.0004
1.824492481 87.9 60.90769958 33.33289719 60.54160309 68.80096844 13.7285087 68.29975031 0.7848483132 0.3591101594 0.5050277405 0.3738330639 0.4961048438 -0.7836637189 0.7848483132 -0.3591101594 -0.5050277405 0 0.3591101594 0.9277473017 -0.1016112076 0 0.5050277405 -0.1016112076 0.8571010114 0 0 0 0 1 1 0 0 60.90769958 0 1 0 33.33289719 0 0 1 60.54160309 0 0 0 1 0.7848483132 0.3591101594 0.5050277405 -0 -0.3591101594 0.9277473017 -0.1016112076 -0 -0.5050277405 -0.1016112076 0.8571010114 -0 0 0 0 1 32 1.91085167 1.052851347 0.03125 2.589709947 1.058927965 0.03125 3.201984837 1.074417454 0.03125 3.743190469 1.10703164 0.03125 4.141885929 1.162537333 0.03125 4.402163671 1.242650966 0.03125 4.521322879 1.34641055 0.03125 4.510333165 1.467318524 0.03125 4.457017108 1.596498387 0.03125 4.37305181 1.720083278 0.03125 4.320782186 1.824008578 0.03125 4.309189467 1.892225503 0.03125 4.405300177 1.9120798 0.03125 4.615072261 1.877547059 0.03125 4.970542828 1.788286967 0.03125 5.456133521 1.653057778 0.03125 5.02225634 1.013374384 0.03125 5.609705891 0.8649037242 0.03125 6.168833666 0.7289212218 0.03125 6.666559849 0.6130148329 0.03125 7.043730368 0.5261130665 0.03125 7.277434956 0.4688482683 0.03125 7.321149213 0.4403042607 0.03125 7.166271282 0.4319023662 0.03125 6.804215173 0.4375854574 0.03125 6.245349753 0.449579869 0.03125 5.545272327 0.4632564275 0.03125 4.723989646 0.4759028667 0.03125 3.855649684 0.4855746355 0.03125 2.958619425 0.492062033 0.03125 2.127341017 0.4953450711 0.03125 1.379675794 0.4967781356 0.03125 1 3 1 1 1 1 500 0.0004
-5.037794747 87.9 60.40769958 33.23289871 60.4416008 82.74001223 40.55134152 66.31755115 0.6632681601 0.7124809453 0.2290114633 0.368766008 0.5413319407 -0.7556264695 0.6632681601 -0.7124809453 -0.2290114633 0 0.7124809453 0.6948002075 -0.09809981802 0 0.2290114633 -0.09809981802 0.9684679527 0 0 0 0 1 1 0 0 60.40769958 0 1 0 33.23289871 0 0 1 60.4416008 0 0 0 1 0.6632681601 0.7124809453 0.2290114633 -0 -0.7124809453 0.6948002075 -0.09809981802 -0 -0.2290114633 -0.09809981802 0.9684679527 -0 0 0 0 1 32 1.274614864 0.8269784304 0.03125 1.560296834 0.8107913472 0.03125 1.790700898 0.8307596392 0.03125 1.973992252 0.9034160959 0.03125 2.154486093 1.03952874 0.03125 2.350538994 1.239501632 0.03125 2.634428567 1.497496887 0.03125 3.026466067 1.791947486 0.03125 3.5681621 2.100088176 0.03125 4.262277896 2.38477778 0.03125 5.076850845 2.616869029 0.03125 5.986019181 2.763689901 0.03125 6.908639582 2.810698414 0.03125 7.799451621 2.753569509 0.03125 8.585521726 2.608297116 0.03125 9.222625065 2.402501782 0.03125 8.671983294 1.679948182 0.03125 8.95370149 1.465799772 0.03125 9.065272805 1.269406374 0.03125 9.0043568 1.098540716 0.03125 8.774441643 0.956892995 0.03125 8.384168435 0.8436162991 0.03125 7.859189164 0.7544005458 0.03125 7.213806899 0.6861793205 0.03125 6.484581863 0.6334715964 0.03125 5.687953435 0.5933496674 0.03125 4.861686057 0.5621882437 0.03125 4.022011861 0.5388808127 0.03125 3.212571355 0.521513255 0.03125 2.447770125 0.51015068 0.03125 1.796190688 0.5032449667 0.03125 1.271473262 0.500350602 0.03125 1 3 1 1 1 1 500 0.0004
1.212986573 87.9 60.40769958 33.23289871 60.4416008 69.14307012 16.62150922 83.34366965 0.7862983817 0.4069929332 0.4648565448 0.589621455 0.00833978098 -0.8076366683 0.7862983817 -0.4069929332 -0.4648565448 0 0.4069929332 0.9072701127 -0.1059136204 0 0.4648565448 -0.1059136204 0.879028269 0 0 0 0 1 1 0 0 60.40769958 0 1 0 33.23289871 0 0 1 60.4416008 0 0 0 1 0.7862983817 0.4069929332 0.4648565448 -0 -0.4069929332 0.9072701127 -0.1059136204 -0 -0.4648565448 -0.1059136204 0.879028269 -0 0 0 0 1 32 1.997797273 1.032252139 0.03125 2.73786772 1.050230915 0.03125 3.339273823 1.100158279 0.03125 3.799594216 1.192160986 0.03125 4.039007542 1.332881002 0.03125 4.071703022 1.519155094 0.03125 4.033183612 1.746303844 0.03125 3.94165188 1.998542753 0.03125 3.888628598 2.26104885 0.03125 3.886552244 2.509257751 0.03125 3.953971642 2.721726154 0.03125 4.095735684 2.87336858 0.03125 4.312218889 2.943259894 0.03125 4.600714912 2.91983866 0.03125 4.963296027 2.795978083 0.03125 5.382073323 2.579987777 0.03125 4.870191425 1.829050295 0.03125 5.36495302 1.550437398 0.03125 5.874866001 1.267937936 0.03125 6.371191997 1.00236478 0.03125 6.792857945 0.7762776381 0.03125 7.116219461 0.6026623079 0.03125 7.279601643 0.4888381297 0.03125 7.268111043 0.4288136469 0.03125 7.031224688 0.4129051666 0.03125 6.573075084 0.4219153686 0.03125 5.919251041 0.4429022359 0.03125 5.089952793 0.4640312069 0.03125 4.182123573 0.4800681179 0.03125 3.216021204 0.4901872133 0.03125 2.294336681 0.4948187288 0.03125 1.43690912 0.4963184837 0.03125 1 3 1 1 1 1 500 0.0004
1.256053947 87.9 60.90769958 33.33289719 60.54160309 69.17177089 14.71135672 84.71973868 0.7329357684 0.3285453905 0.5957038575 0.6407196999 0.0283866189 -0.7672499372 0.7329357684 -0.3285453905 -0.5957038575 0 0.3285453905 0.93771144 -0.1129388406 0 0.5957038575 -0.1129388406 0.7952243284 0 0 0 0 1 1 0 0 60.90769958 0 1 0 33.33289719 0 0 1 60.54160309 0 0 0 1 0.7329357684 0.3285453905 0.5957038575 -0 -0.3285453905 0.93771144 -0.1129388406 -0 -0.5957038575 -0.1129388406 0.7952243284 -0 0 0 0 1 32 1.806520457 1.032444438 0.03125 2.561433869 1.050792015 0.03125 3.166081653 1.10499555 0.03125 3.617240901 1.206481751 0.03125 3.828233803 1.362720825 0.03125 3.812693047 1.571034808 0.03125 3.713884782 1.826952308 0.03125 3.553081081 2.1132383 0.03125 3.453691042 2.414917489 0.03125 3.431545959 2.705724685 0.03125 3.523978485 2.962753934 0.03125 3.739875079 3.156351085 0.03125 4.061499136 3.261338635 0.03125 4.484189446 3.259580167 0.03125 4.979373622 3.139874757 0.03125 5.519038466 2.908753168 0.03125 5.100584249 2.127451218 0.03125 5.651634945 1.808222525 0.03125 6.177540159 1.476319084 0.03125 6.648122228 1.158828133 0.03125 7.01239102 0.8828425837 0.03125 7.252316584 0.6673359072 0.03125 7.324131082 0.521849847 0.03125 7.220085885 0.4400001788 0.03125 6.912492938 0.41117768 0.03125 6.408425897 0.4140943724 0.03125 5.74152331 0.4340077409 0.03125 4.930337101 0.4568713184 0.03125 4.050657186 0.4758971854 0.03125 3.121091331 0.4883179967 0.03125 2.236908026 0.4942813469 0.03125 1.417546795 0.4961862889 0.03125 1 3 1 1 1 1 500 0.0004
1.300133134 87.9 60.90769958 33.33289719 60.54160309 68.36789908 14.07902632 85.93893875 0.7116981784 0.3148460596 0.6279790296 0.6350116285 0.06292707018 -0.769935332 0.7116981784 -0.3148460596 -0.6279790296 0 0.3148460596 0.942087897 -0.115509104 0 0.6279790296 -0.115509104 0.7696102814 0 0 0 0 1 1 0 0 60.90769958 0 1 0 33.33289719 0 0 1 60.54160309 0 0 0 1 0.7116981784 0.3148460596 0.6279790296 -0 -0.3148460596 0.942087897 -0.115509104 -0 -0.6279790296 -0.115509104 0.7696102814 -0 0 0 0 1 32 1.722548721 1.036652665 0.03125 2.459072676 1.055026748 0.03125 3.060027167 1.106264955 0.03125 3.521844714 1.20132637 0.03125 3.751997557 1.347679149 0.03125 3.76186806 1.543715709 0.03125 3.673695903 1.786323806 0.03125 3.507739227 2.060295786 0.03125 3.395738788 2.353659904 0.03125 3.353391562 2.643628442 0.03125 3.414894791 2.911039481 0.03125 3.58936005 3.128543394 0.03125 3.853742431 3.271245305 0.03125 4.208678366 3.315481748 0.03125 4.646255035 3.242408055 0.03125 5.147882649 3.048080149 0.03125 4.723086177 2.279746441 0.03125 5.313592166 1.957237907 0.03125 5.908350016 1.599262889 0.03125 6.473040261 1.239217857 0.03125 6.943242099 0.9109565103 0.03125 7.293268949 0.6443670642 0.03125 7.471233782 0.457916016 0.03125 7.464628743 0.3534408964 0.03125 7.228641031 0.3217914477 0.03125 6.768745009 0.3360875316 0.03125 6.106597922 0.376082019 0.03125 5.263125864 0.4191816788 0.03125 4.330952591 0.4551758232 0.03125 3.331560366 0.4794611484 0.03125 2.368353736 0.4923367059 0.03125 1.46239199 0.4969086509 0.03125 1 3 1 1 1 1 500 0.0004
1.554727998 87.9 60.90769958 33.33289719 60.54160309 75.84078739 7.379182957 83.35376054 0.7415422472 0.3160919987 0.5917777826 0.6632250281 0.122806262 -0.7382758184 0.7415422472 -0.3160919987 -0.5917777826 0 0.3160919987 0.9426289246 -0.1074083746 0 0.5917777826 -0.1074083746 0.7989133227 0 0 0 0 1 1 0 0 60.90769958 0 1 0 33.33289719 0 0 1 60.54160309 0 0 0 1 0.7415422472 0.3160919987 0.5917777826 -0 -0.3160919987 0.9426289246 -0.1074083746 -0 -0.5917777826 -0.1074083746 0.7989133227 -0 0 0 0 1 32 1.683240258 1.042295737 0.03125 2.633780237 1.053901609 0.03125 3.417398829 1.087764367 0.03125 4.019834487 1.158620921 0.03125 4.324046158 1.279285373 0.03125 4.331645641 1.45941261 0.03125 4.197925949 1.700329028 0.03125 3.937692957 1.989865684 0.03125 3.689556085 2.313780344 0.03125 3.471728326 2.644700001 0.03125 3.354119227 2.958974585 0.03125 3.357723585 3.224893584 0.03125 3.510400626 3.415231468 0.03125 3.8255795 3.504812784 0.03125 4.298498729 3.476374785 0.03125 4.908177341 3.325644446 0.03125 4.58483004 2.608775326 0.03125 5.243975655 2.334289567 0.03125 5.857156281 2.02947855 0.03125 6.389294087 1.719008207 0.03125 6.784241005 1.429062811 0.03125 7.025859128 1.177611912 0.03125 7.076635037 0.9757104952 0.03125 6.934539656 0.821161948 0.03125 6.606174014 0.7096754439 0.03125 6.100666912 0.6321015045 0.03125 5.461511705 0.5800389119 0.03125 4.704733277 0.5458922796 0.03125 3.883127227 0.5236900747 0.03125 3.013297265 0.5095764588 0.03125 2.179001466 0.5009154535 0.03125 1.39887893 0.4968621596 0.03125 1 3 1 1 1 1 500 0.0004
1.47357585 87.9 60.90769958 33.33289719 60.54160309 79.25202562 7.742091727 88.60115495 0.7288874493 0.2505986978 0.637121165 0.7262941771 0.0617391243 -0.6846057616 0.7288874493 -0.2505986978 -0.637121165 0 0.2505986978 0.9636762316 -0.09234940907 0 0.637121165 -0.09234940907 0.7652112177 0 0 0 0 1 1 0 0 60.90769958 0 1 0 33.33289719 0 0 1 60.54160309 0 0 0 1 0.7288874493 0.2505986978 0.637121165 -0 -0.2505986978 0.9636762316 -0.09234940907 -0 -0.637121165 -0.09234940907 0.7652112177 -0 0 0 0 1 32 1.805054752 1.035671589 0.03125 2.618323319 1.05887639 0.03125 3.25819242 1.126235408 0.03125 3.714498631 1.251818482 0.03125 3.899773148 1.444959437 0.03125 3.823953262 1.704429506 0.03125 3.640873073 2.025059192 0.03125 3.371109366 2.386497394 0.03125 3.147378633 2.772298086 0.03125 2.989493085 3.153244093 0.03125 2.949592714 3.506601889 0.03125 3.047971429 3.800214637 0.03125 3.329526688 4.006486969 0.03125 3.801365011 4.101362011 0.03125 4.40530854 4.067892423 0.03125 5.104799614 3.902566829 0.03125 4.831938833 3.171955529 0.03125 5.477626876 2.871723943 0.03125 6.053741319 2.532219753 0.03125 6.523549239 2.177627272 0.03125 6.842103653 1.83492595 0.03125 6.999495132 1.526205835 0.03125 6.973823137 1.26508379 0.03125 6.771074351 1.051629121 0.03125 6.407564602 0.8841878588 0.03125 5.893534522 0.756366996 0.03125 5.268952706 0.6618055647 0.03125 4.546517532 0.5946699955 0.03125 3.763705407 0.5489700005 0.03125 2.934562739 0.5199314568 0.03125 2.134996154 0.5032083108 0.03125 1.385277642 0.4958180211 0.03125 1 3 1 1 1 1 500 0.0004
1.387802295 87.9 60.90769958 33.33289719 60.54160309 82.30218518 9.649206253 90.24150471 0.6559691649 0.2227699251 0.7211643469 0.8440340547 0.01819312673 -0.5359808996 0.6559691649 -0.2227699251 -0.7211643469 0 0.2227699251 0.9700317853 -0.09701492694 0 0.7211643469 -0.09701492694 0.6859373796 0 0 0 0 1 1 0 0 60.90769958 0 1 0 33.33289719 0 0 1 60.54160309 0 0 0 1 0.6559691649 0.2227699251 0.7211643469 -0 -0.2227699251 0.9700317853 -0.09701492694 -0 -0.7211643469 -0.09701492694 0.6859373796 -0 0 0 0 1 32 1.964725305 1.045460302 0.03125 2.183347377 1.081345358 0.03125 2.323708157 1.173361954 0.03125 2.388011852 1.331099743 0.03125 2.404046295 1.559112502 0.03125 2.384865698 1.849989904 0.03125 2.412273793 2.194864477 0.03125 2.503394792 2.568972469 0.03125 2.715121243 2.955199928 0.03125 3.054817687 3.3248088 0.03125 3.494188347 3.661864813 0.03125 4.027397498 3.945334084 0.03125 4.5815203 4.164007535 0.03125 5.146812041 4.305514606 0.03125 5.676964643 4.361583774 0.03125 6.163944134 4.325684346 0.03125 5.591447252 3.714012269 0.03125 5.961893067 3.544725738 0.03125 6.268990802 3.312288048 0.03125 6.5035125 3.025587615 0.03125 6.633316668 2.696234964 0.03125 6.648994569 2.344285618 0.03125 6.53222202 1.987663714 0.03125 6.278164548 1.649635994 0.03125 5.902415201 1.344892928 0.03125 5.406946204 1.087557903 0.03125 4.825424753 0.8817660593 0.03125 4.165025724 0.7280824375 0.03125 3.459372282 0.6212629036 0.03125 2.717481337 0.5539588289 0.03125 2.008989124 0.5171427202 0.03125 1.344626728 0.5019535734 0.03125 1 3 1 1 1 1 500 0.0004
1.42766643 87.9 60.90769958 33.33289719 60.54160309 85.0847214 9.338418741 93.88560106 0.636013684 0.2210046627 0.7393534559 0.8606490157 0.01530577952 -0.5089685696 0.636013684 -0.2210046627 -0.7393534559 0 0.2210046627 0.970145078 -0.09987725821 0 0.7393534559 -0.09987725821 0.665868606 0 0 0 0 1 1 0 0 60.90769958 0 1 0 33.33289719 0 0 1 60.54160309 0 0 0 1 0.636013684 0.2210046627 0.7393534559 -0 -0.2210046627 0.970145078 -0.09987725821 -0 -0.7393534559 -0.09987725821 0.665868606 -0 0 0 0 1 32 1.631611698 1.043606237 0.03125 1.932922964 1.075258033 0.03125 2.135249666 1.166388208 0.03125 2.239244142 1.325955425 0.03125 2.273450892 1.557459629 0.03125 2.250522361 1.851659668 0.03125 2.257149396 2.199474435 0.03125 2.311890495 2.576349793 0.03125 2.479019272 2.967950278 0.03125 2.76950042 3.34859308 0.03125 3.160433344 3.706303284 0.03125 3.651204845 4.022875456 0.03125 4.167341793 4.288251433 0.03125 4.704939313 4.488542394 0.03125 5.21587611 4.611317393 0.03125 5.697528935 4.643110609 0.03125 5.137006452 4.088351282 0.03125 5.538575471 3.961506171 0.03125 5.894656149 3.755842522 0.03125 6.194877285 3.476374948 0.03125 6.405786401 3.13255982 0.03125 6.513323403 2.746315074 0.03125 6.490182688 2.338732352 0.03125 6.326050354 1.939647278 0.03125 6.020753011 1.569777453 0.03125 5.572996004 1.250716537 0.03125 5.014819784 0.9909881283 0.03125 4.353221093 0.7946323241 0.03125 3.629459432 0.6569787896 0.03125 2.853926401 0.5697954396 0.03125 2.09878995 0.5220921622 0.03125 1.376275977 0.5025959793 0.03125 1 3 1 1 1 1 500 0.0004
1.499297336 87.9 60.90769958 33.33289719 60.54160309 86.15152602 9.212168139 93.71502305 0.7114629154 0.2708927648 0.6484116208 0.7724830413 0.07583090809 -0.6304915736 0.7114629154 -0.2708927648 -0.6484116208 0 0.2708927648 0.957122711 -0.1026315061 0 0.6484116208 -0.1026315061 0.7543402044 0 0 0 0 1 1 0 0 60.90769958 0 1 0 33.33289719 0 0 1 60.54160309 0 0 0 1 0.7114629154 0.2708927648 0.6484116208 -0 -0.2708927648 0.957122711 -0.1026315061 -0 -0.6484116208 -0.1026315061 0.7543402044 -0 0 0 0 1 32 1.533084473 1.037856232 0.03125 2.431534394 1.070008337 0.03125 3.124106368 1.155805954 0.03125 3.596320807 1.30919944 0.03125 3.765965445 1.538041747 0.03125 3.644243383 1.83626878 0.03125 3.40740138 2.195923745 0.03125 3.080416331 2.593188235 0.03125 2.802130561 3.012107458 0.03125 2.598602193 3.424599933 0.03125 2.528745095 3.810898127 0.03125 2.620479376 4.140862882 0.03125 2.928285186 4.388423003 0.03125 3.459863263 4.530510574 0.03125 4.113686343 4.549414242 0.03125 4.847233071 4.438669589 0.03125 4.59509264 3.758427575 0.03125 5.246205074 3.49656811 0.03125 5.826062486 3.179662648 0.03125 6.29730367 2.825288898 0.03125 6.620574588 2.456650428 0.03125 6.788927373 2.097014229 0.03125 6.785123981 1.76359634 0.03125 6.617583021 1.464404101 0.03125 6.293209925 1.205658262 0.03125 5.81880197 0.9915352131 0.03125 5.2301769 0.8212737385 0.03125 4.537370871 0.6936061348 0.03125 3.774907184 0.6032250249 0.03125 2.956281464 0.5445677283 0.03125 2.155668885 0.5109324168 0.03125 1.39474262 0.4966039859 0.03125 1 3 1 1 1 1 500 0.0004
1.422349987 87.9 60.90769958 33.33289719 60.54160309 85.85507917 8.788434859 94.16655256 0.6494242945 0.2343982272 0.7233986154 0.8600966702 -0.01698272173 -0.5098483158 0.6494242945 -0.2343982272 -0.7233986154 0 0.2343982272 0.9666898753 -0.1028015372 0 0.7233986154 -0.1028015372 0.6827344192 0 0 0 0 1 1 0 0 60.90769958 0 1 0 33.33289719 0 0 1 60.54160309 0 0 0 1 0.6494242945 0.2343982272 0.7233986154 -0 -0.2343982272 0.9666898753 -0.1028015372 -0 -0.7233986154 -0.1028015372 0.6827344192 -0 0 0 0 1 32 1.688231326 1.053278707 0.03125 2.01460849 1.103824338 0.03125 2.242034146 1.212317115 0.03125 2.370507045 1.387398561 0.03125 2.421373939 1.632332416 0.03125 2.406923959 1.937603503 0.03125 2.409594362 2.293771521 0.03125 2.448078123 2.675708971 0.03125 2.58946165 3.068450301 0.03125 2.845597365 3.446062163 0.03125 3.199656521 3.796307433 0.03125 3.6525832 4.101299978 0.03125 4.135075324 4.351202429 0.03125 4.64455795 4.53275739 0.03125 5.133946704 4.634309882 0.03125 5.600692654 4.643607652 0.03125 5.029363724 4.069715406 0.03125 5.422320893 3.928452765 0.03125 5.771930397 3.711286887 0.03125 6.067336375 3.424197294 0.03125 6.271171693 3.077115268 0.03125 6.369694835 2.691849545 0.03125 6.333178987 2.288966469 0.03125 6.152106607 1.897526854 0.03125 5.83498456 1.537046167 0.03125 5.38111455 1.227601892 0.03125 4.828707153 0.9765560052 0.03125 4.184630348 0.7867792603 0.03125 3.487625298 0.6534229583 0.03125 2.747173609 0.5685867786 0.03125 2.032019118 0.5218522642 0.03125 1.353461662 0.5025714675 0.03125 1 3 1 1 1 1 500 0.0004
1.49916425 87.9 60.90769958 33.33289719 60.54160309 86.74025586 10.53046596 93.63606247 0.7142972616 0.2718394334 0.644889715 0.7695401177 0.1520773354 -0.6202261614 0.7142972616 -0.2718394334 -0.644889715 0 0.2718394334 0.9568938951 -0.1022614098 0 0.644889715 -0.1022614098 0.7574033665 0 0 0 0 1 1 0 0 60.90769958 0 1 0 33.33289719 0 0 1 60.54160309 0 0 0 1 0.7142972616 0.2718394334 0.644889715 -0 -0.2718394334 0.9568938951 -0.1022614098 -0 -0.644889715 -0.1022614098 0.7574033665 -0 0 0 0 1 32 1.687312557 1.0365077 0.03125 2.527005945 1.067124851 0.03125 3.16667279 1.155333689 0.03125 3.594448529 1.314015264 0.03125 3.734933656 1.549533187 0.03125 3.600585923 1.854105664 0.03125 3.361561523 2.21888011 0.03125 3.043877954 2.619386953 0.03125 2.788657295 3.040408973 0.03125 2.621547023 3.45506892 0.03125 2.592047243 3.845359059 0.03125 2.726260301 4.18271007 0.03125 3.031494333 4.442022144 0.03125 3.51657151 4.598940367 0.03125 4.120830069 4.632516543 0.03125 4.810071133 4.531908812 0.03125 4.543248793 3.85077152 0.03125 5.214181247 3.581807921 0.03125 5.830746839 3.249282827 0.03125 6.353410112 2.873132195 0.03125 6.733151146 2.480240813 0.03125 6.955600502 2.100056853 0.03125 6.990898477 1.753359647 0.03125 6.845385107 1.44817643 0.03125 6.52739152 1.189809957 0.03125 6.044595946 0.9788689652 0.03125 5.437145968 0.8127600397 0.03125 4.716139006 0.6888069598 0.03125 3.918987249 0.6011287421 0.03125 3.060184032 0.5440978477 0.03125 2.218583161 0.5111897224 0.03125 1.416305812 0.4970839883 0.03125 1 3 1 1 1 1 500 0.0004
1.50896206 87.9 60.90769958 33.33289719 60.54160309 84.92278221 9.215517201 94.43376587 0.7271886352 0.291590257 0.621427237 0.7389712144 0.100507877 -0.6661979517 0.7271886352 -0.291590257 -0.621427237 0 0.291590257 0.950772674 -0.1049116026 0 0.621427237 -0.1049116026 0.7764159612 0 0 0 0 1 1 0 0 60.90769958 0 1 0 33.33289719 0 0 1 60.54160309 0 0 0 1 0.7271886352 0.291590257 0.621427237 -0 -0.291590257 0.950772674 -0.1049116026 -0 -0.621427237 -0.1049116026 0.7764159612 -0 0 0 0 1 32 2.14178077 1.040320076 0.03125 2.83500144 1.080667311 0.03125 3.349499141 1.178209924 0.03125 3.677799371 1.342249738 0.03125 3.753237169 1.576444793 0.03125 3.589876054 1.872025346 0.03125 3.337610569 2.218841439 0.03125 3.02160392 2.592460871 0.03125 2.773680221 2.977510222 0.03125 2.616916998 3.348868323 0.03125 2.588401166 3.691383139 0.03125 2.707227051 3.98238616 0.03125 2.966292722 4.203189842 0.03125 3.370226107 4.335753294 0.03125 3.867026534 4.363092321 0.03125 4.430684217 4.273270996 0.03125 4.057580863 3.616923627 0.03125 4.644932964 3.377395851 0.03125 5.228015268 3.075943624 0.03125 5.772806608 2.726406022 0.03125 6.250085484 2.351965966 0.03125 6.639320836 1.980584492 0.03125 6.881040249 1.63726531 0.03125 6.962370202 1.339005725 0.03125 6.817551326 1.095387119 0.03125 6.446810123 0.9042620967 0.03125 5.872630594 0.7603957491 0.03125 5.10922928 0.6558425162 0.03125 4.243498941 0.5828863518 0.03125 3.293776992 0.5357020731 0.03125 2.358604742 0.5083460228 0.03125 1.463519073 0.4964310907 0.03125 1 3 1 1 1 1 500 0.0004
1.423149836 87.9 61.10770035 33.63290024 60.54160309 85.58317675 9.974844337 95.62920835 0.6229559646 0.2217741151 0.750161388 0.8677980383 0.01627179097 -0.4966505749 0.6229559646 -0.2217741151 -0.750161388 0 0.2217741151 0.9696949522 -0.1025082514 0 0.750161388 -0.1025082514 0.6532610124 0 0 0 0 1 1 0 0 61.10770035 0 1 0 33.63290024 0 0 1 60.54160309 0 0 0 1 0.6229559646 0.2217741151 0.750161388 -0 -0.2217741151 0.9696949522 -0.1025082514 -0 -0.750161388 -0.1025082514 0.6532610124 -0 0 0 0 1 32 1.665459428 1.044963749 0.03125 1.963837154 1.080450358 0.03125 2.156713582 1.17646556 0.03125 2.244547163 1.341211163 0.03125 2.256215599 1.577291823 0.03125 2.205291922 1.874244127 0.03125 2.179985557 2.222698632 0.03125 2.20066297 2.598291179 0.03125 2.334836531 2.987790989 0.03125 2.595646271 3.367333582 0.03125 2.962629804 3.726512856 0.03125 3.437401612 4.04848691 0.03125 3.9456808 4.323747924 0.03125 4.485017035 4.538054124 0.03125 5.005229152 4.678005655 0.03125 5.504141599 4.728246458 0.03125 4.968413289 4.190076297 0.03125 5.401076414 4.076510805 0.03125 5.795446234 3.880267354 0.03125 6.140233706 3.604579457 0.03125 6.397557287 3.257727458 0.03125 6.551536953 2.861731531 0.03125 6.562894457 2.438522689 0.03125 6.419664363 2.020663555 0.03125 6.122008117 1.631029385 0.03125 5.668175271 1.294027082 0.03125 5.09924438 1.019399288 0.03125 4.422857467 0.8115839265 0.03125 3.682953525 0.6658586036 0.03125 2.890342965 0.5736078567 0.03125 2.11958542 0.5232359993 0.03125 1.383392596 0.5027197054 0.03125 1 3 1 1 1 1 500 0.0004
0.5712301143 87.9 61.10770035 33.53289795 60.54160309 93.19626777 50.91988538 74.29455852 0.7213323643 0.6877782359 0.08149060321 0.4522687717 0.1038492677 -0.8858150415 0.7213323643 -0.6877782359 -0.08149060321 0 0.6877782359 0.7251902587 -0.03256051213 0 0.08149060321 -0.03256051213 0.9961421056 0 0 0 0 1 1 0 0 61.10770035 0 1 0 33.53289795 0 0 1 60.54160309 0 0 0 1 0.7213323643 0.6877782359 0.08149060321 -0 -0.6877782359 0.7251902587 -0.03256051213 -0 -0.08149060321 -0.03256051213 0.9961421056 -0 0 0 0 1 32 2.984400584 1.016256268 0.03125 4.083086129 1.173808002 0.03125 4.674477262 1.491558416 0.03125 4.751173437 1.930068515 0.03125 4.120959404 2.437802544 0.03125 2.901751563 2.940086789 0.03125 1.55626339 3.423853117 0.03125 0.2726343785 3.886288204 0.03125 -0.5021950239 4.349778553 0.03125 -0.653597437 4.792364654 0.03125 0.002395540746 5.14828627 0.03125 1.44410995 5.301777342 0.03125 3.519865972 5.144633287 0.03125 5.94226104 4.69827215 0.03125 8.069140842 4.050701715 0.03125 9.61223025 3.414568964 0.03125 9.495229534 2.552720046 0.03125 9.57279941 2.443202887 0.03125 9.118693877 2.610792919 0.03125 8.263762015 2.94389441 0.03125 7.456065344 3.316553306 0.03125 6.902795902 3.543443329 0.03125 6.555913703 3.55865414 0.03125 6.425530446 3.33986978 0.03125 6.279599916 2.928532163 0.03125 6.070446518 2.401218767 0.03125 5.69736398 1.836726501 0.03125 5.125881813 1.332425858 0.03125 4.336603516 0.9326614879 0.03125 3.339631271 0.6779054181 0.03125 2.370602234 0.5448014422 0.03125 1.47362777 0.4945612285 0.03125 1 3 1 1 1 1 500 0.0004
3.185402991 87.9 60.70769882 33.53289795 60.54160309 93.634896 60.40027821 67.20092723 0.5614883828 0.8066428963 0.1845481886 0.3823555789 -0.5404062589 -0.749510031 0.5614883828 -0.8066428963 -0.1845481886 0 0.8066428963 0.5832996459 -0.09533499383 0 0.1845481886 -0.09533499383 0.9781887369 0 0 0 0 1 1 0 0 60.70769882 0 1 0 33.53289795 0 0 1 60.54160309 0 0 0 1 0.5614883828 0.8066428963 0.1845481886 -0 -0.8066428963 0.5832996459 -0.09533499383 -0 -0.1845481886 -0.09533499383 0.9781887369 -0 0 0 0 1 32 0.670965108 1.093357554 0.03125 -0.8350156068 1.304098475 0.03125 -2.486725038 1.563700905 0.03125 -4.086782321 1.577347298 0.03125 -5.295685346 1.130187727 0.03125 -5.723858427 0.1998318143 0.03125 -5.387007631 -1.062734098 0.03125 -4.113102923 -2.325908417 0.03125 -2.353900913 -3.289735317 0.03125 -0.3175899431 -3.746767603 0.03125 1.563770147 -3.66314947 0.03125 3.113680133 -3.138501503 0.03125 4.44390137 -2.310044979 0.03125 5.521815191 -1.310965225 0.03125 6.408535723 -0.2454092201 0.03125 7.061821336 0.7997326048 0.03125 6.822042409 1.298515088 0.03125 7.37637974 2.057322318 0.03125 7.812887764 2.687598241 0.03125 8.067627298 3.122713707 0.03125 8.041282766 3.321336942 0.03125 7.768096491 3.275649464 0.03125 7.286969292 3.003925161 0.03125 6.645841042 2.582432681 0.03125 5.814656571 2.083616909 0.03125 4.810858114 1.608476207 0.03125 3.791606001 1.202368855 0.03125 2.773865965 0.8955758208 0.03125 1.917533696 0.6874319535 0.03125 1.241410921 0.5650931297 0.03125 0.9151334536 0.5054097511 0.03125 0.9521522959 0.4830314063 0.03125 1 3 1 1 1 1 500 0.0004
3.06550301 87.9 60.90769958 33.53289795 60.54160309 90.39586915 69.5707135 66.3871888 0.5071007768 0.844100127 0.174194655 0.5165811527 -0.4896944821 -0.7023839597 0.5071007768 -0.844100127 -0.174194655 0 0.844100127 0.5272346512 -0.09756330347 0 0.174194655 -0.09756330347 0.9798661255 0 0 0 0 1 1 0 0 60.90769958 0 1 0 33.53289795 0 0 1 60.54160309 0 0 0 1 0.5071007768 0.844100127 0.174194655 -0 -0.844100127 0.5272346512 -0.09756330347 -0 -0.174194655 -0.09756330347 0.9798661255 -0 0 0 0 1 32 1.300676929 1.078357609 0.03125 -0.7082236166 1.217765254 0.03125 -2.671455472 1.372426466 0.03125 -4.37390096 1.375798901 0.03125 -5.54383582 1.099719958 0.03125 -5.98346222 0.4954319009 0.03125 -5.696906245 -0.3854109515 0.03125 -4.59267719 -1.361172785 0.03125 -3.035738098 -2.233341063 0.03125 -1.110645615 -2.816570454 0.03125 0.6632400141 -3.0274139 0.03125 2.171610868 -2.875925245 0.03125 3.532691061 -2.416912473 0.03125 4.698096425 -1.716895225 0.03125 5.69675016 -0.8224344071 0.03125 6.457264763 0.1962137891 0.03125 6.354065792 0.8176662871 0.03125 7.01919588 1.773485217 0.03125 7.577009994 2.667929509 0.03125 7.958021901 3.36647573 0.03125 8.036301582 3.778641702 0.03125 7.834057353 3.858844576 0.03125 7.398589556 3.614600078 0.03125 6.774992336 3.140995801 0.03125 6.046553468 2.533719858 0.03125 5.233250056 1.935670769 0.03125 4.409371025 1.415223433 0.03125 3.583412918 1.018986485 0.03125 2.774384478 0.7495525061 0.03125 1.999889898 0.5898112495 0.03125 1.443842645 0.5110443661 0.03125 1.141993109 0.4815672366 0.03125 1 3 1 1 1 1 500 0.0004
-2.083767203 87.9 60.40769958 33.33289719 60.54160309 89.80927658 70.17009817 78.05103432 0.6142042105 0.08255912625 0.7848166528 -0.1980112297 0.6587358871 -0.725850249 0.6142042105 -0.08255912625 -0.7848166528 0 0.08255912625 0.9957774801 -0.04013976466 0 0.7848166528 -0.04013976466 0.6184267304 0 0 0 0 1 1 0 0 60.40769958 0 1 0 33.33289719 0 0 1 60.54160309 0 0 0 1 0.6142042105 0.08255912625 0.7848166528 -0 -0.08255912625 0.9957774801 -0.04013976466 -0 -0.7848166528 -0.04013976466 0.6184267304 -0 0 0 0 1 32 1.837144981 0.939178327 0.03125 -0.520769017 0.9951266995 0.03125 -2.691220075 1.038804884 0.03125 -4.388636101 1.116639396 0.03125 -5.272886426 1.280796796 0.03125 -5.25098045 1.560947467 0.03125 -4.432661455 1.919351989 0.03125 -2.867504149 2.276778167 0.03125 -0.9925170572 2.536241439 0.03125 1.055269405 2.61976038 0.03125 2.942017627 2.500693917 0.03125 4.511996738 2.224522781 0.03125 5.757389011 1.888087992 0.03125 6.561664818 1.664526758 0.03125 6.998992758 1.688336026 0.03125 6.98181143 2.008592593 0.03125 6.055176908 2.175868503 0.03125 5.929872439 2.865320537 0.03125 5.858735089 3.621475256 0.03125 5.932771727 4.190088476 0.03125 5.852089644 4.474290169 0.03125 5.691406343 4.403211564 0.03125 5.346827475 4.025357059 0.03125 4.82344455 3.438144431 0.03125 4.200099222 2.75324793 0.03125 3.472805021 2.101108237 0.03125 2.829388573 1.539661268 0.03125 2.258921015 1.114555559 0.03125 1.775589434 0.8176852476 0.03125 1.389852939 0.6316358205 0.03125 1.136225919 0.5282874409 0.03125 1.024113617 0.4836771833 0.03125 1 3 1 1 1 1 500 0.0004
-2.041897209 87.9 60.50769806 33.63290024 60.54160309 81.65211552 65.74451196 81.66378445 0.5420706093 -0.1006770301 0.8342802827 -0.1462876102 0.662628454 -0.7345226116 0.5420706093 0.1006770301 -0.8342802827 0 -0.1006770301 0.9934271075 0.05446758444 0 0.8342802827 0.05446758444 0.5486435018 0 0 0 0 1 1 0 0 60.50769806 0 1 0 33.63290024 0 0 1 60.54160309 0 0 0 1 0.5420706093 -0.1006770301 0.8342802827 -0 0.1006770301 0.9934271075 0.05446758444 -0 -0.8342802827 0.05446758444 0.5486435018 -0 0 0 0 1 32 0.3047536494 0.9676972249 0.03125 -1.520990379 1.040492401 0.03125 -3.156603645 1.135054674 0.03125 -4.51337182 1.298461319 0.03125 -5.150902019 1.542249867 0.03125 -5.054053589 1.828819823 0.03125 -4.316033928 2.09397142 0.03125 -2.975448082 2.270654892 0.03125 -1.394058653 2.333146299 0.03125 0.3717036944 2.29566839 0.03125 2.111297622 2.210126819 0.03125 3.764877129 2.145947738 0.03125 5.246602126 2.173477956 0.03125 6.503511266 2.344781222 0.03125 7.486214172 2.688620566 0.03125 8.152524528 3.16546241 0.03125 7.650634628 3.208405805 0.03125 7.92882228 3.655357719 0.03125 8.002102478 4.015711171 0.03125 7.876073923 4.186674427 0.03125 7.392494041 4.142931562 0.03125 6.584398139 3.880647231 0.03125 5.547442672 3.442090983 0.03125 4.338838305 2.896226334 0.03125 3.285709192 2.309811893 0.03125 2.419187673 1.772014536 0.03125 1.801535023 1.319643722 0.03125 1.429133333 0.9817507204 0.03125 1.157584914 0.7500778111 0.03125 0.992041947 0.6072037345 0.03125 0.9288161399 0.5299556844 0.03125 0.9758579189 0.4980985074 0.03125 1 3 1 1 1 1 500 0.0004
-1.913745903 87.9 61.00769806 32.93289948 60.54160309 73.51785162 57.08457941 87.94374956 0.5359706473 -0.2562289307 0.804414197 -0.5582178982 0.2661479914 0.7858486017 0.5359706473 0.2562289307 -0.804414197 0 -0.2562289307 0.9572561721 0.1341914899 0 0.804414197 0.1341914899 0.5787144751 0 0 0 0 1 1 0 0 61.00769806 0 1 0 32.93289948 0 0 1 60.54160309 0 0 0 1 0.5359706473 -0.2562289307 0.804414197 -0 0.2562289307 0.9572561721 0.1341914899 -0 -0.804414197 0.1341914899 0.5787144751 -0 0 0 0 1 32 -0.9137538074 0.8874907008 0.03125 -3.637072187 0.9559075088 0.03125 -5.786117061 1.10452657 0.03125 -6.901674829 1.486519974 0.03125 -6.701776569 2.17889637 0.03125 -5.233019698 3.101986056 0.03125 -3.247250837 4.057566947 0.03125 -0.94388461 4.807311725 0.03125 1.112625063 5.191600472 0.03125 2.647372036 5.162346196 0.03125 3.334537992 4.774715535 0.03125 3.314488247 4.096669985 0.03125 3.211390312 3.158189489 0.03125 3.201502369 1.960461541 0.03125 4.014431658 0.6767943982 0.03125 5.053463487 -0.2799225476 0.03125 6.052139948 -0.806514323 0.03125 7.552342704 -0.3190762697 0.03125 9.397657878 0.8813759355 0.03125 11.17027686 2.601443078 0.03125 12.05671066 4.729888653 0.03125 11.89301288 6.90718226 0.03125 9.571194376 8.74422175 0.03125 4.262354864 9.520002489 0.03125 -1.034293298 8.979682038 0.03125 -5.845280864 7.571522153 0.03125 -4.842340153 6.008028707 0.03125 -0.0265303435 4.7764156 0.03125 16.11530971 3.277789092 0.03125 34.90988009 1.662911945 0.03125 33.20472868 0.7415044869 0.03125 15.05581503 0.4669756062 0.03125 1 3 1 1 1 1 500 0.0004
