3.241580586   -0.3199640203   -3.477065888   0.8114525612   -0.5123961613   0.2810603403   0.5806707121   0.7612651299   -0.2886120685   -0.06607772046   0.3973985101   0.9152639832   

-3.35485876   14.89316363   0.4521679735   0.9607739778   -0.2548434209   0.1093992432   0.2695837313   0.9507919882   -0.1527062769   -0.06509973393   0.1762084732   0.9821978409   

6.036434663   -13.25976817   4.350722043   0.9725886119   0.2302350132   -0.03260721832   -0.2223859618   0.9619298429   0.1588567318   0.06794023814   -0.1472508606   0.9867630456   

-5.027966362   18.39644326   7.291613658   0.9997826292   -0.01899988198   0.008584800242   0.01910631519   0.9997394306   -0.01249077965   -0.008345239967   0.01265208842   0.9998851342   

-62.05418632   -32.00269469   26.12699117   0.09014330284   0.9355065871   0.341616174   -0.6049840605   -0.2210368817   0.7649424707   0.7911184939   -0.2756267809   0.5460415792   

10.66892072   35.95852159   9.492187938   0.4965515604   0.5205344371   -0.6946081252   -0.8473567944   0.1171776926   -0.5179342152   -0.1882100178   0.8457619571   0.4992631581   

-10.9984945   -26.59357059   -13.61444068   0.3968697691   0.745511231   -0.5354506428   -0.7515693212   -0.0709426173   -0.6558282553   -0.5269136   0.6627066844   0.5321483897   

17.09930248   28.31795265   27.51525098   -0.2931807869   0.7628019461   0.5763490412   -0.5146917479   -0.6339557713   0.5772282778   0.8056906546   -0.1274098547   0.5784715188   

-4.317017426   19.83871339   -7.102414332   0.6850972619   -0.6243969091   0.3751936056   0.7284475938   0.5889416049   -0.3500169841   -0.002417601249   0.5131045566   0.8583227069   

-12.10490139   -58.91881661   -16.08299425   0.3610814997   0.00972562766   0.9324835456   -0.7150835207   0.6447180587   0.270174357   -0.5985613661   -0.7643585787   0.2397503996   

13.9994147   59.30957566   29.09475809   0.06790552433   -0.7976784931   -0.5992477463   0.03440169177   0.6021490469   -0.797642181   0.9970984723   0.03354917427   0.0683307364   

0.276049517   -8.224766318   20.5241165   0.9296782429   0.1686274865   -0.3275105119   -0.183980005   0.9827959683   -0.01623091082   0.319139033   0.07534491028   0.9447081148   

-18.43612549   -22.4566422   3.621265289   0.1665248013   0.9760758934   -0.1398046522   -0.9810175693   0.1782916652   0.07626670803   0.09936809943   0.1244505217   0.9872375846   

-0.1710166193   16.15711684   10.29694764   0.2431196826   -0.8579725482   -0.4525217414   0.8931599641   0.01603481398   0.4494531824   -0.3783623903   -0.5134452174   0.7702051093   

-9.829752109   0.2432240203   -3.750443085   0.9338472008   -0.3560722495   0.03379288082   0.3385773082   0.9104955974   0.2374092952   -0.115303131   -0.2102625032   0.9708217487   

-2.042032348   -18.09084812   -1.259163547   0.5673957513   0.64045987   -0.5175646978   -0.8208758398   0.3903184774   -0.4169104722   -0.064999362   0.6614095865   0.7472030793   

21.66237838   -10.64319695   -13.12650246   0.9000160727   0.3369636181   0.2764535927   -0.1654753307   0.8509541002   -0.4984927625   -0.4032232431   0.4029052487   0.8216315335   

0.2427389014   -12.98491026   4.245335625   0.9849285987   0.1652163751   -0.05117816786   -0.1624432607   0.9852218138   0.05431541853   0.05939564393   -0.04518326059   0.9972114272   

-0.8270663047   0.142222335   -3.762400106   0.9879773736   0.1503534405   -0.03597988713   -0.1494998954   0.9884365586   0.02535647761   0.03937626946   -0.01967263679   0.9990307787   

-1.452389068   7.756610492   -17.54994856   0.9966703376   -0.05185410152   0.06292368564   0.05959684987   0.9899599298   -0.1281700158   -0.05564578641   0.1314933064   0.9897540385   

9.341440582   0.334254944   -8.755786537   0.9820144185   0.08000809631   0.1710157487   -0.001296058361   0.9086105019   -0.4176425218   -0.1888014884   0.4099093318   0.8923723089   

-11.34670159   -10.8517629   -13.23385019   0.9405861947   0.3380999711   0.03140095452   -0.2870311295   0.7422776908   0.6055055412   0.181413178   -0.5785432043   0.7952213652   

-0.4039718557   5.773794463   -0.7923129002   0.9995432237   -0.02932632488   0.00730140844   0.0295375507   0.9990911216   -0.03073213062   -0.006393511901   0.03093375864   0.9995009883   

8.067452371   18.55702154   16.11169597   0.9208713656   -0.3873816364   -0.04394764917   0.3597916579   0.801002564   0.4784818235   -0.1501528921   -0.4564322077   0.8769970061   

-10.39255136   52.06571251   -36.83984409   -0.1006657789   -0.7675397119   -0.6330475429   0.14412812   -0.6408179676   0.7540420528   -0.9844254598   -0.01533372165   0.1751324956   

-2.503697376   0.1772952424   1.542757024   0.9997626776   -0.02147425786   0.003666696615   0.02157385222   0.999325552   -0.02971548439   -0.003026105644   0.02978753701   0.9995516722   

0.02894473268   0.4916873913   0.2210843469   0.999941003   -0.00831038162   0.006994856082   0.007846240629   0.9979221221   0.06395212877   -0.00751178822   -0.06389347246   0.997928453   

3.695989599   -77.8775325   13.70976345   0.902708368   -0.3989360559   -0.1611447348   0.02079595192   -0.3336412255   0.9424707216   -0.4297500793   -0.8541273652   -0.2928844712   

0.3789720093   62.4609022   34.07682668   -0.2927310616   -0.5989313241   -0.7453789604   0.6230773044   0.4718250935   -0.6238234957   0.72531593   -0.6470412276   0.2350626544   

2.524289606   1.083846021   -0.04483036901   0.9212150189   0.2956405489   -0.2529022633   -0.2985371998   0.9539939886   0.02776706771   0.24947631   0.04992129371   0.9670932919   

-3.89831405   2.852556811   1.233396736   0.49373883   -0.8454980544   0.2033593071   0.7841648735   0.5339679199   0.316170384   -0.3759087907   0.003361629841   0.9266505709   

-4.798777747   -12.07450588   7.739716536   0.9775753787   -0.2089005509   0.02658832003   0.2089346582   0.9779284221   0.001519784349   -0.02631895764   0.004069517798   0.9996453128   

9.975767896   -3.477984402   6.79750874   0.9306983071   0.314399977   -0.1869580586   -0.3404822482   0.9314086426   -0.1286459453   0.1336880693   0.1833864636   0.9739080578   

7.610908285   -21.26772745   3.451669103   0.5172512121   0.8218333557   -0.2388328266   -0.8558182326   0.4983664748   -0.1385857479   0.00513188363   0.2760811337   0.9611206331   

2.35429933   -13.20405335   -3.949992638   0.9146542492   0.1467748645   0.3766493643   -0.04870323303   0.9649786874   -0.257767585   -0.4012924115   0.2174241752   0.8897702673   

-13.57654521   -14.59381109   -48.09725494   0.3882550841   0.8412057729   0.3763387269   -0.7792827648   0.5176763404   -0.3531707505   -0.491910929   -0.1561539442   0.8565276315   

3.1222094   19.32557515   55.55674072   -0.4921817275   -0.8264517606   -0.2733763606   0.6253149285   -0.1171906997   -0.7715228967   0.6055892894   -0.5506757915   0.5744717446   

-3.771696514   -15.7374468   -58.45133681   -0.154858166   -0.6265404357   0.7638494818   -0.1835427423   0.7779617831   0.6009055881   -0.9707373539   -0.04714389123   -0.2354706847   

-0.2338043177   16.20410684   43.01033702   -0.4156188802   0.1731663642   -0.8929022101   -0.03672438325   0.9777131291   0.2067083862   0.9087971534   0.118703191   -0.3999966079   

-10.96526831   8.187518215   -40.54442134   -0.4685880978   -0.862474661   0.1912136338   0.7779278689   -0.3002820014   0.5519591926   -0.4186328049   0.4073919228   0.8116516469   

0.1800926653   41.28665818   -19.2747369   0.9272781766   0.3503909285   -0.1318384634   -0.3568226063   0.933751467   -0.02803257938   0.1132819971   0.07303694322   0.990874762   

4.781201787   4.955347565   5.878909165   0.9911939634   0.1234283263   -0.04795805653   -0.1274123854   0.987615452   -0.09155218702   0.03606398446   0.09685642549   0.9946447717   

52.43929524   -49.23431579   20.04022088   -0.2647202389   0.92131428   -0.2847862225   -0.9466284693   -0.1919542182   0.2589365158   0.1838959929   0.3381324822   0.9229564932   

10.6233867   0.1299437099   9.037028739   0.9834720526   0.1162367903   -0.1388226577   -0.11078657   0.9927609928   0.04638908431   0.1432098378   -0.03024268188   0.9892301666   

13.40370075   5.505524029   2.021877667   0.7768273557   -0.6281917739   0.04375333799   0.6123581587   0.7697917009   0.1801061431   -0.146822154   -0.1131186654   0.9826736094   

1.353569697   -2.621290211   1.907519393   0.9908694873   -0.09841365375   -0.09215428264   0.09822872192   0.9951422996   -0.006551473851   0.09235137922   -0.002560541866   0.9957231876   

-0.462129559   -0.6512842128   0.2882645387   0.9815772403   0.1900805332   0.01937813671   -0.1888691308   0.9806239297   -0.05201115119   -0.02888897192   0.04739303041   0.9984584758   

-71.91916635   -37.90444269   -15.28478242   0.1048866403   0.6937688494   -0.7125191761   -0.9660863713   0.2410756152   0.09251849025   0.2359574452   0.6786511117   0.6955262415   

65.24739857   24.83359511   11.67553017   0.4949144793   -0.5925022257   0.6356105496   0.8494784496   0.4838576233   -0.2104000097   -0.1828825358   0.6440674755   0.7427860157   

-8.823208157   8.788903035   0.4190974183   0.9605955209   0.275695593   0.03532966624   -0.2770349873   0.9599728472   0.04127648804   -0.02253577444   -0.04943756317   0.9985229423   

-4.334683761   0.459103243   0.2511825263   0.9869246914   0.109014335   0.1187245899   -0.09452145293   0.9880766241   -0.1215330397   -0.1305578355   0.108721937   0.9854614107   

-18.01356226   3.050266156   17.23529266   0.9874658191   0.0007733541773   -0.157831106   0.03358812178   0.9760526591   0.2149256724   0.1542176844   -0.2175330056   0.963792663   

-7.342761649   2.533915861   -2.828967188   0.9988944643   -0.033125444   0.03335497147   0.03476472219   0.9981525394   -0.04982892889   -0.03164274408   0.05093341755   0.998200643   

-0.06159186447   1.163995334   4.224135395   0.9988541151   0.04174244714   -0.02340992981   -0.04073767873   0.9982922338   0.04186953025   0.02511768778   -0.04086788639   0.9988487962   

3.579613401   4.682041832   -2.273222055   0.9974774473   -0.05091794954   -0.04945810982   0.05377353265   0.9968536564   0.05823396624   0.04633734346   -0.06074660527   0.9970770785   

-3.028224258   -11.72896083   5.402511356   0.9913952439   -0.09029117506   0.09477855241   0.1007659469   0.9885549844   -0.1122731792   -0.08355653312   0.1208575464   0.9891469857   

5.678594303   1.928554089   17.8619278   0.7596305031   -0.649634633   0.03059971062   0.6465377496   0.7492453811   -0.1435976924   0.07035934238   0.1288650554   0.9891629595   

-0.8663877762   3.849107671   -6.226307446   0.9958410509   0.0909077724   -0.006031439902   -0.09077022407   0.9956687337   0.02011315792   0.007833758512   -0.01948203317   0.999779517   

-4.521691597   5.260066887   0.4035326666   0.9552437661   -0.2946111887   0.02671319672   0.2957235473   0.9533347934   -0.0608305452   -0.007545260653   0.06600772038   0.9977905842   

-6.134051071   2.524751544   -8.398842909   0.9874752939   -0.006652529651   0.1576333967   0.003134250858   0.9997406351   0.0225574593   -0.1577425763   -0.02178087115   0.9872400282   

-14.14452609   1.211699552   13.00981115   0.9113844243   -0.2975936739   -0.2842823182   0.247138635   0.9480797673   -0.2001680542   0.3290910607   0.1121729028   0.9376120273   

-4.992265136   -7.285358636   9.97209805   0.6131710205   0.5703233383   -0.5465826464   -0.6905671392   0.7229830487   -0.02031102103   0.3835861387   0.389906144   0.83715881   

-8.1652082   4.979018903   -8.762730112   0.5456557069   -0.8306755234   0.1106256042   0.6911541568   0.5207448058   0.501129503   -0.473883721   -0.196984827   0.8582722161   

-7.083080674   -2.183168195   1.277900493   0.9971490371   -0.07421921618   -0.0136127057   0.07418768747   0.9972403451   -0.002807349906   0.01378349864   0.001789451099   0.9999034018   

-11.02602074   -3.248095573   -0.001025032389   0.7668050366   -0.6031135552   -0.219690863   0.5391479176   0.7909117968   -0.2894443861   0.3483239279   0.1035015418   0.9316425667   

-0.0589081311   -1.925351055   1.497782687   0.9947488529   0.09344955698   -0.04173607462   -0.1006839866   0.820334858   -0.5629506688   -0.01836993375   0.5641966865   0.825436033   

-0.7147974969   2.095627658   -2.782441567   0.9924980783   -0.1177249516   -0.03299091167   0.1107746125   0.7517148641   0.6501182572   -0.05173538171   -0.6488956764   0.7591164939   

27.81107796   -35.74859084   -46.83709519   0.7973269817   0.2771650733   -0.5361428973   -0.1327974219   -0.7859855212   -0.6038142141   -0.5887567655   0.5526357594   -0.5898806562   

-7.860964202   58.87810735   -21.42225192   -0.7331196132   -0.05884566095   -0.6775491281   -0.2664968863   -0.8917225432   0.3658009233   -0.6257116288   0.4487405644   0.6380571005   

